  0.106192E-04  0.557491E+07  0.557491E+07  0.743209E+07  0.743209E+07  0.557230E+07  0.557485E+07
  0.109791E-04  0.557491E+07  0.557491E+07  0.743202E+07  0.743201E+07  0.557230E+07  0.557485E+07
  0.113513E-04  0.557491E+07  0.557491E+07  0.743194E+07  0.743193E+07  0.557229E+07  0.557485E+07
  0.117360E-04  0.557491E+07  0.557491E+07  0.743185E+07  0.743184E+07  0.557229E+07  0.557485E+07
  0.121338E-04  0.557490E+07  0.557490E+07  0.743175E+07  0.743174E+07  0.557229E+07  0.557485E+07
  0.125451E-04  0.557490E+07  0.557490E+07  0.743165E+07  0.743164E+07  0.557229E+07  0.557485E+07
  0.129703E-04  0.557490E+07  0.557490E+07  0.743154E+07  0.743153E+07  0.557229E+07  0.557485E+07
  0.134099E-04  0.557490E+07  0.557490E+07  0.743143E+07  0.743142E+07  0.557229E+07  0.557485E+07
  0.138645E-04  0.557490E+07  0.557490E+07  0.743130E+07  0.743129E+07  0.557229E+07  0.557485E+07
  0.143344E-04  0.557490E+07  0.557490E+07  0.743117E+07  0.743116E+07  0.557228E+07  0.557485E+07
  0.148203E-04  0.557490E+07  0.557490E+07  0.743103E+07  0.743102E+07  0.557228E+07  0.557484E+07
  0.153226E-04  0.557490E+07  0.557490E+07  0.743088E+07  0.743087E+07  0.557228E+07  0.557484E+07
  0.158420E-04  0.557490E+07  0.557490E+07  0.743072E+07  0.743071E+07  0.557228E+07  0.557484E+07
  0.163789E-04  0.557490E+07  0.557490E+07  0.743055E+07  0.743054E+07  0.557228E+07  0.557484E+07
  0.169341E-04  0.557490E+07  0.557490E+07  0.743037E+07  0.743035E+07  0.557227E+07  0.557484E+07
  0.175081E-04  0.557490E+07  0.557490E+07  0.743017E+07  0.743015E+07  0.557227E+07  0.557484E+07
  0.181015E-04  0.557490E+07  0.557490E+07  0.742996E+07  0.742994E+07  0.557227E+07  0.557484E+07
  0.187151E-04  0.557490E+07  0.557490E+07  0.742973E+07  0.742972E+07  0.557226E+07  0.557484E+07
  0.193494E-04  0.557490E+07  0.557490E+07  0.742949E+07  0.742947E+07  0.557226E+07  0.557484E+07
  0.200053E-04  0.557489E+07  0.557489E+07  0.742924E+07  0.742922E+07  0.557226E+07  0.557484E+07
  0.206834E-04  0.557489E+07  0.557489E+07  0.742896E+07  0.742894E+07  0.557225E+07  0.557484E+07
  0.213844E-04  0.557489E+07  0.557489E+07  0.742867E+07  0.742865E+07  0.557225E+07  0.557483E+07
  0.221093E-04  0.557489E+07  0.557489E+07  0.742836E+07  0.742833E+07  0.557224E+07  0.557483E+07
  0.228587E-04  0.557489E+07  0.557489E+07  0.742802E+07  0.742800E+07  0.557224E+07  0.557483E+07
  0.236335E-04  0.557489E+07  0.557489E+07  0.742766E+07  0.742764E+07  0.557223E+07  0.557483E+07
  0.244345E-04  0.557488E+07  0.557488E+07  0.742728E+07  0.742725E+07  0.557223E+07  0.557483E+07
  0.252627E-04  0.557488E+07  0.557488E+07  0.742687E+07  0.742684E+07  0.557222E+07  0.557483E+07
  0.261190E-04  0.557488E+07  0.557488E+07  0.742644E+07  0.742640E+07  0.557222E+07  0.557482E+07
  0.270043E-04  0.557488E+07  0.557488E+07  0.742597E+07  0.742593E+07  0.557221E+07  0.557482E+07
  0.279196E-04  0.557488E+07  0.557488E+07  0.742547E+07  0.742543E+07  0.557220E+07  0.557482E+07
  0.288660E-04  0.557487E+07  0.557487E+07  0.742494E+07  0.742489E+07  0.557220E+07  0.557482E+07
  0.298444E-04  0.557487E+07  0.557487E+07  0.742437E+07  0.742432E+07  0.557219E+07  0.557481E+07
  0.308560E-04  0.557487E+07  0.557487E+07  0.742376E+07  0.742371E+07  0.557218E+07  0.557481E+07
  0.319018E-04  0.557487E+07  0.557487E+07  0.742310E+07  0.742305E+07  0.557217E+07  0.557481E+07
  0.329831E-04  0.557486E+07  0.557486E+07  0.742241E+07  0.742235E+07  0.557216E+07  0.557480E+07
  0.341011E-04  0.557486E+07  0.557486E+07  0.742166E+07  0.742160E+07  0.557215E+07  0.557480E+07
  0.352570E-04  0.557486E+07  0.557486E+07  0.742087E+07  0.742080E+07  0.557214E+07  0.557480E+07
  0.364520E-04  0.557485E+07  0.557485E+07  0.742002E+07  0.741995E+07  0.557212E+07  0.557479E+07
  0.376876E-04  0.557485E+07  0.557485E+07  0.741911E+07  0.741903E+07  0.557211E+07  0.557479E+07
  0.389650E-04  0.557484E+07  0.557484E+07  0.741814E+07  0.741806E+07  0.557210E+07  0.557478E+07
  0.402857E-04  0.557484E+07  0.557484E+07  0.741710E+07  0.741701E+07  0.557208E+07  0.557478E+07
  0.416512E-04  0.557483E+07  0.557483E+07  0.741599E+07  0.741590E+07  0.557207E+07  0.557477E+07
  0.430630E-04  0.557483E+07  0.557483E+07  0.741480E+07  0.741470E+07  0.557205E+07  0.557477E+07
  0.445226E-04  0.557482E+07  0.557482E+07  0.741353E+07  0.741343E+07  0.557203E+07  0.557476E+07
  0.460317E-04  0.557482E+07  0.557482E+07  0.741218E+07  0.741207E+07  0.557201E+07  0.557476E+07
  0.475919E-04  0.557481E+07  0.557481E+07  0.741073E+07  0.741061E+07  0.557199E+07  0.557475E+07
  0.492051E-04  0.557480E+07  0.557480E+07  0.740918E+07  0.740905E+07  0.557197E+07  0.557474E+07
  0.508729E-04  0.557480E+07  0.557480E+07  0.740753E+07  0.740739E+07  0.557195E+07  0.557473E+07
  0.525972E-04  0.557479E+07  0.557479E+07  0.740576E+07  0.740561E+07  0.557192E+07  0.557473E+07
  0.543800E-04  0.557478E+07  0.557478E+07  0.740387E+07  0.740371E+07  0.557190E+07  0.557472E+07
  0.562232E-04  0.557477E+07  0.557477E+07  0.740185E+07  0.740168E+07  0.557187E+07  0.557471E+07
  0.581289E-04  0.557476E+07  0.557476E+07  0.739970E+07  0.739952E+07  0.557184E+07  0.557470E+07
  0.600992E-04  0.557475E+07  0.557475E+07  0.739739E+07  0.739720E+07  0.557180E+07  0.557469E+07
  0.621363E-04  0.557474E+07  0.557474E+07  0.739493E+07  0.739472E+07  0.557177E+07  0.557468E+07
  0.642424E-04  0.557473E+07  0.557473E+07  0.739229E+07  0.739207E+07  0.557173E+07  0.557466E+07
  0.664199E-04  0.557472E+07  0.557471E+07  0.738948E+07  0.738924E+07  0.557169E+07  0.557465E+07
  0.686712E-04  0.557470E+07  0.557470E+07  0.738647E+07  0.738622E+07  0.557165E+07  0.557464E+07
  0.709988E-04  0.557469E+07  0.557469E+07  0.738326E+07  0.738299E+07  0.557160E+07  0.557462E+07
  0.734053E-04  0.557467E+07  0.557467E+07  0.737983E+07  0.737954E+07  0.557155E+07  0.557460E+07
  0.758934E-04  0.557466E+07  0.557465E+07  0.737616E+07  0.737586E+07  0.557150E+07  0.557459E+07
  0.784658E-04  0.557464E+07  0.557464E+07  0.737224E+07  0.737192E+07  0.557144E+07  0.557457E+07
  0.811254E-04  0.557462E+07  0.557462E+07  0.736806E+07  0.736771E+07  0.557138E+07  0.557455E+07
  0.838752E-04  0.557460E+07  0.557460E+07  0.736358E+07  0.736321E+07  0.557132E+07  0.557453E+07
  0.867182E-04  0.557458E+07  0.557458E+07  0.735881E+07  0.735841E+07  0.557125E+07  0.557450E+07
  0.896575E-04  0.557455E+07  0.557455E+07  0.735370E+07  0.735328E+07  0.557118E+07  0.557448E+07
  0.926964E-04  0.557453E+07  0.557453E+07  0.734825E+07  0.734780E+07  0.557110E+07  0.557445E+07
  0.958384E-04  0.557450E+07  0.557450E+07  0.734243E+07  0.734194E+07  0.557102E+07  0.557443E+07
  0.990869E-04  0.557447E+07  0.557447E+07  0.733621E+07  0.733569E+07  0.557093E+07  0.557440E+07
  0.102445E-03  0.557444E+07  0.557444E+07  0.732956E+07  0.732901E+07  0.557083E+07  0.557437E+07
  0.105918E-03  0.557441E+07  0.557441E+07  0.732247E+07  0.732188E+07  0.557073E+07  0.557433E+07
  0.109508E-03  0.557438E+07  0.557438E+07  0.731489E+07  0.731426E+07  0.557062E+07  0.557430E+07
  0.113220E-03  0.557434E+07  0.557434E+07  0.730680E+07  0.730613E+07  0.557050E+07  0.557426E+07
  0.117057E-03  0.557430E+07  0.557430E+07  0.729816E+07  0.729744E+07  0.557038E+07  0.557422E+07
  0.121025E-03  0.557426E+07  0.557426E+07  0.728893E+07  0.728817E+07  0.557024E+07  0.557417E+07
  0.125127E-03  0.557421E+07  0.557421E+07  0.727908E+07  0.727827E+07  0.557010E+07  0.557412E+07
  0.129368E-03  0.557417E+07  0.557416E+07  0.726857E+07  0.726770E+07  0.556995E+07  0.557408E+07
  0.133753E-03  0.557412E+07  0.557411E+07  0.725735E+07  0.725641E+07  0.556979E+07  0.557402E+07
  0.138287E-03  0.557406E+07  0.557406E+07  0.724537E+07  0.724437E+07  0.556961E+07  0.557396E+07
  0.142974E-03  0.557400E+07  0.557400E+07  0.723258E+07  0.723152E+07  0.556943E+07  0.557390E+07
  0.147820E-03  0.557394E+07  0.557394E+07  0.721894E+07  0.721781E+07  0.556923E+07  0.557384E+07
  0.152831E-03  0.557387E+07  0.557387E+07  0.720438E+07  0.720318E+07  0.556902E+07  0.557377E+07
  0.158011E-03  0.557380E+07  0.557380E+07  0.718885E+07  0.718757E+07  0.556879E+07  0.557369E+07
  0.163367E-03  0.557372E+07  0.557372E+07  0.717229E+07  0.717092E+07  0.556855E+07  0.557361E+07
  0.168904E-03  0.557364E+07  0.557364E+07  0.715462E+07  0.715316E+07  0.556829E+07  0.557353E+07
  0.174629E-03  0.557356E+07  0.557355E+07  0.713578E+07  0.713422E+07  0.556801E+07  0.557344E+07
  0.180548E-03  0.557346E+07  0.557346E+07  0.711569E+07  0.711403E+07  0.556771E+07  0.557334E+07
  0.186668E-03  0.557336E+07  0.557336E+07  0.709428E+07  0.709251E+07  0.556740E+07  0.557323E+07
  0.192995E-03  0.557326E+07  0.557325E+07  0.707146E+07  0.706957E+07  0.556706E+07  0.557312E+07
  0.199536E-03  0.557314E+07  0.557314E+07  0.704714E+07  0.704513E+07  0.556670E+07  0.557300E+07
  0.206300E-03  0.557302E+07  0.557302E+07  0.702123E+07  0.701909E+07  0.556631E+07  0.557287E+07
  0.213292E-03  0.557289E+07  0.557289E+07  0.699363E+07  0.699136E+07  0.556590E+07  0.557274E+07
  0.220522E-03  0.557275E+07  0.557275E+07  0.696425E+07  0.696183E+07  0.556546E+07  0.557259E+07
  0.227996E-03  0.557260E+07  0.557260E+07  0.693297E+07  0.693039E+07  0.556499E+07  0.557244E+07
  0.235724E-03  0.557245E+07  0.557244E+07  0.689967E+07  0.689693E+07  0.556448E+07  0.557227E+07
  0.243714E-03  0.557228E+07  0.557227E+07  0.686425E+07  0.686134E+07  0.556395E+07  0.557209E+07
  0.251975E-03  0.557210E+07  0.557209E+07  0.682658E+07  0.682348E+07  0.556337E+07  0.557191E+07
  0.260516E-03  0.557190E+07  0.557190E+07  0.678652E+07  0.678324E+07  0.556276E+07  0.557170E+07
  0.269346E-03  0.557170E+07  0.557169E+07  0.674395E+07  0.674046E+07  0.556210E+07  0.557149E+07
  0.278475E-03  0.557148E+07  0.557147E+07  0.669872E+07  0.669502E+07  0.556140E+07  0.557126E+07
  0.287914E-03  0.557124E+07  0.557123E+07  0.665069E+07  0.664677E+07  0.556065E+07  0.557101E+07
  0.297673E-03  0.557099E+07  0.557098E+07  0.659971E+07  0.659555E+07  0.555985E+07  0.557075E+07
  0.307763E-03  0.557072E+07  0.557071E+07  0.654562E+07  0.654122E+07  0.555900E+07  0.557046E+07
  0.318195E-03  0.557043E+07  0.557042E+07  0.648827E+07  0.648361E+07  0.555808E+07  0.557016E+07
  0.328980E-03  0.557013E+07  0.557012E+07  0.642749E+07  0.642256E+07  0.555711E+07  0.556984E+07
  0.340131E-03  0.556980E+07  0.556979E+07  0.636312E+07  0.635790E+07  0.555607E+07  0.556950E+07
  0.351659E-03  0.556945E+07  0.556944E+07  0.629498E+07  0.628947E+07  0.555496E+07  0.556914E+07
  0.363579E-03  0.556908E+07  0.556907E+07  0.622292E+07  0.621710E+07  0.555377E+07  0.556875E+07
  0.375903E-03  0.556868E+07  0.556867E+07  0.614675E+07  0.614061E+07  0.555250E+07  0.556833E+07
  0.388644E-03  0.556826E+07  0.556824E+07  0.606631E+07  0.605984E+07  0.555115E+07  0.556788E+07
  0.401817E-03  0.556781E+07  0.556779E+07  0.598143E+07  0.597463E+07  0.554970E+07  0.556741E+07
  0.415437E-03  0.556732E+07  0.556730E+07  0.589195E+07  0.588480E+07  0.554816E+07  0.556690E+07
  0.429518E-03  0.556681E+07  0.556679E+07  0.579772E+07  0.579021E+07  0.554651E+07  0.556636E+07
  0.444076E-03  0.556626E+07  0.556623E+07  0.569858E+07  0.569070E+07  0.554475E+07  0.556579E+07
  0.459128E-03  0.556567E+07  0.556565E+07  0.559439E+07  0.558614E+07  0.554288E+07  0.556517E+07
  0.474691E-03  0.556504E+07  0.556502E+07  0.548505E+07  0.547642E+07  0.554087E+07  0.556452E+07
  0.490780E-03  0.556438E+07  0.556435E+07  0.537043E+07  0.536142E+07  0.553873E+07  0.556382E+07
  0.507415E-03  0.556366E+07  0.556363E+07  0.525046E+07  0.524106E+07  0.553645E+07  0.556307E+07
  0.524614E-03  0.556290E+07  0.556287E+07  0.512508E+07  0.511529E+07  0.553402E+07  0.556227E+07
  0.542396E-03  0.556210E+07  0.556206E+07  0.499425E+07  0.498408E+07  0.553142E+07  0.556142E+07
  0.560781E-03  0.556123E+07  0.556120E+07  0.485798E+07  0.484743E+07  0.552866E+07  0.556052E+07
  0.579788E-03  0.556031E+07  0.556028E+07  0.471630E+07  0.470539E+07  0.552570E+07  0.555956E+07
  0.599440E-03  0.555933E+07  0.555929E+07  0.456931E+07  0.455804E+07  0.552255E+07  0.555853E+07
  0.619759E-03  0.555829E+07  0.555825E+07  0.441714E+07  0.440553E+07  0.551920E+07  0.555744E+07
  0.640765E-03  0.555718E+07  0.555714E+07  0.425998E+07  0.424804E+07  0.551562E+07  0.555627E+07
  0.662484E-03  0.555600E+07  0.555595E+07  0.409808E+07  0.408584E+07  0.551181E+07  0.555503E+07
  0.684939E-03  0.555474E+07  0.555469E+07  0.393175E+07  0.391924E+07  0.550775E+07  0.555371E+07
  0.708155E-03  0.555340E+07  0.555334E+07  0.376139E+07  0.374864E+07  0.550342E+07  0.555231E+07
  0.732158E-03  0.555197E+07  0.555191E+07  0.358746E+07  0.357450E+07  0.549881E+07  0.555081E+07
  0.756975E-03  0.555046E+07  0.555039E+07  0.341050E+07  0.339738E+07  0.549390E+07  0.554922E+07
  0.782633E-03  0.554885E+07  0.554878E+07  0.323115E+07  0.321791E+07  0.548868E+07  0.554753E+07
  0.809160E-03  0.554713E+07  0.554706E+07  0.305012E+07  0.303680E+07  0.548312E+07  0.554573E+07
  0.836587E-03  0.554531E+07  0.554524E+07  0.286821E+07  0.285486E+07  0.547721E+07  0.554382E+07
  0.864943E-03  0.554338E+07  0.554330E+07  0.268631E+07  0.267298E+07  0.547092E+07  0.554180E+07
  0.894260E-03  0.554133E+07  0.554124E+07  0.250539E+07  0.249212E+07  0.546423E+07  0.553964E+07
  0.924571E-03  0.553915E+07  0.553905E+07  0.232648E+07  0.231332E+07  0.545712E+07  0.553735E+07
  0.955910E-03  0.553683E+07  0.553673E+07  0.215069E+07  0.213768E+07  0.544957E+07  0.553493E+07
  0.988310E-03  0.553438E+07  0.553427E+07  0.197917E+07  0.196633E+07  0.544154E+07  0.553235E+07
  0.102181E-02  0.553178E+07  0.553166E+07  0.181309E+07  0.180046E+07  0.543303E+07  0.552962E+07
  0.105644E-02  0.552902E+07  0.552890E+07  0.165363E+07  0.164123E+07  0.542399E+07  0.552673E+07
  0.109225E-02  0.552610E+07  0.552597E+07  0.150197E+07  0.148979E+07  0.541440E+07  0.552366E+07
  0.112927E-02  0.552301E+07  0.552287E+07  0.135921E+07  0.134723E+07  0.540423E+07  0.552041E+07
  0.116755E-02  0.551974E+07  0.551959E+07  0.122637E+07  0.121457E+07  0.539345E+07  0.551698E+07
  0.120713E-02  0.551628E+07  0.551612E+07  0.110434E+07  0.109266E+07  0.538204E+07  0.551334E+07
  0.124804E-02  0.551262E+07  0.551244E+07  0.993848E+06  0.982216E+06  0.536996E+07  0.550950E+07
  0.129034E-02  0.550875E+07  0.550856E+07  0.895403E+06  0.883728E+06  0.535717E+07  0.550543E+07
  0.133408E-02  0.550466E+07  0.550446E+07  0.809266E+06  0.797438E+06  0.534365E+07  0.550114E+07
  0.137930E-02  0.550035E+07  0.550013E+07  0.735411E+06  0.723305E+06  0.532936E+07  0.549660E+07
  0.142605E-02  0.549579E+07  0.549556E+07  0.673498E+06  0.660982E+06  0.531427E+07  0.549182E+07
  0.147439E-02  0.549099E+07  0.549074E+07  0.622858E+06  0.609801E+06  0.529834E+07  0.548677E+07
  0.152436E-02  0.548592E+07  0.548566E+07  0.582490E+06  0.568772E+06  0.528155E+07  0.548145E+07
  0.157603E-02  0.548058E+07  0.548030E+07  0.551080E+06  0.536602E+06  0.526385E+07  0.547584E+07
  0.162945E-02  0.547496E+07  0.547466E+07  0.527037E+06  0.511739E+06  0.524521E+07  0.546993E+07
  0.168468E-02  0.546903E+07  0.546872E+07  0.508557E+06  0.492434E+06  0.522560E+07  0.546370E+07
  0.174178E-02  0.546280E+07  0.546246E+07  0.493711E+06  0.476826E+06  0.520498E+07  0.545716E+07
  0.180082E-02  0.545624E+07  0.545588E+07  0.480552E+06  0.463049E+06  0.518333E+07  0.545027E+07
  0.186186E-02  0.544935E+07  0.544897E+07  0.467242E+06  0.449358E+06  0.516061E+07  0.544303E+07
  0.192497E-02  0.544210E+07  0.544169E+07  0.452188E+06  0.434252E+06  0.513680E+07  0.543542E+07
  0.199021E-02  0.543449E+07  0.543405E+07  0.434173E+06  0.416605E+06  0.511186E+07  0.542742E+07
  0.205767E-02  0.542650E+07  0.542603E+07  0.412478E+06  0.395767E+06  0.508578E+07  0.541903E+07
  0.212742E-02  0.541810E+07  0.541761E+07  0.386955E+06  0.371637E+06  0.505853E+07  0.541023E+07
  0.219953E-02  0.540930E+07  0.540877E+07  0.358068E+06  0.344678E+06  0.503008E+07  0.540099E+07
  0.227408E-02  0.540007E+07  0.539950E+07  0.326849E+06  0.315875E+06  0.500044E+07  0.539131E+07
  0.235116E-02  0.539039E+07  0.538978E+07  0.294792E+06  0.286617E+06  0.496957E+07  0.538117E+07
  0.243085E-02  0.538025E+07  0.537960E+07  0.263664E+06  0.258508E+06  0.493748E+07  0.537054E+07
  0.251324E-02  0.536963E+07  0.536894E+07  0.235257E+06  0.233132E+06  0.490417E+07  0.535943E+07
  0.259843E-02  0.535851E+07  0.535778E+07  0.211103E+06  0.211785E+06  0.486962E+07  0.534779E+07
  0.268651E-02  0.534688E+07  0.534610E+07  0.192197E+06  0.195233E+06  0.483386E+07  0.533563E+07
  0.277757E-02  0.533473E+07  0.533389E+07  0.178787E+06  0.183530E+06  0.479689E+07  0.532293E+07
  0.287171E-02  0.532202E+07  0.532112E+07  0.170269E+06  0.175962E+06  0.475873E+07  0.530966E+07
  0.296905E-02  0.530875E+07  0.530779E+07  0.000000E+00  0.000000E+00  0.471939E+07  0.529582E+07
  0.306968E-02  0.529490E+07  0.529388E+07  0.000000E+00  0.000000E+00  0.467891E+07  0.528138E+07
  0.317373E-02  0.528045E+07  0.527936E+07  0.000000E+00  0.000000E+00  0.463731E+07  0.526633E+07
  0.328131E-02  0.526538E+07  0.526422E+07  0.000000E+00  0.000000E+00  0.459463E+07  0.525065E+07
  0.339253E-02  0.524969E+07  0.524845E+07  0.000000E+00  0.000000E+00  0.455090E+07  0.523434E+07
  0.350752E-02  0.523335E+07  0.523203E+07  0.000000E+00  0.000000E+00  0.450616E+07  0.521737E+07
  0.362640E-02  0.521636E+07  0.521495E+07  0.000000E+00  0.000000E+00  0.446045E+07  0.519974E+07
  0.374932E-02  0.519868E+07  0.519718E+07  0.000000E+00  0.000000E+00  0.441380E+07  0.518142E+07
  0.387641E-02  0.518032E+07  0.517872E+07  0.000000E+00  0.000000E+00  0.436626E+07  0.516241E+07
  0.400780E-02  0.516125E+07  0.515954E+07  0.000000E+00  0.000000E+00  0.431786E+07  0.514269E+07
  0.414364E-02  0.514147E+07  0.513964E+07  0.000000E+00  0.000000E+00  0.426862E+07  0.512224E+07
  0.428409E-02  0.512095E+07  0.511901E+07  0.000000E+00  0.000000E+00  0.421857E+07  0.510107E+07
  0.442930E-02  0.509970E+07  0.509762E+07  0.000000E+00  0.000000E+00  0.416773E+07  0.507915E+07
  0.457943E-02  0.507768E+07  0.507548E+07  0.000000E+00  0.000000E+00  0.411612E+07  0.505648E+07
  0.473465E-02  0.505491E+07  0.505256E+07  0.000000E+00  0.000000E+00  0.406373E+07  0.503303E+07
  0.489513E-02  0.503135E+07  0.502885E+07  0.000000E+00  0.000000E+00  0.401058E+07  0.500881E+07
  0.506105E-02  0.500701E+07  0.500434E+07  0.000000E+00  0.000000E+00  0.395665E+07  0.498380E+07
  0.523260E-02  0.498187E+07  0.497903E+07  0.000000E+00  0.000000E+00  0.390193E+07  0.495799E+07
  0.540996E-02  0.495592E+07  0.495289E+07  0.000000E+00  0.000000E+00  0.384641E+07  0.493137E+07
  0.559333E-02  0.492915E+07  0.492592E+07  0.000000E+00  0.000000E+00  0.379007E+07  0.490393E+07
  0.578292E-02  0.490155E+07  0.489811E+07  0.000000E+00  0.000000E+00  0.373290E+07  0.487565E+07
  0.597893E-02  0.487311E+07  0.486945E+07  0.000000E+00  0.000000E+00  0.367488E+07  0.484653E+07
  0.618159E-02  0.484381E+07  0.483992E+07  0.000000E+00  0.000000E+00  0.361601E+07  0.481655E+07
  0.639111E-02  0.481365E+07  0.480950E+07  0.000000E+00  0.000000E+00  0.355628E+07  0.478571E+07
  0.660774E-02  0.478262E+07  0.477820E+07  0.000000E+00  0.000000E+00  0.349570E+07  0.475399E+07
  0.683171E-02  0.475070E+07  0.474600E+07  0.000000E+00  0.000000E+00  0.343428E+07  0.472138E+07
  0.706327E-02  0.471788E+07  0.471288E+07  0.000000E+00  0.000000E+00  0.337204E+07  0.468787E+07
  0.730268E-02  0.468414E+07  0.467883E+07  0.000000E+00  0.000000E+00  0.330901E+07  0.465345E+07
  0.755020E-02  0.464949E+07  0.464383E+07  0.000000E+00  0.000000E+00  0.324524E+07  0.461811E+07
  0.780612E-02  0.461390E+07  0.460788E+07  0.000000E+00  0.000000E+00  0.318077E+07  0.458183E+07
  0.807071E-02  0.457736E+07  0.457097E+07  0.000000E+00  0.000000E+00  0.311564E+07  0.454461E+07
  0.834427E-02  0.453986E+07  0.453307E+07  0.000000E+00  0.000000E+00  0.304992E+07  0.450643E+07
  0.862710E-02  0.450138E+07  0.449417E+07  0.000000E+00  0.000000E+00  0.298367E+07  0.446728E+07
  0.891952E-02  0.446192E+07  0.445426E+07  0.000000E+00  0.000000E+00  0.291693E+07  0.442716E+07
  0.922184E-02  0.442146E+07  0.441333E+07  0.000000E+00  0.000000E+00  0.284977E+07  0.438604E+07
  0.953442E-02  0.438000E+07  0.437136E+07  0.000000E+00  0.000000E+00  0.278226E+07  0.434393E+07
  0.985759E-02  0.433751E+07  0.432835E+07  0.000000E+00  0.000000E+00  0.271444E+07  0.430080E+07
  0.101917E-01  0.429398E+07  0.428427E+07  0.000000E+00  0.000000E+00  0.264638E+07  0.425665E+07
  0.105372E-01  0.424941E+07  0.423911E+07  0.000000E+00  0.000000E+00  0.257814E+07  0.421147E+07
  0.108943E-01  0.420379E+07  0.419287E+07  0.000000E+00  0.000000E+00  0.250978E+07  0.416525E+07
  0.112636E-01  0.415709E+07  0.414552E+07  0.000000E+00  0.000000E+00  0.244137E+07  0.411797E+07
  0.116454E-01  0.410931E+07  0.409706E+07  0.000000E+00  0.000000E+00  0.237295E+07  0.406964E+07
  0.120401E-01  0.406045E+07  0.404748E+07  0.000000E+00  0.000000E+00  0.230459E+07  0.402023E+07
  0.124482E-01  0.401048E+07  0.399677E+07  0.000000E+00  0.000000E+00  0.223637E+07  0.396974E+07
  0.128701E-01  0.395941E+07  0.394491E+07  0.000000E+00  0.000000E+00  0.216833E+07  0.391817E+07
  0.133063E-01  0.390722E+07  0.389190E+07  0.000000E+00  0.000000E+00  0.210054E+07  0.386551E+07
  0.137574E-01  0.385391E+07  0.383773E+07  0.000000E+00  0.000000E+00  0.203306E+07  0.381175E+07
  0.142237E-01  0.379947E+07  0.378240E+07  0.000000E+00  0.000000E+00  0.196597E+07  0.375689E+07
  0.147058E-01  0.374390E+07  0.372590E+07  0.000000E+00  0.000000E+00  0.189931E+07  0.370092E+07
  0.152042E-01  0.368720E+07  0.366823E+07  0.000000E+00  0.000000E+00  0.183316E+07  0.364385E+07
  0.157196E-01  0.362937E+07  0.360940E+07  0.000000E+00  0.000000E+00  0.176758E+07  0.358569E+07
  0.162524E-01  0.357042E+07  0.354940E+07  0.000000E+00  0.000000E+00  0.170263E+07  0.352643E+07
  0.168033E-01  0.351034E+07  0.348826E+07  0.000000E+00  0.000000E+00  0.163838E+07  0.346609E+07
  0.173728E-01  0.344917E+07  0.342598E+07  0.000000E+00  0.000000E+00  0.157490E+07  0.340468E+07
  0.179617E-01  0.338690E+07  0.336258E+07  0.000000E+00  0.000000E+00  0.151224E+07  0.334222E+07
  0.185705E-01  0.332358E+07  0.329810E+07  0.000000E+00  0.000000E+00  0.145047E+07  0.327873E+07
  0.192000E-01  0.325921E+07  0.323255E+07  0.000000E+00  0.000000E+00  0.138967E+07  0.321425E+07
  0.198507E-01  0.319385E+07  0.316598E+07  0.000000E+00  0.000000E+00  0.132990E+07  0.314880E+07
  0.205236E-01  0.312753E+07  0.309845E+07  0.000000E+00  0.000000E+00  0.127121E+07  0.308245E+07
  0.212192E-01  0.306030E+07  0.303000E+07  0.000000E+00  0.000000E+00  0.121366E+07  0.301522E+07
  0.219385E-01  0.299223E+07  0.296070E+07  0.000000E+00  0.000000E+00  0.115730E+07  0.294720E+07
  0.226821E-01  0.292338E+07  0.289063E+07  0.000000E+00  0.000000E+00  0.110218E+07  0.287845E+07
  0.234509E-01  0.285384E+07  0.281988E+07  0.000000E+00  0.000000E+00  0.104835E+07  0.280905E+07
  0.242458E-01  0.278369E+07  0.274856E+07  0.000000E+00  0.000000E+00  0.995857E+06  0.273909E+07
  0.250676E-01  0.271305E+07  0.267677E+07  0.000000E+00  0.000000E+00  0.944772E+06  0.266868E+07
  0.259172E-01  0.264203E+07  0.260465E+07  0.000000E+00  0.000000E+00  0.895160E+06  0.259794E+07
  0.267957E-01  0.257076E+07  0.253234E+07  0.000000E+00  0.000000E+00  0.847084E+06  0.252699E+07
  0.277039E-01  0.249938E+07  0.245999E+07  0.000000E+00  0.000000E+00  0.800585E+06  0.245600E+07
  0.286430E-01  0.242806E+07  0.238779E+07  0.000000E+00  0.000000E+00  0.755687E+06  0.238510E+07
  0.296138E-01  0.235697E+07  0.231592E+07  0.000000E+00  0.000000E+00  0.712409E+06  0.231449E+07
  0.306176E-01  0.228630E+07  0.224459E+07  0.000000E+00  0.000000E+00  0.670785E+06  0.224433E+07
  0.316554E-01  0.221624E+07  0.217401E+07  0.000000E+00  0.000000E+00  0.630870E+06  0.217484E+07
  0.327283E-01  0.214701E+07  0.210440E+07  0.000000E+00  0.000000E+00  0.592710E+06  0.210622E+07
  0.338377E-01  0.208849E+07  0.204566E+07  0.000000E+00  0.000000E+00  0.528844E+06  0.204755E+07
  0.349846E-01  0.202195E+07  0.197909E+07  0.000000E+00  0.000000E+00  0.494938E+06  0.198171E+07
  0.361704E-01  0.195689E+07  0.191419E+07  0.000000E+00  0.000000E+00  0.462795E+06  0.191739E+07
  0.373964E-01  0.189284E+07  0.185052E+07  0.000000E+00  0.000000E+00  0.432287E+06  0.185413E+07
  0.386640E-01  0.183045E+07  0.178872E+07  0.000000E+00  0.000000E+00  0.403505E+06  0.179257E+07
  0.399745E-01  0.177016E+07  0.172924E+07  0.000000E+00  0.000000E+00  0.376441E+06  0.173313E+07
  0.413294E-01  0.171220E+07  0.167232E+07  0.000000E+00  0.000000E+00  0.351075E+06  0.167605E+07
  0.427303E-01  0.165677E+07  0.161816E+07  0.000000E+00  0.000000E+00  0.327394E+06  0.162152E+07
  0.441786E-01  0.159790E+07  0.156077E+07  0.000000E+00  0.000000E+00  0.315120E+06  0.156391E+07
  0.456761E-01  0.154767E+07  0.151223E+07  0.000000E+00  0.000000E+00  0.294372E+06  0.151460E+07
  0.472243E-01  0.150015E+07  0.146659E+07  0.000000E+00  0.000000E+00  0.275086E+06  0.146801E+07
  0.488249E-01  0.145526E+07  0.142373E+07  0.000000E+00  0.000000E+00  0.257148E+06  0.142403E+07
  0.504799E-01  0.141281E+07  0.138344E+07  0.000000E+00  0.000000E+00  0.240473E+06  0.138251E+07
  0.521909E-01  0.137263E+07  0.134548E+07  0.000000E+00  0.000000E+00  0.224954E+06  0.134323E+07
  0.539599E-01  0.133793E+07  0.131306E+07  0.000000E+00  0.000000E+00  0.206340E+06  0.130926E+07
  0.557889E-01  0.130144E+07  0.127882E+07  0.000000E+00  0.000000E+00  0.192850E+06  0.127364E+07
  0.576799E-01  0.126631E+07  0.124585E+07  0.000000E+00  0.000000E+00  0.180214E+06  0.123936E+07
  0.596349E-01  0.123218E+07  0.121376E+07  0.000000E+00  0.000000E+00  0.168329E+06  0.120605E+07
  0.616562E-01  0.119870E+07  0.118213E+07  0.000000E+00  0.000000E+00  0.157107E+06  0.117336E+07
  0.637461E-01  0.116303E+07  0.114806E+07  0.000000E+00  0.000000E+00  0.148765E+06  0.113855E+07
  0.659068E-01  0.112955E+07  0.111589E+07  0.000000E+00  0.000000E+00  0.138614E+06  0.110580E+07
  0.681407E-01  0.109547E+07  0.108279E+07  0.000000E+00  0.000000E+00  0.128918E+06  0.107241E+07
  0.704503E-01  0.106042E+07  0.104837E+07  0.000000E+00  0.000000E+00  0.119616E+06  0.103802E+07
  0.728383E-01  0.102483E+07  0.101305E+07  0.000000E+00  0.000000E+00  0.109860E+06  0.100303E+07
  0.753071E-01  0.987334E+06  0.975500E+06  0.000000E+00  0.000000E+00  0.101298E+06  0.966158E+06
  0.778597E-01  0.948682E+06  0.936509E+06  0.000000E+00  0.000000E+00  0.931182E+05  0.928110E+06
  0.804987E-01  0.909171E+06  0.896437E+06  0.000000E+00  0.000000E+00  0.853265E+05  0.889193E+06
  0.832272E-01  0.869244E+06  0.855814E+06  0.000000E+00  0.000000E+00  0.779690E+05  0.849856E+06
  0.860483E-01  0.829446E+06  0.815285E+06  0.000000E+00  0.000000E+00  0.710759E+05  0.810649E+06
  0.889648E-01  0.790382E+06  0.775566E+06  0.000000E+00  0.000000E+00  0.646709E+05  0.772183E+06
  0.919804E-01  0.752705E+06  0.737416E+06  0.000000E+00  0.000000E+00  0.587884E+05  0.735117E+06
  0.950980E-01  0.717121E+06  0.701635E+06  0.000000E+00  0.000000E+00  0.534407E+05  0.700155E+06
  0.983214E-01  0.684329E+06  0.668992E+06  0.000000E+00  0.000000E+00  0.486481E+05  0.667995E+06
  0.101654E+00  0.654909E+06  0.640099E+06  0.000000E+00  0.000000E+00  0.443905E+05  0.639208E+06
  0.105100E+00  0.629132E+06  0.615214E+06  0.000000E+00  0.000000E+00  0.406544E+05  0.614057E+06
  0.108662E+00  0.606809E+06  0.594088E+06  0.000000E+00  0.000000E+00  0.373707E+05  0.592347E+06
  0.112345E+00  0.587275E+06  0.575949E+06  0.000000E+00  0.000000E+00  0.344597E+05  0.573405E+06
  0.116153E+00  0.569548E+06  0.559675E+06  0.000000E+00  0.000000E+00  0.318300E+05  0.556248E+06
  0.120090E+00  0.552566E+06  0.544048E+06  0.000000E+00  0.000000E+00  0.294002E+05  0.539807E+06
  0.124160E+00  0.535369E+06  0.527960E+06  0.000000E+00  0.000000E+00  0.271084E+05  0.523118E+06
  0.128369E+00  0.517155E+06  0.510497E+06  0.000000E+00  0.000000E+00  0.249102E+05  0.505376E+06
  0.132720E+00  0.497325E+06  0.491007E+06  0.000000E+00  0.000000E+00  0.227744E+05  0.485986E+06
  0.137219E+00  0.475632E+06  0.469265E+06  0.000000E+00  0.000000E+00  0.206979E+05  0.464711E+06
  0.141870E+00  0.452395E+06  0.445689E+06  0.000000E+00  0.000000E+00  0.186990E+05  0.441877E+06
  0.146678E+00  0.428544E+06  0.421367E+06  0.000000E+00  0.000000E+00  0.168176E+05  0.418424E+06
  0.151650E+00  0.405355E+06  0.397765E+06  0.000000E+00  0.000000E+00  0.150972E+05  0.395632E+06
  0.156790E+00  0.384033E+06  0.376257E+06  0.000000E+00  0.000000E+00  0.135709E+05  0.374707E+06
  0.162105E+00  0.365387E+06  0.357762E+06  0.000000E+00  0.000000E+00  0.122494E+05  0.356463E+06
  0.167599E+00  0.349720E+06  0.342595E+06  0.000000E+00  0.000000E+00  0.111208E+05  0.341194E+06
  0.173280E+00  0.336733E+06  0.330367E+06  0.000000E+00  0.000000E+00  0.101548E+05  0.328593E+06
  0.179153E+00  0.325487E+06  0.319967E+06  0.000000E+00  0.000000E+00  0.930682E+04  0.317714E+06
  0.185226E+00  0.314609E+06  0.309824E+06  0.000000E+00  0.000000E+00  0.852662E+04  0.307177E+06
  0.191504E+00  0.302817E+06  0.298499E+06  0.000000E+00  0.000000E+00  0.777574E+04  0.295703E+06
  0.197995E+00  0.289459E+06  0.285283E+06  0.000000E+00  0.000000E+00  0.703822E+04  0.282642E+06
  0.204706E+00  0.274767E+06  0.270476E+06  0.000000E+00  0.000000E+00  0.632362E+04  0.268234E+06
  0.211645E+00  0.259729E+06  0.255231E+06  0.000000E+00  0.000000E+00  0.565564E+04  0.253473E+06
  0.218818E+00  0.245612E+06  0.241007E+06  0.000000E+00  0.000000E+00  0.505894E+04  0.239631E+06
  0.226235E+00  0.233376E+06  0.228891E+06  0.000000E+00  0.000000E+00  0.454643E+04  0.227669E+06
  0.233903E+00  0.223284E+06  0.219150E+06  0.000000E+00  0.000000E+00  0.411365E+04  0.217845E+06
  0.241832E+00  0.214703E+06  0.211032E+06  0.000000E+00  0.000000E+00  0.374045E+04  0.209518E+06
  0.250029E+00  0.206432E+06  0.203163E+06  0.000000E+00  0.000000E+00  0.339954E+04  0.201486E+06
  0.258503E+00  0.197532E+06  0.194481E+06  0.000000E+00  0.000000E+00  0.307389E+04  0.192809E+06
  0.267265E+00  0.187743E+06  0.184723E+06  0.000000E+00  0.000000E+00  0.275935E+04  0.183231E+06
  0.276324E+00  0.177655E+06  0.174590E+06  0.000000E+00  0.000000E+00  0.246542E+04  0.173347E+06
  0.285690E+00  0.168325E+06  0.165286E+06  0.000000E+00  0.000000E+00  0.220512E+04  0.164218E+06
  0.295374E+00  0.160314E+06  0.157440E+06  0.000000E+00  0.000000E+00  0.198233E+04  0.156403E+06
  0.305386E+00  0.153400E+06  0.150780E+06  0.000000E+00  0.000000E+00  0.179029E+04  0.149678E+06
  0.315736E+00  0.146807E+06  0.144411E+06  0.000000E+00  0.000000E+00  0.161663E+04  0.143261E+06
  0.326438E+00  0.139892E+06  0.137613E+06  0.000000E+00  0.000000E+00  0.145304E+04  0.136512E+06
  0.337503E+00  0.132698E+06  0.130455E+06  0.000000E+00  0.000000E+00  0.129961E+04  0.129476E+06
  0.348943E+00  0.125802E+06  0.123606E+06  0.000000E+00  0.000000E+00  0.116149E+04  0.122735E+06
  0.360770E+00  0.119671E+06  0.117591E+06  0.000000E+00  0.000000E+00  0.104145E+04  0.116753E+06
  0.372999E+00  0.114171E+06  0.112243E+06  0.000000E+00  0.000000E+00  0.936419E+03  0.111395E+06
  0.385642E+00  0.108810E+06  0.107003E+06  0.000000E+00  0.000000E+00  0.840881E+03  0.106168E+06
  0.398713E+00  0.103362E+06  0.101623E+06  0.000000E+00  0.000000E+00  0.752407E+03  0.100848E+06
  0.412227E+00  0.980576E+05  0.963754E+05  0.000000E+00  0.000000E+00  0.672228E+03  0.956665E+05
  0.426200E+00  0.931879E+05  0.915909E+05  0.000000E+00  0.000000E+00  0.601531E+03  0.909150E+05
  0.440646E+00  0.887006E+05  0.872031E+05  0.000000E+00  0.000000E+00  0.539064E+03  0.865402E+05
  0.455581E+00  0.843362E+05  0.829180E+05  0.000000E+00  0.000000E+00  0.482408E+03  0.822824E+05
  0.471024E+00  0.800502E+05  0.786910E+05  0.000000E+00  0.000000E+00  0.430904E+03  0.780979E+05
  0.486989E+00  0.759961E+05  0.747006E+05  0.000000E+00  0.000000E+00  0.384885E+03  0.741414E+05
  0.503496E+00  0.722204E+05  0.709971E+05  0.000000E+00  0.000000E+00  0.344085E+03  0.704586E+05
  0.520561E+00  0.686055E+05  0.674467E+05  0.000000E+00  0.000000E+00  0.307435E+03  0.669321E+05
  0.538206E+00  0.651092E+05  0.640047E+05  0.000000E+00  0.000000E+00  0.274367E+03  0.635198E+05
  0.556448E+00  0.617978E+05  0.607486E+05  0.000000E+00  0.000000E+00  0.244851E+03  0.602888E+05
  0.575309E+00  0.586727E+05  0.576796E+05  0.000000E+00  0.000000E+00  0.218541E+03  0.572402E+05
  0.594809E+00  0.556798E+05  0.547370E+05  0.000000E+00  0.000000E+00  0.194938E+03  0.543201E+05
  0.614971E+00  0.528230E+05  0.519272E+05  0.000000E+00  0.000000E+00  0.173791E+03  0.515325E+05
  0.635816E+00  0.501182E+05  0.492693E+05  0.000000E+00  0.000000E+00  0.154939E+03  0.488938E+05
  0.657366E+00  0.475431E+05  0.467381E+05  0.000000E+00  0.000000E+00  0.138082E+03  0.463815E+05
  0.679648E+00  0.450887E+05  0.443247E+05  0.000000E+00  0.000000E+00  0.123011E+03  0.439867E+05
  0.702684E+00  0.427594E+05  0.420352E+05  0.000000E+00  0.000000E+00  0.109567E+03  0.417143E+05
  0.726502E+00  0.405440E+05  0.398574E+05  0.000000E+00  0.000000E+00  0.975605E+02  0.395529E+05
  0.751127E+00  0.384369E+05  0.377859E+05  0.000000E+00  0.000000E+00  0.868454E+02  0.374972E+05
  0.776587E+00  0.364357E+05  0.358187E+05  0.000000E+00  0.000000E+00  0.772908E+02  0.355448E+05
  0.802909E+00  0.345333E+05  0.339485E+05  0.000000E+00  0.000000E+00  0.687657E+02  0.336888E+05
  0.830124E+00  0.327261E+05  0.321719E+05  0.000000E+00  0.000000E+00  0.611667E+02  0.319257E+05
  0.858261E+00  0.310096E+05  0.304846E+05  0.000000E+00  0.000000E+00  0.543921E+02  0.302512E+05
  0.887352E+00  0.293794E+05  0.288819E+05  0.000000E+00  0.000000E+00  0.483576E+02  0.286607E+05
  0.917428E+00  0.278317E+05  0.273605E+05  0.000000E+00  0.000000E+00  0.429813E+02  0.271508E+05
  0.948525E+00  0.263622E+05  0.259159E+05  0.000000E+00  0.000000E+00  0.381950E+02  0.257173E+05
  0.980675E+00  0.249675E+05  0.245448E+05  0.000000E+00  0.000000E+00  0.339336E+02  0.243566E+05
  0.101392E+01  0.236436E+05  0.232433E+05  0.000000E+00  0.000000E+00  0.301417E+02  0.230651E+05
  0.104828E+01  0.223872E+05  0.220082E+05  0.000000E+00  0.000000E+00  0.267650E+02  0.218394E+05
  0.108381E+01  0.211950E+05  0.208363E+05  0.000000E+00  0.000000E+00  0.237644E+02  0.206764E+05
  0.112055E+01  0.200641E+05  0.197245E+05  0.000000E+00  0.000000E+00  0.210936E+02  0.195731E+05
  0.115853E+01  0.189915E+05  0.186701E+05  0.000000E+00  0.000000E+00  0.187212E+02  0.185267E+05
  0.119780E+01  0.179743E+05  0.176701E+05  0.000000E+00  0.000000E+00  0.166110E+02  0.175344E+05
  0.123840E+01  0.170098E+05  0.167219E+05  0.000000E+00  0.000000E+00  0.147364E+02  0.165934E+05
  0.128038E+01  0.160952E+05  0.158229E+05  0.000000E+00  0.000000E+00  0.130703E+02  0.157013E+05
  0.132377E+01  0.152283E+05  0.149706E+05  0.000000E+00  0.000000E+00  0.115911E+02  0.148555E+05
  0.136864E+01  0.144066E+05  0.141628E+05  0.000000E+00  0.000000E+00  0.102770E+02  0.140539E+05
  0.141503E+01  0.136278E+05  0.133972E+05  0.000000E+00  0.000000E+00  0.910972E+01  0.132942E+05
  0.146300E+01  0.128898E+05  0.126717E+05  0.000000E+00  0.000000E+00  0.807460E+01  0.125743E+05
  0.151258E+01  0.121906E+05  0.119843E+05  0.000000E+00  0.000000E+00  0.715559E+01  0.118921E+05
  0.156385E+01  0.115281E+05  0.113331E+05  0.000000E+00  0.000000E+00  0.633988E+01  0.112459E+05
  0.161686E+01  0.109007E+05  0.107162E+05  0.000000E+00  0.000000E+00  0.561653E+01  0.106338E+05
  0.167166E+01  0.103064E+05  0.101321E+05  0.000000E+00  0.000000E+00  0.497469E+01  0.100541E+05
  0.172833E+01  0.974367E+04  0.957881E+04  0.000000E+00  0.000000E+00  0.440579E+01  0.950510E+04
  0.178691E+01  0.921079E+04  0.905495E+04  0.000000E+00  0.000000E+00  0.390110E+01  0.898527E+04
  0.184748E+01  0.870626E+04  0.855895E+04  0.000000E+00  0.000000E+00  0.345369E+01  0.849308E+04
  0.191009E+01  0.822863E+04  0.808941E+04  0.000000E+00  0.000000E+00  0.305738E+01  0.802715E+04
  0.197484E+01  0.777649E+04  0.764492E+04  0.000000E+00  0.000000E+00  0.270607E+01  0.758608E+04
  0.204177E+01  0.734857E+04  0.722424E+04  0.000000E+00  0.000000E+00  0.239468E+01  0.716863E+04
  0.211098E+01  0.694362E+04  0.682614E+04  0.000000E+00  0.000000E+00  0.211887E+01  0.677359E+04
  0.218253E+01  0.656044E+04  0.644945E+04  0.000000E+00  0.000000E+00  0.187466E+01  0.639979E+04
  0.225651E+01  0.619789E+04  0.609303E+04  0.000000E+00  0.000000E+00  0.165845E+01  0.604612E+04
  0.233299E+01  0.585492E+04  0.575586E+04  0.000000E+00  0.000000E+00  0.146689E+01  0.571154E+04
  0.241207E+01  0.553045E+04  0.543689E+04  0.000000E+00  0.000000E+00  0.129722E+01  0.539502E+04
  0.249383E+01  0.522355E+04  0.513517E+04  0.000000E+00  0.000000E+00  0.114723E+01  0.509563E+04
  0.257836E+01  0.493329E+04  0.484982E+04  0.000000E+00  0.000000E+00  0.101430E+01  0.481247E+04
  0.266575E+01  0.465880E+04  0.457998E+04  0.000000E+00  0.000000E+00  0.896756E+00  0.454471E+04
  0.275611E+01  0.439926E+04  0.432483E+04  0.000000E+00  0.000000E+00  0.792670E+00  0.429152E+04
  0.284953E+01  0.415387E+04  0.408359E+04  0.000000E+00  0.000000E+00  0.700676E+00  0.405214E+04
  0.294611E+01  0.392188E+04  0.385553E+04  0.000000E+00  0.000000E+00  0.619262E+00  0.382583E+04
  0.304597E+01  0.370257E+04  0.363992E+04  0.000000E+00  0.000000E+00  0.547259E+00  0.361189E+04
  0.314921E+01  0.349526E+04  0.343612E+04  0.000000E+00  0.000000E+00  0.483535E+00  0.340966E+04
  0.325596E+01  0.329932E+04  0.324350E+04  0.000000E+00  0.000000E+00  0.427236E+00  0.321852E+04
  0.336632E+01  0.311417E+04  0.306147E+04  0.000000E+00  0.000000E+00  0.377435E+00  0.303790E+04
  0.348042E+01  0.293920E+04  0.288946E+04  0.000000E+00  0.000000E+00  0.333425E+00  0.286721E+04
  0.359839E+01  0.277387E+04  0.272693E+04  0.000000E+00  0.000000E+00  0.294507E+00  0.270593E+04
  0.372036E+01  0.261766E+04  0.257336E+04  0.000000E+00  0.000000E+00  0.260096E+00  0.255354E+04
  0.384646E+01  0.247008E+04  0.242827E+04  0.000000E+00  0.000000E+00  0.229692E+00  0.240958E+04
  0.397683E+01  0.233066E+04  0.229122E+04  0.000000E+00  0.000000E+00  0.202815E+00  0.227358E+04
  0.411163E+01  0.219898E+04  0.216176E+04  0.000000E+00  0.000000E+00  0.179094E+00  0.214512E+04
  0.425099E+01  0.207461E+04  0.203949E+04  0.000000E+00  0.000000E+00  0.158115E+00  0.202380E+04
  0.439508E+01  0.195715E+04  0.192402E+04  0.000000E+00  0.000000E+00  0.139581E+00  0.190921E+04
  0.454405E+01  0.184621E+04  0.181496E+04  0.000000E+00  0.000000E+00  0.123221E+00  0.180099E+04
  0.469808E+01  0.174146E+04  0.171198E+04  0.000000E+00  0.000000E+00  0.108762E+00  0.169880E+04
  0.485732E+01  0.164256E+04  0.161475E+04  0.000000E+00  0.000000E+00  0.959939E-01  0.160233E+04
  0.502196E+01  0.154918E+04  0.152295E+04  0.000000E+00  0.000000E+00  0.847217E-01  0.151123E+04
  0.519217E+01  0.146103E+04  0.143628E+04  0.000000E+00  0.000000E+00  0.747646E-01  0.142524E+04
  0.536817E+01  0.137780E+04  0.135446E+04  0.000000E+00  0.000000E+00  0.659784E-01  0.134405E+04
  0.555012E+01  0.129924E+04  0.127723E+04  0.000000E+00  0.000000E+00  0.582118E-01  0.126742E+04
  0.573824E+01  0.122510E+04  0.120434E+04  0.000000E+00  0.000000E+00  0.513579E-01  0.119509E+04
  0.593274E+01  0.115512E+04  0.113555E+04  0.000000E+00  0.000000E+00  0.453105E-01  0.112682E+04
  0.613383E+01  0.108907E+04  0.107062E+04  0.000000E+00  0.000000E+00  0.399727E-01  0.106239E+04
  0.634174E+01  0.102675E+04  0.100935E+04  0.000000E+00  0.000000E+00  0.352599E-01  0.100160E+04
  0.655669E+01  0.967940E+03  0.951531E+03  0.000000E+00  0.000000E+00  0.310978E-01  0.944227E+03
  0.677893E+01  0.912453E+03  0.896982E+03  0.000000E+00  0.000000E+00  0.274291E-01  0.890098E+03
  0.700870E+01  0.860098E+03  0.845511E+03  0.000000E+00  0.000000E+00  0.241943E-01  0.839025E+03
  0.724626E+01  0.810704E+03  0.796952E+03  0.000000E+00  0.000000E+00  0.213332E-01  0.790841E+03
  0.749188E+01  0.764108E+03  0.751144E+03  0.000000E+00  0.000000E+00  0.188156E-01  0.745386E+03
  0.774582E+01  0.720155E+03  0.707933E+03  0.000000E+00  0.000000E+00  0.165915E-01  0.702509E+03
  0.800836E+01  0.678695E+03  0.667174E+03  0.000000E+00  0.000000E+00  0.146286E-01  0.662065E+03
  0.827981E+01  0.639588E+03  0.628728E+03  0.000000E+00  0.000000E+00  0.128972E-01  0.623916E+03
  0.856045E+01  0.602708E+03  0.592470E+03  0.000000E+00  0.000000E+00  0.113693E-01  0.587938E+03
  0.885061E+01  0.567926E+03  0.558276E+03  0.000000E+00  0.000000E+00  0.100253E-01  0.554008E+03
  0.915060E+01  0.535125E+03  0.526029E+03  0.000000E+00  0.000000E+00  0.883698E-02  0.522011E+03
  0.946076E+01  0.504193E+03  0.495620E+03  0.000000E+00  0.000000E+00  0.778932E-02  0.491837E+03
  0.978143E+01  0.475030E+03  0.466950E+03  0.000000E+00  0.000000E+00  0.686645E-02  0.463387E+03
  0.101130E+02  0.447531E+03  0.439915E+03  0.000000E+00  0.000000E+00  0.605253E-02  0.436562E+03
  0.104558E+02  0.421605E+03  0.414427E+03  0.000000E+00  0.000000E+00  0.533458E-02  0.411270E+03
  0.108102E+02  0.397162E+03  0.390397E+03  0.000000E+00  0.000000E+00  0.470125E-02  0.387427E+03
  0.111766E+02  0.374121E+03  0.367745E+03  0.000000E+00  0.000000E+00  0.414307E-02  0.364950E+03
  0.115554E+02  0.352399E+03  0.346390E+03  0.000000E+00  0.000000E+00  0.365169E-02  0.343760E+03
  0.119471E+02  0.331926E+03  0.326262E+03  0.000000E+00  0.000000E+00  0.321834E-02  0.323788E+03
  0.123520E+02  0.312628E+03  0.307290E+03  0.000000E+00  0.000000E+00  0.283545E-02  0.304962E+03
  0.127707E+02  0.294438E+03  0.289407E+03  0.000000E+00  0.000000E+00  0.249813E-02  0.287218E+03
  0.132036E+02  0.277296E+03  0.272554E+03  0.000000E+00  0.000000E+00  0.220099E-02  0.270495E+03
  0.136511E+02  0.261140E+03  0.256672E+03  0.000000E+00  0.000000E+00  0.193887E-02  0.254736E+03
  0.141138E+02  0.245916E+03  0.241704E+03  0.000000E+00  0.000000E+00  0.170835E-02  0.239884E+03
  0.145922E+02  0.231569E+03  0.227600E+03  0.000000E+00  0.000000E+00  0.150518E-02  0.225889E+03
  0.150868E+02  0.218051E+03  0.214310E+03  0.000000E+00  0.000000E+00  0.132606E-02  0.212702E+03
  0.155982E+02  0.205313E+03  0.201787E+03  0.000000E+00  0.000000E+00  0.116727E-02  0.200276E+03
  0.161269E+02  0.193313E+03  0.189989E+03  0.000000E+00  0.000000E+00  0.102893E-02  0.188569E+03
  0.166735E+02  0.182006E+03  0.178872E+03  0.000000E+00  0.000000E+00  0.906181E-03  0.177539E+03
  0.172386E+02  0.171353E+03  0.168400E+03  0.000000E+00  0.000000E+00  0.797978E-03  0.167147E+03
  0.178229E+02  0.161318E+03  0.158534E+03  0.000000E+00  0.000000E+00  0.703185E-03  0.157358E+03
  0.184270E+02  0.151865E+03  0.149240E+03  0.000000E+00  0.000000E+00  0.619273E-03  0.148136E+03
  0.190516E+02  0.142960E+03  0.140485E+03  0.000000E+00  0.000000E+00  0.545214E-03  0.139449E+03
  0.196974E+02  0.134573E+03  0.132239E+03  0.000000E+00  0.000000E+00  0.480237E-03  0.131267E+03
  0.203650E+02  0.126672E+03  0.124472E+03  0.000000E+00  0.000000E+00  0.422779E-03  0.123560E+03
  0.210553E+02  0.119231E+03  0.117156E+03  0.000000E+00  0.000000E+00  0.372384E-03  0.116301E+03
  0.217690E+02  0.112223E+03  0.110266E+03  0.000000E+00  0.000000E+00  0.327891E-03  0.109465E+03
  0.225069E+02  0.105624E+03  0.103778E+03  0.000000E+00  0.000000E+00  0.288626E-03  0.103027E+03
  0.232697E+02  0.994082E+02  0.976671E+02  0.000000E+00  0.000000E+00  0.254047E-03  0.969635E+02
  0.240585E+02  0.935552E+02  0.919126E+02  0.000000E+00  0.000000E+00  0.223756E-03  0.912537E+02
  0.248739E+02  0.880437E+02  0.864939E+02  0.000000E+00  0.000000E+00  0.197108E-03  0.858772E+02
  0.257170E+02  0.828539E+02  0.813914E+02  0.000000E+00  0.000000E+00  0.173467E-03  0.808144E+02
  0.265887E+02  0.779674E+02  0.765872E+02  0.000000E+00  0.000000E+00  0.152737E-03  0.760475E+02
  0.274899E+02  0.733664E+02  0.720635E+02  0.000000E+00  0.000000E+00  0.134397E-03  0.715591E+02
  0.284217E+02  0.690346E+02  0.678046E+02  0.000000E+00  0.000000E+00  0.118323E-03  0.673334E+02
  0.293851E+02  0.649562E+02  0.637948E+02  0.000000E+00  0.000000E+00  0.104179E-03  0.633548E+02
  0.303811E+02  0.611168E+02  0.600199E+02  0.000000E+00  0.000000E+00  0.917079E-04  0.596093E+02
  0.314108E+02  0.575023E+02  0.564660E+02  0.000000E+00  0.000000E+00  0.806334E-04  0.560832E+02
  0.324755E+02  0.540997E+02  0.531206E+02  0.000000E+00  0.000000E+00  0.710901E-04  0.527640E+02
  0.335763E+02  0.508967E+02  0.499714E+02  0.000000E+00  0.000000E+00  0.624911E-04  0.496394E+02
  0.347144E+02  0.478817E+02  0.470069E+02  0.000000E+00  0.000000E+00  0.550276E-04  0.466981E+02
  0.358910E+02  0.450439E+02  0.442167E+02  0.000000E+00  0.000000E+00  0.484527E-04  0.439297E+02
  0.371075E+02  0.423727E+02  0.415903E+02  0.000000E+00  0.000000E+00  0.426150E-04  0.413239E+02
  0.383653E+02  0.398588E+02  0.391185E+02  0.000000E+00  0.000000E+00  0.374648E-04  0.388715E+02
  0.396657E+02  0.374926E+02  0.367919E+02  0.000000E+00  0.000000E+00  0.330001E-04  0.365632E+02
  0.410101E+02  0.352658E+02  0.346024E+02  0.000000E+00  0.000000E+00  0.290303E-04  0.343909E+02
  0.424002E+02  0.331701E+02  0.325417E+02  0.000000E+00  0.000000E+00  0.255484E-04  0.323464E+02
  0.438373E+02  0.311979E+02  0.306025E+02  0.000000E+00  0.000000E+00  0.224551E-04  0.304225E+02
  0.453232E+02  0.293420E+02  0.287776E+02  0.000000E+00  0.000000E+00  0.197821E-04  0.286119E+02
  0.468594E+02  0.275955E+02  0.270603E+02  0.000000E+00  0.000000E+00  0.174094E-04  0.269082E+02
  0.484478E+02  0.259521E+02  0.254444E+02  0.000000E+00  0.000000E+00  0.153064E-04  0.253050E+02
  0.500899E+02  0.244059E+02  0.239239E+02  0.000000E+00  0.000000E+00  0.134350E-04  0.237966E+02
  0.517877E+02  0.229509E+02  0.224931E+02  0.000000E+00  0.000000E+00  0.118671E-04  0.223771E+02
  0.535430E+02  0.215819E+02  0.211470E+02  0.000000E+00  0.000000E+00  0.104386E-04  0.210417E+02
  0.553579E+02  0.202939E+02  0.198804E+02  0.000000E+00  0.000000E+00  0.919158E-05  0.197851E+02
  0.572343E+02  0.190821E+02  0.186887E+02  0.000000E+00  0.000000E+00  0.806730E-05  0.186029E+02
  0.591742E+02  0.179421E+02  0.175676E+02  0.000000E+00  0.000000E+00  0.706263E-05  0.174908E+02
  0.611800E+02  0.168695E+02  0.165128E+02  0.000000E+00  0.000000E+00  0.625516E-05  0.164444E+02
  0.632536E+02  0.158605E+02  0.155206E+02  0.000000E+00  0.000000E+00  0.550593E-05  0.154601E+02
  0.653977E+02  0.149113E+02  0.145871E+02  0.000000E+00  0.000000E+00  0.482456E-05  0.145341E+02
  0.676143E+02  0.140185E+02  0.137090E+02  0.000000E+00  0.000000E+00  0.424588E-05  0.136631E+02
  0.699061E+02  0.131786E+02  0.128829E+02  0.000000E+00  0.000000E+00  0.371900E-05  0.128436E+02
  0.722756E+02  0.123885E+02  0.121059E+02  0.000000E+00  0.000000E+00  0.328334E-05  0.120729E+02
  0.747254E+02  0.116454E+02  0.113750E+02  0.000000E+00  0.000000E+00  0.287408E-05  0.113479E+02
  0.772582E+02  0.109464E+02  0.106875E+02  0.000000E+00  0.000000E+00  0.253736E-05  0.106660E+02
  0.798769E+02  0.102890E+02  0.100409E+02  0.000000E+00  0.000000E+00  0.223462E-05  0.100246E+02
  0.825843E+02  0.967066E+01  0.943274E+01  0.000000E+00  0.000000E+00  0.196371E-05  0.942140E+01
  0.853835E+02  0.908910E+01  0.886072E+01  0.000000E+00  0.000000E+00  0.173111E-05  0.885404E+01
  0.882775E+02  0.854217E+01  0.832274E+01  0.000000E+00  0.000000E+00  0.151213E-05  0.832046E+01
  0.912698E+02  0.802779E+01  0.781677E+01  0.000000E+00  0.000000E+00  0.132871E-05  0.781863E+01
  0.943633E+02  0.754407E+01  0.734094E+01  0.000000E+00  0.000000E+00  0.116785E-05  0.734670E+01
  0.975619E+02  0.708915E+01  0.689344E+01  0.000000E+00  0.000000E+00  0.102268E-05  0.690288E+01
  0.100869E+03  0.666137E+01  0.647263E+01  0.000000E+00  0.000000E+00  0.900967E-06  0.648553E+01
  0.104288E+03  0.625910E+01  0.607691E+01  0.000000E+00  0.000000E+00  0.803977E-06  0.609307E+01
  0.107822E+03  0.588083E+01  0.570479E+01  0.000000E+00  0.000000E+00  0.700806E-06  0.572403E+01
  0.111477E+03  0.552513E+01  0.535486E+01  0.000000E+00  0.000000E+00  0.615287E-06  0.537700E+01
  0.115256E+03  0.519068E+01  0.502584E+01  0.000000E+00  0.000000E+00  0.539950E-06  0.505070E+01
  0.119162E+03  0.487621E+01  0.471647E+01  0.000000E+00  0.000000E+00  0.477668E-06  0.474390E+01
  0.123201E+03  0.458054E+01  0.442559E+01  0.000000E+00  0.000000E+00  0.419588E-06  0.445543E+01
  0.127377E+03  0.430252E+01  0.415208E+01  0.000000E+00  0.000000E+00  0.366998E-06  0.418419E+01
  0.131695E+03  0.404115E+01  0.389495E+01  0.000000E+00  0.000000E+00  0.325181E-06  0.392919E+01
  0.136158E+03  0.379542E+01  0.365320E+01  0.000000E+00  0.000000E+00  0.286136E-06  0.368945E+01
  0.140773E+03  0.356439E+01  0.342593E+01  0.000000E+00  0.000000E+00  0.249257E-06  0.346406E+01
  0.145545E+03  0.334719E+01  0.321227E+01  0.000000E+00  0.000000E+00  0.220192E-06  0.325216E+01
  0.150478E+03  0.314302E+01  0.301143E+01  0.000000E+00  0.000000E+00  0.189763E-06  0.305296E+01
  0.155579E+03  0.295108E+01  0.282264E+01  0.000000E+00  0.000000E+00  0.164290E-06  0.286571E+01
  0.160852E+03  0.277064E+01  0.264517E+01  0.000000E+00  0.000000E+00  0.148669E-06  0.268968E+01
  0.166304E+03  0.260104E+01  0.247837E+01  0.000000E+00  0.000000E+00  0.133812E-06  0.252422E+01
  0.171941E+03  0.244161E+01  0.232160E+01  0.000000E+00  0.000000E+00  0.113721E-06  0.236869E+01
  0.177769E+03  0.229176E+01  0.217426E+01  0.000000E+00  0.000000E+00  0.103542E-06  0.222251E+01
  0.183795E+03  0.215091E+01  0.203580E+01  0.000000E+00  0.000000E+00  0.877169E-07  0.208510E+01
  0.190025E+03  0.201852E+01  0.190568E+01  0.000000E+00  0.000000E+00  0.752236E-07  0.195597E+01
  0.196465E+03  0.189410E+01  0.178343E+01  0.000000E+00  0.000000E+00  0.689452E-07  0.183461E+01
  0.203124E+03  0.177717E+01  0.166856E+01  0.000000E+00  0.000000E+00  0.606073E-07  0.172055E+01
