  0.106192E-04  0.120682E+08  0.120682E+08  0.160855E+08  0.160855E+08  0.120602E+08  0.120680E+08
  0.109791E-04  0.120681E+08  0.120681E+08  0.160851E+08  0.160851E+08  0.120602E+08  0.120680E+08
  0.113513E-04  0.120681E+08  0.120681E+08  0.160847E+08  0.160847E+08  0.120602E+08  0.120680E+08
  0.117360E-04  0.120681E+08  0.120681E+08  0.160843E+08  0.160843E+08  0.120602E+08  0.120680E+08
  0.121338E-04  0.120681E+08  0.120681E+08  0.160838E+08  0.160838E+08  0.120602E+08  0.120680E+08
  0.125451E-04  0.120681E+08  0.120681E+08  0.160833E+08  0.160833E+08  0.120602E+08  0.120680E+08
  0.129703E-04  0.120681E+08  0.120681E+08  0.160828E+08  0.160828E+08  0.120602E+08  0.120680E+08
  0.134099E-04  0.120681E+08  0.120681E+08  0.160822E+08  0.160822E+08  0.120602E+08  0.120680E+08
  0.138645E-04  0.120681E+08  0.120681E+08  0.160817E+08  0.160816E+08  0.120602E+08  0.120680E+08
  0.143344E-04  0.120681E+08  0.120681E+08  0.160810E+08  0.160810E+08  0.120602E+08  0.120680E+08
  0.148203E-04  0.120681E+08  0.120681E+08  0.160803E+08  0.160803E+08  0.120602E+08  0.120680E+08
  0.153226E-04  0.120681E+08  0.120681E+08  0.160796E+08  0.160796E+08  0.120602E+08  0.120680E+08
  0.158420E-04  0.120681E+08  0.120681E+08  0.160788E+08  0.160788E+08  0.120602E+08  0.120680E+08
  0.163789E-04  0.120681E+08  0.120681E+08  0.160780E+08  0.160780E+08  0.120602E+08  0.120680E+08
  0.169341E-04  0.120681E+08  0.120681E+08  0.160771E+08  0.160771E+08  0.120602E+08  0.120680E+08
  0.175081E-04  0.120681E+08  0.120681E+08  0.160762E+08  0.160761E+08  0.120602E+08  0.120680E+08
  0.181015E-04  0.120681E+08  0.120681E+08  0.160752E+08  0.160751E+08  0.120602E+08  0.120680E+08
  0.187151E-04  0.120681E+08  0.120681E+08  0.160741E+08  0.160740E+08  0.120602E+08  0.120680E+08
  0.193494E-04  0.120681E+08  0.120681E+08  0.160729E+08  0.160729E+08  0.120602E+08  0.120679E+08
  0.200053E-04  0.120681E+08  0.120681E+08  0.160717E+08  0.160716E+08  0.120602E+08  0.120679E+08
  0.206834E-04  0.120681E+08  0.120681E+08  0.160704E+08  0.160703E+08  0.120602E+08  0.120679E+08
  0.213844E-04  0.120681E+08  0.120681E+08  0.160689E+08  0.160689E+08  0.120601E+08  0.120679E+08
  0.221093E-04  0.120681E+08  0.120681E+08  0.160674E+08  0.160674E+08  0.120601E+08  0.120679E+08
  0.228587E-04  0.120681E+08  0.120681E+08  0.160658E+08  0.160657E+08  0.120601E+08  0.120679E+08
  0.236335E-04  0.120681E+08  0.120681E+08  0.160641E+08  0.160640E+08  0.120601E+08  0.120679E+08
  0.244345E-04  0.120681E+08  0.120681E+08  0.160622E+08  0.160622E+08  0.120601E+08  0.120679E+08
  0.252627E-04  0.120681E+08  0.120681E+08  0.160603E+08  0.160602E+08  0.120601E+08  0.120679E+08
  0.261190E-04  0.120681E+08  0.120681E+08  0.160582E+08  0.160581E+08  0.120601E+08  0.120679E+08
  0.270043E-04  0.120681E+08  0.120681E+08  0.160559E+08  0.160558E+08  0.120601E+08  0.120679E+08
  0.279196E-04  0.120681E+08  0.120681E+08  0.160535E+08  0.160534E+08  0.120601E+08  0.120679E+08
  0.288660E-04  0.120681E+08  0.120681E+08  0.160509E+08  0.160508E+08  0.120601E+08  0.120679E+08
  0.298444E-04  0.120681E+08  0.120681E+08  0.160482E+08  0.160481E+08  0.120600E+08  0.120679E+08
  0.308560E-04  0.120681E+08  0.120681E+08  0.160452E+08  0.160451E+08  0.120600E+08  0.120679E+08
  0.319018E-04  0.120680E+08  0.120680E+08  0.160421E+08  0.160420E+08  0.120600E+08  0.120679E+08
  0.329831E-04  0.120680E+08  0.120680E+08  0.160387E+08  0.160386E+08  0.120600E+08  0.120679E+08
  0.341011E-04  0.120680E+08  0.120680E+08  0.160351E+08  0.160350E+08  0.120600E+08  0.120679E+08
  0.352570E-04  0.120680E+08  0.120680E+08  0.160313E+08  0.160311E+08  0.120600E+08  0.120678E+08
  0.364520E-04  0.120680E+08  0.120680E+08  0.160272E+08  0.160270E+08  0.120599E+08  0.120678E+08
  0.376876E-04  0.120680E+08  0.120680E+08  0.160228E+08  0.160226E+08  0.120599E+08  0.120678E+08
  0.389650E-04  0.120680E+08  0.120680E+08  0.160181E+08  0.160179E+08  0.120599E+08  0.120678E+08
  0.402857E-04  0.120680E+08  0.120680E+08  0.160131E+08  0.160129E+08  0.120599E+08  0.120678E+08
  0.416512E-04  0.120680E+08  0.120680E+08  0.160078E+08  0.160076E+08  0.120598E+08  0.120678E+08
  0.430630E-04  0.120680E+08  0.120680E+08  0.160021E+08  0.160018E+08  0.120598E+08  0.120678E+08
  0.445226E-04  0.120679E+08  0.120679E+08  0.159960E+08  0.159957E+08  0.120598E+08  0.120678E+08
  0.460317E-04  0.120679E+08  0.120679E+08  0.159894E+08  0.159892E+08  0.120597E+08  0.120677E+08
  0.475919E-04  0.120679E+08  0.120679E+08  0.159825E+08  0.159822E+08  0.120597E+08  0.120677E+08
  0.492051E-04  0.120679E+08  0.120679E+08  0.159750E+08  0.159747E+08  0.120597E+08  0.120677E+08
  0.508729E-04  0.120679E+08  0.120679E+08  0.159670E+08  0.159667E+08  0.120596E+08  0.120677E+08
  0.525972E-04  0.120678E+08  0.120678E+08  0.159585E+08  0.159582E+08  0.120596E+08  0.120677E+08
  0.543800E-04  0.120678E+08  0.120678E+08  0.159495E+08  0.159491E+08  0.120595E+08  0.120676E+08
  0.562232E-04  0.120678E+08  0.120678E+08  0.159398E+08  0.159394E+08  0.120595E+08  0.120676E+08
  0.581289E-04  0.120678E+08  0.120678E+08  0.159294E+08  0.159290E+08  0.120594E+08  0.120676E+08
  0.600992E-04  0.120678E+08  0.120678E+08  0.159183E+08  0.159179E+08  0.120594E+08  0.120676E+08
  0.621363E-04  0.120677E+08  0.120677E+08  0.159065E+08  0.159060E+08  0.120593E+08  0.120675E+08
  0.642424E-04  0.120677E+08  0.120677E+08  0.158938E+08  0.158933E+08  0.120592E+08  0.120675E+08
  0.664199E-04  0.120677E+08  0.120677E+08  0.158803E+08  0.158798E+08  0.120592E+08  0.120675E+08
  0.686712E-04  0.120676E+08  0.120676E+08  0.158659E+08  0.158653E+08  0.120591E+08  0.120674E+08
  0.709988E-04  0.120676E+08  0.120676E+08  0.158505E+08  0.158499E+08  0.120590E+08  0.120674E+08
  0.734053E-04  0.120676E+08  0.120676E+08  0.158341E+08  0.158334E+08  0.120589E+08  0.120674E+08
  0.758934E-04  0.120675E+08  0.120675E+08  0.158165E+08  0.158158E+08  0.120588E+08  0.120673E+08
  0.784658E-04  0.120675E+08  0.120675E+08  0.157977E+08  0.157970E+08  0.120588E+08  0.120673E+08
  0.811254E-04  0.120674E+08  0.120674E+08  0.157777E+08  0.157769E+08  0.120586E+08  0.120672E+08
  0.838752E-04  0.120674E+08  0.120674E+08  0.157563E+08  0.157555E+08  0.120585E+08  0.120672E+08
  0.867182E-04  0.120673E+08  0.120673E+08  0.157335E+08  0.157326E+08  0.120584E+08  0.120671E+08
  0.896575E-04  0.120673E+08  0.120673E+08  0.157092E+08  0.157082E+08  0.120583E+08  0.120671E+08
  0.926964E-04  0.120672E+08  0.120672E+08  0.156832E+08  0.156822E+08  0.120582E+08  0.120670E+08
  0.958384E-04  0.120671E+08  0.120671E+08  0.156554E+08  0.156543E+08  0.120580E+08  0.120669E+08
  0.990869E-04  0.120671E+08  0.120671E+08  0.156258E+08  0.156247E+08  0.120579E+08  0.120669E+08
  0.102445E-03  0.120670E+08  0.120670E+08  0.155942E+08  0.155930E+08  0.120577E+08  0.120668E+08
  0.105918E-03  0.120669E+08  0.120669E+08  0.155605E+08  0.155592E+08  0.120575E+08  0.120667E+08
  0.109508E-03  0.120668E+08  0.120668E+08  0.155246E+08  0.155232E+08  0.120573E+08  0.120666E+08
  0.113220E-03  0.120667E+08  0.120667E+08  0.154862E+08  0.154847E+08  0.120571E+08  0.120665E+08
  0.117057E-03  0.120666E+08  0.120666E+08  0.154453E+08  0.154437E+08  0.120569E+08  0.120664E+08
  0.121025E-03  0.120665E+08  0.120665E+08  0.154017E+08  0.154000E+08  0.120567E+08  0.120663E+08
  0.125127E-03  0.120664E+08  0.120664E+08  0.153553E+08  0.153534E+08  0.120564E+08  0.120662E+08
  0.129368E-03  0.120663E+08  0.120663E+08  0.153057E+08  0.153038E+08  0.120562E+08  0.120661E+08
  0.133753E-03  0.120661E+08  0.120661E+08  0.152529E+08  0.152509E+08  0.120559E+08  0.120659E+08
  0.138287E-03  0.120660E+08  0.120660E+08  0.151967E+08  0.151945E+08  0.120556E+08  0.120658E+08
  0.142974E-03  0.120659E+08  0.120659E+08  0.151368E+08  0.151345E+08  0.120553E+08  0.120656E+08
  0.147820E-03  0.120657E+08  0.120657E+08  0.150730E+08  0.150706E+08  0.120549E+08  0.120655E+08
  0.152831E-03  0.120655E+08  0.120655E+08  0.150051E+08  0.150025E+08  0.120546E+08  0.120653E+08
  0.158011E-03  0.120654E+08  0.120653E+08  0.149329E+08  0.149301E+08  0.120542E+08  0.120651E+08
  0.163367E-03  0.120652E+08  0.120652E+08  0.148560E+08  0.148530E+08  0.120538E+08  0.120649E+08
  0.168904E-03  0.120650E+08  0.120649E+08  0.147742E+08  0.147711E+08  0.120533E+08  0.120647E+08
  0.174629E-03  0.120647E+08  0.120647E+08  0.146873E+08  0.146839E+08  0.120528E+08  0.120645E+08
  0.180548E-03  0.120645E+08  0.120645E+08  0.145949E+08  0.145913E+08  0.120523E+08  0.120642E+08
  0.186668E-03  0.120642E+08  0.120642E+08  0.144968E+08  0.144930E+08  0.120518E+08  0.120640E+08
  0.192995E-03  0.120640E+08  0.120640E+08  0.143925E+08  0.143885E+08  0.120512E+08  0.120637E+08
  0.199536E-03  0.120637E+08  0.120637E+08  0.142819E+08  0.142776E+08  0.120506E+08  0.120634E+08
  0.206300E-03  0.120634E+08  0.120634E+08  0.141645E+08  0.141600E+08  0.120499E+08  0.120631E+08
  0.213292E-03  0.120631E+08  0.120630E+08  0.140401E+08  0.140352E+08  0.120492E+08  0.120628E+08
  0.220522E-03  0.120627E+08  0.120627E+08  0.139082E+08  0.139030E+08  0.120484E+08  0.120624E+08
  0.227996E-03  0.120623E+08  0.120623E+08  0.137685E+08  0.137630E+08  0.120476E+08  0.120620E+08
  0.235724E-03  0.120619E+08  0.120619E+08  0.136206E+08  0.136149E+08  0.120467E+08  0.120616E+08
  0.243714E-03  0.120615E+08  0.120615E+08  0.134642E+08  0.134581E+08  0.120458E+08  0.120612E+08
  0.251975E-03  0.120611E+08  0.120610E+08  0.132989E+08  0.132925E+08  0.120448E+08  0.120607E+08
  0.260516E-03  0.120606E+08  0.120606E+08  0.131244E+08  0.131176E+08  0.120438E+08  0.120602E+08
  0.269346E-03  0.120600E+08  0.120600E+08  0.129402E+08  0.129330E+08  0.120426E+08  0.120597E+08
  0.278475E-03  0.120595E+08  0.120595E+08  0.127460E+08  0.127385E+08  0.120414E+08  0.120591E+08
  0.287914E-03  0.120589E+08  0.120589E+08  0.125415E+08  0.125336E+08  0.120402E+08  0.120585E+08
  0.297673E-03  0.120583E+08  0.120583E+08  0.123264E+08  0.123180E+08  0.120388E+08  0.120579E+08
  0.307763E-03  0.120576E+08  0.120576E+08  0.121003E+08  0.120915E+08  0.120373E+08  0.120572E+08
  0.318195E-03  0.120569E+08  0.120569E+08  0.118631E+08  0.118538E+08  0.120357E+08  0.120564E+08
  0.328980E-03  0.120561E+08  0.120561E+08  0.116144E+08  0.116047E+08  0.120341E+08  0.120556E+08
  0.340131E-03  0.120553E+08  0.120553E+08  0.113541E+08  0.113439E+08  0.120323E+08  0.120548E+08
  0.351659E-03  0.120544E+08  0.120544E+08  0.110820E+08  0.110714E+08  0.120304E+08  0.120539E+08
  0.363579E-03  0.120535E+08  0.120535E+08  0.107982E+08  0.107871E+08  0.120284E+08  0.120530E+08
  0.375903E-03  0.120525E+08  0.120525E+08  0.105025E+08  0.104909E+08  0.120262E+08  0.120519E+08
  0.388644E-03  0.120515E+08  0.120514E+08  0.101951E+08  0.101830E+08  0.120239E+08  0.120509E+08
  0.401817E-03  0.120503E+08  0.120503E+08  0.987618E+07  0.986362E+07  0.120214E+08  0.120497E+08
  0.415437E-03  0.120491E+08  0.120491E+08  0.954603E+07  0.953297E+07  0.120188E+08  0.120485E+08
  0.429518E-03  0.120479E+08  0.120478E+08  0.920504E+07  0.919151E+07  0.120159E+08  0.120472E+08
  0.444076E-03  0.120465E+08  0.120465E+08  0.885377E+07  0.883976E+07  0.120129E+08  0.120458E+08
  0.459128E-03  0.120451E+08  0.120450E+08  0.849290E+07  0.847843E+07  0.120098E+08  0.120443E+08
  0.474691E-03  0.120435E+08  0.120435E+08  0.812328E+07  0.810834E+07  0.120063E+08  0.120427E+08
  0.490780E-03  0.120419E+08  0.120419E+08  0.774590E+07  0.773052E+07  0.120027E+08  0.120410E+08
  0.507415E-03  0.120401E+08  0.120401E+08  0.736194E+07  0.734615E+07  0.119988E+08  0.120392E+08
  0.524614E-03  0.120383E+08  0.120382E+08  0.697278E+07  0.695658E+07  0.119947E+08  0.120373E+08
  0.542396E-03  0.120363E+08  0.120363E+08  0.657996E+07  0.656338E+07  0.119903E+08  0.120353E+08
  0.560781E-03  0.120342E+08  0.120342E+08  0.618521E+07  0.616827E+07  0.119856E+08  0.120331E+08
  0.579788E-03  0.120320E+08  0.120319E+08  0.579045E+07  0.577316E+07  0.119806E+08  0.120308E+08
  0.599440E-03  0.120296E+08  0.120295E+08  0.539776E+07  0.538015E+07  0.119753E+08  0.120284E+08
  0.619759E-03  0.120271E+08  0.120270E+08  0.500939E+07  0.499148E+07  0.119696E+08  0.120258E+08
  0.640765E-03  0.120244E+08  0.120243E+08  0.462772E+07  0.460952E+07  0.119636E+08  0.120231E+08
  0.662484E-03  0.120215E+08  0.120215E+08  0.425524E+07  0.423674E+07  0.119572E+08  0.120201E+08
  0.684939E-03  0.120185E+08  0.120185E+08  0.389447E+07  0.387569E+07  0.119504E+08  0.120170E+08
  0.708155E-03  0.120153E+08  0.120152E+08  0.354798E+07  0.352891E+07  0.119431E+08  0.120137E+08
  0.732158E-03  0.120119E+08  0.120118E+08  0.321826E+07  0.319890E+07  0.119354E+08  0.120102E+08
  0.756975E-03  0.120083E+08  0.120082E+08  0.290773E+07  0.288804E+07  0.119272E+08  0.120065E+08
  0.782633E-03  0.120045E+08  0.120044E+08  0.261858E+07  0.259853E+07  0.119185E+08  0.120026E+08
  0.809160E-03  0.120004E+08  0.120003E+08  0.235273E+07  0.233226E+07  0.119092E+08  0.119984E+08
  0.836587E-03  0.119961E+08  0.119960E+08  0.211174E+07  0.209080E+07  0.118993E+08  0.119940E+08
  0.864943E-03  0.119916E+08  0.119915E+08  0.189670E+07  0.187524E+07  0.118889E+08  0.119893E+08
  0.894260E-03  0.119868E+08  0.119867E+08  0.170820E+07  0.168613E+07  0.118778E+08  0.119844E+08
  0.924571E-03  0.119817E+08  0.119816E+08  0.154619E+07  0.152345E+07  0.118660E+08  0.119792E+08
  0.955910E-03  0.119763E+08  0.119762E+08  0.140994E+07  0.138647E+07  0.118535E+08  0.119736E+08
  0.988310E-03  0.119706E+08  0.119705E+08  0.129804E+07  0.127380E+07  0.118403E+08  0.119678E+08
  0.102181E-02  0.119646E+08  0.119645E+08  0.120836E+07  0.118333E+07  0.118262E+08  0.119616E+08
  0.105644E-02  0.119583E+08  0.119581E+08  0.113811E+07  0.111232E+07  0.118114E+08  0.119551E+08
  0.109225E-02  0.119516E+08  0.119514E+08  0.108391E+07  0.105744E+07  0.117956E+08  0.119482E+08
  0.112927E-02  0.119445E+08  0.119443E+08  0.104195E+07  0.101493E+07  0.117789E+08  0.119409E+08
  0.116755E-02  0.119370E+08  0.119369E+08  0.100812E+07  0.980786E+06  0.117613E+08  0.119332E+08
  0.120713E-02  0.119291E+08  0.119290E+08  0.978319E+06  0.950963E+06  0.117426E+08  0.119251E+08
  0.124804E-02  0.119208E+08  0.119207E+08  0.948660E+06  0.921669E+06  0.117229E+08  0.119165E+08
  0.129034E-02  0.119121E+08  0.119119E+08  0.915785E+06  0.889621E+06  0.117020E+08  0.119075E+08
  0.133408E-02  0.119028E+08  0.119026E+08  0.877135E+06  0.852323E+06  0.116800E+08  0.118980E+08
  0.137930E-02  0.118931E+08  0.118929E+08  0.831193E+06  0.808293E+06  0.116567E+08  0.118880E+08
  0.142605E-02  0.118829E+08  0.118826E+08  0.777648E+06  0.757219E+06  0.116321E+08  0.118774E+08
  0.147439E-02  0.118721E+08  0.118718E+08  0.717454E+06  0.700002E+06  0.116062E+08  0.118663E+08
  0.152436E-02  0.118607E+08  0.118605E+08  0.652744E+06  0.638670E+06  0.115790E+08  0.118546E+08
  0.157603E-02  0.118488E+08  0.118485E+08  0.586592E+06  0.576134E+06  0.115502E+08  0.118422E+08
  0.162945E-02  0.118362E+08  0.118359E+08  0.522611E+06  0.515794E+06  0.115199E+08  0.118293E+08
  0.168468E-02  0.118230E+08  0.118226E+08  0.464436E+06  0.461040E+06  0.114881E+08  0.118156E+08
  0.174178E-02  0.118090E+08  0.118087E+08  0.415134E+06  0.414686E+06  0.114546E+08  0.118013E+08
  0.180082E-02  0.117944E+08  0.117941E+08  0.376645E+06  0.378445E+06  0.114194E+08  0.117862E+08
  0.186186E-02  0.117791E+08  0.117787E+08  0.349359E+06  0.352549E+06  0.113825E+08  0.117704E+08
  0.192497E-02  0.117629E+08  0.117625E+08  0.331942E+06  0.335608E+06  0.113438E+08  0.117538E+08
  0.199021E-02  0.117460E+08  0.117455E+08  0.000000E+00  0.000000E+00  0.113033E+08  0.117363E+08
  0.205767E-02  0.117282E+08  0.117277E+08  0.000000E+00  0.000000E+00  0.112608E+08  0.117180E+08
  0.212742E-02  0.117096E+08  0.117091E+08  0.000000E+00  0.000000E+00  0.112164E+08  0.116988E+08
  0.219953E-02  0.116900E+08  0.116895E+08  0.000000E+00  0.000000E+00  0.111699E+08  0.116787E+08
  0.227408E-02  0.116695E+08  0.116689E+08  0.000000E+00  0.000000E+00  0.111215E+08  0.116575E+08
  0.235116E-02  0.116480E+08  0.116474E+08  0.000000E+00  0.000000E+00  0.110709E+08  0.116354E+08
  0.243085E-02  0.116255E+08  0.116249E+08  0.000000E+00  0.000000E+00  0.110183E+08  0.116123E+08
  0.251324E-02  0.116020E+08  0.116013E+08  0.000000E+00  0.000000E+00  0.109635E+08  0.115881E+08
  0.259843E-02  0.115774E+08  0.115766E+08  0.000000E+00  0.000000E+00  0.109065E+08  0.115627E+08
  0.268651E-02  0.115516E+08  0.115508E+08  0.000000E+00  0.000000E+00  0.108474E+08  0.115362E+08
  0.277757E-02  0.115247E+08  0.115239E+08  0.000000E+00  0.000000E+00  0.107860E+08  0.115086E+08
  0.287171E-02  0.114966E+08  0.114957E+08  0.000000E+00  0.000000E+00  0.107225E+08  0.114797E+08
  0.296905E-02  0.114673E+08  0.114663E+08  0.000000E+00  0.000000E+00  0.106567E+08  0.114496E+08
  0.306968E-02  0.114367E+08  0.114356E+08  0.000000E+00  0.000000E+00  0.105888E+08  0.114181E+08
  0.317373E-02  0.114048E+08  0.114037E+08  0.000000E+00  0.000000E+00  0.105186E+08  0.113854E+08
  0.328131E-02  0.113715E+08  0.113704E+08  0.000000E+00  0.000000E+00  0.104462E+08  0.113513E+08
  0.339253E-02  0.113369E+08  0.113357E+08  0.000000E+00  0.000000E+00  0.103716E+08  0.113158E+08
  0.350752E-02  0.113009E+08  0.112996E+08  0.000000E+00  0.000000E+00  0.102949E+08  0.112789E+08
  0.362640E-02  0.112635E+08  0.112620E+08  0.000000E+00  0.000000E+00  0.102159E+08  0.112405E+08
  0.374932E-02  0.112246E+08  0.112230E+08  0.000000E+00  0.000000E+00  0.101348E+08  0.112007E+08
  0.387641E-02  0.111842E+08  0.111825E+08  0.000000E+00  0.000000E+00  0.100515E+08  0.111593E+08
  0.400780E-02  0.111422E+08  0.111405E+08  0.000000E+00  0.000000E+00  0.996609E+07  0.111164E+08
  0.414364E-02  0.110987E+08  0.110969E+08  0.000000E+00  0.000000E+00  0.987850E+07  0.110720E+08
  0.428409E-02  0.110537E+08  0.110517E+08  0.000000E+00  0.000000E+00  0.978874E+07  0.110259E+08
  0.442930E-02  0.110070E+08  0.110049E+08  0.000000E+00  0.000000E+00  0.969681E+07  0.109783E+08
  0.457943E-02  0.109587E+08  0.109564E+08  0.000000E+00  0.000000E+00  0.960268E+07  0.109289E+08
  0.473465E-02  0.109088E+08  0.109063E+08  0.000000E+00  0.000000E+00  0.950635E+07  0.108780E+08
  0.489513E-02  0.108571E+08  0.108545E+08  0.000000E+00  0.000000E+00  0.940778E+07  0.108253E+08
  0.506105E-02  0.108038E+08  0.108010E+08  0.000000E+00  0.000000E+00  0.930694E+07  0.107709E+08
  0.523260E-02  0.107487E+08  0.107458E+08  0.000000E+00  0.000000E+00  0.920382E+07  0.107148E+08
  0.540996E-02  0.106919E+08  0.106888E+08  0.000000E+00  0.000000E+00  0.909837E+07  0.106569E+08
  0.559333E-02  0.106333E+08  0.106300E+08  0.000000E+00  0.000000E+00  0.899058E+07  0.105972E+08
  0.578292E-02  0.105729E+08  0.105694E+08  0.000000E+00  0.000000E+00  0.888043E+07  0.105357E+08
  0.597893E-02  0.105107E+08  0.105070E+08  0.000000E+00  0.000000E+00  0.876791E+07  0.104723E+08
  0.618159E-02  0.104467E+08  0.104427E+08  0.000000E+00  0.000000E+00  0.865300E+07  0.104071E+08
  0.639111E-02  0.103808E+08  0.103765E+08  0.000000E+00  0.000000E+00  0.853572E+07  0.103401E+08
  0.660774E-02  0.103129E+08  0.103084E+08  0.000000E+00  0.000000E+00  0.841609E+07  0.102711E+08
  0.683171E-02  0.102432E+08  0.102384E+08  0.000000E+00  0.000000E+00  0.829412E+07  0.102002E+08
  0.706327E-02  0.101715E+08  0.101664E+08  0.000000E+00  0.000000E+00  0.816987E+07  0.101273E+08
  0.730268E-02  0.100979E+08  0.100925E+08  0.000000E+00  0.000000E+00  0.804337E+07  0.100525E+08
  0.755020E-02  0.100223E+08  0.100165E+08  0.000000E+00  0.000000E+00  0.791468E+07  0.997563E+07
  0.780612E-02  0.994461E+07  0.993846E+07  0.000000E+00  0.000000E+00  0.778388E+07  0.989676E+07
  0.807071E-02  0.986490E+07  0.985837E+07  0.000000E+00  0.000000E+00  0.765104E+07  0.981584E+07
  0.834427E-02  0.978312E+07  0.977618E+07  0.000000E+00  0.000000E+00  0.751623E+07  0.973285E+07
  0.862710E-02  0.969925E+07  0.969187E+07  0.000000E+00  0.000000E+00  0.737953E+07  0.964775E+07
  0.891952E-02  0.961324E+07  0.960541E+07  0.000000E+00  0.000000E+00  0.724104E+07  0.956054E+07
  0.922184E-02  0.952509E+07  0.951678E+07  0.000000E+00  0.000000E+00  0.710085E+07  0.947118E+07
  0.953442E-02  0.943477E+07  0.942594E+07  0.000000E+00  0.000000E+00  0.695905E+07  0.937965E+07
  0.985759E-02  0.934224E+07  0.933288E+07  0.000000E+00  0.000000E+00  0.681574E+07  0.928594E+07
  0.101917E-01  0.924750E+07  0.923757E+07  0.000000E+00  0.000000E+00  0.667102E+07  0.919001E+07
  0.105372E-01  0.915050E+07  0.913997E+07  0.000000E+00  0.000000E+00  0.652499E+07  0.909185E+07
  0.108943E-01  0.905123E+07  0.904007E+07  0.000000E+00  0.000000E+00  0.637777E+07  0.899144E+07
  0.112636E-01  0.894966E+07  0.893785E+07  0.000000E+00  0.000000E+00  0.622946E+07  0.888875E+07
  0.116454E-01  0.884578E+07  0.883327E+07  0.000000E+00  0.000000E+00  0.608018E+07  0.878377E+07
  0.120401E-01  0.873957E+07  0.872632E+07  0.000000E+00  0.000000E+00  0.593005E+07  0.867648E+07
  0.124482E-01  0.863099E+07  0.861698E+07  0.000000E+00  0.000000E+00  0.577920E+07  0.856686E+07
  0.128701E-01  0.852004E+07  0.850523E+07  0.000000E+00  0.000000E+00  0.562774E+07  0.845490E+07
  0.133063E-01  0.840670E+07  0.839106E+07  0.000000E+00  0.000000E+00  0.547582E+07  0.834059E+07
  0.137574E-01  0.829096E+07  0.827444E+07  0.000000E+00  0.000000E+00  0.532357E+07  0.822391E+07
  0.142237E-01  0.817281E+07  0.815538E+07  0.000000E+00  0.000000E+00  0.517112E+07  0.810486E+07
  0.147058E-01  0.805223E+07  0.803385E+07  0.000000E+00  0.000000E+00  0.501861E+07  0.798344E+07
  0.152042E-01  0.792925E+07  0.790988E+07  0.000000E+00  0.000000E+00  0.486620E+07  0.785965E+07
  0.157196E-01  0.780384E+07  0.778345E+07  0.000000E+00  0.000000E+00  0.471403E+07  0.773349E+07
  0.162524E-01  0.767604E+07  0.765459E+07  0.000000E+00  0.000000E+00  0.456225E+07  0.760499E+07
  0.168033E-01  0.754585E+07  0.752331E+07  0.000000E+00  0.000000E+00  0.441102E+07  0.747417E+07
  0.173728E-01  0.741331E+07  0.738965E+07  0.000000E+00  0.000000E+00  0.426051E+07  0.734105E+07
  0.179617E-01  0.727846E+07  0.725364E+07  0.000000E+00  0.000000E+00  0.411088E+07  0.720568E+07
  0.185705E-01  0.714134E+07  0.711534E+07  0.000000E+00  0.000000E+00  0.396232E+07  0.706812E+07
  0.192000E-01  0.700202E+07  0.697481E+07  0.000000E+00  0.000000E+00  0.381498E+07  0.692842E+07
  0.198507E-01  0.686057E+07  0.683214E+07  0.000000E+00  0.000000E+00  0.366904E+07  0.678668E+07
  0.205236E-01  0.671710E+07  0.668743E+07  0.000000E+00  0.000000E+00  0.352469E+07  0.664298E+07
  0.212192E-01  0.657171E+07  0.654080E+07  0.000000E+00  0.000000E+00  0.338208E+07  0.649745E+07
  0.219385E-01  0.642454E+07  0.639238E+07  0.000000E+00  0.000000E+00  0.324139E+07  0.635021E+07
  0.226821E-01  0.627574E+07  0.624233E+07  0.000000E+00  0.000000E+00  0.310279E+07  0.620142E+07
  0.234509E-01  0.612548E+07  0.609085E+07  0.000000E+00  0.000000E+00  0.296646E+07  0.605125E+07
  0.242458E-01  0.597396E+07  0.593813E+07  0.000000E+00  0.000000E+00  0.283258E+07  0.589992E+07
  0.250676E-01  0.582141E+07  0.578441E+07  0.000000E+00  0.000000E+00  0.270136E+07  0.574764E+07
  0.259172E-01  0.566809E+07  0.562998E+07  0.000000E+00  0.000000E+00  0.257301E+07  0.559467E+07
  0.267957E-01  0.551428E+07  0.547511E+07  0.000000E+00  0.000000E+00  0.244769E+07  0.544131E+07
  0.277039E-01  0.536030E+07  0.532014E+07  0.000000E+00  0.000000E+00  0.232559E+07  0.528785E+07
  0.286430E-01  0.520649E+07  0.516544E+07  0.000000E+00  0.000000E+00  0.220683E+07  0.513465E+07
  0.296138E-01  0.505322E+07  0.501138E+07  0.000000E+00  0.000000E+00  0.209158E+07  0.498207E+07
  0.306176E-01  0.490090E+07  0.485840E+07  0.000000E+00  0.000000E+00  0.198003E+07  0.483053E+07
  0.316554E-01  0.474996E+07  0.470692E+07  0.000000E+00  0.000000E+00  0.187234E+07  0.468044E+07
  0.327283E-01  0.460086E+07  0.455744E+07  0.000000E+00  0.000000E+00  0.176865E+07  0.453225E+07
  0.338377E-01  0.447418E+07  0.443054E+07  0.000000E+00  0.000000E+00  0.162079E+07  0.440508E+07
  0.349846E-01  0.433098E+07  0.428733E+07  0.000000E+00  0.000000E+00  0.152619E+07  0.426293E+07
  0.361704E-01  0.419104E+07  0.414756E+07  0.000000E+00  0.000000E+00  0.143594E+07  0.412409E+07
  0.373964E-01  0.405334E+07  0.401025E+07  0.000000E+00  0.000000E+00  0.134962E+07  0.398758E+07
  0.386640E-01  0.391927E+07  0.387679E+07  0.000000E+00  0.000000E+00  0.126754E+07  0.385474E+07
  0.399745E-01  0.378977E+07  0.374813E+07  0.000000E+00  0.000000E+00  0.118988E+07  0.372650E+07
  0.413294E-01  0.366534E+07  0.362477E+07  0.000000E+00  0.000000E+00  0.111667E+07  0.360336E+07
  0.427303E-01  0.354641E+07  0.350713E+07  0.000000E+00  0.000000E+00  0.104785E+07  0.348572E+07
  0.441786E-01  0.342039E+07  0.338264E+07  0.000000E+00  0.000000E+00  0.999154E+06  0.336164E+07
  0.456761E-01  0.331274E+07  0.327672E+07  0.000000E+00  0.000000E+00  0.938627E+06  0.325530E+07
  0.472243E-01  0.321096E+07  0.317685E+07  0.000000E+00  0.000000E+00  0.882031E+06  0.315481E+07
  0.488249E-01  0.311485E+07  0.308282E+07  0.000000E+00  0.000000E+00  0.829154E+06  0.305998E+07
  0.504799E-01  0.302404E+07  0.299421E+07  0.000000E+00  0.000000E+00  0.779720E+06  0.297044E+07
  0.521909E-01  0.293810E+07  0.291055E+07  0.000000E+00  0.000000E+00  0.733453E+06  0.288573E+07
  0.539599E-01  0.286386E+07  0.283862E+07  0.000000E+00  0.000000E+00  0.683535E+06  0.281241E+07
  0.557889E-01  0.278588E+07  0.276294E+07  0.000000E+00  0.000000E+00  0.642702E+06  0.273562E+07
  0.576799E-01  0.271080E+07  0.269008E+07  0.000000E+00  0.000000E+00  0.604180E+06  0.266170E+07
  0.596349E-01  0.263788E+07  0.261923E+07  0.000000E+00  0.000000E+00  0.567701E+06  0.258991E+07
  0.616562E-01  0.256631E+07  0.254954E+07  0.000000E+00  0.000000E+00  0.533039E+06  0.251946E+07
  0.637461E-01  0.249007E+07  0.247493E+07  0.000000E+00  0.000000E+00  0.503402E+06  0.244450E+07
  0.659068E-01  0.241844E+07  0.240463E+07  0.000000E+00  0.000000E+00  0.471661E+06  0.237395E+07
  0.681407E-01  0.234547E+07  0.233264E+07  0.000000E+00  0.000000E+00  0.441068E+06  0.230207E+07
  0.704503E-01  0.227035E+07  0.225816E+07  0.000000E+00  0.000000E+00  0.411462E+06  0.222804E+07
  0.728383E-01  0.219399E+07  0.218207E+07  0.000000E+00  0.000000E+00  0.381449E+06  0.215273E+07
  0.753071E-01  0.211353E+07  0.210155E+07  0.000000E+00  0.000000E+00  0.353705E+06  0.207340E+07
  0.778597E-01  0.203055E+07  0.201821E+07  0.000000E+00  0.000000E+00  0.326927E+06  0.199158E+07
  0.804987E-01  0.194569E+07  0.193278E+07  0.000000E+00  0.000000E+00  0.301234E+06  0.190791E+07
  0.832272E-01  0.185993E+07  0.184629E+07  0.000000E+00  0.000000E+00  0.276767E+06  0.182335E+07
  0.860483E-01  0.177444E+07  0.176006E+07  0.000000E+00  0.000000E+00  0.253661E+06  0.173909E+07
  0.889648E-01  0.169055E+07  0.167549E+07  0.000000E+00  0.000000E+00  0.232058E+06  0.165644E+07
  0.919804E-01  0.160968E+07  0.159413E+07  0.000000E+00  0.000000E+00  0.212073E+06  0.157680E+07
  0.950980E-01  0.153335E+07  0.151760E+07  0.000000E+00  0.000000E+00  0.193819E+06  0.150170E+07
  0.983214E-01  0.146307E+07  0.144748E+07  0.000000E+00  0.000000E+00  0.177348E+06  0.143261E+07
  0.101654E+00  0.140010E+07  0.138505E+07  0.000000E+00  0.000000E+00  0.162694E+06  0.137078E+07
  0.105100E+00  0.134501E+07  0.133086E+07  0.000000E+00  0.000000E+00  0.149767E+06  0.131675E+07
  0.108662E+00  0.129738E+07  0.128446E+07  0.000000E+00  0.000000E+00  0.138380E+06  0.127011E+07
  0.112345E+00  0.125576E+07  0.124427E+07  0.000000E+00  0.000000E+00  0.128249E+06  0.122941E+07
  0.116153E+00  0.121803E+07  0.120802E+07  0.000000E+00  0.000000E+00  0.119060E+06  0.119255E+07
  0.120090E+00  0.118188E+07  0.117326E+07  0.000000E+00  0.000000E+00  0.110527E+06  0.115723E+07
  0.124160E+00  0.114523E+07  0.113773E+07  0.000000E+00  0.000000E+00  0.102416E+06  0.112139E+07
  0.128369E+00  0.110634E+07  0.109960E+07  0.000000E+00  0.000000E+00  0.945676E+05  0.108329E+07
  0.132720E+00  0.106391E+07  0.105751E+07  0.000000E+00  0.000000E+00  0.868822E+05  0.104167E+07
  0.137219E+00  0.101741E+07  0.101096E+07  0.000000E+00  0.000000E+00  0.793397E+05  0.996012E+06
  0.141870E+00  0.967561E+06  0.960761E+06  0.000000E+00  0.000000E+00  0.720173E+05  0.947023E+06
  0.146678E+00  0.916372E+06  0.909088E+06  0.000000E+00  0.000000E+00  0.650725E+05  0.896712E+06
  0.151650E+00  0.866617E+06  0.858907E+06  0.000000E+00  0.000000E+00  0.586880E+05  0.847826E+06
  0.156790E+00  0.820903E+06  0.813002E+06  0.000000E+00  0.000000E+00  0.529978E+05  0.802947E+06
  0.162105E+00  0.780989E+06  0.773242E+06  0.000000E+00  0.000000E+00  0.480527E+05  0.763816E+06
  0.167599E+00  0.747521E+06  0.740285E+06  0.000000E+00  0.000000E+00  0.438207E+05  0.731067E+06
  0.173280E+00  0.719842E+06  0.713381E+06  0.000000E+00  0.000000E+00  0.401924E+05  0.704038E+06
  0.179153E+00  0.695910E+06  0.690313E+06  0.000000E+00  0.000000E+00  0.369970E+05  0.680700E+06
  0.185226E+00  0.672747E+06  0.667899E+06  0.000000E+00  0.000000E+00  0.340414E+05  0.658100E+06
  0.191504E+00  0.647578E+06  0.643204E+06  0.000000E+00  0.000000E+00  0.311745E+05  0.633492E+06
  0.197995E+00  0.618994E+06  0.614762E+06  0.000000E+00  0.000000E+00  0.283370E+05  0.605490E+06
  0.204706E+00  0.587505E+06  0.583153E+06  0.000000E+00  0.000000E+00  0.255653E+05  0.574603E+06
  0.211645E+00  0.555259E+06  0.550694E+06  0.000000E+00  0.000000E+00  0.229581E+05  0.542964E+06
  0.218818E+00  0.525006E+06  0.520330E+06  0.000000E+00  0.000000E+00  0.206189E+05  0.513298E+06
  0.226235E+00  0.498825E+06  0.494271E+06  0.000000E+00  0.000000E+00  0.186034E+05  0.487660E+06
  0.233903E+00  0.477278E+06  0.473082E+06  0.000000E+00  0.000000E+00  0.168991E+05  0.466603E+06
  0.241832E+00  0.458987E+06  0.455264E+06  0.000000E+00  0.000000E+00  0.154247E+05  0.448756E+06
  0.250029E+00  0.441351E+06  0.438038E+06  0.000000E+00  0.000000E+00  0.140727E+05  0.431541E+06
  0.258503E+00  0.422334E+06  0.419242E+06  0.000000E+00  0.000000E+00  0.127720E+05  0.412944E+06
  0.267265E+00  0.401379E+06  0.398316E+06  0.000000E+00  0.000000E+00  0.115078E+05  0.392421E+06
  0.276324E+00  0.379769E+06  0.376659E+06  0.000000E+00  0.000000E+00  0.103191E+05  0.371245E+06
  0.285690E+00  0.359795E+06  0.356711E+06  0.000000E+00  0.000000E+00  0.926276E+04  0.351686E+06
  0.295374E+00  0.342672E+06  0.339755E+06  0.000000E+00  0.000000E+00  0.835657E+04  0.334942E+06
  0.305386E+00  0.327917E+06  0.325259E+06  0.000000E+00  0.000000E+00  0.757306E+04  0.320533E+06
  0.315736E+00  0.313842E+06  0.311412E+06  0.000000E+00  0.000000E+00  0.686207E+04  0.306785E+06
  0.326438E+00  0.299059E+06  0.296747E+06  0.000000E+00  0.000000E+00  0.618843E+04  0.292327E+06
  0.337503E+00  0.283661E+06  0.281386E+06  0.000000E+00  0.000000E+00  0.555340E+04  0.277256E+06
  0.348943E+00  0.268905E+06  0.266677E+06  0.000000E+00  0.000000E+00  0.497939E+04  0.262815E+06
  0.360770E+00  0.255801E+06  0.253690E+06  0.000000E+00  0.000000E+00  0.447919E+04  0.250004E+06
  0.372999E+00  0.244053E+06  0.242097E+06  0.000000E+00  0.000000E+00  0.404016E+04  0.238526E+06
  0.385642E+00  0.232598E+06  0.230765E+06  0.000000E+00  0.000000E+00  0.363926E+04  0.227331E+06
  0.398713E+00  0.220947E+06  0.219183E+06  0.000000E+00  0.000000E+00  0.326634E+04  0.215937E+06
  0.412227E+00  0.209601E+06  0.207895E+06  0.000000E+00  0.000000E+00  0.292696E+04  0.204838E+06
  0.426200E+00  0.199192E+06  0.197571E+06  0.000000E+00  0.000000E+00  0.262691E+04  0.194662E+06
  0.440646E+00  0.189603E+06  0.188084E+06  0.000000E+00  0.000000E+00  0.236087E+04  0.185293E+06
  0.455581E+00  0.180274E+06  0.178836E+06  0.000000E+00  0.000000E+00  0.211886E+04  0.176174E+06
  0.471024E+00  0.171110E+06  0.169731E+06  0.000000E+00  0.000000E+00  0.189789E+04  0.167213E+06
  0.486989E+00  0.162442E+06  0.161128E+06  0.000000E+00  0.000000E+00  0.169990E+04  0.158740E+06
  0.503496E+00  0.154373E+06  0.153132E+06  0.000000E+00  0.000000E+00  0.152381E+04  0.150854E+06
  0.520561E+00  0.146646E+06  0.145471E+06  0.000000E+00  0.000000E+00  0.136510E+04  0.143302E+06
  0.538206E+00  0.139171E+06  0.138051E+06  0.000000E+00  0.000000E+00  0.122146E+04  0.135995E+06
  0.556448E+00  0.132093E+06  0.131028E+06  0.000000E+00  0.000000E+00  0.109281E+04  0.129077E+06
  0.575309E+00  0.125413E+06  0.124406E+06  0.000000E+00  0.000000E+00  0.977825E+03  0.122549E+06
  0.594809E+00  0.119015E+06  0.118059E+06  0.000000E+00  0.000000E+00  0.874333E+03  0.116296E+06
  0.614971E+00  0.112908E+06  0.112000E+06  0.000000E+00  0.000000E+00  0.781385E+03  0.110327E+06
  0.635816E+00  0.107127E+06  0.106266E+06  0.000000E+00  0.000000E+00  0.698262E+03  0.104677E+06
  0.657366E+00  0.101623E+06  0.100806E+06  0.000000E+00  0.000000E+00  0.623738E+03  0.992980E+05
  0.679648E+00  0.963760E+05  0.956010E+05  0.000000E+00  0.000000E+00  0.556910E+03  0.941706E+05
  0.702684E+00  0.913970E+05  0.906624E+05  0.000000E+00  0.000000E+00  0.497138E+03  0.893050E+05
  0.726502E+00  0.866616E+05  0.859652E+05  0.000000E+00  0.000000E+00  0.443625E+03  0.846774E+05
  0.751127E+00  0.821577E+05  0.814973E+05  0.000000E+00  0.000000E+00  0.395731E+03  0.802760E+05
  0.776587E+00  0.778800E+05  0.772541E+05  0.000000E+00  0.000000E+00  0.352910E+03  0.760958E+05
  0.802909E+00  0.738136E+05  0.732204E+05  0.000000E+00  0.000000E+00  0.314621E+03  0.721221E+05
  0.830124E+00  0.699506E+05  0.693886E+05  0.000000E+00  0.000000E+00  0.280399E+03  0.683473E+05
  0.858261E+00  0.662818E+05  0.657492E+05  0.000000E+00  0.000000E+00  0.249829E+03  0.647622E+05
  0.887352E+00  0.627970E+05  0.622925E+05  0.000000E+00  0.000000E+00  0.222526E+03  0.613571E+05
  0.917428E+00  0.594888E+05  0.590109E+05  0.000000E+00  0.000000E+00  0.198152E+03  0.581245E+05
  0.948525E+00  0.563479E+05  0.558952E+05  0.000000E+00  0.000000E+00  0.176398E+03  0.550554E+05
  0.980675E+00  0.533666E+05  0.529379E+05  0.000000E+00  0.000000E+00  0.156991E+03  0.521422E+05
  0.101392E+01  0.505369E+05  0.501309E+05  0.000000E+00  0.000000E+00  0.139681E+03  0.493772E+05
  0.104828E+01  0.478513E+05  0.474669E+05  0.000000E+00  0.000000E+00  0.124246E+03  0.467531E+05
  0.108381E+01  0.453032E+05  0.449393E+05  0.000000E+00  0.000000E+00  0.110488E+03  0.442633E+05
  0.112055E+01  0.428858E+05  0.425414E+05  0.000000E+00  0.000000E+00  0.982296E+02  0.419013E+05
  0.115853E+01  0.405932E+05  0.402671E+05  0.000000E+00  0.000000E+00  0.873094E+02  0.396612E+05
  0.119780E+01  0.384189E+05  0.381104E+05  0.000000E+00  0.000000E+00  0.775846E+02  0.375367E+05
  0.123840E+01  0.363573E+05  0.360653E+05  0.000000E+00  0.000000E+00  0.689265E+02  0.355223E+05
  0.128038E+01  0.344026E+05  0.341262E+05  0.000000E+00  0.000000E+00  0.612211E+02  0.336124E+05
  0.132377E+01  0.325495E+05  0.322881E+05  0.000000E+00  0.000000E+00  0.543646E+02  0.318018E+05
  0.136864E+01  0.307931E+05  0.305458E+05  0.000000E+00  0.000000E+00  0.482653E+02  0.300857E+05
  0.141503E+01  0.291286E+05  0.288947E+05  0.000000E+00  0.000000E+00  0.428414E+02  0.284594E+05
  0.146300E+01  0.275512E+05  0.273299E+05  0.000000E+00  0.000000E+00  0.380182E+02  0.269181E+05
  0.151258E+01  0.260566E+05  0.258473E+05  0.000000E+00  0.000000E+00  0.337313E+02  0.254578E+05
  0.156385E+01  0.246406E+05  0.244427E+05  0.000000E+00  0.000000E+00  0.299217E+02  0.240743E+05
  0.161686E+01  0.232995E+05  0.231124E+05  0.000000E+00  0.000000E+00  0.265371E+02  0.227640E+05
  0.167166E+01  0.220293E+05  0.218524E+05  0.000000E+00  0.000000E+00  0.235311E+02  0.215230E+05
  0.172833E+01  0.208264E+05  0.206592E+05  0.000000E+00  0.000000E+00  0.208615E+02  0.203477E+05
  0.178691E+01  0.196874E+05  0.195293E+05  0.000000E+00  0.000000E+00  0.184915E+02  0.192349E+05
  0.184748E+01  0.186090E+05  0.184596E+05  0.000000E+00  0.000000E+00  0.163876E+02  0.181812E+05
  0.191009E+01  0.175881E+05  0.174469E+05  0.000000E+00  0.000000E+00  0.145205E+02  0.171838E+05
  0.197484E+01  0.166217E+05  0.164882E+05  0.000000E+00  0.000000E+00  0.128640E+02  0.162396E+05
  0.204177E+01  0.157070E+05  0.155809E+05  0.000000E+00  0.000000E+00  0.113944E+02  0.153459E+05
  0.211098E+01  0.148415E+05  0.147223E+05  0.000000E+00  0.000000E+00  0.100911E+02  0.145002E+05
  0.218253E+01  0.140225E+05  0.139099E+05  0.000000E+00  0.000000E+00  0.893557E+01  0.137000E+05
  0.225651E+01  0.132475E+05  0.131412E+05  0.000000E+00  0.000000E+00  0.791100E+01  0.129429E+05
  0.233299E+01  0.125144E+05  0.124140E+05  0.000000E+00  0.000000E+00  0.700283E+01  0.122267E+05
  0.241207E+01  0.118209E+05  0.117260E+05  0.000000E+00  0.000000E+00  0.619795E+01  0.115491E+05
  0.249383E+01  0.111649E+05  0.110753E+05  0.000000E+00  0.000000E+00  0.548481E+01  0.109082E+05
  0.257836E+01  0.105445E+05  0.104598E+05  0.000000E+00  0.000000E+00  0.485306E+01  0.103020E+05
  0.266575E+01  0.995783E+04  0.987787E+04  0.000000E+00  0.000000E+00  0.429344E+01  0.972883E+04
  0.275611E+01  0.940308E+04  0.932757E+04  0.000000E+00  0.000000E+00  0.379785E+01  0.918683E+04
  0.284953E+01  0.887858E+04  0.880728E+04  0.000000E+00  0.000000E+00  0.335901E+01  0.867439E+04
  0.294611E+01  0.838272E+04  0.831540E+04  0.000000E+00  0.000000E+00  0.297049E+01  0.818993E+04
  0.304597E+01  0.791394E+04  0.785038E+04  0.000000E+00  0.000000E+00  0.262655E+01  0.773193E+04
  0.314921E+01  0.747084E+04  0.741084E+04  0.000000E+00  0.000000E+00  0.232220E+01  0.729902E+04
  0.325596E+01  0.705204E+04  0.699540E+04  0.000000E+00  0.000000E+00  0.205281E+01  0.688984E+04
  0.336632E+01  0.665628E+04  0.660282E+04  0.000000E+00  0.000000E+00  0.181449E+01  0.650318E+04
  0.348042E+01  0.628230E+04  0.623184E+04  0.000000E+00  0.000000E+00  0.160364E+01  0.613780E+04
  0.359839E+01  0.592893E+04  0.588130E+04  0.000000E+00  0.000000E+00  0.141712E+01  0.579255E+04
  0.372036E+01  0.559503E+04  0.555008E+04  0.000000E+00  0.000000E+00  0.125218E+01  0.546633E+04
  0.384646E+01  0.527959E+04  0.523717E+04  0.000000E+00  0.000000E+00  0.110629E+01  0.515814E+04
  0.397683E+01  0.498160E+04  0.494158E+04  0.000000E+00  0.000000E+00  0.977297E+00  0.486701E+04
  0.411163E+01  0.470015E+04  0.466238E+04  0.000000E+00  0.000000E+00  0.863265E+00  0.459203E+04
  0.425099E+01  0.443431E+04  0.439868E+04  0.000000E+00  0.000000E+00  0.762464E+00  0.433231E+04
  0.439508E+01  0.418324E+04  0.414962E+04  0.000000E+00  0.000000E+00  0.673369E+00  0.408701E+04
  0.454405E+01  0.394613E+04  0.391441E+04  0.000000E+00  0.000000E+00  0.594623E+00  0.385535E+04
  0.469808E+01  0.372223E+04  0.369231E+04  0.000000E+00  0.000000E+00  0.525031E+00  0.363660E+04
  0.485732E+01  0.351084E+04  0.348261E+04  0.000000E+00  0.000000E+00  0.463546E+00  0.343007E+04
  0.502196E+01  0.331125E+04  0.328462E+04  0.000000E+00  0.000000E+00  0.409224E+00  0.323507E+04
  0.519217E+01  0.312282E+04  0.309771E+04  0.000000E+00  0.000000E+00  0.361243E+00  0.305098E+04
  0.536817E+01  0.294493E+04  0.292124E+04  0.000000E+00  0.000000E+00  0.318851E+00  0.287718E+04
  0.555012E+01  0.277702E+04  0.275468E+04  0.000000E+00  0.000000E+00  0.281413E+00  0.271313E+04
  0.573824E+01  0.261854E+04  0.259747E+04  0.000000E+00  0.000000E+00  0.248353E+00  0.255830E+04
  0.593274E+01  0.246897E+04  0.244910E+04  0.000000E+00  0.000000E+00  0.219158E+00  0.241217E+04
  0.613383E+01  0.232780E+04  0.230907E+04  0.000000E+00  0.000000E+00  0.193378E+00  0.227425E+04
  0.634174E+01  0.219459E+04  0.217692E+04  0.000000E+00  0.000000E+00  0.170621E+00  0.214409E+04
  0.655669E+01  0.206889E+04  0.205223E+04  0.000000E+00  0.000000E+00  0.150527E+00  0.202129E+04
  0.677893E+01  0.195029E+04  0.193458E+04  0.000000E+00  0.000000E+00  0.132789E+00  0.190541E+04
  0.700870E+01  0.183838E+04  0.182357E+04  0.000000E+00  0.000000E+00  0.117136E+00  0.179608E+04
  0.724626E+01  0.173281E+04  0.171884E+04  0.000000E+00  0.000000E+00  0.103320E+00  0.169294E+04
  0.749188E+01  0.163321E+04  0.162005E+04  0.000000E+00  0.000000E+00  0.911289E-01  0.159563E+04
  0.774582E+01  0.153927E+04  0.152685E+04  0.000000E+00  0.000000E+00  0.803696E-01  0.150385E+04
  0.800836E+01  0.145065E+04  0.143894E+04  0.000000E+00  0.000000E+00  0.708739E-01  0.141727E+04
  0.827981E+01  0.136706E+04  0.135603E+04  0.000000E+00  0.000000E+00  0.624982E-01  0.133560E+04
  0.856045E+01  0.128823E+04  0.127783E+04  0.000000E+00  0.000000E+00  0.551078E-01  0.125859E+04
  0.885061E+01  0.121389E+04  0.120408E+04  0.000000E+00  0.000000E+00  0.485887E-01  0.118595E+04
  0.915060E+01  0.114378E+04  0.113453E+04  0.000000E+00  0.000000E+00  0.428393E-01  0.111746E+04
  0.946076E+01  0.107767E+04  0.106895E+04  0.000000E+00  0.000000E+00  0.377666E-01  0.105286E+04
  0.978143E+01  0.101533E+04  0.100712E+04  0.000000E+00  0.000000E+00  0.332939E-01  0.991962E+03
  0.101130E+02  0.956554E+03  0.948810E+03  0.000000E+00  0.000000E+00  0.293495E-01  0.934537E+03
  0.104558E+02  0.901138E+03  0.893838E+03  0.000000E+00  0.000000E+00  0.258693E-01  0.880396E+03
  0.108102E+02  0.848895E+03  0.842014E+03  0.000000E+00  0.000000E+00  0.228016E-01  0.829354E+03
  0.111766E+02  0.799646E+03  0.793159E+03  0.000000E+00  0.000000E+00  0.200962E-01  0.781238E+03
  0.115554E+02  0.753217E+03  0.747103E+03  0.000000E+00  0.000000E+00  0.177110E-01  0.735878E+03
  0.119471E+02  0.709456E+03  0.703692E+03  0.000000E+00  0.000000E+00  0.156080E-01  0.693123E+03
  0.123520E+02  0.668208E+03  0.662774E+03  0.000000E+00  0.000000E+00  0.137539E-01  0.652823E+03
  0.127707E+02  0.629328E+03  0.624206E+03  0.000000E+00  0.000000E+00  0.121197E-01  0.614839E+03
  0.132036E+02  0.592688E+03  0.587860E+03  0.000000E+00  0.000000E+00  0.106790E-01  0.579041E+03
  0.136511E+02  0.558158E+03  0.553605E+03  0.000000E+00  0.000000E+00  0.940961E-02  0.545305E+03
  0.141138E+02  0.525616E+03  0.521324E+03  0.000000E+00  0.000000E+00  0.828961E-02  0.513512E+03
  0.145922E+02  0.494952E+03  0.490905E+03  0.000000E+00  0.000000E+00  0.730370E-02  0.483553E+03
  0.150868E+02  0.466058E+03  0.462243E+03  0.000000E+00  0.000000E+00  0.643383E-02  0.455324E+03
  0.155982E+02  0.438831E+03  0.435234E+03  0.000000E+00  0.000000E+00  0.566794E-02  0.428723E+03
  0.161269E+02  0.413181E+03  0.409789E+03  0.000000E+00  0.000000E+00  0.499281E-02  0.403663E+03
  0.166735E+02  0.389013E+03  0.385814E+03  0.000000E+00  0.000000E+00  0.439769E-02  0.380051E+03
  0.172386E+02  0.366244E+03  0.363228E+03  0.000000E+00  0.000000E+00  0.387366E-02  0.357806E+03
  0.178229E+02  0.344795E+03  0.341950E+03  0.000000E+00  0.000000E+00  0.341176E-02  0.336850E+03
  0.184270E+02  0.324590E+03  0.321906E+03  0.000000E+00  0.000000E+00  0.300491E-02  0.317109E+03
  0.190516E+02  0.305556E+03  0.303025E+03  0.000000E+00  0.000000E+00  0.264629E-02  0.298514E+03
  0.196974E+02  0.287629E+03  0.285241E+03  0.000000E+00  0.000000E+00  0.233055E-02  0.280998E+03
  0.203650E+02  0.270742E+03  0.268489E+03  0.000000E+00  0.000000E+00  0.205237E-02  0.264500E+03
  0.210553E+02  0.254838E+03  0.252712E+03  0.000000E+00  0.000000E+00  0.180712E-02  0.248962E+03
  0.217690E+02  0.239859E+03  0.237852E+03  0.000000E+00  0.000000E+00  0.159138E-02  0.234327E+03
  0.225069E+02  0.225752E+03  0.223858E+03  0.000000E+00  0.000000E+00  0.140134E-02  0.220545E+03
  0.232697E+02  0.212467E+03  0.210679E+03  0.000000E+00  0.000000E+00  0.123390E-02  0.207565E+03
  0.240585E+02  0.199956E+03  0.198268E+03  0.000000E+00  0.000000E+00  0.108624E-02  0.195342E+03
  0.248739E+02  0.188176E+03  0.186582E+03  0.000000E+00  0.000000E+00  0.956472E-03  0.183833E+03
  0.257170E+02  0.177083E+03  0.175578E+03  0.000000E+00  0.000000E+00  0.841898E-03  0.172995E+03
  0.265887E+02  0.166639E+03  0.165216E+03  0.000000E+00  0.000000E+00  0.741174E-03  0.162791E+03
  0.274899E+02  0.156804E+03  0.155460E+03  0.000000E+00  0.000000E+00  0.652466E-03  0.153183E+03
  0.284217E+02  0.147545E+03  0.146275E+03  0.000000E+00  0.000000E+00  0.574350E-03  0.144137E+03
  0.293851E+02  0.138828E+03  0.137627E+03  0.000000E+00  0.000000E+00  0.505591E-03  0.135620E+03
  0.303811E+02  0.130622E+03  0.129486E+03  0.000000E+00  0.000000E+00  0.445016E-03  0.127602E+03
  0.314108E+02  0.122896E+03  0.121822E+03  0.000000E+00  0.000000E+00  0.391673E-03  0.120054E+03
  0.324755E+02  0.115623E+03  0.114607E+03  0.000000E+00  0.000000E+00  0.344732E-03  0.112948E+03
  0.335763E+02  0.108777E+03  0.107815E+03  0.000000E+00  0.000000E+00  0.303460E-03  0.106259E+03
  0.347144E+02  0.102332E+03  0.101422E+03  0.000000E+00  0.000000E+00  0.267103E-03  0.999631E+02
  0.358910E+02  0.962666E+02  0.954040E+02  0.000000E+00  0.000000E+00  0.235010E-03  0.940369E+02
  0.371075E+02  0.905571E+02  0.897399E+02  0.000000E+00  0.000000E+00  0.206826E-03  0.884587E+02
  0.383653E+02  0.851837E+02  0.844090E+02  0.000000E+00  0.000000E+00  0.182057E-03  0.832088E+02
  0.396657E+02  0.801261E+02  0.793915E+02  0.000000E+00  0.000000E+00  0.160194E-03  0.782675E+02
  0.410101E+02  0.753664E+02  0.746695E+02  0.000000E+00  0.000000E+00  0.140930E-03  0.736172E+02
  0.424002E+02  0.708869E+02  0.702254E+02  0.000000E+00  0.000000E+00  0.124010E-03  0.692407E+02
  0.438373E+02  0.666715E+02  0.660433E+02  0.000000E+00  0.000000E+00  0.109108E-03  0.651221E+02
  0.453232E+02  0.627045E+02  0.621076E+02  0.000000E+00  0.000000E+00  0.959675E-04  0.612463E+02
  0.468594E+02  0.589716E+02  0.584042E+02  0.000000E+00  0.000000E+00  0.844531E-04  0.575992E+02
  0.484478E+02  0.554589E+02  0.549192E+02  0.000000E+00  0.000000E+00  0.743060E-04  0.541673E+02
  0.500899E+02  0.521538E+02  0.516401E+02  0.000000E+00  0.000000E+00  0.653430E-04  0.509381E+02
  0.517877E+02  0.490438E+02  0.485546E+02  0.000000E+00  0.000000E+00  0.575070E-04  0.478996E+02
  0.535430E+02  0.461178E+02  0.456515E+02  0.000000E+00  0.000000E+00  0.505626E-04  0.450408E+02
  0.553579E+02  0.433647E+02  0.429200E+02  0.000000E+00  0.000000E+00  0.444879E-04  0.423509E+02
  0.572343E+02  0.407745E+02  0.403501E+02  0.000000E+00  0.000000E+00  0.391453E-04  0.398202E+02
  0.591742E+02  0.383377E+02  0.379324E+02  0.000000E+00  0.000000E+00  0.344406E-04  0.374394E+02
  0.611800E+02  0.360451E+02  0.356578E+02  0.000000E+00  0.000000E+00  0.302814E-04  0.351995E+02
  0.632536E+02  0.338884E+02  0.335179E+02  0.000000E+00  0.000000E+00  0.266310E-04  0.330924E+02
  0.653977E+02  0.318596E+02  0.315049E+02  0.000000E+00  0.000000E+00  0.234294E-04  0.311101E+02
  0.676143E+02  0.299511E+02  0.296112E+02  0.000000E+00  0.000000E+00  0.206093E-04  0.292455E+02
  0.699061E+02  0.281558E+02  0.278299E+02  0.000000E+00  0.000000E+00  0.181103E-04  0.274914E+02
  0.722756E+02  0.264671E+02  0.261543E+02  0.000000E+00  0.000000E+00  0.159324E-04  0.258414E+02
  0.747254E+02  0.248786E+02  0.245781E+02  0.000000E+00  0.000000E+00  0.140035E-04  0.242895E+02
  0.772582E+02  0.233846E+02  0.230956E+02  0.000000E+00  0.000000E+00  0.123196E-04  0.228297E+02
  0.798769E+02  0.219793E+02  0.217012E+02  0.000000E+00  0.000000E+00  0.108336E-04  0.214567E+02
  0.825843E+02  0.206576E+02  0.203897E+02  0.000000E+00  0.000000E+00  0.952181E-05  0.201654E+02
  0.853835E+02  0.194145E+02  0.191562E+02  0.000000E+00  0.000000E+00  0.836950E-05  0.189508E+02
  0.882775E+02  0.182455E+02  0.179961E+02  0.000000E+00  0.000000E+00  0.736349E-05  0.178086E+02
  0.912698E+02  0.171460E+02  0.169051E+02  0.000000E+00  0.000000E+00  0.647026E-05  0.167343E+02
  0.943633E+02  0.161120E+02  0.158790E+02  0.000000E+00  0.000000E+00  0.568364E-05  0.157241E+02
  0.975619E+02  0.151396E+02  0.149140E+02  0.000000E+00  0.000000E+00  0.500255E-05  0.147740E+02
  0.100869E+03  0.142252E+02  0.140066E+02  0.000000E+00  0.000000E+00  0.439393E-05  0.138806E+02
  0.104288E+03  0.133654E+02  0.131533E+02  0.000000E+00  0.000000E+00  0.386175E-05  0.130404E+02
  0.107822E+03  0.125568E+02  0.123509E+02  0.000000E+00  0.000000E+00  0.338864E-05  0.122504E+02
  0.111477E+03  0.117965E+02  0.115963E+02  0.000000E+00  0.000000E+00  0.297870E-05  0.115075E+02
  0.115256E+03  0.110816E+02  0.108869E+02  0.000000E+00  0.000000E+00  0.262182E-05  0.108090E+02
  0.119162E+03  0.104094E+02  0.102198E+02  0.000000E+00  0.000000E+00  0.230309E-05  0.101522E+02
  0.123201E+03  0.977737E+01  0.959253E+01  0.000000E+00  0.000000E+00  0.202572E-05  0.953471E+01
  0.127377E+03  0.918311E+01  0.900277E+01  0.000000E+00  0.000000E+00  0.178009E-05  0.895407E+01
  0.131695E+03  0.862442E+01  0.844831E+01  0.000000E+00  0.000000E+00  0.155937E-05  0.840819E+01
  0.136158E+03  0.809915E+01  0.792703E+01  0.000000E+00  0.000000E+00  0.137013E-05  0.789497E+01
  0.140773E+03  0.760533E+01  0.743696E+01  0.000000E+00  0.000000E+00  0.120417E-05  0.741248E+01
  0.145545E+03  0.714106E+01  0.697622E+01  0.000000E+00  0.000000E+00  0.105847E-05  0.695886E+01
  0.150478E+03  0.670463E+01  0.654313E+01  0.000000E+00  0.000000E+00  0.933550E-06  0.653244E+01
  0.155579E+03  0.629436E+01  0.613601E+01  0.000000E+00  0.000000E+00  0.818166E-06  0.613159E+01
  0.160852E+03  0.590868E+01  0.575330E+01  0.000000E+00  0.000000E+00  0.715396E-06  0.575475E+01
  0.166304E+03  0.554615E+01  0.539359E+01  0.000000E+00  0.000000E+00  0.628610E-06  0.540055E+01
  0.171941E+03  0.520539E+01  0.505550E+01  0.000000E+00  0.000000E+00  0.550222E-06  0.506761E+01
  0.177769E+03  0.488509E+01  0.473774E+01  0.000000E+00  0.000000E+00  0.484082E-06  0.475468E+01
  0.183795E+03  0.458402E+01  0.443909E+01  0.000000E+00  0.000000E+00  0.424602E-06  0.446054E+01
  0.190025E+03  0.430107E+01  0.415844E+01  0.000000E+00  0.000000E+00  0.372808E-06  0.418410E+01
  0.196465E+03  0.403514E+01  0.389472E+01  0.000000E+00  0.000000E+00  0.328770E-06  0.392430E+01
  0.203124E+03  0.378522E+01  0.364692E+01  0.000000E+00  0.000000E+00  0.287125E-06  0.368015E+01
