  0.106192E-04  0.339122E+07  0.339122E+07  0.452123E+07  0.452122E+07  0.339100E+07  0.339122E+07
  0.109791E-04  0.339122E+07  0.339122E+07  0.452120E+07  0.452119E+07  0.339100E+07  0.339122E+07
  0.113513E-04  0.339122E+07  0.339122E+07  0.452117E+07  0.452116E+07  0.339100E+07  0.339122E+07
  0.117360E-04  0.339122E+07  0.339122E+07  0.452114E+07  0.452113E+07  0.339099E+07  0.339122E+07
  0.121338E-04  0.339122E+07  0.339122E+07  0.452110E+07  0.452110E+07  0.339099E+07  0.339122E+07
  0.125451E-04  0.339122E+07  0.339122E+07  0.452106E+07  0.452106E+07  0.339099E+07  0.339122E+07
  0.129703E-04  0.339122E+07  0.339122E+07  0.452103E+07  0.452102E+07  0.339099E+07  0.339122E+07
  0.134099E-04  0.339122E+07  0.339122E+07  0.452098E+07  0.452098E+07  0.339099E+07  0.339122E+07
  0.138645E-04  0.339122E+07  0.339122E+07  0.452094E+07  0.452093E+07  0.339099E+07  0.339122E+07
  0.143344E-04  0.339122E+07  0.339122E+07  0.452089E+07  0.452088E+07  0.339099E+07  0.339122E+07
  0.148203E-04  0.339122E+07  0.339122E+07  0.452084E+07  0.452083E+07  0.339099E+07  0.339122E+07
  0.153226E-04  0.339122E+07  0.339122E+07  0.452078E+07  0.452078E+07  0.339098E+07  0.339122E+07
  0.158420E-04  0.339122E+07  0.339122E+07  0.452072E+07  0.452072E+07  0.339098E+07  0.339122E+07
  0.163789E-04  0.339122E+07  0.339122E+07  0.452066E+07  0.452065E+07  0.339098E+07  0.339122E+07
  0.169341E-04  0.339122E+07  0.339122E+07  0.452060E+07  0.452059E+07  0.339098E+07  0.339121E+07
  0.175081E-04  0.339122E+07  0.339122E+07  0.452052E+07  0.452051E+07  0.339098E+07  0.339121E+07
  0.181015E-04  0.339122E+07  0.339122E+07  0.452045E+07  0.452044E+07  0.339098E+07  0.339121E+07
  0.187151E-04  0.339122E+07  0.339122E+07  0.452036E+07  0.452035E+07  0.339097E+07  0.339121E+07
  0.193494E-04  0.339122E+07  0.339122E+07  0.452028E+07  0.452027E+07  0.339097E+07  0.339121E+07
  0.200053E-04  0.339122E+07  0.339122E+07  0.452018E+07  0.452017E+07  0.339097E+07  0.339121E+07
  0.206834E-04  0.339122E+07  0.339122E+07  0.452008E+07  0.452007E+07  0.339097E+07  0.339121E+07
  0.213844E-04  0.339122E+07  0.339122E+07  0.451998E+07  0.451996E+07  0.339096E+07  0.339121E+07
  0.221093E-04  0.339122E+07  0.339122E+07  0.451986E+07  0.451985E+07  0.339096E+07  0.339121E+07
  0.228587E-04  0.339121E+07  0.339121E+07  0.451974E+07  0.451972E+07  0.339096E+07  0.339121E+07
  0.236335E-04  0.339121E+07  0.339121E+07  0.451961E+07  0.451959E+07  0.339095E+07  0.339121E+07
  0.244345E-04  0.339121E+07  0.339121E+07  0.451947E+07  0.451945E+07  0.339095E+07  0.339121E+07
  0.252627E-04  0.339121E+07  0.339121E+07  0.451932E+07  0.451930E+07  0.339094E+07  0.339121E+07
  0.261190E-04  0.339121E+07  0.339121E+07  0.451916E+07  0.451914E+07  0.339094E+07  0.339120E+07
  0.270043E-04  0.339121E+07  0.339121E+07  0.451899E+07  0.451897E+07  0.339094E+07  0.339120E+07
  0.279196E-04  0.339121E+07  0.339121E+07  0.451881E+07  0.451878E+07  0.339093E+07  0.339120E+07
  0.288660E-04  0.339121E+07  0.339121E+07  0.451861E+07  0.451859E+07  0.339092E+07  0.339120E+07
  0.298444E-04  0.339121E+07  0.339121E+07  0.451840E+07  0.451838E+07  0.339092E+07  0.339120E+07
  0.308560E-04  0.339120E+07  0.339120E+07  0.451818E+07  0.451815E+07  0.339091E+07  0.339120E+07
  0.319018E-04  0.339120E+07  0.339120E+07  0.451794E+07  0.451791E+07  0.339091E+07  0.339120E+07
  0.329831E-04  0.339120E+07  0.339120E+07  0.451769E+07  0.451766E+07  0.339090E+07  0.339119E+07
  0.341011E-04  0.339120E+07  0.339120E+07  0.451742E+07  0.451738E+07  0.339089E+07  0.339119E+07
  0.352570E-04  0.339120E+07  0.339120E+07  0.451713E+07  0.451709E+07  0.339088E+07  0.339119E+07
  0.364520E-04  0.339120E+07  0.339119E+07  0.451682E+07  0.451677E+07  0.339088E+07  0.339119E+07
  0.376876E-04  0.339119E+07  0.339119E+07  0.451648E+07  0.451644E+07  0.339087E+07  0.339119E+07
  0.389650E-04  0.339119E+07  0.339119E+07  0.451613E+07  0.451608E+07  0.339086E+07  0.339118E+07
  0.402857E-04  0.339119E+07  0.339119E+07  0.451575E+07  0.451570E+07  0.339085E+07  0.339118E+07
  0.416512E-04  0.339119E+07  0.339118E+07  0.451534E+07  0.451529E+07  0.339083E+07  0.339118E+07
  0.430630E-04  0.339118E+07  0.339118E+07  0.451491E+07  0.451485E+07  0.339082E+07  0.339117E+07
  0.445226E-04  0.339118E+07  0.339118E+07  0.451445E+07  0.451438E+07  0.339081E+07  0.339117E+07
  0.460317E-04  0.339118E+07  0.339118E+07  0.451395E+07  0.451389E+07  0.339080E+07  0.339117E+07
  0.475919E-04  0.339117E+07  0.339117E+07  0.451342E+07  0.451335E+07  0.339078E+07  0.339116E+07
  0.492051E-04  0.339117E+07  0.339117E+07  0.451286E+07  0.451278E+07  0.339077E+07  0.339116E+07
  0.508729E-04  0.339116E+07  0.339116E+07  0.451225E+07  0.451217E+07  0.339075E+07  0.339116E+07
  0.525972E-04  0.339116E+07  0.339116E+07  0.451161E+07  0.451152E+07  0.339073E+07  0.339115E+07
  0.543800E-04  0.339116E+07  0.339116E+07  0.451092E+07  0.451082E+07  0.339071E+07  0.339115E+07
  0.562232E-04  0.339115E+07  0.339115E+07  0.451018E+07  0.451008E+07  0.339069E+07  0.339114E+07
  0.581289E-04  0.339115E+07  0.339115E+07  0.450939E+07  0.450928E+07  0.339067E+07  0.339114E+07
  0.600992E-04  0.339114E+07  0.339114E+07  0.450855E+07  0.450843E+07  0.339065E+07  0.339113E+07
  0.621363E-04  0.339113E+07  0.339113E+07  0.450764E+07  0.450752E+07  0.339062E+07  0.339112E+07
  0.642424E-04  0.339113E+07  0.339113E+07  0.450668E+07  0.450655E+07  0.339059E+07  0.339112E+07
  0.664199E-04  0.339112E+07  0.339112E+07  0.450565E+07  0.450551E+07  0.339057E+07  0.339111E+07
  0.686712E-04  0.339111E+07  0.339111E+07  0.450455E+07  0.450440E+07  0.339054E+07  0.339110E+07
  0.709988E-04  0.339111E+07  0.339111E+07  0.450338E+07  0.450322E+07  0.339050E+07  0.339109E+07
  0.734053E-04  0.339110E+07  0.339110E+07  0.450212E+07  0.450195E+07  0.339047E+07  0.339108E+07
  0.758934E-04  0.339109E+07  0.339109E+07  0.450078E+07  0.450060E+07  0.339043E+07  0.339107E+07
  0.784658E-04  0.339108E+07  0.339108E+07  0.449934E+07  0.449915E+07  0.339039E+07  0.339106E+07
  0.811254E-04  0.339107E+07  0.339107E+07  0.449781E+07  0.449760E+07  0.339035E+07  0.339105E+07
  0.838752E-04  0.339106E+07  0.339106E+07  0.449617E+07  0.449595E+07  0.339030E+07  0.339104E+07
  0.867182E-04  0.339105E+07  0.339105E+07  0.449442E+07  0.449419E+07  0.339026E+07  0.339103E+07
  0.896575E-04  0.339103E+07  0.339103E+07  0.449255E+07  0.449230E+07  0.339020E+07  0.339102E+07
  0.926964E-04  0.339102E+07  0.339102E+07  0.449055E+07  0.449028E+07  0.339015E+07  0.339100E+07
  0.958384E-04  0.339101E+07  0.339101E+07  0.448842E+07  0.448813E+07  0.339009E+07  0.339099E+07
  0.990869E-04  0.339099E+07  0.339099E+07  0.448614E+07  0.448583E+07  0.339002E+07  0.339097E+07
  0.102445E-03  0.339098E+07  0.339097E+07  0.448370E+07  0.448337E+07  0.338996E+07  0.339095E+07
  0.105918E-03  0.339096E+07  0.339096E+07  0.448109E+07  0.448074E+07  0.338988E+07  0.339093E+07
  0.109508E-03  0.339094E+07  0.339094E+07  0.447831E+07  0.447794E+07  0.338981E+07  0.339091E+07
  0.113220E-03  0.339092E+07  0.339092E+07  0.447534E+07  0.447494E+07  0.338972E+07  0.339089E+07
  0.117057E-03  0.339090E+07  0.339090E+07  0.447216E+07  0.447173E+07  0.338964E+07  0.339087E+07
  0.121025E-03  0.339088E+07  0.339087E+07  0.446877E+07  0.446831E+07  0.338954E+07  0.339085E+07
  0.125127E-03  0.339085E+07  0.339085E+07  0.446515E+07  0.446466E+07  0.338944E+07  0.339082E+07
  0.129368E-03  0.339082E+07  0.339082E+07  0.446128E+07  0.446076E+07  0.338933E+07  0.339079E+07
  0.133753E-03  0.339080E+07  0.339080E+07  0.445714E+07  0.445659E+07  0.338922E+07  0.339076E+07
  0.138287E-03  0.339077E+07  0.339077E+07  0.445273E+07  0.445214E+07  0.338909E+07  0.339073E+07
  0.142974E-03  0.339074E+07  0.339073E+07  0.444802E+07  0.444738E+07  0.338896E+07  0.339070E+07
  0.147820E-03  0.339070E+07  0.339070E+07  0.444298E+07  0.444230E+07  0.338882E+07  0.339066E+07
  0.152831E-03  0.339067E+07  0.339066E+07  0.443761E+07  0.443688E+07  0.338867E+07  0.339062E+07
  0.158011E-03  0.339063E+07  0.339062E+07  0.443187E+07  0.443110E+07  0.338851E+07  0.339058E+07
  0.163367E-03  0.339059E+07  0.339058E+07  0.442574E+07  0.442492E+07  0.338834E+07  0.339054E+07
  0.168904E-03  0.339054E+07  0.339054E+07  0.441920E+07  0.441832E+07  0.338815E+07  0.339049E+07
  0.174629E-03  0.339050E+07  0.339049E+07  0.441222E+07  0.441128E+07  0.338796E+07  0.339044E+07
  0.180548E-03  0.339044E+07  0.339044E+07  0.440477E+07  0.440377E+07  0.338775E+07  0.339039E+07
  0.186668E-03  0.339039E+07  0.339039E+07  0.439682E+07  0.439575E+07  0.338752E+07  0.339033E+07
  0.192995E-03  0.339033E+07  0.339033E+07  0.438833E+07  0.438719E+07  0.338728E+07  0.339027E+07
  0.199536E-03  0.339027E+07  0.339027E+07  0.437928E+07  0.437806E+07  0.338703E+07  0.339020E+07
  0.206300E-03  0.339021E+07  0.339020E+07  0.436962E+07  0.436833E+07  0.338675E+07  0.339013E+07
  0.213292E-03  0.339014E+07  0.339013E+07  0.435932E+07  0.435794E+07  0.338646E+07  0.339006E+07
  0.220522E-03  0.339006E+07  0.339006E+07  0.434833E+07  0.434686E+07  0.338615E+07  0.338998E+07
  0.227996E-03  0.338998E+07  0.338998E+07  0.433661E+07  0.433505E+07  0.338581E+07  0.338989E+07
  0.235724E-03  0.338990E+07  0.338989E+07  0.432412E+07  0.432245E+07  0.338546E+07  0.338980E+07
  0.243714E-03  0.338980E+07  0.338980E+07  0.431081E+07  0.430903E+07  0.338508E+07  0.338970E+07
  0.251975E-03  0.338971E+07  0.338970E+07  0.429662E+07  0.429472E+07  0.338467E+07  0.338960E+07
  0.260516E-03  0.338960E+07  0.338959E+07  0.428150E+07  0.427948E+07  0.338423E+07  0.338948E+07
  0.269346E-03  0.338949E+07  0.338948E+07  0.426539E+07  0.426324E+07  0.338377E+07  0.338936E+07
  0.278475E-03  0.338937E+07  0.338936E+07  0.424823E+07  0.424595E+07  0.338327E+07  0.338924E+07
  0.287914E-03  0.338924E+07  0.338923E+07  0.422997E+07  0.422754E+07  0.338274E+07  0.338910E+07
  0.297673E-03  0.338911E+07  0.338910E+07  0.421052E+07  0.420794E+07  0.338217E+07  0.338896E+07
  0.307763E-03  0.338896E+07  0.338895E+07  0.418983E+07  0.418709E+07  0.338156E+07  0.338880E+07
  0.318195E-03  0.338881E+07  0.338880E+07  0.416781E+07  0.416490E+07  0.338092E+07  0.338863E+07
  0.328980E-03  0.338864E+07  0.338863E+07  0.414440E+07  0.414131E+07  0.338022E+07  0.338846E+07
  0.340131E-03  0.338846E+07  0.338845E+07  0.411951E+07  0.411623E+07  0.337948E+07  0.338827E+07
  0.351659E-03  0.338827E+07  0.338826E+07  0.409306E+07  0.408958E+07  0.337869E+07  0.338806E+07
  0.363579E-03  0.338807E+07  0.338806E+07  0.406497E+07  0.406127E+07  0.337785E+07  0.338785E+07
  0.375903E-03  0.338786E+07  0.338784E+07  0.403513E+07  0.403121E+07  0.337695E+07  0.338762E+07
  0.388644E-03  0.338763E+07  0.338761E+07  0.400347E+07  0.399932E+07  0.337599E+07  0.338737E+07
  0.401817E-03  0.338738E+07  0.338736E+07  0.396988E+07  0.396549E+07  0.337496E+07  0.338711E+07
  0.415437E-03  0.338712E+07  0.338710E+07  0.393427E+07  0.392962E+07  0.337386E+07  0.338683E+07
  0.429518E-03  0.338684E+07  0.338682E+07  0.389654E+07  0.389162E+07  0.337269E+07  0.338653E+07
  0.444076E-03  0.338654E+07  0.338652E+07  0.385658E+07  0.385139E+07  0.337144E+07  0.338621E+07
  0.459128E-03  0.338622E+07  0.338619E+07  0.381430E+07  0.380882E+07  0.337011E+07  0.338586E+07
  0.474691E-03  0.338588E+07  0.338585E+07  0.376958E+07  0.376380E+07  0.336868E+07  0.338550E+07
  0.490780E-03  0.338551E+07  0.338548E+07  0.372233E+07  0.371624E+07  0.336716E+07  0.338511E+07
  0.507415E-03  0.338512E+07  0.338509E+07  0.367244E+07  0.366603E+07  0.336553E+07  0.338469E+07
  0.524614E-03  0.338471E+07  0.338468E+07  0.361981E+07  0.361308E+07  0.336380E+07  0.338425E+07
  0.542396E-03  0.338426E+07  0.338423E+07  0.356434E+07  0.355727E+07  0.336195E+07  0.338378E+07
  0.560781E-03  0.338379E+07  0.338376E+07  0.350594E+07  0.349853E+07  0.335998E+07  0.338327E+07
  0.579788E-03  0.338329E+07  0.338325E+07  0.344452E+07  0.343675E+07  0.335787E+07  0.338273E+07
  0.599440E-03  0.338275E+07  0.338271E+07  0.337999E+07  0.337187E+07  0.335563E+07  0.338216E+07
  0.619759E-03  0.338218E+07  0.338214E+07  0.331229E+07  0.330382E+07  0.335323E+07  0.338154E+07
  0.640765E-03  0.338157E+07  0.338152E+07  0.324135E+07  0.323252E+07  0.335068E+07  0.338089E+07
  0.662484E-03  0.338092E+07  0.338087E+07  0.316713E+07  0.315794E+07  0.334796E+07  0.338019E+07
  0.684939E-03  0.338022E+07  0.338017E+07  0.308960E+07  0.308005E+07  0.334505E+07  0.337945E+07
  0.708155E-03  0.337948E+07  0.337943E+07  0.300873E+07  0.299884E+07  0.334196E+07  0.337866E+07
  0.732158E-03  0.337869E+07  0.337864E+07  0.292454E+07  0.291431E+07  0.333866E+07  0.337782E+07
  0.756975E-03  0.337785E+07  0.337779E+07  0.283706E+07  0.282651E+07  0.333515E+07  0.337692E+07
  0.782633E-03  0.337696E+07  0.337689E+07  0.274635E+07  0.273550E+07  0.333141E+07  0.337596E+07
  0.809160E-03  0.337601E+07  0.337594E+07  0.265251E+07  0.264137E+07  0.332743E+07  0.337494E+07
  0.836587E-03  0.337500E+07  0.337492E+07  0.255566E+07  0.254426E+07  0.332319E+07  0.337386E+07
  0.864943E-03  0.337392E+07  0.337384E+07  0.245596E+07  0.244433E+07  0.331868E+07  0.337271E+07
  0.894260E-03  0.337277E+07  0.337268E+07  0.235362E+07  0.234180E+07  0.331388E+07  0.337148E+07
  0.924571E-03  0.337155E+07  0.337146E+07  0.224889E+07  0.223692E+07  0.330877E+07  0.337017E+07
  0.955910E-03  0.337025E+07  0.337015E+07  0.214207E+07  0.212999E+07  0.330334E+07  0.336878E+07
  0.988310E-03  0.336887E+07  0.336877E+07  0.203351E+07  0.202137E+07  0.329756E+07  0.336731E+07
  0.102181E-02  0.336741E+07  0.336729E+07  0.192361E+07  0.191146E+07  0.329143E+07  0.336574E+07
  0.105644E-02  0.336585E+07  0.336573E+07  0.181282E+07  0.180073E+07  0.328492E+07  0.336408E+07
  0.109225E-02  0.336420E+07  0.336407E+07  0.170166E+07  0.168967E+07  0.327800E+07  0.336231E+07
  0.112927E-02  0.336244E+07  0.336231E+07  0.159067E+07  0.157885E+07  0.327066E+07  0.336043E+07
  0.116755E-02  0.336058E+07  0.336044E+07  0.148047E+07  0.146887E+07  0.326288E+07  0.335844E+07
  0.120713E-02  0.335861E+07  0.335845E+07  0.137171E+07  0.136038E+07  0.325462E+07  0.335633E+07
  0.124804E-02  0.335652E+07  0.335635E+07  0.126507E+07  0.125407E+07  0.324588E+07  0.335409E+07
  0.129034E-02  0.335430E+07  0.335412E+07  0.116127E+07  0.115064E+07  0.323662E+07  0.335172E+07
  0.133408E-02  0.335195E+07  0.335176E+07  0.106104E+07  0.105081E+07  0.322681E+07  0.334921E+07
  0.137930E-02  0.334947E+07  0.334926E+07  0.965095E+06  0.955287E+06  0.321645E+07  0.334655E+07
  0.142605E-02  0.334684E+07  0.334662E+07  0.874156E+06  0.864777E+06  0.320549E+07  0.334374E+07
  0.147439E-02  0.334406E+07  0.334382E+07  0.788891E+06  0.779928E+06  0.319391E+07  0.334076E+07
  0.152436E-02  0.334112E+07  0.334087E+07  0.709912E+06  0.701330E+06  0.318170E+07  0.333762E+07
  0.157603E-02  0.333801E+07  0.333774E+07  0.637744E+06  0.629486E+06  0.316881E+07  0.333430E+07
  0.162945E-02  0.333473E+07  0.333445E+07  0.572798E+06  0.564784E+06  0.315524E+07  0.333079E+07
  0.168468E-02  0.333128E+07  0.333097E+07  0.515353E+06  0.507476E+06  0.314094E+07  0.332710E+07
  0.174178E-02  0.332763E+07  0.332730E+07  0.465523E+06  0.457655E+06  0.312591E+07  0.332320E+07
  0.180082E-02  0.332378E+07  0.332343E+07  0.423240E+06  0.415234E+06  0.311011E+07  0.331909E+07
  0.186186E-02  0.331973E+07  0.331936E+07  0.388239E+06  0.379933E+06  0.309353E+07  0.331476E+07
  0.192497E-02  0.331547E+07  0.331507E+07  0.360048E+06  0.351275E+06  0.307614E+07  0.331021E+07
  0.199021E-02  0.331098E+07  0.331055E+07  0.337989E+06  0.328588E+06  0.305793E+07  0.330542E+07
  0.205767E-02  0.330626E+07  0.330580E+07  0.321194E+06  0.311020E+06  0.303888E+07  0.330038E+07
  0.212742E-02  0.330130E+07  0.330081E+07  0.308629E+06  0.297574E+06  0.301897E+07  0.329509E+07
  0.219953E-02  0.329609E+07  0.329557E+07  0.299141E+06  0.287145E+06  0.299820E+07  0.328954E+07
  0.227408E-02  0.329062E+07  0.329006E+07  0.291512E+06  0.278580E+06  0.297655E+07  0.328372E+07
  0.235116E-02  0.328488E+07  0.328429E+07  0.284529E+06  0.270750E+06  0.295403E+07  0.327761E+07
  0.243085E-02  0.327886E+07  0.327823E+07  0.277068E+06  0.262624E+06  0.293063E+07  0.327120E+07
  0.251324E-02  0.327256E+07  0.327188E+07  0.268181E+06  0.253351E+06  0.290636E+07  0.326450E+07
  0.259843E-02  0.326595E+07  0.326523E+07  0.257173E+06  0.242331E+06  0.288121E+07  0.325749E+07
  0.268651E-02  0.325903E+07  0.325827E+07  0.243678E+06  0.229277E+06  0.285522E+07  0.325015E+07
  0.277757E-02  0.325180E+07  0.325098E+07  0.227699E+06  0.214249E+06  0.282838E+07  0.324248E+07
  0.287171E-02  0.324423E+07  0.324336E+07  0.209626E+06  0.197650E+06  0.280072E+07  0.323447E+07
  0.296905E-02  0.323632E+07  0.323539E+07  0.190200E+06  0.180187E+06  0.277228E+07  0.322610E+07
  0.306968E-02  0.322806E+07  0.322707E+07  0.170434E+06  0.162782E+06  0.274307E+07  0.321738E+07
  0.317373E-02  0.321944E+07  0.321838E+07  0.151486E+06  0.146444E+06  0.271314E+07  0.320828E+07
  0.328131E-02  0.321045E+07  0.320931E+07  0.134492E+06  0.132117E+06  0.268251E+07  0.319881E+07
  0.339253E-02  0.320107E+07  0.319986E+07  0.120384E+06  0.120508E+06  0.265125E+07  0.318894E+07
  0.350752E-02  0.319130E+07  0.319001E+07  0.109719E+06  0.111952E+06  0.261938E+07  0.317868E+07
  0.362640E-02  0.318113E+07  0.317975E+07  0.102548E+06  0.106317E+06  0.258696E+07  0.316801E+07
  0.374932E-02  0.317054E+07  0.316908E+07  0.983768E+05  0.102997E+06  0.255403E+07  0.315693E+07
  0.387641E-02  0.315954E+07  0.315797E+07  0.000000E+00  0.000000E+00  0.252063E+07  0.314542E+07
  0.400780E-02  0.314811E+07  0.314644E+07  0.000000E+00  0.000000E+00  0.248682E+07  0.313349E+07
  0.414364E-02  0.313623E+07  0.313445E+07  0.000000E+00  0.000000E+00  0.245264E+07  0.312111E+07
  0.428409E-02  0.312392E+07  0.312202E+07  0.000000E+00  0.000000E+00  0.241811E+07  0.310829E+07
  0.442930E-02  0.311115E+07  0.310912E+07  0.000000E+00  0.000000E+00  0.238328E+07  0.309502E+07
  0.457943E-02  0.309791E+07  0.309575E+07  0.000000E+00  0.000000E+00  0.234817E+07  0.308129E+07
  0.473465E-02  0.308421E+07  0.308191E+07  0.000000E+00  0.000000E+00  0.231280E+07  0.306710E+07
  0.489513E-02  0.307004E+07  0.306758E+07  0.000000E+00  0.000000E+00  0.227717E+07  0.305243E+07
  0.506105E-02  0.305538E+07  0.305276E+07  0.000000E+00  0.000000E+00  0.224130E+07  0.303729E+07
  0.523260E-02  0.304023E+07  0.303744E+07  0.000000E+00  0.000000E+00  0.220518E+07  0.302166E+07
  0.540996E-02  0.302459E+07  0.302162E+07  0.000000E+00  0.000000E+00  0.216880E+07  0.300553E+07
  0.559333E-02  0.300844E+07  0.300528E+07  0.000000E+00  0.000000E+00  0.213215E+07  0.298891E+07
  0.578292E-02  0.299179E+07  0.298842E+07  0.000000E+00  0.000000E+00  0.209521E+07  0.297178E+07
  0.597893E-02  0.297462E+07  0.297104E+07  0.000000E+00  0.000000E+00  0.205796E+07  0.295414E+07
  0.618159E-02  0.295693E+07  0.295312E+07  0.000000E+00  0.000000E+00  0.202039E+07  0.293599E+07
  0.639111E-02  0.293872E+07  0.293465E+07  0.000000E+00  0.000000E+00  0.198248E+07  0.291730E+07
  0.660774E-02  0.291996E+07  0.291564E+07  0.000000E+00  0.000000E+00  0.194423E+07  0.289808E+07
  0.683171E-02  0.290067E+07  0.289607E+07  0.000000E+00  0.000000E+00  0.190562E+07  0.287832E+07
  0.706327E-02  0.288083E+07  0.287593E+07  0.000000E+00  0.000000E+00  0.186668E+07  0.285802E+07
  0.730268E-02  0.286043E+07  0.285522E+07  0.000000E+00  0.000000E+00  0.182740E+07  0.283716E+07
  0.755020E-02  0.283947E+07  0.283393E+07  0.000000E+00  0.000000E+00  0.178782E+07  0.281574E+07
  0.780612E-02  0.281793E+07  0.281204E+07  0.000000E+00  0.000000E+00  0.174795E+07  0.279375E+07
  0.807071E-02  0.279582E+07  0.278956E+07  0.000000E+00  0.000000E+00  0.170784E+07  0.277118E+07
  0.834427E-02  0.277312E+07  0.276646E+07  0.000000E+00  0.000000E+00  0.166752E+07  0.274803E+07
  0.862710E-02  0.274983E+07  0.274275E+07  0.000000E+00  0.000000E+00  0.162704E+07  0.272430E+07
  0.891952E-02  0.272593E+07  0.271842E+07  0.000000E+00  0.000000E+00  0.158642E+07  0.269996E+07
  0.922184E-02  0.270142E+07  0.269345E+07  0.000000E+00  0.000000E+00  0.154573E+07  0.267503E+07
  0.953442E-02  0.267630E+07  0.266783E+07  0.000000E+00  0.000000E+00  0.150499E+07  0.264948E+07
  0.985759E-02  0.265054E+07  0.264156E+07  0.000000E+00  0.000000E+00  0.146424E+07  0.262332E+07
  0.101917E-01  0.262416E+07  0.261463E+07  0.000000E+00  0.000000E+00  0.142354E+07  0.259653E+07
  0.105372E-01  0.259714E+07  0.258703E+07  0.000000E+00  0.000000E+00  0.138290E+07  0.256912E+07
  0.108943E-01  0.256946E+07  0.255875E+07  0.000000E+00  0.000000E+00  0.134238E+07  0.254107E+07
  0.112636E-01  0.254114E+07  0.252979E+07  0.000000E+00  0.000000E+00  0.130200E+07  0.251237E+07
  0.116454E-01  0.251215E+07  0.250013E+07  0.000000E+00  0.000000E+00  0.126181E+07  0.248303E+07
  0.120401E-01  0.248249E+07  0.246977E+07  0.000000E+00  0.000000E+00  0.122183E+07  0.245303E+07
  0.124482E-01  0.245216E+07  0.243871E+07  0.000000E+00  0.000000E+00  0.118211E+07  0.242238E+07
  0.128701E-01  0.242115E+07  0.240693E+07  0.000000E+00  0.000000E+00  0.114268E+07  0.239106E+07
  0.133063E-01  0.238946E+07  0.237443E+07  0.000000E+00  0.000000E+00  0.110357E+07  0.235907E+07
  0.137574E-01  0.235708E+07  0.234120E+07  0.000000E+00  0.000000E+00  0.106483E+07  0.232641E+07
  0.142237E-01  0.232400E+07  0.230725E+07  0.000000E+00  0.000000E+00  0.102648E+07  0.229307E+07
  0.147058E-01  0.229024E+07  0.227257E+07  0.000000E+00  0.000000E+00  0.988559E+06  0.225906E+07
  0.152042E-01  0.225578E+07  0.223716E+07  0.000000E+00  0.000000E+00  0.951105E+06  0.222438E+07
  0.157196E-01  0.222062E+07  0.220101E+07  0.000000E+00  0.000000E+00  0.914148E+06  0.218902E+07
  0.162524E-01  0.218477E+07  0.216415E+07  0.000000E+00  0.000000E+00  0.877723E+06  0.215299E+07
  0.168033E-01  0.214824E+07  0.212656E+07  0.000000E+00  0.000000E+00  0.841861E+06  0.211629E+07
  0.173728E-01  0.211103E+07  0.208826E+07  0.000000E+00  0.000000E+00  0.806596E+06  0.207894E+07
  0.179617E-01  0.207314E+07  0.204927E+07  0.000000E+00  0.000000E+00  0.771959E+06  0.204094E+07
  0.185705E-01  0.203461E+07  0.200959E+07  0.000000E+00  0.000000E+00  0.737984E+06  0.200232E+07
  0.192000E-01  0.199543E+07  0.196925E+07  0.000000E+00  0.000000E+00  0.704701E+06  0.196308E+07
  0.198507E-01  0.195564E+07  0.192828E+07  0.000000E+00  0.000000E+00  0.672143E+06  0.192324E+07
  0.205236E-01  0.191526E+07  0.188670E+07  0.000000E+00  0.000000E+00  0.640336E+06  0.188285E+07
  0.212192E-01  0.187431E+07  0.184455E+07  0.000000E+00  0.000000E+00  0.609303E+06  0.184192E+07
  0.219385E-01  0.183285E+07  0.180188E+07  0.000000E+00  0.000000E+00  0.579064E+06  0.180050E+07
  0.226821E-01  0.179090E+07  0.175873E+07  0.000000E+00  0.000000E+00  0.549633E+06  0.175862E+07
  0.234509E-01  0.174852E+07  0.171517E+07  0.000000E+00  0.000000E+00  0.521025E+06  0.171634E+07
  0.242458E-01  0.170577E+07  0.167125E+07  0.000000E+00  0.000000E+00  0.493255E+06  0.167372E+07
  0.250676E-01  0.166270E+07  0.162705E+07  0.000000E+00  0.000000E+00  0.466347E+06  0.163081E+07
  0.259172E-01  0.161939E+07  0.158266E+07  0.000000E+00  0.000000E+00  0.440332E+06  0.158770E+07
  0.267957E-01  0.157592E+07  0.153816E+07  0.000000E+00  0.000000E+00  0.415240E+06  0.154445E+07
  0.277039E-01  0.153237E+07  0.149366E+07  0.000000E+00  0.000000E+00  0.391093E+06  0.150117E+07
  0.286430E-01  0.148885E+07  0.144926E+07  0.000000E+00  0.000000E+00  0.367898E+06  0.145794E+07
  0.296138E-01  0.144545E+07  0.140510E+07  0.000000E+00  0.000000E+00  0.345645E+06  0.141488E+07
  0.306176E-01  0.140230E+07  0.136129E+07  0.000000E+00  0.000000E+00  0.324328E+06  0.137209E+07
  0.316554E-01  0.135951E+07  0.131798E+07  0.000000E+00  0.000000E+00  0.303959E+06  0.132970E+07
  0.327283E-01  0.131721E+07  0.127531E+07  0.000000E+00  0.000000E+00  0.284567E+06  0.128783E+07
  0.338377E-01  0.128158E+07  0.123945E+07  0.000000E+00  0.000000E+00  0.248757E+06  0.125216E+07
  0.349846E-01  0.124089E+07  0.119873E+07  0.000000E+00  0.000000E+00  0.231920E+06  0.121198E+07
  0.361704E-01  0.120109E+07  0.115908E+07  0.000000E+00  0.000000E+00  0.216021E+06  0.117272E+07
  0.373964E-01  0.116189E+07  0.112025E+07  0.000000E+00  0.000000E+00  0.200980E+06  0.113411E+07
  0.386640E-01  0.112369E+07  0.108263E+07  0.000000E+00  0.000000E+00  0.186863E+06  0.109653E+07
  0.399745E-01  0.108676E+07  0.104649E+07  0.000000E+00  0.000000E+00  0.173671E+06  0.106025E+07
  0.413294E-01  0.105124E+07  0.101198E+07  0.000000E+00  0.000000E+00  0.161345E+06  0.102540E+07
  0.427303E-01  0.101725E+07  0.979224E+06  0.000000E+00  0.000000E+00  0.149870E+06  0.992099E+06
  0.441786E-01  0.981086E+06  0.944521E+06  0.000000E+00  0.000000E+00  0.145663E+06  0.956874E+06
  0.456761E-01  0.950250E+06  0.915337E+06  0.000000E+00  0.000000E+00  0.135623E+06  0.926764E+06
  0.472243E-01  0.921059E+06  0.887982E+06  0.000000E+00  0.000000E+00  0.126304E+06  0.898311E+06
  0.488249E-01  0.893461E+06  0.862373E+06  0.000000E+00  0.000000E+00  0.117681E+06  0.871455E+06
  0.504799E-01  0.867354E+06  0.838378E+06  0.000000E+00  0.000000E+00  0.109681E+06  0.846093E+06
  0.521909E-01  0.842622E+06  0.815838E+06  0.000000E+00  0.000000E+00  0.102265E+06  0.822102E+06
  0.539599E-01  0.821270E+06  0.796710E+06  0.000000E+00  0.000000E+00  0.926485E+05  0.801375E+06
  0.557889E-01  0.798797E+06  0.776446E+06  0.000000E+00  0.000000E+00  0.862792E+05  0.779620E+06
  0.576799E-01  0.777155E+06  0.756939E+06  0.000000E+00  0.000000E+00  0.803372E+05  0.758674E+06
  0.596349E-01  0.756138E+06  0.737927E+06  0.000000E+00  0.000000E+00  0.747771E+05  0.738327E+06
  0.616562E-01  0.735526E+06  0.719130E+06  0.000000E+00  0.000000E+00  0.695483E+05  0.718350E+06
  0.637461E-01  0.713577E+06  0.698759E+06  0.000000E+00  0.000000E+00  0.661407E+05  0.697066E+06
  0.659068E-01  0.693000E+06  0.679470E+06  0.000000E+00  0.000000E+00  0.614417E+05  0.677048E+06
  0.681407E-01  0.672073E+06  0.659509E+06  0.000000E+00  0.000000E+00  0.569605E+05  0.656639E+06
  0.704503E-01  0.650570E+06  0.638631E+06  0.000000E+00  0.000000E+00  0.526905E+05  0.635614E+06
  0.728383E-01  0.628757E+06  0.617096E+06  0.000000E+00  0.000000E+00  0.480653E+05  0.614220E+06
  0.753071E-01  0.605796E+06  0.594091E+06  0.000000E+00  0.000000E+00  0.441887E+05  0.591666E+06
  0.778597E-01  0.582142E+06  0.570112E+06  0.000000E+00  0.000000E+00  0.404867E+05  0.568390E+06
  0.804987E-01  0.557974E+06  0.545401E+06  0.000000E+00  0.000000E+00  0.369913E+05  0.544580E+06
  0.832272E-01  0.533559E+06  0.520308E+06  0.000000E+00  0.000000E+00  0.336933E+05  0.520510E+06
  0.860483E-01  0.509224E+06  0.495261E+06  0.000000E+00  0.000000E+00  0.306223E+05  0.496517E+06
  0.889648E-01  0.485332E+06  0.470730E+06  0.000000E+00  0.000000E+00  0.277830E+05  0.472976E+06
  0.919804E-01  0.462279E+06  0.447215E+06  0.000000E+00  0.000000E+00  0.251776E+05  0.450289E+06
  0.950980E-01  0.440490E+06  0.425234E+06  0.000000E+00  0.000000E+00  0.228238E+05  0.428889E+06
  0.983214E-01  0.420389E+06  0.405280E+06  0.000000E+00  0.000000E+00  0.207137E+05  0.409203E+06
  0.101654E+00  0.402331E+06  0.387738E+06  0.000000E+00  0.000000E+00  0.188513E+05  0.391583E+06
  0.105100E+00  0.386482E+06  0.372763E+06  0.000000E+00  0.000000E+00  0.172126E+05  0.376187E+06
  0.108662E+00  0.372730E+06  0.360185E+06  0.000000E+00  0.000000E+00  0.157786E+05  0.362898E+06
  0.112345E+00  0.360675E+06  0.349498E+06  0.000000E+00  0.000000E+00  0.145109E+05  0.351305E+06
  0.116153E+00  0.349723E+06  0.339972E+06  0.000000E+00  0.000000E+00  0.133674E+05  0.340803E+06
  0.120090E+00  0.339233E+06  0.330813E+06  0.000000E+00  0.000000E+00  0.123141E+05  0.330740E+06
  0.124160E+00  0.328626E+06  0.321296E+06  0.000000E+00  0.000000E+00  0.113245E+05  0.320523E+06
  0.128369E+00  0.317417E+06  0.310828E+06  0.000000E+00  0.000000E+00  0.103772E+05  0.309660E+06
  0.132720E+00  0.305244E+06  0.298992E+06  0.000000E+00  0.000000E+00  0.946552E+04  0.297787E+06
  0.137219E+00  0.291952E+06  0.285657E+06  0.000000E+00  0.000000E+00  0.858042E+04  0.284757E+06
  0.141870E+00  0.277732E+06  0.271108E+06  0.000000E+00  0.000000E+00  0.773217E+04  0.270772E+06
  0.146678E+00  0.263143E+06  0.256061E+06  0.000000E+00  0.000000E+00  0.693714E+04  0.256406E+06
  0.151650E+00  0.248957E+06  0.241472E+06  0.000000E+00  0.000000E+00  0.621275E+04  0.242445E+06
  0.156790E+00  0.235900E+06  0.228234E+06  0.000000E+00  0.000000E+00  0.557182E+04  0.229627E+06
  0.162105E+00  0.224463E+06  0.216945E+06  0.000000E+00  0.000000E+00  0.501732E+04  0.218451E+06
  0.167599E+00  0.214829E+06  0.207802E+06  0.000000E+00  0.000000E+00  0.454458E+04  0.209097E+06
  0.173280E+00  0.206822E+06  0.200539E+06  0.000000E+00  0.000000E+00  0.414079E+04  0.201379E+06
  0.179153E+00  0.199876E+06  0.194424E+06  0.000000E+00  0.000000E+00  0.378624E+04  0.194715E+06
  0.185226E+00  0.193163E+06  0.188433E+06  0.000000E+00  0.000000E+00  0.346099E+04  0.188261E+06
  0.191504E+00  0.185906E+06  0.181636E+06  0.000000E+00  0.000000E+00  0.314931E+04  0.181231E+06
  0.197995E+00  0.177709E+06  0.173581E+06  0.000000E+00  0.000000E+00  0.284508E+04  0.173229E+06
  0.204706E+00  0.168710E+06  0.164472E+06  0.000000E+00  0.000000E+00  0.255064E+04  0.164400E+06
  0.211645E+00  0.159505E+06  0.155066E+06  0.000000E+00  0.000000E+00  0.227651E+04  0.155356E+06
  0.218818E+00  0.150859E+06  0.146316E+06  0.000000E+00  0.000000E+00  0.203229E+04  0.146874E+06
  0.226235E+00  0.143351E+06  0.138926E+06  0.000000E+00  0.000000E+00  0.182256E+04  0.139544E+06
  0.233903E+00  0.137142E+06  0.133063E+06  0.000000E+00  0.000000E+00  0.164612E+04  0.133524E+06
  0.241832E+00  0.131853E+06  0.128228E+06  0.000000E+00  0.000000E+00  0.149366E+04  0.128422E+06
  0.250029E+00  0.126758E+06  0.123529E+06  0.000000E+00  0.000000E+00  0.135513E+04  0.123500E+06
  0.258503E+00  0.121289E+06  0.118275E+06  0.000000E+00  0.000000E+00  0.122305E+04  0.118182E+06
  0.267265E+00  0.115286E+06  0.112303E+06  0.000000E+00  0.000000E+00  0.109590E+04  0.112313E+06
  0.276324E+00  0.109105E+06  0.106080E+06  0.000000E+00  0.000000E+00  0.977383E+03  0.106256E+06
  0.285690E+00  0.103384E+06  0.100385E+06  0.000000E+00  0.000000E+00  0.872663E+03  0.100661E+06
  0.295374E+00  0.984620E+05  0.956255E+05  0.000000E+00  0.000000E+00  0.783166E+03  0.958709E+05
  0.305386E+00  0.942082E+05  0.916210E+05  0.000000E+00  0.000000E+00  0.706072E+03  0.917492E+05
  0.315736E+00  0.901522E+05  0.877856E+05  0.000000E+00  0.000000E+00  0.636537E+03  0.878164E+05
  0.326438E+00  0.859060E+05  0.836552E+05  0.000000E+00  0.000000E+00  0.571169E+03  0.836802E+05
  0.337503E+00  0.814932E+05  0.792791E+05  0.000000E+00  0.000000E+00  0.510088E+03  0.793679E+05
  0.348943E+00  0.772628E+05  0.750954E+05  0.000000E+00  0.000000E+00  0.455117E+03  0.752358E+05
  0.360770E+00  0.734973E+05  0.714432E+05  0.000000E+00  0.000000E+00  0.407454E+03  0.715699E+05
  0.372999E+00  0.701156E+05  0.682117E+05  0.000000E+00  0.000000E+00  0.365793E+03  0.682856E+05
  0.385642E+00  0.668214E+05  0.650369E+05  0.000000E+00  0.000000E+00  0.328014E+03  0.650820E+05
  0.398713E+00  0.634775E+05  0.617604E+05  0.000000E+00  0.000000E+00  0.293069E+03  0.618211E+05
  0.412227E+00  0.602220E+05  0.585613E+05  0.000000E+00  0.000000E+00  0.261464E+03  0.586448E+05
  0.426200E+00  0.572312E+05  0.556546E+05  0.000000E+00  0.000000E+00  0.233652E+03  0.557324E+05
  0.440646E+00  0.544740E+05  0.529955E+05  0.000000E+00  0.000000E+00  0.209087E+03  0.530508E+05
  0.455581E+00  0.517934E+05  0.503932E+05  0.000000E+00  0.000000E+00  0.186877E+03  0.504409E+05
  0.471024E+00  0.491621E+05  0.478202E+05  0.000000E+00  0.000000E+00  0.166685E+03  0.478759E+05
  0.486989E+00  0.466727E+05  0.453937E+05  0.000000E+00  0.000000E+00  0.148708E+03  0.454506E+05
  0.503496E+00  0.443534E+05  0.431457E+05  0.000000E+00  0.000000E+00  0.132786E+03  0.431931E+05
  0.520561E+00  0.421332E+05  0.409891E+05  0.000000E+00  0.000000E+00  0.118502E+03  0.410314E+05
  0.538206E+00  0.399864E+05  0.388959E+05  0.000000E+00  0.000000E+00  0.105627E+03  0.389397E+05
  0.556448E+00  0.379528E+05  0.369169E+05  0.000000E+00  0.000000E+00  0.941524E+02  0.369591E+05
  0.575309E+00  0.360334E+05  0.350528E+05  0.000000E+00  0.000000E+00  0.839443E+02  0.350903E+05
  0.594809E+00  0.341954E+05  0.332645E+05  0.000000E+00  0.000000E+00  0.747942E+02  0.333002E+05
  0.614971E+00  0.324410E+05  0.315566E+05  0.000000E+00  0.000000E+00  0.666070E+02  0.315915E+05
  0.635816E+00  0.307798E+05  0.299417E+05  0.000000E+00  0.000000E+00  0.593181E+02  0.299739E+05
  0.657366E+00  0.291983E+05  0.284035E+05  0.000000E+00  0.000000E+00  0.528115E+02  0.284338E+05
  0.679648E+00  0.276910E+05  0.269367E+05  0.000000E+00  0.000000E+00  0.470044E+02  0.269658E+05
  0.702684E+00  0.262605E+05  0.255455E+05  0.000000E+00  0.000000E+00  0.418229E+02  0.255727E+05
  0.726502E+00  0.248999E+05  0.242220E+05  0.000000E+00  0.000000E+00  0.372051E+02  0.242477E+05
  0.751127E+00  0.236059E+05  0.229631E+05  0.000000E+00  0.000000E+00  0.330882E+02  0.229875E+05
  0.776587E+00  0.223768E+05  0.217677E+05  0.000000E+00  0.000000E+00  0.294195E+02  0.217907E+05
  0.802909E+00  0.212085E+05  0.206311E+05  0.000000E+00  0.000000E+00  0.261540E+02  0.206529E+05
  0.830124E+00  0.200986E+05  0.195515E+05  0.000000E+00  0.000000E+00  0.232434E+02  0.195721E+05
  0.858261E+00  0.190445E+05  0.185261E+05  0.000000E+00  0.000000E+00  0.206537E+02  0.185455E+05
  0.887352E+00  0.180433E+05  0.175521E+05  0.000000E+00  0.000000E+00  0.183485E+02  0.175705E+05
  0.917428E+00  0.170927E+05  0.166275E+05  0.000000E+00  0.000000E+00  0.162947E+02  0.166449E+05
  0.948525E+00  0.161903E+05  0.157497E+05  0.000000E+00  0.000000E+00  0.144700E+02  0.157661E+05
  0.980675E+00  0.153337E+05  0.149164E+05  0.000000E+00  0.000000E+00  0.128466E+02  0.149319E+05
  0.101392E+01  0.145206E+05  0.141255E+05  0.000000E+00  0.000000E+00  0.114038E+02  0.141401E+05
  0.104828E+01  0.137490E+05  0.133749E+05  0.000000E+00  0.000000E+00  0.101186E+02  0.133887E+05
  0.108381E+01  0.130169E+05  0.126627E+05  0.000000E+00  0.000000E+00  0.897828E+01  0.126758E+05
  0.112055E+01  0.123223E+05  0.119870E+05  0.000000E+00  0.000000E+00  0.796505E+01  0.119994E+05
  0.115853E+01  0.116636E+05  0.113462E+05  0.000000E+00  0.000000E+00  0.706441E+01  0.113579E+05
  0.119780E+01  0.110389E+05  0.107385E+05  0.000000E+00  0.000000E+00  0.626389E+01  0.107496E+05
  0.123840E+01  0.104465E+05  0.101623E+05  0.000000E+00  0.000000E+00  0.555392E+01  0.101727E+05
  0.128038E+01  0.988487E+04  0.961594E+04  0.000000E+00  0.000000E+00  0.492328E+01  0.962578E+04
  0.132377E+01  0.935245E+04  0.909801E+04  0.000000E+00  0.000000E+00  0.436371E+01  0.910731E+04
  0.136864E+01  0.884779E+04  0.860708E+04  0.000000E+00  0.000000E+00  0.386687E+01  0.861587E+04
  0.141503E+01  0.836952E+04  0.814183E+04  0.000000E+00  0.000000E+00  0.342691E+01  0.815014E+04
  0.146300E+01  0.791629E+04  0.770093E+04  0.000000E+00  0.000000E+00  0.303547E+01  0.770878E+04
  0.151258E+01  0.748684E+04  0.728318E+04  0.000000E+00  0.000000E+00  0.268908E+01  0.729059E+04
  0.156385E+01  0.707999E+04  0.688740E+04  0.000000E+00  0.000000E+00  0.238107E+01  0.689440E+04
  0.161686E+01  0.669465E+04  0.651254E+04  0.000000E+00  0.000000E+00  0.210851E+01  0.651916E+04
  0.167166E+01  0.632969E+04  0.615752E+04  0.000000E+00  0.000000E+00  0.186694E+01  0.616377E+04
  0.172833E+01  0.598407E+04  0.582130E+04  0.000000E+00  0.000000E+00  0.165268E+01  0.582720E+04
  0.178691E+01  0.565680E+04  0.550294E+04  0.000000E+00  0.000000E+00  0.146270E+01  0.550851E+04
  0.184748E+01  0.534694E+04  0.520151E+04  0.000000E+00  0.000000E+00  0.129450E+01  0.520677E+04
  0.191009E+01  0.505361E+04  0.491616E+04  0.000000E+00  0.000000E+00  0.114557E+01  0.492113E+04
  0.197484E+01  0.477593E+04  0.464603E+04  0.000000E+00  0.000000E+00  0.101381E+01  0.465073E+04
  0.204177E+01  0.451312E+04  0.439037E+04  0.000000E+00  0.000000E+00  0.896566E+00  0.439481E+04
  0.211098E+01  0.426442E+04  0.414843E+04  0.000000E+00  0.000000E+00  0.793294E+00  0.415262E+04
  0.218253E+01  0.402909E+04  0.391951E+04  0.000000E+00  0.000000E+00  0.701544E+00  0.392346E+04
  0.225651E+01  0.380643E+04  0.370291E+04  0.000000E+00  0.000000E+00  0.620448E+00  0.370664E+04
  0.233299E+01  0.359580E+04  0.349800E+04  0.000000E+00  0.000000E+00  0.548606E+00  0.350153E+04
  0.241207E+01  0.339653E+04  0.330415E+04  0.000000E+00  0.000000E+00  0.485042E+00  0.330748E+04
  0.249383E+01  0.320804E+04  0.312079E+04  0.000000E+00  0.000000E+00  0.428894E+00  0.312394E+04
  0.257836E+01  0.302978E+04  0.294737E+04  0.000000E+00  0.000000E+00  0.379020E+00  0.295034E+04
  0.266575E+01  0.286120E+04  0.278338E+04  0.000000E+00  0.000000E+00  0.335078E+00  0.278619E+04
  0.275611E+01  0.270181E+04  0.262832E+04  0.000000E+00  0.000000E+00  0.296135E+00  0.263097E+04
  0.284953E+01  0.255110E+04  0.248172E+04  0.000000E+00  0.000000E+00  0.261686E+00  0.248422E+04
  0.294611E+01  0.240862E+04  0.234311E+04  0.000000E+00  0.000000E+00  0.231230E+00  0.234548E+04
  0.304597E+01  0.227393E+04  0.221208E+04  0.000000E+00  0.000000E+00  0.204283E+00  0.221431E+04
  0.314921E+01  0.214661E+04  0.208823E+04  0.000000E+00  0.000000E+00  0.180467E+00  0.209033E+04
  0.325596E+01  0.202628E+04  0.197117E+04  0.000000E+00  0.000000E+00  0.159452E+00  0.197315E+04
  0.336632E+01  0.191257E+04  0.186054E+04  0.000000E+00  0.000000E+00  0.140787E+00  0.186242E+04
  0.348042E+01  0.180511E+04  0.175601E+04  0.000000E+00  0.000000E+00  0.124372E+00  0.175778E+04
  0.359839E+01  0.170357E+04  0.165723E+04  0.000000E+00  0.000000E+00  0.109862E+00  0.165891E+04
  0.372036E+01  0.160763E+04  0.156390E+04  0.000000E+00  0.000000E+00  0.969947E-01  0.156548E+04
  0.384646E+01  0.151700E+04  0.147573E+04  0.000000E+00  0.000000E+00  0.856585E-01  0.147722E+04
  0.397683E+01  0.143138E+04  0.139244E+04  0.000000E+00  0.000000E+00  0.756339E-01  0.139385E+04
  0.411163E+01  0.135051E+04  0.131377E+04  0.000000E+00  0.000000E+00  0.667600E-01  0.131510E+04
  0.425099E+01  0.127412E+04  0.123946E+04  0.000000E+00  0.000000E+00  0.589451E-01  0.124071E+04
  0.439508E+01  0.120198E+04  0.116928E+04  0.000000E+00  0.000000E+00  0.520249E-01  0.117047E+04
  0.454405E+01  0.113385E+04  0.110300E+04  0.000000E+00  0.000000E+00  0.459101E-01  0.110412E+04
  0.469808E+01  0.106952E+04  0.104042E+04  0.000000E+00  0.000000E+00  0.405350E-01  0.104147E+04
  0.485732E+01  0.100878E+04  0.981327E+03  0.000000E+00  0.000000E+00  0.357640E-01  0.982327E+03
  0.502196E+01  0.951431E+03  0.925538E+03  0.000000E+00  0.000000E+00  0.315565E-01  0.926483E+03
  0.519217E+01  0.897290E+03  0.872868E+03  0.000000E+00  0.000000E+00  0.278426E-01  0.873761E+03
  0.536817E+01  0.846177E+03  0.823144E+03  0.000000E+00  0.000000E+00  0.245870E-01  0.823987E+03
  0.555012E+01  0.797931E+03  0.776210E+03  0.000000E+00  0.000000E+00  0.216764E-01  0.777007E+03
  0.573824E+01  0.752395E+03  0.731911E+03  0.000000E+00  0.000000E+00  0.191233E-01  0.732664E+03
  0.593274E+01  0.709418E+03  0.690103E+03  0.000000E+00  0.000000E+00  0.168752E-01  0.690814E+03
  0.613383E+01  0.668856E+03  0.650643E+03  0.000000E+00  0.000000E+00  0.148922E-01  0.651316E+03
  0.634174E+01  0.630579E+03  0.613406E+03  0.000000E+00  0.000000E+00  0.131257E-01  0.614042E+03
  0.655669E+01  0.594462E+03  0.578270E+03  0.000000E+00  0.000000E+00  0.115795E-01  0.578871E+03
  0.677893E+01  0.560384E+03  0.545118E+03  0.000000E+00  0.000000E+00  0.102178E-01  0.545687E+03
  0.700870E+01  0.528230E+03  0.513838E+03  0.000000E+00  0.000000E+00  0.900931E-02  0.514376E+03
  0.724626E+01  0.497895E+03  0.484327E+03  0.000000E+00  0.000000E+00  0.794305E-02  0.484836E+03
  0.749188E+01  0.469278E+03  0.456488E+03  0.000000E+00  0.000000E+00  0.700420E-02  0.456970E+03
  0.774582E+01  0.442285E+03  0.430228E+03  0.000000E+00  0.000000E+00  0.617752E-02  0.430683E+03
  0.800836E+01  0.416822E+03  0.405457E+03  0.000000E+00  0.000000E+00  0.544567E-02  0.405888E+03
  0.827981E+01  0.392805E+03  0.382092E+03  0.000000E+00  0.000000E+00  0.479956E-02  0.382501E+03
  0.856045E+01  0.370154E+03  0.360057E+03  0.000000E+00  0.000000E+00  0.423152E-02  0.360444E+03
  0.885061E+01  0.348793E+03  0.339276E+03  0.000000E+00  0.000000E+00  0.372958E-02  0.339643E+03
  0.915060E+01  0.328649E+03  0.319678E+03  0.000000E+00  0.000000E+00  0.328993E-02  0.320026E+03
  0.946076E+01  0.309652E+03  0.301198E+03  0.000000E+00  0.000000E+00  0.289997E-02  0.301528E+03
  0.978143E+01  0.291741E+03  0.283774E+03  0.000000E+00  0.000000E+00  0.255702E-02  0.284087E+03
  0.101130E+02  0.274853E+03  0.267344E+03  0.000000E+00  0.000000E+00  0.225213E-02  0.267641E+03
  0.104558E+02  0.258930E+03  0.251854E+03  0.000000E+00  0.000000E+00  0.198575E-02  0.252135E+03
  0.108102E+02  0.243919E+03  0.237250E+03  0.000000E+00  0.000000E+00  0.175042E-02  0.237518E+03
  0.111766E+02  0.229768E+03  0.223484E+03  0.000000E+00  0.000000E+00  0.154217E-02  0.223738E+03
  0.115554E+02  0.216428E+03  0.210506E+03  0.000000E+00  0.000000E+00  0.135889E-02  0.210747E+03
  0.119471E+02  0.203854E+03  0.198273E+03  0.000000E+00  0.000000E+00  0.119887E-02  0.198503E+03
  0.123520E+02  0.192002E+03  0.186743E+03  0.000000E+00  0.000000E+00  0.105523E-02  0.186962E+03
  0.127707E+02  0.180831E+03  0.175875E+03  0.000000E+00  0.000000E+00  0.929356E-03  0.176083E+03
  0.132036E+02  0.170303E+03  0.165633E+03  0.000000E+00  0.000000E+00  0.818582E-03  0.165831E+03
  0.136511E+02  0.160381E+03  0.155981E+03  0.000000E+00  0.000000E+00  0.721428E-03  0.156170E+03
  0.141138E+02  0.151031E+03  0.146884E+03  0.000000E+00  0.000000E+00  0.636032E-03  0.147065E+03
  0.145922E+02  0.142220E+03  0.138313E+03  0.000000E+00  0.000000E+00  0.560054E-03  0.138485E+03
  0.150868E+02  0.133918E+03  0.130236E+03  0.000000E+00  0.000000E+00  0.493231E-03  0.130400E+03
  0.155982E+02  0.126095E+03  0.122625E+03  0.000000E+00  0.000000E+00  0.434747E-03  0.122782E+03
  0.161269E+02  0.118725E+03  0.115455E+03  0.000000E+00  0.000000E+00  0.382911E-03  0.115605E+03
  0.166735E+02  0.111781E+03  0.108699E+03  0.000000E+00  0.000000E+00  0.337242E-03  0.108843E+03
  0.172386E+02  0.105239E+03  0.102334E+03  0.000000E+00  0.000000E+00  0.297022E-03  0.102472E+03
  0.178229E+02  0.990759E+02  0.963387E+02  0.000000E+00  0.000000E+00  0.261219E-03  0.964710E+02
  0.184270E+02  0.932702E+02  0.906904E+02  0.000000E+00  0.000000E+00  0.230267E-03  0.908175E+02
  0.190516E+02  0.878014E+02  0.853699E+02  0.000000E+00  0.000000E+00  0.203010E-03  0.854920E+02
  0.196974E+02  0.826502E+02  0.803584E+02  0.000000E+00  0.000000E+00  0.178647E-03  0.804758E+02
  0.203650E+02  0.777982E+02  0.756379E+02  0.000000E+00  0.000000E+00  0.157047E-03  0.757509E+02
  0.210553E+02  0.732284E+02  0.711920E+02  0.000000E+00  0.000000E+00  0.138449E-03  0.713009E+02
  0.217690E+02  0.689244E+02  0.670047E+02  0.000000E+00  0.000000E+00  0.122068E-03  0.671097E+02
  0.225069E+02  0.648711E+02  0.630613E+02  0.000000E+00  0.000000E+00  0.107351E-03  0.631626E+02
  0.232697E+02  0.610540E+02  0.593475E+02  0.000000E+00  0.000000E+00  0.946768E-04  0.594455E+02
  0.240585E+02  0.574594E+02  0.558503E+02  0.000000E+00  0.000000E+00  0.834572E-04  0.559451E+02
  0.248739E+02  0.540745E+02  0.525571E+02  0.000000E+00  0.000000E+00  0.732584E-04  0.526489E+02
  0.257170E+02  0.508872E+02  0.494561E+02  0.000000E+00  0.000000E+00  0.644748E-04  0.495451E+02
  0.265887E+02  0.478862E+02  0.465364E+02  0.000000E+00  0.000000E+00  0.567925E-04  0.466227E+02
  0.274899E+02  0.450605E+02  0.437871E+02  0.000000E+00  0.000000E+00  0.501373E-04  0.438711E+02
  0.284217E+02  0.424002E+02  0.411988E+02  0.000000E+00  0.000000E+00  0.439776E-04  0.412804E+02
  0.293851E+02  0.398955E+02  0.387618E+02  0.000000E+00  0.000000E+00  0.387381E-04  0.388413E+02
  0.303811E+02  0.375375E+02  0.364677E+02  0.000000E+00  0.000000E+00  0.340920E-04  0.365451E+02
  0.314108E+02  0.353176E+02  0.343078E+02  0.000000E+00  0.000000E+00  0.300912E-04  0.343834E+02
  0.324755E+02  0.332280E+02  0.322747E+02  0.000000E+00  0.000000E+00  0.263919E-04  0.323485E+02
  0.335763E+02  0.312609E+02  0.303607E+02  0.000000E+00  0.000000E+00  0.231988E-04  0.304329E+02
  0.347144E+02  0.294092E+02  0.285591E+02  0.000000E+00  0.000000E+00  0.205489E-04  0.286297E+02
  0.358910E+02  0.276664E+02  0.268633E+02  0.000000E+00  0.000000E+00  0.180030E-04  0.269326E+02
  0.371075E+02  0.260259E+02  0.252671E+02  0.000000E+00  0.000000E+00  0.158421E-04  0.253350E+02
  0.383653E+02  0.244820E+02  0.237648E+02  0.000000E+00  0.000000E+00  0.139124E-04  0.238315E+02
  0.396657E+02  0.230288E+02  0.223509E+02  0.000000E+00  0.000000E+00  0.123124E-04  0.224164E+02
  0.410101E+02  0.216612E+02  0.210202E+02  0.000000E+00  0.000000E+00  0.107723E-04  0.210846E+02
  0.424002E+02  0.203742E+02  0.197678E+02  0.000000E+00  0.000000E+00  0.948798E-05  0.198313E+02
  0.438373E+02  0.191630E+02  0.185892E+02  0.000000E+00  0.000000E+00  0.836005E-05  0.186518E+02
  0.453232E+02  0.180232E+02  0.174801E+02  0.000000E+00  0.000000E+00  0.736841E-05  0.175418E+02
  0.468594E+02  0.169506E+02  0.164364E+02  0.000000E+00  0.000000E+00  0.650816E-05  0.164973E+02
  0.484478E+02  0.159414E+02  0.154543E+02  0.000000E+00  0.000000E+00  0.569081E-05  0.155145E+02
  0.500899E+02  0.149917E+02  0.145302E+02  0.000000E+00  0.000000E+00  0.501574E-05  0.145897E+02
  0.517877E+02  0.140982E+02  0.136606E+02  0.000000E+00  0.000000E+00  0.445640E-05  0.137195E+02
  0.535430E+02  0.132574E+02  0.128425E+02  0.000000E+00  0.000000E+00  0.387245E-05  0.129008E+02
  0.553579E+02  0.124664E+02  0.120727E+02  0.000000E+00  0.000000E+00  0.343665E-05  0.121304E+02
  0.572343E+02  0.117222E+02  0.113484E+02  0.000000E+00  0.000000E+00  0.299494E-05  0.114057E+02
  0.591742E+02  0.110221E+02  0.106670E+02  0.000000E+00  0.000000E+00  0.262741E-05  0.107238E+02
  0.611800E+02  0.103634E+02  0.100260E+02  0.000000E+00  0.000000E+00  0.231493E-05  0.100824E+02
  0.632536E+02  0.974371E+01  0.942288E+01  0.000000E+00  0.000000E+00  0.201831E-05  0.947893E+01
  0.653977E+02  0.916078E+01  0.885553E+01  0.000000E+00  0.000000E+00  0.176558E-05  0.891124E+01
  0.676143E+02  0.861244E+01  0.832183E+01  0.000000E+00  0.000000E+00  0.159603E-05  0.837723E+01
  0.699061E+02  0.809662E+01  0.781977E+01  0.000000E+00  0.000000E+00  0.137465E-05  0.787489E+01
  0.722756E+02  0.761143E+01  0.734752E+01  0.000000E+00  0.000000E+00  0.124622E-05  0.740238E+01
  0.747254E+02  0.715505E+01  0.690328E+01  0.000000E+00  0.000000E+00  0.109276E-05  0.695792E+01
  0.772582E+02  0.672579E+01  0.648545E+01  0.000000E+00  0.000000E+00  0.949492E-06  0.653987E+01
  0.798769E+02  0.632204E+01  0.609242E+01  0.000000E+00  0.000000E+00  0.823568E-06  0.614666E+01
  0.825843E+02  0.594231E+01  0.572277E+01  0.000000E+00  0.000000E+00  0.733821E-06  0.577685E+01
  0.853835E+02  0.558516E+01  0.537510E+01  0.000000E+00  0.000000E+00  0.631443E-06  0.542902E+01
  0.882775E+02  0.524928E+01  0.504811E+01  0.000000E+00  0.000000E+00  0.553419E-06  0.510191E+01
  0.912698E+02  0.493338E+01  0.474058E+01  0.000000E+00  0.000000E+00  0.506968E-06  0.479426E+01
  0.943633E+02  0.463631E+01  0.445136E+01  0.000000E+00  0.000000E+00  0.446325E-06  0.450494E+01
  0.975619E+02  0.435694E+01  0.417936E+01  0.000000E+00  0.000000E+00  0.394309E-06  0.423285E+01
  0.100869E+03  0.409423E+01  0.392359E+01  0.000000E+00  0.000000E+00  0.330576E-06  0.397699E+01
  0.104288E+03  0.384719E+01  0.368306E+01  0.000000E+00  0.000000E+00  0.293130E-06  0.373640E+01
  0.107822E+03  0.361488E+01  0.345688E+01  0.000000E+00  0.000000E+00  0.254384E-06  0.351015E+01
  0.111477E+03  0.339644E+01  0.324418E+01  0.000000E+00  0.000000E+00  0.238286E-06  0.329740E+01
  0.115256E+03  0.319105E+01  0.304419E+01  0.000000E+00  0.000000E+00  0.207947E-06  0.309737E+01
  0.119162E+03  0.299792E+01  0.285615E+01  0.000000E+00  0.000000E+00  0.176253E-06  0.290928E+01
  0.123201E+03  0.281634E+01  0.267934E+01  0.000000E+00  0.000000E+00  0.154977E-06  0.273243E+01
  0.127377E+03  0.264561E+01  0.251310E+01  0.000000E+00  0.000000E+00  0.141228E-06  0.256615E+01
  0.131695E+03  0.248510E+01  0.235681E+01  0.000000E+00  0.000000E+00  0.124454E-06  0.240982E+01
  0.136158E+03  0.233419E+01  0.220987E+01  0.000000E+00  0.000000E+00  0.104267E-06  0.226285E+01
  0.140773E+03  0.219231E+01  0.207173E+01  0.000000E+00  0.000000E+00  0.906957E-07  0.212467E+01
  0.145545E+03  0.205892E+01  0.194186E+01  0.000000E+00  0.000000E+00  0.739495E-07  0.199476E+01
  0.150478E+03  0.193353E+01  0.181978E+01  0.000000E+00  0.000000E+00  0.716152E-07  0.187264E+01
  0.155579E+03  0.181566E+01  0.170503E+01  0.000000E+00  0.000000E+00  0.591194E-07  0.175785E+01
  0.160852E+03  0.170485E+01  0.159717E+01  0.000000E+00  0.000000E+00  0.571980E-07  0.164993E+01
  0.166304E+03  0.160069E+01  0.149579E+01  0.000000E+00  0.000000E+00  0.483518E-07  0.154849E+01
  0.171941E+03  0.150278E+01  0.140051E+01  0.000000E+00  0.000000E+00  0.390959E-07  0.145314E+01
  0.177769E+03  0.141075E+01  0.131096E+01  0.000000E+00  0.000000E+00  0.375161E-07  0.136352E+01
  0.183795E+03  0.132424E+01  0.122681E+01  0.000000E+00  0.000000E+00  0.299411E-07  0.127929E+01
  0.190025E+03  0.124294E+01  0.114774E+01  0.000000E+00  0.000000E+00  0.297478E-07  0.120012E+01
  0.196465E+03  0.116653E+01  0.107345E+01  0.000000E+00  0.000000E+00  0.221952E-07  0.112571E+01
  0.203124E+03  0.109471E+01  0.100365E+01  0.000000E+00  0.000000E+00  0.202074E-07  0.105579E+01
