  0.106192E-04  0.956350E+07  0.956350E+07  0.127480E+08  0.127480E+08  0.955752E+07  0.956337E+07
  0.109791E-04  0.956350E+07  0.956350E+07  0.127478E+08  0.127477E+08  0.955752E+07  0.956337E+07
  0.113513E-04  0.956350E+07  0.956350E+07  0.127475E+08  0.127475E+08  0.955752E+07  0.956337E+07
  0.117360E-04  0.956350E+07  0.956350E+07  0.127472E+08  0.127472E+08  0.955751E+07  0.956337E+07
  0.121338E-04  0.956350E+07  0.956350E+07  0.127470E+08  0.127470E+08  0.955751E+07  0.956337E+07
  0.125451E-04  0.956350E+07  0.956350E+07  0.127467E+08  0.127466E+08  0.955751E+07  0.956337E+07
  0.129703E-04  0.956350E+07  0.956350E+07  0.127463E+08  0.127463E+08  0.955751E+07  0.956337E+07
  0.134099E-04  0.956350E+07  0.956350E+07  0.127460E+08  0.127460E+08  0.955750E+07  0.956336E+07
  0.138645E-04  0.956349E+07  0.956349E+07  0.127456E+08  0.127456E+08  0.955750E+07  0.956336E+07
  0.143344E-04  0.956349E+07  0.956349E+07  0.127452E+08  0.127452E+08  0.955750E+07  0.956336E+07
  0.148203E-04  0.956349E+07  0.956349E+07  0.127448E+08  0.127448E+08  0.955750E+07  0.956336E+07
  0.153226E-04  0.956349E+07  0.956349E+07  0.127444E+08  0.127443E+08  0.955749E+07  0.956336E+07
  0.158420E-04  0.956349E+07  0.956349E+07  0.127439E+08  0.127439E+08  0.955749E+07  0.956336E+07
  0.163789E-04  0.956349E+07  0.956349E+07  0.127434E+08  0.127433E+08  0.955749E+07  0.956336E+07
  0.169341E-04  0.956348E+07  0.956348E+07  0.127428E+08  0.127428E+08  0.955748E+07  0.956336E+07
  0.175081E-04  0.956348E+07  0.956348E+07  0.127422E+08  0.127422E+08  0.955748E+07  0.956335E+07
  0.181015E-04  0.956348E+07  0.956348E+07  0.127416E+08  0.127416E+08  0.955747E+07  0.956335E+07
  0.187151E-04  0.956348E+07  0.956348E+07  0.127409E+08  0.127409E+08  0.955747E+07  0.956335E+07
  0.193494E-04  0.956348E+07  0.956348E+07  0.127402E+08  0.127402E+08  0.955746E+07  0.956335E+07
  0.200053E-04  0.956348E+07  0.956348E+07  0.127394E+08  0.127394E+08  0.955746E+07  0.956334E+07
  0.206834E-04  0.956347E+07  0.956347E+07  0.127386E+08  0.127386E+08  0.955745E+07  0.956334E+07
  0.213844E-04  0.956347E+07  0.956347E+07  0.127377E+08  0.127377E+08  0.955745E+07  0.956334E+07
  0.221093E-04  0.956347E+07  0.956347E+07  0.127368E+08  0.127368E+08  0.955744E+07  0.956334E+07
  0.228587E-04  0.956346E+07  0.956346E+07  0.127358E+08  0.127358E+08  0.955743E+07  0.956334E+07
  0.236335E-04  0.956346E+07  0.956346E+07  0.127347E+08  0.127347E+08  0.955743E+07  0.956333E+07
  0.244345E-04  0.956346E+07  0.956346E+07  0.127336E+08  0.127335E+08  0.955742E+07  0.956333E+07
  0.252627E-04  0.956346E+07  0.956346E+07  0.127324E+08  0.127323E+08  0.955741E+07  0.956332E+07
  0.261190E-04  0.956345E+07  0.956345E+07  0.127311E+08  0.127310E+08  0.955740E+07  0.956332E+07
  0.270043E-04  0.956345E+07  0.956345E+07  0.127297E+08  0.127296E+08  0.955739E+07  0.956332E+07
  0.279196E-04  0.956344E+07  0.956344E+07  0.127282E+08  0.127281E+08  0.955738E+07  0.956331E+07
  0.288660E-04  0.956344E+07  0.956344E+07  0.127266E+08  0.127265E+08  0.955737E+07  0.956331E+07
  0.298444E-04  0.956343E+07  0.956343E+07  0.127249E+08  0.127248E+08  0.955736E+07  0.956330E+07
  0.308560E-04  0.956343E+07  0.956343E+07  0.127230E+08  0.127230E+08  0.955734E+07  0.956330E+07
  0.319018E-04  0.956342E+07  0.956342E+07  0.127211E+08  0.127210E+08  0.955733E+07  0.956329E+07
  0.329831E-04  0.956342E+07  0.956342E+07  0.127190E+08  0.127189E+08  0.955732E+07  0.956328E+07
  0.341011E-04  0.956341E+07  0.956341E+07  0.127168E+08  0.127167E+08  0.955730E+07  0.956328E+07
  0.352570E-04  0.956340E+07  0.956340E+07  0.127144E+08  0.127143E+08  0.955728E+07  0.956327E+07
  0.364520E-04  0.956340E+07  0.956340E+07  0.127119E+08  0.127117E+08  0.955727E+07  0.956326E+07
  0.376876E-04  0.956339E+07  0.956339E+07  0.127092E+08  0.127090E+08  0.955725E+07  0.956326E+07
  0.389650E-04  0.956338E+07  0.956338E+07  0.127062E+08  0.127061E+08  0.955723E+07  0.956325E+07
  0.402857E-04  0.956337E+07  0.956337E+07  0.127031E+08  0.127030E+08  0.955721E+07  0.956324E+07
  0.416512E-04  0.956336E+07  0.956336E+07  0.126998E+08  0.126997E+08  0.955718E+07  0.956323E+07
  0.430630E-04  0.956335E+07  0.956335E+07  0.126963E+08  0.126961E+08  0.955716E+07  0.956322E+07
  0.445226E-04  0.956334E+07  0.956334E+07  0.126925E+08  0.126923E+08  0.955713E+07  0.956321E+07
  0.460317E-04  0.956333E+07  0.956333E+07  0.126884E+08  0.126882E+08  0.955710E+07  0.956319E+07
  0.475919E-04  0.956332E+07  0.956332E+07  0.126841E+08  0.126839E+08  0.955707E+07  0.956318E+07
  0.492051E-04  0.956330E+07  0.956330E+07  0.126795E+08  0.126793E+08  0.955704E+07  0.956317E+07
  0.508729E-04  0.956329E+07  0.956329E+07  0.126746E+08  0.126743E+08  0.955701E+07  0.956315E+07
  0.525972E-04  0.956327E+07  0.956327E+07  0.126693E+08  0.126690E+08  0.955697E+07  0.956314E+07
  0.543800E-04  0.956326E+07  0.956326E+07  0.126636E+08  0.126634E+08  0.955693E+07  0.956312E+07
  0.562232E-04  0.956324E+07  0.956324E+07  0.126576E+08  0.126573E+08  0.955689E+07  0.956310E+07
  0.581289E-04  0.956322E+07  0.956322E+07  0.126512E+08  0.126509E+08  0.955684E+07  0.956308E+07
  0.600992E-04  0.956320E+07  0.956320E+07  0.126443E+08  0.126440E+08  0.955680E+07  0.956306E+07
  0.621363E-04  0.956318E+07  0.956318E+07  0.126370E+08  0.126366E+08  0.955674E+07  0.956304E+07
  0.642424E-04  0.956316E+07  0.956316E+07  0.126291E+08  0.126287E+08  0.955669E+07  0.956302E+07
  0.664199E-04  0.956313E+07  0.956313E+07  0.126207E+08  0.126203E+08  0.955663E+07  0.956299E+07
  0.686712E-04  0.956311E+07  0.956310E+07  0.126118E+08  0.126113E+08  0.955657E+07  0.956296E+07
  0.709988E-04  0.956308E+07  0.956308E+07  0.126022E+08  0.126017E+08  0.955650E+07  0.956294E+07
  0.734053E-04  0.956305E+07  0.956305E+07  0.125920E+08  0.125915E+08  0.955643E+07  0.956290E+07
  0.758934E-04  0.956302E+07  0.956302E+07  0.125811E+08  0.125805E+08  0.955635E+07  0.956287E+07
  0.784658E-04  0.956298E+07  0.956298E+07  0.125694E+08  0.125688E+08  0.955627E+07  0.956284E+07
  0.811254E-04  0.956295E+07  0.956295E+07  0.125569E+08  0.125563E+08  0.955618E+07  0.956280E+07
  0.838752E-04  0.956291E+07  0.956291E+07  0.125436E+08  0.125430E+08  0.955609E+07  0.956276E+07
  0.867182E-04  0.956287E+07  0.956286E+07  0.125294E+08  0.125287E+08  0.955599E+07  0.956272E+07
  0.896575E-04  0.956282E+07  0.956282E+07  0.125143E+08  0.125135E+08  0.955588E+07  0.956267E+07
  0.926964E-04  0.956277E+07  0.956277E+07  0.124981E+08  0.124973E+08  0.955577E+07  0.956262E+07
  0.958384E-04  0.956272E+07  0.956272E+07  0.124808E+08  0.124800E+08  0.955565E+07  0.956257E+07
  0.990869E-04  0.956267E+07  0.956267E+07  0.124623E+08  0.124614E+08  0.955552E+07  0.956251E+07
  0.102445E-03  0.956261E+07  0.956261E+07  0.124427E+08  0.124417E+08  0.955538E+07  0.956246E+07
  0.105918E-03  0.956255E+07  0.956255E+07  0.124216E+08  0.124206E+08  0.955523E+07  0.956239E+07
  0.109508E-03  0.956248E+07  0.956248E+07  0.123992E+08  0.123981E+08  0.955507E+07  0.956232E+07
  0.113220E-03  0.956241E+07  0.956241E+07  0.123753E+08  0.123741E+08  0.955490E+07  0.956225E+07
  0.117057E-03  0.956234E+07  0.956234E+07  0.123497E+08  0.123485E+08  0.955472E+07  0.956217E+07
  0.121025E-03  0.956226E+07  0.956226E+07  0.123225E+08  0.123211E+08  0.955452E+07  0.956209E+07
  0.125127E-03  0.956217E+07  0.956217E+07  0.122934E+08  0.122920E+08  0.955431E+07  0.956200E+07
  0.129368E-03  0.956208E+07  0.956208E+07  0.122624E+08  0.122609E+08  0.955409E+07  0.956190E+07
  0.133753E-03  0.956198E+07  0.956198E+07  0.122294E+08  0.122278E+08  0.955385E+07  0.956180E+07
  0.138287E-03  0.956188E+07  0.956187E+07  0.121941E+08  0.121924E+08  0.955360E+07  0.956170E+07
  0.142974E-03  0.956176E+07  0.956176E+07  0.121566E+08  0.121548E+08  0.955333E+07  0.956158E+07
  0.147820E-03  0.956164E+07  0.956164E+07  0.121166E+08  0.121146E+08  0.955304E+07  0.956146E+07
  0.152831E-03  0.956151E+07  0.956151E+07  0.120739E+08  0.120718E+08  0.955273E+07  0.956132E+07
  0.158011E-03  0.956138E+07  0.956137E+07  0.120285E+08  0.120263E+08  0.955240E+07  0.956118E+07
  0.163367E-03  0.956123E+07  0.956123E+07  0.119801E+08  0.119777E+08  0.955204E+07  0.956103E+07
  0.168904E-03  0.956107E+07  0.956107E+07  0.119286E+08  0.119261E+08  0.955167E+07  0.956087E+07
  0.174629E-03  0.956091E+07  0.956090E+07  0.118738E+08  0.118711E+08  0.955126E+07  0.956070E+07
  0.180548E-03  0.956073E+07  0.956072E+07  0.118154E+08  0.118125E+08  0.955083E+07  0.956051E+07
  0.186668E-03  0.956054E+07  0.956053E+07  0.117533E+08  0.117503E+08  0.955037E+07  0.956032E+07
  0.192995E-03  0.956033E+07  0.956033E+07  0.116873E+08  0.116841E+08  0.954988E+07  0.956010E+07
  0.199536E-03  0.956011E+07  0.956011E+07  0.116171E+08  0.116137E+08  0.954935E+07  0.955988E+07
  0.206300E-03  0.955988E+07  0.955988E+07  0.115425E+08  0.115389E+08  0.954879E+07  0.955964E+07
  0.213292E-03  0.955963E+07  0.955963E+07  0.114633E+08  0.114595E+08  0.954818E+07  0.955938E+07
  0.220522E-03  0.955937E+07  0.955936E+07  0.113792E+08  0.113751E+08  0.954754E+07  0.955911E+07
  0.227996E-03  0.955908E+07  0.955908E+07  0.112899E+08  0.112856E+08  0.954686E+07  0.955882E+07
  0.235724E-03  0.955878E+07  0.955877E+07  0.111953E+08  0.111906E+08  0.954612E+07  0.955850E+07
  0.243714E-03  0.955846E+07  0.955845E+07  0.110949E+08  0.110900E+08  0.954534E+07  0.955817E+07
  0.251975E-03  0.955811E+07  0.955810E+07  0.109885E+08  0.109833E+08  0.954450E+07  0.955782E+07
  0.260516E-03  0.955774E+07  0.955773E+07  0.108759E+08  0.108704E+08  0.954361E+07  0.955743E+07
  0.269346E-03  0.955735E+07  0.955734E+07  0.107567E+08  0.107509E+08  0.954265E+07  0.955703E+07
  0.278475E-03  0.955693E+07  0.955692E+07  0.106307E+08  0.106246E+08  0.954163E+07  0.955659E+07
  0.287914E-03  0.955648E+07  0.955647E+07  0.104975E+08  0.104911E+08  0.954054E+07  0.955613E+07
  0.297673E-03  0.955600E+07  0.955599E+07  0.103570E+08  0.103502E+08  0.953938E+07  0.955564E+07
  0.307763E-03  0.955549E+07  0.955548E+07  0.102087E+08  0.102015E+08  0.953814E+07  0.955511E+07
  0.318195E-03  0.955494E+07  0.955493E+07  0.100524E+08  0.100449E+08  0.953681E+07  0.955455E+07
  0.328980E-03  0.955436E+07  0.955435E+07  0.988792E+07  0.987998E+07  0.953540E+07  0.955394E+07
  0.340131E-03  0.955374E+07  0.955372E+07  0.971492E+07  0.970658E+07  0.953388E+07  0.955330E+07
  0.351659E-03  0.955307E+07  0.955306E+07  0.953320E+07  0.952445E+07  0.953227E+07  0.955262E+07
  0.363579E-03  0.955236E+07  0.955235E+07  0.934256E+07  0.933339E+07  0.953054E+07  0.955189E+07
  0.375903E-03  0.955161E+07  0.955159E+07  0.914283E+07  0.913323E+07  0.952870E+07  0.955111E+07
  0.388644E-03  0.955080E+07  0.955079E+07  0.893388E+07  0.892384E+07  0.952674E+07  0.955028E+07
  0.401817E-03  0.954994E+07  0.954993E+07  0.871563E+07  0.870515E+07  0.952464E+07  0.954939E+07
  0.415437E-03  0.954903E+07  0.954901E+07  0.848804E+07  0.847712E+07  0.952240E+07  0.954845E+07
  0.429518E-03  0.954805E+07  0.954803E+07  0.825113E+07  0.823977E+07  0.952002E+07  0.954744E+07
  0.444076E-03  0.954701E+07  0.954699E+07  0.800502E+07  0.799321E+07  0.951747E+07  0.954637E+07
  0.459128E-03  0.954590E+07  0.954588E+07  0.774986E+07  0.773762E+07  0.951475E+07  0.954522E+07
  0.474691E-03  0.954472E+07  0.954470E+07  0.748592E+07  0.747326E+07  0.951185E+07  0.954401E+07
  0.490780E-03  0.954346E+07  0.954344E+07  0.721357E+07  0.720049E+07  0.950876E+07  0.954271E+07
  0.507415E-03  0.954212E+07  0.954210E+07  0.693327E+07  0.691979E+07  0.950546E+07  0.954132E+07
  0.524614E-03  0.954070E+07  0.954067E+07  0.664560E+07  0.663174E+07  0.950195E+07  0.953985E+07
  0.542396E-03  0.953918E+07  0.953914E+07  0.635128E+07  0.633705E+07  0.949820E+07  0.953828E+07
  0.560781E-03  0.953756E+07  0.953753E+07  0.605115E+07  0.603658E+07  0.949421E+07  0.953662E+07
  0.579788E-03  0.953584E+07  0.953580E+07  0.574619E+07  0.573131E+07  0.948996E+07  0.953484E+07
  0.599440E-03  0.953401E+07  0.953397E+07  0.543753E+07  0.542236E+07  0.948542E+07  0.953295E+07
  0.619759E-03  0.953207E+07  0.953202E+07  0.512645E+07  0.511102E+07  0.948059E+07  0.953094E+07
  0.640765E-03  0.953000E+07  0.952995E+07  0.481436E+07  0.479871E+07  0.947545E+07  0.952881E+07
  0.662484E-03  0.952780E+07  0.952775E+07  0.450284E+07  0.448699E+07  0.946997E+07  0.952654E+07
  0.684939E-03  0.952546E+07  0.952541E+07  0.419357E+07  0.417755E+07  0.946414E+07  0.952413E+07
  0.708155E-03  0.952298E+07  0.952292E+07  0.388837E+07  0.387222E+07  0.945793E+07  0.952156E+07
  0.732158E-03  0.952035E+07  0.952029E+07  0.358915E+07  0.357288E+07  0.945133E+07  0.951884E+07
  0.756975E-03  0.951755E+07  0.951749E+07  0.329790E+07  0.328153E+07  0.944431E+07  0.951596E+07
  0.782633E-03  0.951459E+07  0.951452E+07  0.301663E+07  0.300016E+07  0.943684E+07  0.951289E+07
  0.809160E-03  0.951144E+07  0.951137E+07  0.274735E+07  0.273080E+07  0.942890E+07  0.950964E+07
  0.836587E-03  0.950811E+07  0.950802E+07  0.249203E+07  0.247536E+07  0.942046E+07  0.950619E+07
  0.864943E-03  0.950457E+07  0.950448E+07  0.225250E+07  0.223570E+07  0.941150E+07  0.950254E+07
  0.894260E-03  0.950083E+07  0.950074E+07  0.203044E+07  0.201346E+07  0.940197E+07  0.949867E+07
  0.924571E-03  0.949686E+07  0.949676E+07  0.182726E+07  0.181006E+07  0.939186E+07  0.949457E+07
  0.955910E-03  0.949266E+07  0.949256E+07  0.164409E+07  0.162659E+07  0.938113E+07  0.949023E+07
  0.988310E-03  0.948822E+07  0.948811E+07  0.148163E+07  0.146376E+07  0.936975E+07  0.948564E+07
  0.102181E-02  0.948352E+07  0.948341E+07  0.134019E+07  0.132186E+07  0.935768E+07  0.948078E+07
  0.105644E-02  0.947856E+07  0.947843E+07  0.121952E+07  0.120065E+07  0.934488E+07  0.947564E+07
  0.109225E-02  0.947331E+07  0.947317E+07  0.111887E+07  0.109936E+07  0.933132E+07  0.947021E+07
  0.112927E-02  0.946777E+07  0.946762E+07  0.103689E+07  0.101669E+07  0.931695E+07  0.946447E+07
  0.116755E-02  0.946191E+07  0.946176E+07  0.971715E+06  0.950784E+06  0.930175E+07  0.945842E+07
  0.120713E-02  0.945573E+07  0.945556E+07  0.920942E+06  0.899276E+06  0.928565E+07  0.945202E+07
  0.124804E-02  0.944921E+07  0.944903E+07  0.881752E+06  0.859403E+06  0.926863E+07  0.944527E+07
  0.129034E-02  0.944233E+07  0.944214E+07  0.851013E+06  0.828101E+06  0.925064E+07  0.943815E+07
  0.133408E-02  0.943508E+07  0.943488E+07  0.825448E+06  0.802169E+06  0.923163E+07  0.943064E+07
  0.137930E-02  0.942744E+07  0.942722E+07  0.801827E+06  0.778464E+06  0.921155E+07  0.942272E+07
  0.142605E-02  0.941938E+07  0.941915E+07  0.777190E+06  0.754112E+06  0.919036E+07  0.941438E+07
  0.147439E-02  0.941090E+07  0.941065E+07  0.749071E+06  0.726729E+06  0.916801E+07  0.940559E+07
  0.152436E-02  0.940197E+07  0.940170E+07  0.715715E+06  0.694626E+06  0.914445E+07  0.939634E+07
  0.157603E-02  0.939256E+07  0.939228E+07  0.676253E+06  0.656969E+06  0.911963E+07  0.938660E+07
  0.162945E-02  0.938267E+07  0.938237E+07  0.630805E+06  0.613878E+06  0.909351E+07  0.937635E+07
  0.168468E-02  0.937226E+07  0.937194E+07  0.580490E+06  0.566420E+06  0.906602E+07  0.936557E+07
  0.174178E-02  0.936132E+07  0.936098E+07  0.527318E+06  0.516498E+06  0.903713E+07  0.935424E+07
  0.180082E-02  0.934981E+07  0.934945E+07  0.473952E+06  0.466610E+06  0.900679E+07  0.934232E+07
  0.186186E-02  0.933772E+07  0.933734E+07  0.423353E+06  0.419504E+06  0.897494E+07  0.932980E+07
  0.192497E-02  0.932503E+07  0.932461E+07  0.378336E+06  0.377751E+06  0.894155E+07  0.931665E+07
  0.199021E-02  0.931169E+07  0.931125E+07  0.341101E+06  0.343303E+06  0.890657E+07  0.930284E+07
  0.205767E-02  0.929770E+07  0.929722E+07  0.312810E+06  0.317109E+06  0.886996E+07  0.928835E+07
  0.212742E-02  0.928301E+07  0.928250E+07  0.293301E+06  0.298866E+06  0.883168E+07  0.927315E+07
  0.219953E-02  0.926761E+07  0.926707E+07  0.281043E+06  0.287006E+06  0.879169E+07  0.925721E+07
  0.227408E-02  0.925146E+07  0.925089E+07  0.000000E+00  0.000000E+00  0.874997E+07  0.924050E+07
  0.235116E-02  0.923455E+07  0.923393E+07  0.000000E+00  0.000000E+00  0.870648E+07  0.922300E+07
  0.243085E-02  0.921683E+07  0.921617E+07  0.000000E+00  0.000000E+00  0.866121E+07  0.920468E+07
  0.251324E-02  0.919829E+07  0.919758E+07  0.000000E+00  0.000000E+00  0.861414E+07  0.918551E+07
  0.259843E-02  0.917888E+07  0.917813E+07  0.000000E+00  0.000000E+00  0.856524E+07  0.916546E+07
  0.268651E-02  0.915859E+07  0.915779E+07  0.000000E+00  0.000000E+00  0.851452E+07  0.914450E+07
  0.277757E-02  0.913739E+07  0.913653E+07  0.000000E+00  0.000000E+00  0.846196E+07  0.912261E+07
  0.287171E-02  0.911524E+07  0.911432E+07  0.000000E+00  0.000000E+00  0.840758E+07  0.909975E+07
  0.296905E-02  0.909211E+07  0.909114E+07  0.000000E+00  0.000000E+00  0.835137E+07  0.907590E+07
  0.306968E-02  0.906799E+07  0.906695E+07  0.000000E+00  0.000000E+00  0.829335E+07  0.905103E+07
  0.317373E-02  0.904283E+07  0.904172E+07  0.000000E+00  0.000000E+00  0.823352E+07  0.902511E+07
  0.328131E-02  0.901662E+07  0.901544E+07  0.000000E+00  0.000000E+00  0.817191E+07  0.899812E+07
  0.339253E-02  0.898932E+07  0.898806E+07  0.000000E+00  0.000000E+00  0.810854E+07  0.897003E+07
  0.350752E-02  0.896092E+07  0.895957E+07  0.000000E+00  0.000000E+00  0.804342E+07  0.894081E+07
  0.362640E-02  0.893138E+07  0.892994E+07  0.000000E+00  0.000000E+00  0.797658E+07  0.891045E+07
  0.374932E-02  0.890067E+07  0.889914E+07  0.000000E+00  0.000000E+00  0.790803E+07  0.887891E+07
  0.387641E-02  0.886879E+07  0.886716E+07  0.000000E+00  0.000000E+00  0.783780E+07  0.884617E+07
  0.400780E-02  0.883569E+07  0.883395E+07  0.000000E+00  0.000000E+00  0.776589E+07  0.881222E+07
  0.414364E-02  0.880137E+07  0.879952E+07  0.000000E+00  0.000000E+00  0.769233E+07  0.877703E+07
  0.428409E-02  0.876580E+07  0.876382E+07  0.000000E+00  0.000000E+00  0.761710E+07  0.874058E+07
  0.442930E-02  0.872895E+07  0.872684E+07  0.000000E+00  0.000000E+00  0.754023E+07  0.870284E+07
  0.457943E-02  0.869081E+07  0.868857E+07  0.000000E+00  0.000000E+00  0.746169E+07  0.866380E+07
  0.473465E-02  0.865136E+07  0.864897E+07  0.000000E+00  0.000000E+00  0.738148E+07  0.862345E+07
  0.489513E-02  0.861058E+07  0.860803E+07  0.000000E+00  0.000000E+00  0.729958E+07  0.858175E+07
  0.506105E-02  0.856845E+07  0.856574E+07  0.000000E+00  0.000000E+00  0.721598E+07  0.853869E+07
  0.523260E-02  0.852496E+07  0.852206E+07  0.000000E+00  0.000000E+00  0.713065E+07  0.849426E+07
  0.540996E-02  0.848007E+07  0.847699E+07  0.000000E+00  0.000000E+00  0.704356E+07  0.844843E+07
  0.559333E-02  0.843378E+07  0.843050E+07  0.000000E+00  0.000000E+00  0.695471E+07  0.840119E+07
  0.578292E-02  0.838607E+07  0.838257E+07  0.000000E+00  0.000000E+00  0.686408E+07  0.835251E+07
  0.597893E-02  0.833692E+07  0.833320E+07  0.000000E+00  0.000000E+00  0.677164E+07  0.830238E+07
  0.618159E-02  0.828630E+07  0.828234E+07  0.000000E+00  0.000000E+00  0.667741E+07  0.825078E+07
  0.639111E-02  0.823421E+07  0.822999E+07  0.000000E+00  0.000000E+00  0.658138E+07  0.819769E+07
  0.660774E-02  0.818061E+07  0.817612E+07  0.000000E+00  0.000000E+00  0.648356E+07  0.814309E+07
  0.683171E-02  0.812550E+07  0.812072E+07  0.000000E+00  0.000000E+00  0.638399E+07  0.808696E+07
  0.706327E-02  0.806884E+07  0.806376E+07  0.000000E+00  0.000000E+00  0.628270E+07  0.802929E+07
  0.730268E-02  0.801063E+07  0.800522E+07  0.000000E+00  0.000000E+00  0.617974E+07  0.797005E+07
  0.755020E-02  0.795083E+07  0.794508E+07  0.000000E+00  0.000000E+00  0.607516E+07  0.790923E+07
  0.780612E-02  0.788943E+07  0.788332E+07  0.000000E+00  0.000000E+00  0.596901E+07  0.784680E+07
  0.807071E-02  0.782641E+07  0.781991E+07  0.000000E+00  0.000000E+00  0.586137E+07  0.778274E+07
  0.834427E-02  0.776174E+07  0.775484E+07  0.000000E+00  0.000000E+00  0.575232E+07  0.771705E+07
  0.862710E-02  0.769541E+07  0.768808E+07  0.000000E+00  0.000000E+00  0.564192E+07  0.764969E+07
  0.891952E-02  0.762739E+07  0.761961E+07  0.000000E+00  0.000000E+00  0.553025E+07  0.758065E+07
  0.922184E-02  0.755767E+07  0.754940E+07  0.000000E+00  0.000000E+00  0.541741E+07  0.750992E+07
  0.953442E-02  0.748622E+07  0.747745E+07  0.000000E+00  0.000000E+00  0.530347E+07  0.743746E+07
  0.985759E-02  0.741303E+07  0.740372E+07  0.000000E+00  0.000000E+00  0.518851E+07  0.736328E+07
  0.101917E-01  0.733807E+07  0.732820E+07  0.000000E+00  0.000000E+00  0.507263E+07  0.728734E+07
  0.105372E-01  0.726133E+07  0.725086E+07  0.000000E+00  0.000000E+00  0.495592E+07  0.720963E+07
  0.108943E-01  0.718278E+07  0.717169E+07  0.000000E+00  0.000000E+00  0.483847E+07  0.713014E+07
  0.112636E-01  0.710242E+07  0.709066E+07  0.000000E+00  0.000000E+00  0.472037E+07  0.704884E+07
  0.116454E-01  0.702021E+07  0.700776E+07  0.000000E+00  0.000000E+00  0.460172E+07  0.696573E+07
  0.120401E-01  0.693614E+07  0.692297E+07  0.000000E+00  0.000000E+00  0.448263E+07  0.688078E+07
  0.124482E-01  0.685020E+07  0.683627E+07  0.000000E+00  0.000000E+00  0.436319E+07  0.679399E+07
  0.128701E-01  0.676238E+07  0.674765E+07  0.000000E+00  0.000000E+00  0.424351E+07  0.670534E+07
  0.133063E-01  0.667265E+07  0.665709E+07  0.000000E+00  0.000000E+00  0.412370E+07  0.661483E+07
  0.137574E-01  0.658102E+07  0.656459E+07  0.000000E+00  0.000000E+00  0.400386E+07  0.652244E+07
  0.142237E-01  0.648747E+07  0.647013E+07  0.000000E+00  0.000000E+00  0.388411E+07  0.642817E+07
  0.147058E-01  0.639199E+07  0.637371E+07  0.000000E+00  0.000000E+00  0.376456E+07  0.633201E+07
  0.152042E-01  0.629460E+07  0.627533E+07  0.000000E+00  0.000000E+00  0.364532E+07  0.623398E+07
  0.157196E-01  0.619528E+07  0.617500E+07  0.000000E+00  0.000000E+00  0.352652E+07  0.613407E+07
  0.162524E-01  0.609405E+07  0.607272E+07  0.000000E+00  0.000000E+00  0.340828E+07  0.603230E+07
  0.168033E-01  0.599093E+07  0.596851E+07  0.000000E+00  0.000000E+00  0.329071E+07  0.592868E+07
  0.173728E-01  0.588593E+07  0.586239E+07  0.000000E+00  0.000000E+00  0.317394E+07  0.582324E+07
  0.179617E-01  0.577909E+07  0.575440E+07  0.000000E+00  0.000000E+00  0.305811E+07  0.571602E+07
  0.185705E-01  0.567045E+07  0.564458E+07  0.000000E+00  0.000000E+00  0.294334E+07  0.560704E+07
  0.192000E-01  0.556005E+07  0.553299E+07  0.000000E+00  0.000000E+00  0.282978E+07  0.549638E+07
  0.198507E-01  0.544796E+07  0.541968E+07  0.000000E+00  0.000000E+00  0.271754E+07  0.538408E+07
  0.205236E-01  0.533426E+07  0.530474E+07  0.000000E+00  0.000000E+00  0.260676E+07  0.527024E+07
  0.212192E-01  0.521902E+07  0.518827E+07  0.000000E+00  0.000000E+00  0.249756E+07  0.515492E+07
  0.219385E-01  0.510236E+07  0.507037E+07  0.000000E+00  0.000000E+00  0.239006E+07  0.503826E+07
  0.226821E-01  0.498440E+07  0.495117E+07  0.000000E+00  0.000000E+00  0.228438E+07  0.492036E+07
  0.234509E-01  0.486528E+07  0.483082E+07  0.000000E+00  0.000000E+00  0.218066E+07  0.480136E+07
  0.242458E-01  0.474514E+07  0.470949E+07  0.000000E+00  0.000000E+00  0.207902E+07  0.468143E+07
  0.250676E-01  0.462418E+07  0.458737E+07  0.000000E+00  0.000000E+00  0.197961E+07  0.456074E+07
  0.259172E-01  0.450260E+07  0.446467E+07  0.000000E+00  0.000000E+00  0.188259E+07  0.443950E+07
  0.267957E-01  0.438061E+07  0.434164E+07  0.000000E+00  0.000000E+00  0.178807E+07  0.431794E+07
  0.277039E-01  0.425848E+07  0.421852E+07  0.000000E+00  0.000000E+00  0.169617E+07  0.419630E+07
  0.286430E-01  0.413647E+07  0.409563E+07  0.000000E+00  0.000000E+00  0.160698E+07  0.407485E+07
  0.296138E-01  0.401489E+07  0.397326E+07  0.000000E+00  0.000000E+00  0.152060E+07  0.395390E+07
  0.306176E-01  0.389405E+07  0.385175E+07  0.000000E+00  0.000000E+00  0.143716E+07  0.383376E+07
  0.316554E-01  0.377428E+07  0.373145E+07  0.000000E+00  0.000000E+00  0.135677E+07  0.371476E+07
  0.327283E-01  0.365597E+07  0.361276E+07  0.000000E+00  0.000000E+00  0.127954E+07  0.359727E+07
  0.338377E-01  0.355559E+07  0.351217E+07  0.000000E+00  0.000000E+00  0.116393E+07  0.349653E+07
  0.349846E-01  0.344194E+07  0.339849E+07  0.000000E+00  0.000000E+00  0.109395E+07  0.338382E+07
  0.361704E-01  0.333086E+07  0.328758E+07  0.000000E+00  0.000000E+00  0.102733E+07  0.327373E+07
  0.373964E-01  0.322154E+07  0.317865E+07  0.000000E+00  0.000000E+00  0.963760E+06  0.316547E+07
  0.386640E-01  0.311510E+07  0.307281E+07  0.000000E+00  0.000000E+00  0.903439E+06  0.306012E+07
  0.399745E-01  0.301226E+07  0.297081E+07  0.000000E+00  0.000000E+00  0.846472E+06  0.295842E+07
  0.413294E-01  0.291345E+07  0.287305E+07  0.000000E+00  0.000000E+00  0.792874E+06  0.286076E+07
  0.427303E-01  0.281898E+07  0.277987E+07  0.000000E+00  0.000000E+00  0.742584E+06  0.276747E+07
  0.441786E-01  0.271882E+07  0.268123E+07  0.000000E+00  0.000000E+00  0.709572E+06  0.266902E+07
  0.456761E-01  0.263329E+07  0.259742E+07  0.000000E+00  0.000000E+00  0.665427E+06  0.258467E+07
  0.472243E-01  0.255242E+07  0.251845E+07  0.000000E+00  0.000000E+00  0.624211E+06  0.250498E+07
  0.488249E-01  0.247604E+07  0.244414E+07  0.000000E+00  0.000000E+00  0.585762E+06  0.242976E+07
  0.504799E-01  0.240386E+07  0.237415E+07  0.000000E+00  0.000000E+00  0.549877E+06  0.235874E+07
  0.521909E-01  0.233555E+07  0.230810E+07  0.000000E+00  0.000000E+00  0.516347E+06  0.229155E+07
  0.539599E-01  0.227655E+07  0.225141E+07  0.000000E+00  0.000000E+00  0.479093E+06  0.223341E+07
  0.557889E-01  0.221455E+07  0.219169E+07  0.000000E+00  0.000000E+00  0.449627E+06  0.217250E+07
  0.576799E-01  0.215486E+07  0.213421E+07  0.000000E+00  0.000000E+00  0.421888E+06  0.211387E+07
  0.596349E-01  0.209688E+07  0.207829E+07  0.000000E+00  0.000000E+00  0.395672E+06  0.205692E+07
  0.616562E-01  0.203998E+07  0.202326E+07  0.000000E+00  0.000000E+00  0.370815E+06  0.200103E+07
  0.637461E-01  0.197937E+07  0.196427E+07  0.000000E+00  0.000000E+00  0.350292E+06  0.194155E+07
  0.659068E-01  0.192243E+07  0.190866E+07  0.000000E+00  0.000000E+00  0.327624E+06  0.188558E+07
  0.681407E-01  0.186444E+07  0.185165E+07  0.000000E+00  0.000000E+00  0.305841E+06  0.182853E+07
  0.704503E-01  0.180475E+07  0.179259E+07  0.000000E+00  0.000000E+00  0.284810E+06  0.176979E+07
  0.728383E-01  0.174409E+07  0.173221E+07  0.000000E+00  0.000000E+00  0.263316E+06  0.171002E+07
  0.753071E-01  0.168017E+07  0.166823E+07  0.000000E+00  0.000000E+00  0.243728E+06  0.164705E+07
  0.778597E-01  0.161426E+07  0.160196E+07  0.000000E+00  0.000000E+00  0.224873E+06  0.158210E+07
  0.804987E-01  0.154686E+07  0.153399E+07  0.000000E+00  0.000000E+00  0.206837E+06  0.151567E+07
  0.832272E-01  0.147874E+07  0.146516E+07  0.000000E+00  0.000000E+00  0.189697E+06  0.144854E+07
  0.860483E-01  0.141084E+07  0.139651E+07  0.000000E+00  0.000000E+00  0.173556E+06  0.138164E+07
  0.889648E-01  0.134420E+07  0.132921E+07  0.000000E+00  0.000000E+00  0.158497E+06  0.131601E+07
  0.919804E-01  0.127996E+07  0.126448E+07  0.000000E+00  0.000000E+00  0.144596E+06  0.125277E+07
  0.950980E-01  0.121931E+07  0.120363E+07  0.000000E+00  0.000000E+00  0.131919E+06  0.119313E+07
  0.983214E-01  0.116346E+07  0.114793E+07  0.000000E+00  0.000000E+00  0.120501E+06  0.113827E+07
  0.101654E+00  0.111340E+07  0.109841E+07  0.000000E+00  0.000000E+00  0.110355E+06  0.108917E+07
  0.105100E+00  0.106959E+07  0.105551E+07  0.000000E+00  0.000000E+00  0.101413E+06  0.104626E+07
  0.108662E+00  0.103170E+07  0.101883E+07  0.000000E+00  0.000000E+00  0.935430E+05  0.100923E+07
  0.112345E+00  0.998584E+06  0.987134E+06  0.000000E+00  0.000000E+00  0.865489E+05  0.976912E+06
  0.116153E+00  0.968553E+06  0.958578E+06  0.000000E+00  0.000000E+00  0.802142E+05  0.947641E+06
  0.120090E+00  0.939781E+06  0.931182E+06  0.000000E+00  0.000000E+00  0.743424E+05  0.919595E+06
  0.124160E+00  0.910616E+06  0.903141E+06  0.000000E+00  0.000000E+00  0.687725E+05  0.891129E+06
  0.128369E+00  0.879680E+06  0.872964E+06  0.000000E+00  0.000000E+00  0.633983E+05  0.860872E+06
  0.132720E+00  0.845946E+06  0.839572E+06  0.000000E+00  0.000000E+00  0.581519E+05  0.827812E+06
  0.137219E+00  0.808996E+06  0.802569E+06  0.000000E+00  0.000000E+00  0.530186E+05  0.791544E+06
  0.141870E+00  0.769385E+06  0.762610E+06  0.000000E+00  0.000000E+00  0.480486E+05  0.752625E+06
  0.146678E+00  0.728715E+06  0.721459E+06  0.000000E+00  0.000000E+00  0.433461E+05  0.712655E+06
  0.151650E+00  0.689182E+06  0.681503E+06  0.000000E+00  0.000000E+00  0.390326E+05  0.673814E+06
  0.156790E+00  0.652852E+06  0.644984E+06  0.000000E+00  0.000000E+00  0.351939E+05  0.638157E+06
  0.162105E+00  0.621122E+06  0.613406E+06  0.000000E+00  0.000000E+00  0.318610E+05  0.607067E+06
  0.167599E+00  0.594502E+06  0.587295E+06  0.000000E+00  0.000000E+00  0.290111E+05  0.581047E+06
  0.173280E+00  0.572476E+06  0.566039E+06  0.000000E+00  0.000000E+00  0.265693E+05  0.559574E+06
  0.179153E+00  0.553424E+06  0.547847E+06  0.000000E+00  0.000000E+00  0.244205E+05  0.541032E+06
  0.185226E+00  0.534988E+06  0.530156E+06  0.000000E+00  0.000000E+00  0.224363E+05  0.523076E+06
  0.191504E+00  0.514965E+06  0.510606E+06  0.000000E+00  0.000000E+00  0.205169E+05  0.503524E+06
  0.197995E+00  0.492239E+06  0.488021E+06  0.000000E+00  0.000000E+00  0.186227E+05  0.481273E+06
  0.204706E+00  0.467212E+06  0.462876E+06  0.000000E+00  0.000000E+00  0.167772E+05  0.456729E+06
  0.211645E+00  0.441586E+06  0.437039E+06  0.000000E+00  0.000000E+00  0.150452E+05  0.431585E+06
  0.218818E+00  0.417541E+06  0.412883E+06  0.000000E+00  0.000000E+00  0.134934E+05  0.408009E+06
  0.226235E+00  0.396724E+06  0.392188E+06  0.000000E+00  0.000000E+00  0.121578E+05  0.387635E+06
  0.233903E+00  0.379583E+06  0.375403E+06  0.000000E+00  0.000000E+00  0.110288E+05  0.370900E+06
  0.241832E+00  0.365028E+06  0.361318E+06  0.000000E+00  0.000000E+00  0.100533E+05  0.356717E+06
  0.250029E+00  0.350994E+06  0.347693E+06  0.000000E+00  0.000000E+00  0.915993E+04  0.343037E+06
  0.258503E+00  0.335869E+06  0.332787E+06  0.000000E+00  0.000000E+00  0.830245E+04  0.328257E+06
  0.267265E+00  0.319209E+06  0.316157E+06  0.000000E+00  0.000000E+00  0.747099E+04  0.311946E+06
  0.276324E+00  0.302031E+06  0.298933E+06  0.000000E+00  0.000000E+00  0.669079E+04  0.295115E+06
  0.285690E+00  0.286152E+06  0.283079E+06  0.000000E+00  0.000000E+00  0.599823E+04  0.279569E+06
  0.295374E+00  0.272533E+06  0.269628E+06  0.000000E+00  0.000000E+00  0.540479E+04  0.266260E+06
  0.305386E+00  0.260795E+06  0.258146E+06  0.000000E+00  0.000000E+00  0.489209E+04  0.254808E+06
  0.315736E+00  0.249597E+06  0.247176E+06  0.000000E+00  0.000000E+00  0.442739E+04  0.243881E+06
  0.326438E+00  0.237841E+06  0.235538E+06  0.000000E+00  0.000000E+00  0.398803E+04  0.232389E+06
  0.337503E+00  0.225599E+06  0.223332E+06  0.000000E+00  0.000000E+00  0.357460E+04  0.220410E+06
  0.348943E+00  0.213866E+06  0.211646E+06  0.000000E+00  0.000000E+00  0.320143E+04  0.208931E+06
  0.360770E+00  0.203444E+06  0.201341E+06  0.000000E+00  0.000000E+00  0.287655E+04  0.198747E+06
  0.372999E+00  0.194099E+06  0.192150E+06  0.000000E+00  0.000000E+00  0.259170E+04  0.189624E+06
  0.385642E+00  0.184988E+06  0.183161E+06  0.000000E+00  0.000000E+00  0.233196E+04  0.180725E+06
  0.398713E+00  0.175723E+06  0.173965E+06  0.000000E+00  0.000000E+00  0.209071E+04  0.171668E+06
  0.412227E+00  0.166701E+06  0.165000E+06  0.000000E+00  0.000000E+00  0.187146E+04  0.162846E+06
  0.426200E+00  0.158422E+06  0.156808E+06  0.000000E+00  0.000000E+00  0.167786E+04  0.154756E+06
  0.440646E+00  0.150796E+06  0.149282E+06  0.000000E+00  0.000000E+00  0.150636E+04  0.147308E+06
  0.455581E+00  0.143376E+06  0.141943E+06  0.000000E+00  0.000000E+00  0.135057E+04  0.140060E+06
  0.471024E+00  0.136088E+06  0.134714E+06  0.000000E+00  0.000000E+00  0.120849E+04  0.132936E+06
  0.486989E+00  0.129195E+06  0.127886E+06  0.000000E+00  0.000000E+00  0.108136E+04  0.126201E+06
  0.503496E+00  0.122777E+06  0.121541E+06  0.000000E+00  0.000000E+00  0.968391E+03  0.119931E+06
  0.520561E+00  0.116632E+06  0.115460E+06  0.000000E+00  0.000000E+00  0.866704E+03  0.113928E+06
  0.538206E+00  0.110687E+06  0.109571E+06  0.000000E+00  0.000000E+00  0.774776E+03  0.108119E+06
  0.556448E+00  0.105057E+06  0.103997E+06  0.000000E+00  0.000000E+00  0.692538E+03  0.102619E+06
  0.575309E+00  0.997447E+05  0.987411E+05  0.000000E+00  0.000000E+00  0.619099E+03  0.974295E+05
  0.594809E+00  0.946565E+05  0.937037E+05  0.000000E+00  0.000000E+00  0.553088E+03  0.924586E+05
  0.614971E+00  0.897996E+05  0.888944E+05  0.000000E+00  0.000000E+00  0.493854E+03  0.877135E+05
  0.635816E+00  0.852015E+05  0.843436E+05  0.000000E+00  0.000000E+00  0.440936E+03  0.832219E+05
  0.657366E+00  0.808237E+05  0.800101E+05  0.000000E+00  0.000000E+00  0.393544E+03  0.789453E+05
  0.679648E+00  0.766510E+05  0.758789E+05  0.000000E+00  0.000000E+00  0.351092E+03  0.748690E+05
  0.702684E+00  0.726911E+05  0.719592E+05  0.000000E+00  0.000000E+00  0.313151E+03  0.710008E+05
  0.726502E+00  0.689249E+05  0.682310E+05  0.000000E+00  0.000000E+00  0.279220E+03  0.673218E+05
  0.751127E+00  0.653428E+05  0.646849E+05  0.000000E+00  0.000000E+00  0.248882E+03  0.638227E+05
  0.776587E+00  0.619406E+05  0.613171E+05  0.000000E+00  0.000000E+00  0.221780E+03  0.604993E+05
  0.802909E+00  0.587065E+05  0.581156E+05  0.000000E+00  0.000000E+00  0.197569E+03  0.573402E+05
  0.830124E+00  0.556342E+05  0.550742E+05  0.000000E+00  0.000000E+00  0.175950E+03  0.543392E+05
  0.858261E+00  0.527163E+05  0.521857E+05  0.000000E+00  0.000000E+00  0.156655E+03  0.514889E+05
  0.887352E+00  0.499448E+05  0.494421E+05  0.000000E+00  0.000000E+00  0.139435E+03  0.487817E+05
  0.917428E+00  0.473137E+05  0.468375E+05  0.000000E+00  0.000000E+00  0.124077E+03  0.462117E+05
  0.948525E+00  0.448156E+05  0.443646E+05  0.000000E+00  0.000000E+00  0.110382E+03  0.437717E+05
  0.980675E+00  0.424445E+05  0.420173E+05  0.000000E+00  0.000000E+00  0.981730E+02  0.414557E+05
  0.101392E+01  0.401939E+05  0.397894E+05  0.000000E+00  0.000000E+00  0.872921E+02  0.392574E+05
  0.104828E+01  0.380580E+05  0.376750E+05  0.000000E+00  0.000000E+00  0.775972E+02  0.371711E+05
  0.108381E+01  0.360313E+05  0.356688E+05  0.000000E+00  0.000000E+00  0.689630E+02  0.351916E+05
  0.112055E+01  0.341088E+05  0.337656E+05  0.000000E+00  0.000000E+00  0.612739E+02  0.333138E+05
  0.115853E+01  0.322853E+05  0.319605E+05  0.000000E+00  0.000000E+00  0.544304E+02  0.315328E+05
  0.119780E+01  0.305561E+05  0.302486E+05  0.000000E+00  0.000000E+00  0.483407E+02  0.298438E+05
  0.123840E+01  0.289164E+05  0.286254E+05  0.000000E+00  0.000000E+00  0.429228E+02  0.282422E+05
  0.128038E+01  0.273617E+05  0.270864E+05  0.000000E+00  0.000000E+00  0.381036E+02  0.267237E+05
  0.132377E+01  0.258879E+05  0.256275E+05  0.000000E+00  0.000000E+00  0.338182E+02  0.252843E+05
  0.136864E+01  0.244910E+05  0.242446E+05  0.000000E+00  0.000000E+00  0.300087E+02  0.239199E+05
  0.141503E+01  0.231671E+05  0.229341E+05  0.000000E+00  0.000000E+00  0.266229E+02  0.226268E+05
  0.146300E+01  0.219125E+05  0.216921E+05  0.000000E+00  0.000000E+00  0.236144E+02  0.214015E+05
  0.151258E+01  0.207238E+05  0.205153E+05  0.000000E+00  0.000000E+00  0.209418E+02  0.202405E+05
  0.156385E+01  0.195976E+05  0.194005E+05  0.000000E+00  0.000000E+00  0.185680E+02  0.191405E+05
  0.161686E+01  0.185310E+05  0.183446E+05  0.000000E+00  0.000000E+00  0.164604E+02  0.180987E+05
  0.167166E+01  0.175208E+05  0.173445E+05  0.000000E+00  0.000000E+00  0.145895E+02  0.171121E+05
  0.172833E+01  0.165641E+05  0.163975E+05  0.000000E+00  0.000000E+00  0.129289E+02  0.161777E+05
  0.178691E+01  0.156582E+05  0.155007E+05  0.000000E+00  0.000000E+00  0.114553E+02  0.152929E+05
  0.184748E+01  0.148005E+05  0.146516E+05  0.000000E+00  0.000000E+00  0.101480E+02  0.144552E+05
  0.191009E+01  0.139885E+05  0.138478E+05  0.000000E+00  0.000000E+00  0.898847E+01  0.136622E+05
  0.197484E+01  0.132199E+05  0.130869E+05  0.000000E+00  0.000000E+00  0.795991E+01  0.129114E+05
  0.204177E+01  0.124924E+05  0.123668E+05  0.000000E+00  0.000000E+00  0.704815E+01  0.122009E+05
  0.211098E+01  0.118040E+05  0.116853E+05  0.000000E+00  0.000000E+00  0.623973E+01  0.115286E+05
  0.218253E+01  0.111526E+05  0.110404E+05  0.000000E+00  0.000000E+00  0.552330E+01  0.108924E+05
  0.225651E+01  0.105363E+05  0.104303E+05  0.000000E+00  0.000000E+00  0.488850E+01  0.102904E+05
  0.233299E+01  0.995325E+04  0.985313E+04  0.000000E+00  0.000000E+00  0.432588E+01  0.972098E+04
  0.241207E+01  0.940166E+04  0.930709E+04  0.000000E+00  0.000000E+00  0.382754E+01  0.918226E+04
  0.249383E+01  0.887993E+04  0.879061E+04  0.000000E+00  0.000000E+00  0.338611E+01  0.867270E+04
  0.257836E+01  0.838649E+04  0.830213E+04  0.000000E+00  0.000000E+00  0.299522E+01  0.819077E+04
  0.266575E+01  0.791987E+04  0.784021E+04  0.000000E+00  0.000000E+00  0.264910E+01  0.773504E+04
  0.275611E+01  0.747866E+04  0.740343E+04  0.000000E+00  0.000000E+00  0.234267E+01  0.730411E+04
  0.284953E+01  0.706150E+04  0.699047E+04  0.000000E+00  0.000000E+00  0.207144E+01  0.689669E+04
  0.294611E+01  0.666712E+04  0.660005E+04  0.000000E+00  0.000000E+00  0.183144E+01  0.651151E+04
  0.304597E+01  0.629428E+04  0.623096E+04  0.000000E+00  0.000000E+00  0.161897E+01  0.614738E+04
  0.314921E+01  0.594187E+04  0.588209E+04  0.000000E+00  0.000000E+00  0.143103E+01  0.580318E+04
  0.325596E+01  0.560878E+04  0.555235E+04  0.000000E+00  0.000000E+00  0.126475E+01  0.547787E+04
  0.336632E+01  0.529402E+04  0.524075E+04  0.000000E+00  0.000000E+00  0.111766E+01  0.517045E+04
  0.348042E+01  0.499657E+04  0.494630E+04  0.000000E+00  0.000000E+00  0.987592E+00  0.487994E+04
  0.359839E+01  0.471552E+04  0.466807E+04  0.000000E+00  0.000000E+00  0.872554E+00  0.460545E+04
  0.372036E+01  0.444996E+04  0.440518E+04  0.000000E+00  0.000000E+00  0.770835E+00  0.434609E+04
  0.384646E+01  0.419908E+04  0.415682E+04  0.000000E+00  0.000000E+00  0.680912E+00  0.410106E+04
  0.397683E+01  0.396208E+04  0.392220E+04  0.000000E+00  0.000000E+00  0.601413E+00  0.386959E+04
  0.411163E+01  0.373823E+04  0.370060E+04  0.000000E+00  0.000000E+00  0.531154E+00  0.365096E+04
  0.425099E+01  0.352679E+04  0.349129E+04  0.000000E+00  0.000000E+00  0.469056E+00  0.344446E+04
  0.439508E+01  0.332711E+04  0.329362E+04  0.000000E+00  0.000000E+00  0.414182E+00  0.324944E+04
  0.454405E+01  0.313852E+04  0.310693E+04  0.000000E+00  0.000000E+00  0.365689E+00  0.306525E+04
  0.469808E+01  0.296044E+04  0.293064E+04  0.000000E+00  0.000000E+00  0.322850E+00  0.289133E+04
  0.485732E+01  0.279231E+04  0.276420E+04  0.000000E+00  0.000000E+00  0.285004E+00  0.272713E+04
  0.502196E+01  0.263357E+04  0.260705E+04  0.000000E+00  0.000000E+00  0.251565E+00  0.257209E+04
  0.519217E+01  0.248371E+04  0.245869E+04  0.000000E+00  0.000000E+00  0.222039E+00  0.242573E+04
  0.536817E+01  0.234223E+04  0.231863E+04  0.000000E+00  0.000000E+00  0.195957E+00  0.228754E+04
  0.555012E+01  0.220868E+04  0.218643E+04  0.000000E+00  0.000000E+00  0.172935E+00  0.215712E+04
  0.573824E+01  0.208264E+04  0.206165E+04  0.000000E+00  0.000000E+00  0.152598E+00  0.203401E+04
  0.593274E+01  0.196368E+04  0.194389E+04  0.000000E+00  0.000000E+00  0.134645E+00  0.191783E+04
  0.613383E+01  0.185140E+04  0.183274E+04  0.000000E+00  0.000000E+00  0.118795E+00  0.180817E+04
  0.634174E+01  0.174545E+04  0.172785E+04  0.000000E+00  0.000000E+00  0.104806E+00  0.170470E+04
  0.655669E+01  0.164547E+04  0.162888E+04  0.000000E+00  0.000000E+00  0.924547E-01  0.160705E+04
  0.677893E+01  0.155115E+04  0.153550E+04  0.000000E+00  0.000000E+00  0.815551E-01  0.151493E+04
  0.700870E+01  0.146214E+04  0.144739E+04  0.000000E+00  0.000000E+00  0.719329E-01  0.142800E+04
  0.724626E+01  0.137817E+04  0.136427E+04  0.000000E+00  0.000000E+00  0.634422E-01  0.134599E+04
  0.749188E+01  0.129896E+04  0.128585E+04  0.000000E+00  0.000000E+00  0.559501E-01  0.126863E+04
  0.774582E+01  0.122424E+04  0.121188E+04  0.000000E+00  0.000000E+00  0.493446E-01  0.119566E+04
  0.800836E+01  0.115376E+04  0.114211E+04  0.000000E+00  0.000000E+00  0.435106E-01  0.112682E+04
  0.827981E+01  0.108728E+04  0.107629E+04  0.000000E+00  0.000000E+00  0.383665E-01  0.106189E+04
  0.856045E+01  0.102459E+04  0.101423E+04  0.000000E+00  0.000000E+00  0.338280E-01  0.100066E+04
  0.885061E+01  0.965457E+03  0.955693E+03  0.000000E+00  0.000000E+00  0.298256E-01  0.942910E+03
  0.915060E+01  0.909696E+03  0.900492E+03  0.000000E+00  0.000000E+00  0.262925E-01  0.888450E+03
  0.946076E+01  0.857113E+03  0.848437E+03  0.000000E+00  0.000000E+00  0.231797E-01  0.837095E+03
  0.978143E+01  0.807536E+03  0.799358E+03  0.000000E+00  0.000000E+00  0.204322E-01  0.788675E+03
  0.101130E+02  0.760788E+03  0.753079E+03  0.000000E+00  0.000000E+00  0.180121E-01  0.743018E+03
  0.104558E+02  0.716714E+03  0.709447E+03  0.000000E+00  0.000000E+00  0.158747E-01  0.699973E+03
  0.108102E+02  0.675163E+03  0.668313E+03  0.000000E+00  0.000000E+00  0.139918E-01  0.659391E+03
  0.111766E+02  0.635993E+03  0.629537E+03  0.000000E+00  0.000000E+00  0.123306E-01  0.621136E+03
  0.115554E+02  0.599067E+03  0.592981E+03  0.000000E+00  0.000000E+00  0.108673E-01  0.585071E+03
  0.119471E+02  0.564261E+03  0.558525E+03  0.000000E+00  0.000000E+00  0.957636E-02  0.551078E+03
  0.123520E+02  0.531455E+03  0.526047E+03  0.000000E+00  0.000000E+00  0.843864E-02  0.519038E+03
  0.127707E+02  0.500533E+03  0.495436E+03  0.000000E+00  0.000000E+00  0.743540E-02  0.488837E+03
  0.132036E+02  0.471392E+03  0.466587E+03  0.000000E+00  0.000000E+00  0.655159E-02  0.460376E+03
  0.136511E+02  0.443928E+03  0.439398E+03  0.000000E+00  0.000000E+00  0.577237E-02  0.433553E+03
  0.141138E+02  0.418046E+03  0.413776E+03  0.000000E+00  0.000000E+00  0.508555E-02  0.408276E+03
  0.145922E+02  0.393658E+03  0.389632E+03  0.000000E+00  0.000000E+00  0.448041E-02  0.384457E+03
  0.150868E+02  0.370677E+03  0.366882E+03  0.000000E+00  0.000000E+00  0.394701E-02  0.362013E+03
  0.155982E+02  0.349023E+03  0.345445E+03  0.000000E+00  0.000000E+00  0.347683E-02  0.340864E+03
  0.161269E+02  0.328622E+03  0.325249E+03  0.000000E+00  0.000000E+00  0.306262E-02  0.320939E+03
  0.166735E+02  0.309400E+03  0.306220E+03  0.000000E+00  0.000000E+00  0.269781E-02  0.302166E+03
  0.172386E+02  0.291291E+03  0.288292E+03  0.000000E+00  0.000000E+00  0.237622E-02  0.284479E+03
  0.178229E+02  0.274232E+03  0.271404E+03  0.000000E+00  0.000000E+00  0.209275E-02  0.267818E+03
  0.184270E+02  0.258162E+03  0.255494E+03  0.000000E+00  0.000000E+00  0.184312E-02  0.252123E+03
  0.190516E+02  0.243024E+03  0.240508E+03  0.000000E+00  0.000000E+00  0.162339E-02  0.237338E+03
  0.196974E+02  0.228765E+03  0.226392E+03  0.000000E+00  0.000000E+00  0.142953E-02  0.223413E+03
  0.203650E+02  0.215334E+03  0.213096E+03  0.000000E+00  0.000000E+00  0.125882E-02  0.210295E+03
  0.210553E+02  0.202685E+03  0.200573E+03  0.000000E+00  0.000000E+00  0.110843E-02  0.197941E+03
  0.217690E+02  0.190772E+03  0.188779E+03  0.000000E+00  0.000000E+00  0.976176E-03  0.186306E+03
  0.225069E+02  0.179552E+03  0.177672E+03  0.000000E+00  0.000000E+00  0.859477E-03  0.175348E+03
  0.232697E+02  0.168986E+03  0.167211E+03  0.000000E+00  0.000000E+00  0.756775E-03  0.165028E+03
  0.240585E+02  0.159036E+03  0.157361E+03  0.000000E+00  0.000000E+00  0.666263E-03  0.155311E+03
  0.248739E+02  0.149666E+03  0.148085E+03  0.000000E+00  0.000000E+00  0.586523E-03  0.146160E+03
  0.257170E+02  0.140844E+03  0.139350E+03  0.000000E+00  0.000000E+00  0.516341E-03  0.137543E+03
  0.265887E+02  0.132537E+03  0.131126E+03  0.000000E+00  0.000000E+00  0.454545E-03  0.129430E+03
  0.274899E+02  0.124715E+03  0.123383E+03  0.000000E+00  0.000000E+00  0.400195E-03  0.121791E+03
  0.284217E+02  0.117351E+03  0.116092E+03  0.000000E+00  0.000000E+00  0.352313E-03  0.114598E+03
  0.293851E+02  0.110418E+03  0.109228E+03  0.000000E+00  0.000000E+00  0.310115E-03  0.107827E+03
  0.303811E+02  0.103891E+03  0.102767E+03  0.000000E+00  0.000000E+00  0.272927E-03  0.101452E+03
  0.314108E+02  0.977463E+02  0.966832E+02  0.000000E+00  0.000000E+00  0.240263E-03  0.954510E+02
  0.324755E+02  0.919620E+02  0.909566E+02  0.000000E+00  0.000000E+00  0.211415E-03  0.898017E+02
  0.335763E+02  0.865169E+02  0.855657E+02  0.000000E+00  0.000000E+00  0.186102E-03  0.844837E+02
  0.347144E+02  0.813914E+02  0.804912E+02  0.000000E+00  0.000000E+00  0.163792E-03  0.794777E+02
  0.358910E+02  0.765671E+02  0.757150E+02  0.000000E+00  0.000000E+00  0.144135E-03  0.747660E+02
  0.371075E+02  0.720262E+02  0.712192E+02  0.000000E+00  0.000000E+00  0.126832E-03  0.703309E+02
  0.383653E+02  0.677524E+02  0.669879E+02  0.000000E+00  0.000000E+00  0.111640E-03  0.661569E+02
  0.396657E+02  0.637300E+02  0.630054E+02  0.000000E+00  0.000000E+00  0.982279E-04  0.622282E+02
  0.410101E+02  0.599444E+02  0.592574E+02  0.000000E+00  0.000000E+00  0.864296E-04  0.585310E+02
  0.424002E+02  0.563817E+02  0.557300E+02  0.000000E+00  0.000000E+00  0.760544E-04  0.550513E+02
  0.438373E+02  0.530290E+02  0.524106E+02  0.000000E+00  0.000000E+00  0.668968E-04  0.517768E+02
  0.453232E+02  0.498739E+02  0.492867E+02  0.000000E+00  0.000000E+00  0.588760E-04  0.486953E+02
  0.468594E+02  0.469050E+02  0.463472E+02  0.000000E+00  0.000000E+00  0.517996E-04  0.457956E+02
  0.484478E+02  0.441112E+02  0.435811E+02  0.000000E+00  0.000000E+00  0.455542E-04  0.430670E+02
  0.500899E+02  0.414825E+02  0.409783E+02  0.000000E+00  0.000000E+00  0.400895E-04  0.404996E+02
  0.517877E+02  0.390091E+02  0.385293E+02  0.000000E+00  0.000000E+00  0.352614E-04  0.380838E+02
  0.535430E+02  0.366818E+02  0.362250E+02  0.000000E+00  0.000000E+00  0.310169E-04  0.358108E+02
  0.553579E+02  0.344922E+02  0.340569E+02  0.000000E+00  0.000000E+00  0.272871E-04  0.336723E+02
  0.572343E+02  0.324321E+02  0.320171E+02  0.000000E+00  0.000000E+00  0.239918E-04  0.316602E+02
  0.591742E+02  0.304940E+02  0.300981E+02  0.000000E+00  0.000000E+00  0.211006E-04  0.297673E+02
  0.611800E+02  0.286707E+02  0.282926E+02  0.000000E+00  0.000000E+00  0.185719E-04  0.279864E+02
  0.632536E+02  0.269554E+02  0.265942E+02  0.000000E+00  0.000000E+00  0.163346E-04  0.263111E+02
  0.653977E+02  0.253418E+02  0.249963E+02  0.000000E+00  0.000000E+00  0.143713E-04  0.247351E+02
  0.676143E+02  0.238239E+02  0.234933E+02  0.000000E+00  0.000000E+00  0.126312E-04  0.232525E+02
  0.699061E+02  0.223960E+02  0.220793E+02  0.000000E+00  0.000000E+00  0.110982E-04  0.218579E+02
  0.722756E+02  0.210529E+02  0.207493E+02  0.000000E+00  0.000000E+00  0.976214E-05  0.205461E+02
  0.747254E+02  0.197896E+02  0.194983E+02  0.000000E+00  0.000000E+00  0.859978E-05  0.193122E+02
  0.772582E+02  0.186013E+02  0.183216E+02  0.000000E+00  0.000000E+00  0.754665E-05  0.181516E+02
  0.798769E+02  0.174837E+02  0.172147E+02  0.000000E+00  0.000000E+00  0.664497E-05  0.170600E+02
  0.825843E+02  0.164325E+02  0.161738E+02  0.000000E+00  0.000000E+00  0.585490E-05  0.160333E+02
  0.853835E+02  0.154438E+02  0.151947E+02  0.000000E+00  0.000000E+00  0.513548E-05  0.150677E+02
  0.882775E+02  0.145140E+02  0.142738E+02  0.000000E+00  0.000000E+00  0.450914E-05  0.141595E+02
  0.912698E+02  0.136396E+02  0.134078E+02  0.000000E+00  0.000000E+00  0.396748E-05  0.133054E+02
  0.943633E+02  0.128172E+02  0.125934E+02  0.000000E+00  0.000000E+00  0.348320E-05  0.125022E+02
  0.975619E+02  0.120438E+02  0.118274E+02  0.000000E+00  0.000000E+00  0.307367E-05  0.117468E+02
  0.100869E+03  0.113166E+02  0.111071E+02  0.000000E+00  0.000000E+00  0.269280E-05  0.110365E+02
  0.104288E+03  0.106327E+02  0.104298E+02  0.000000E+00  0.000000E+00  0.236247E-05  0.103685E+02
  0.107822E+03  0.998966E+01  0.979291E+01  0.000000E+00  0.000000E+00  0.207704E-05  0.974040E+01
  0.111477E+03  0.938494E+01  0.919397E+01  0.000000E+00  0.000000E+00  0.183318E-05  0.914975E+01
  0.115256E+03  0.881636E+01  0.863082E+01  0.000000E+00  0.000000E+00  0.160921E-05  0.859440E+01
  0.119162E+03  0.828175E+01  0.810131E+01  0.000000E+00  0.000000E+00  0.141161E-05  0.807222E+01
  0.123201E+03  0.777909E+01  0.760344E+01  0.000000E+00  0.000000E+00  0.124094E-05  0.758125E+01
  0.127377E+03  0.730645E+01  0.713531E+01  0.000000E+00  0.000000E+00  0.108712E-05  0.711960E+01
  0.131695E+03  0.686211E+01  0.669520E+01  0.000000E+00  0.000000E+00  0.953451E-06  0.668560E+01
  0.136158E+03  0.644435E+01  0.628143E+01  0.000000E+00  0.000000E+00  0.842711E-06  0.627755E+01
  0.140773E+03  0.605160E+01  0.589244E+01  0.000000E+00  0.000000E+00  0.735310E-06  0.589394E+01
  0.145545E+03  0.568235E+01  0.552673E+01  0.000000E+00  0.000000E+00  0.646730E-06  0.553328E+01
  0.150478E+03  0.533525E+01  0.518296E+01  0.000000E+00  0.000000E+00  0.568821E-06  0.519425E+01
  0.155579E+03  0.500894E+01  0.485981E+01  0.000000E+00  0.000000E+00  0.502393E-06  0.487555E+01
  0.160852E+03  0.470219E+01  0.455604E+01  0.000000E+00  0.000000E+00  0.441181E-06  0.457594E+01
  0.166304E+03  0.441386E+01  0.427053E+01  0.000000E+00  0.000000E+00  0.385665E-06  0.429433E+01
  0.171941E+03  0.414284E+01  0.400218E+01  0.000000E+00  0.000000E+00  0.338612E-06  0.402963E+01
  0.177769E+03  0.388810E+01  0.374996E+01  0.000000E+00  0.000000E+00  0.298133E-06  0.378082E+01
  0.183795E+03  0.364864E+01  0.351292E+01  0.000000E+00  0.000000E+00  0.262495E-06  0.354696E+01
  0.190025E+03  0.342360E+01  0.329018E+01  0.000000E+00  0.000000E+00  0.230702E-06  0.332718E+01
  0.196465E+03  0.321210E+01  0.308087E+01  0.000000E+00  0.000000E+00  0.199899E-06  0.312062E+01
  0.203124E+03  0.301332E+01  0.288420E+01  0.000000E+00  0.000000E+00  0.176547E-06  0.292651E+01
