  0.106192E-04  0.389985E+07  0.389985E+07  0.519926E+07  0.519926E+07  0.389898E+07  0.389983E+07
  0.109791E-04  0.389985E+07  0.389985E+07  0.519922E+07  0.519922E+07  0.389898E+07  0.389983E+07
  0.113513E-04  0.389985E+07  0.389985E+07  0.519918E+07  0.519918E+07  0.389898E+07  0.389983E+07
  0.117360E-04  0.389985E+07  0.389985E+07  0.519914E+07  0.519914E+07  0.389898E+07  0.389983E+07
  0.121338E-04  0.389985E+07  0.389985E+07  0.519909E+07  0.519909E+07  0.389898E+07  0.389983E+07
  0.125451E-04  0.389985E+07  0.389985E+07  0.519905E+07  0.519904E+07  0.389898E+07  0.389983E+07
  0.129703E-04  0.389985E+07  0.389985E+07  0.519899E+07  0.519899E+07  0.389898E+07  0.389983E+07
  0.134099E-04  0.389985E+07  0.389985E+07  0.519894E+07  0.519893E+07  0.389898E+07  0.389983E+07
  0.138645E-04  0.389985E+07  0.389985E+07  0.519888E+07  0.519887E+07  0.389898E+07  0.389983E+07
  0.143344E-04  0.389985E+07  0.389985E+07  0.519881E+07  0.519881E+07  0.389897E+07  0.389983E+07
  0.148203E-04  0.389985E+07  0.389985E+07  0.519875E+07  0.519874E+07  0.389897E+07  0.389983E+07
  0.153226E-04  0.389985E+07  0.389985E+07  0.519867E+07  0.519866E+07  0.389897E+07  0.389983E+07
  0.158420E-04  0.389985E+07  0.389985E+07  0.519859E+07  0.519859E+07  0.389897E+07  0.389983E+07
  0.163789E-04  0.389985E+07  0.389985E+07  0.519851E+07  0.519850E+07  0.389897E+07  0.389983E+07
  0.169341E-04  0.389984E+07  0.389984E+07  0.519842E+07  0.519841E+07  0.389897E+07  0.389983E+07
  0.175081E-04  0.389984E+07  0.389984E+07  0.519833E+07  0.519832E+07  0.389896E+07  0.389982E+07
  0.181015E-04  0.389984E+07  0.389984E+07  0.519822E+07  0.519821E+07  0.389896E+07  0.389982E+07
  0.187151E-04  0.389984E+07  0.389984E+07  0.519812E+07  0.519810E+07  0.389896E+07  0.389982E+07
  0.193494E-04  0.389984E+07  0.389984E+07  0.519800E+07  0.519799E+07  0.389896E+07  0.389982E+07
  0.200053E-04  0.389984E+07  0.389984E+07  0.519788E+07  0.519786E+07  0.389895E+07  0.389982E+07
  0.206834E-04  0.389984E+07  0.389984E+07  0.519774E+07  0.519773E+07  0.389895E+07  0.389982E+07
  0.213844E-04  0.389984E+07  0.389984E+07  0.519760E+07  0.519758E+07  0.389895E+07  0.389982E+07
  0.221093E-04  0.389984E+07  0.389984E+07  0.519745E+07  0.519743E+07  0.389894E+07  0.389982E+07
  0.228587E-04  0.389984E+07  0.389984E+07  0.519729E+07  0.519727E+07  0.389894E+07  0.389982E+07
  0.236335E-04  0.389984E+07  0.389984E+07  0.519711E+07  0.519709E+07  0.389894E+07  0.389982E+07
  0.244345E-04  0.389984E+07  0.389984E+07  0.519693E+07  0.519691E+07  0.389893E+07  0.389982E+07
  0.252627E-04  0.389983E+07  0.389983E+07  0.519673E+07  0.519671E+07  0.389893E+07  0.389982E+07
  0.261190E-04  0.389983E+07  0.389983E+07  0.519652E+07  0.519649E+07  0.389892E+07  0.389981E+07
  0.270043E-04  0.389983E+07  0.389983E+07  0.519629E+07  0.519626E+07  0.389892E+07  0.389981E+07
  0.279196E-04  0.389983E+07  0.389983E+07  0.519605E+07  0.519602E+07  0.389891E+07  0.389981E+07
  0.288660E-04  0.389983E+07  0.389983E+07  0.519579E+07  0.519576E+07  0.389890E+07  0.389981E+07
  0.298444E-04  0.389983E+07  0.389983E+07  0.519551E+07  0.519548E+07  0.389890E+07  0.389981E+07
  0.308560E-04  0.389983E+07  0.389983E+07  0.519522E+07  0.519518E+07  0.389889E+07  0.389981E+07
  0.319018E-04  0.389982E+07  0.389982E+07  0.519490E+07  0.519486E+07  0.389888E+07  0.389980E+07
  0.329831E-04  0.389982E+07  0.389982E+07  0.519456E+07  0.519452E+07  0.389888E+07  0.389980E+07
  0.341011E-04  0.389982E+07  0.389982E+07  0.519420E+07  0.519416E+07  0.389887E+07  0.389980E+07
  0.352570E-04  0.389982E+07  0.389982E+07  0.519382E+07  0.519377E+07  0.389886E+07  0.389980E+07
  0.364520E-04  0.389982E+07  0.389981E+07  0.519340E+07  0.519336E+07  0.389885E+07  0.389979E+07
  0.376876E-04  0.389981E+07  0.389981E+07  0.519296E+07  0.519291E+07  0.389884E+07  0.389979E+07
  0.389650E-04  0.389981E+07  0.389981E+07  0.519249E+07  0.519244E+07  0.389883E+07  0.389979E+07
  0.402857E-04  0.389981E+07  0.389981E+07  0.519199E+07  0.519193E+07  0.389882E+07  0.389978E+07
  0.416512E-04  0.389980E+07  0.389980E+07  0.519145E+07  0.519139E+07  0.389881E+07  0.389978E+07
  0.430630E-04  0.389980E+07  0.389980E+07  0.519087E+07  0.519081E+07  0.389879E+07  0.389978E+07
  0.445226E-04  0.389980E+07  0.389980E+07  0.519026E+07  0.519019E+07  0.389878E+07  0.389977E+07
  0.460317E-04  0.389979E+07  0.389979E+07  0.518960E+07  0.518952E+07  0.389876E+07  0.389977E+07
  0.475919E-04  0.389979E+07  0.389979E+07  0.518890E+07  0.518882E+07  0.389875E+07  0.389977E+07
  0.492051E-04  0.389978E+07  0.389978E+07  0.518815E+07  0.518806E+07  0.389873E+07  0.389976E+07
  0.508729E-04  0.389978E+07  0.389978E+07  0.518735E+07  0.518725E+07  0.389871E+07  0.389976E+07
  0.525972E-04  0.389977E+07  0.389977E+07  0.518649E+07  0.518639E+07  0.389869E+07  0.389975E+07
  0.543800E-04  0.389977E+07  0.389977E+07  0.518557E+07  0.518546E+07  0.389867E+07  0.389974E+07
  0.562232E-04  0.389976E+07  0.389976E+07  0.518459E+07  0.518448E+07  0.389865E+07  0.389974E+07
  0.581289E-04  0.389976E+07  0.389976E+07  0.518354E+07  0.518342E+07  0.389862E+07  0.389973E+07
  0.600992E-04  0.389975E+07  0.389975E+07  0.518242E+07  0.518229E+07  0.389860E+07  0.389972E+07
  0.621363E-04  0.389974E+07  0.389974E+07  0.518123E+07  0.518109E+07  0.389857E+07  0.389972E+07
  0.642424E-04  0.389973E+07  0.389973E+07  0.517995E+07  0.517980E+07  0.389854E+07  0.389971E+07
  0.664199E-04  0.389973E+07  0.389973E+07  0.517858E+07  0.517842E+07  0.389851E+07  0.389970E+07
  0.686712E-04  0.389972E+07  0.389972E+07  0.517712E+07  0.517695E+07  0.389848E+07  0.389969E+07
  0.709988E-04  0.389971E+07  0.389971E+07  0.517556E+07  0.517538E+07  0.389844E+07  0.389968E+07
  0.734053E-04  0.389970E+07  0.389970E+07  0.517390E+07  0.517370E+07  0.389840E+07  0.389967E+07
  0.758934E-04  0.389969E+07  0.389969E+07  0.517212E+07  0.517191E+07  0.389836E+07  0.389966E+07
  0.784658E-04  0.389968E+07  0.389968E+07  0.517021E+07  0.516999E+07  0.389832E+07  0.389965E+07
  0.811254E-04  0.389966E+07  0.389966E+07  0.516818E+07  0.516794E+07  0.389827E+07  0.389963E+07
  0.838752E-04  0.389965E+07  0.389965E+07  0.516600E+07  0.516575E+07  0.389822E+07  0.389962E+07
  0.867182E-04  0.389964E+07  0.389964E+07  0.516368E+07  0.516341E+07  0.389817E+07  0.389961E+07
  0.896575E-04  0.389962E+07  0.389962E+07  0.516120E+07  0.516091E+07  0.389811E+07  0.389959E+07
  0.926964E-04  0.389961E+07  0.389961E+07  0.515855E+07  0.515824E+07  0.389805E+07  0.389957E+07
  0.958384E-04  0.389959E+07  0.389959E+07  0.515572E+07  0.515538E+07  0.389798E+07  0.389956E+07
  0.990869E-04  0.389957E+07  0.389957E+07  0.515269E+07  0.515233E+07  0.389791E+07  0.389954E+07
  0.102445E-03  0.389955E+07  0.389955E+07  0.514946E+07  0.514908E+07  0.389784E+07  0.389952E+07
  0.105918E-03  0.389953E+07  0.389953E+07  0.514600E+07  0.514560E+07  0.389776E+07  0.389949E+07
  0.109508E-03  0.389951E+07  0.389951E+07  0.514231E+07  0.514188E+07  0.389767E+07  0.389947E+07
  0.113220E-03  0.389949E+07  0.389948E+07  0.513837E+07  0.513791E+07  0.389758E+07  0.389944E+07
  0.117057E-03  0.389946E+07  0.389946E+07  0.513416E+07  0.513367E+07  0.389748E+07  0.389942E+07
  0.121025E-03  0.389943E+07  0.389943E+07  0.512966E+07  0.512914E+07  0.389738E+07  0.389939E+07
  0.125127E-03  0.389940E+07  0.389940E+07  0.512486E+07  0.512430E+07  0.389727E+07  0.389936E+07
  0.129368E-03  0.389937E+07  0.389937E+07  0.511973E+07  0.511913E+07  0.389715E+07  0.389933E+07
  0.133753E-03  0.389934E+07  0.389934E+07  0.511426E+07  0.511361E+07  0.389702E+07  0.389929E+07
  0.138287E-03  0.389931E+07  0.389930E+07  0.510841E+07  0.510772E+07  0.389689E+07  0.389925E+07
  0.142974E-03  0.389927E+07  0.389927E+07  0.510216E+07  0.510143E+07  0.389674E+07  0.389921E+07
  0.147820E-03  0.389923E+07  0.389923E+07  0.509549E+07  0.509471E+07  0.389659E+07  0.389917E+07
  0.152831E-03  0.389918E+07  0.389918E+07  0.508837E+07  0.508754E+07  0.389642E+07  0.389912E+07
  0.158011E-03  0.389914E+07  0.389914E+07  0.508078E+07  0.507988E+07  0.389624E+07  0.389908E+07
  0.163367E-03  0.389909E+07  0.389909E+07  0.507266E+07  0.507171E+07  0.389605E+07  0.389902E+07
  0.168904E-03  0.389904E+07  0.389903E+07  0.506401E+07  0.506299E+07  0.389585E+07  0.389897E+07
  0.174629E-03  0.389898E+07  0.389898E+07  0.505477E+07  0.505369E+07  0.389563E+07  0.389891E+07
  0.180548E-03  0.389892E+07  0.389892E+07  0.504491E+07  0.504376E+07  0.389540E+07  0.389884E+07
  0.186668E-03  0.389886E+07  0.389885E+07  0.503439E+07  0.503316E+07  0.389516E+07  0.389878E+07
  0.192995E-03  0.389879E+07  0.389878E+07  0.502317E+07  0.502186E+07  0.389489E+07  0.389870E+07
  0.199536E-03  0.389872E+07  0.389871E+07  0.501121E+07  0.500981E+07  0.389461E+07  0.389863E+07
  0.206300E-03  0.389864E+07  0.389863E+07  0.499844E+07  0.499695E+07  0.389431E+07  0.389854E+07
  0.213292E-03  0.389855E+07  0.389855E+07  0.498483E+07  0.498324E+07  0.389398E+07  0.389845E+07
  0.220522E-03  0.389846E+07  0.389846E+07  0.497032E+07  0.496863E+07  0.389364E+07  0.389836E+07
  0.227996E-03  0.389837E+07  0.389836E+07  0.495486E+07  0.495305E+07  0.389327E+07  0.389826E+07
  0.235724E-03  0.389827E+07  0.389826E+07  0.493838E+07  0.493646E+07  0.389288E+07  0.389815E+07
  0.243714E-03  0.389816E+07  0.389815E+07  0.492082E+07  0.491877E+07  0.389246E+07  0.389803E+07
  0.251975E-03  0.389804E+07  0.389803E+07  0.490211E+07  0.489993E+07  0.389201E+07  0.389791E+07
  0.260516E-03  0.389792E+07  0.389791E+07  0.488218E+07  0.487987E+07  0.389153E+07  0.389778E+07
  0.269346E-03  0.389778E+07  0.389778E+07  0.486097E+07  0.485851E+07  0.389102E+07  0.389764E+07
  0.278475E-03  0.389764E+07  0.389763E+07  0.483839E+07  0.483577E+07  0.389047E+07  0.389749E+07
  0.287914E-03  0.389749E+07  0.389748E+07  0.481437E+07  0.481158E+07  0.388988E+07  0.389732E+07
  0.297673E-03  0.389733E+07  0.389732E+07  0.478881E+07  0.478585E+07  0.388926E+07  0.389715E+07
  0.307763E-03  0.389716E+07  0.389714E+07  0.476162E+07  0.475848E+07  0.388859E+07  0.389697E+07
  0.318195E-03  0.389697E+07  0.389696E+07  0.473273E+07  0.472939E+07  0.388787E+07  0.389677E+07
  0.328980E-03  0.389677E+07  0.389676E+07  0.470203E+07  0.469849E+07  0.388711E+07  0.389656E+07
  0.340131E-03  0.389656E+07  0.389655E+07  0.466941E+07  0.466566E+07  0.388630E+07  0.389634E+07
  0.351659E-03  0.389634E+07  0.389632E+07  0.463478E+07  0.463081E+07  0.388543E+07  0.389610E+07
  0.363579E-03  0.389610E+07  0.389608E+07  0.459804E+07  0.459382E+07  0.388450E+07  0.389584E+07
  0.375903E-03  0.389584E+07  0.389582E+07  0.455906E+07  0.455460E+07  0.388350E+07  0.389557E+07
  0.388644E-03  0.389557E+07  0.389555E+07  0.451774E+07  0.451302E+07  0.388244E+07  0.389528E+07
  0.401817E-03  0.389527E+07  0.389525E+07  0.447397E+07  0.446898E+07  0.388131E+07  0.389497E+07
  0.415437E-03  0.389496E+07  0.389494E+07  0.442761E+07  0.442234E+07  0.388010E+07  0.389463E+07
  0.429518E-03  0.389463E+07  0.389461E+07  0.437857E+07  0.437301E+07  0.387881E+07  0.389428E+07
  0.444076E-03  0.389427E+07  0.389425E+07  0.432671E+07  0.432084E+07  0.387744E+07  0.389390E+07
  0.459128E-03  0.389389E+07  0.389387E+07  0.427192E+07  0.426574E+07  0.387597E+07  0.389350E+07
  0.474691E-03  0.389348E+07  0.389346E+07  0.421407E+07  0.420757E+07  0.387440E+07  0.389307E+07
  0.490780E-03  0.389305E+07  0.389302E+07  0.415306E+07  0.414623E+07  0.387272E+07  0.389261E+07
  0.507415E-03  0.389259E+07  0.389256E+07  0.408878E+07  0.408160E+07  0.387093E+07  0.389212E+07
  0.524614E-03  0.389210E+07  0.389207E+07  0.402110E+07  0.401358E+07  0.386902E+07  0.389159E+07
  0.542396E-03  0.389157E+07  0.389154E+07  0.394994E+07  0.394206E+07  0.386699E+07  0.389103E+07
  0.560781E-03  0.389101E+07  0.389098E+07  0.387520E+07  0.386696E+07  0.386481E+07  0.389044E+07
  0.579788E-03  0.389041E+07  0.389038E+07  0.379680E+07  0.378820E+07  0.386250E+07  0.388980E+07
  0.599440E-03  0.388977E+07  0.388973E+07  0.371468E+07  0.370571E+07  0.386003E+07  0.388912E+07
  0.619759E-03  0.388909E+07  0.388905E+07  0.362878E+07  0.361944E+07  0.385739E+07  0.388840E+07
  0.640765E-03  0.388837E+07  0.388832E+07  0.353906E+07  0.352936E+07  0.385458E+07  0.388763E+07
  0.662484E-03  0.388760E+07  0.388755E+07  0.344552E+07  0.343547E+07  0.385158E+07  0.388681E+07
  0.684939E-03  0.388678E+07  0.388672E+07  0.334817E+07  0.333778E+07  0.384839E+07  0.388593E+07
  0.708155E-03  0.388590E+07  0.388584E+07  0.324705E+07  0.323633E+07  0.384499E+07  0.388500E+07
  0.732158E-03  0.388497E+07  0.388491E+07  0.314225E+07  0.313121E+07  0.384136E+07  0.388401E+07
  0.756975E-03  0.388397E+07  0.388391E+07  0.303386E+07  0.302253E+07  0.383750E+07  0.388295E+07
  0.782633E-03  0.388291E+07  0.388285E+07  0.292205E+07  0.291045E+07  0.383338E+07  0.388183E+07
  0.809160E-03  0.388179E+07  0.388172E+07  0.280700E+07  0.279517E+07  0.382901E+07  0.388063E+07
  0.836587E-03  0.388059E+07  0.388051E+07  0.268898E+07  0.267694E+07  0.382434E+07  0.387936E+07
  0.864943E-03  0.387932E+07  0.387923E+07  0.256826E+07  0.255606E+07  0.381938E+07  0.387800E+07
  0.894260E-03  0.387796E+07  0.387787E+07  0.244521E+07  0.243290E+07  0.381411E+07  0.387656E+07
  0.924571E-03  0.387652E+07  0.387643E+07  0.232024E+07  0.230785E+07  0.380849E+07  0.387503E+07
  0.955910E-03  0.387499E+07  0.387489E+07  0.219382E+07  0.218141E+07  0.380253E+07  0.387340E+07
  0.988310E-03  0.387336E+07  0.387326E+07  0.206648E+07  0.205409E+07  0.379619E+07  0.387167E+07
  0.102181E-02  0.387164E+07  0.387152E+07  0.193880E+07  0.192650E+07  0.378945E+07  0.386983E+07
  0.105644E-02  0.386980E+07  0.386968E+07  0.181145E+07  0.179929E+07  0.378230E+07  0.386788E+07
  0.109225E-02  0.386786E+07  0.386773E+07  0.168513E+07  0.167316E+07  0.377471E+07  0.386582E+07
  0.112927E-02  0.386579E+07  0.386565E+07  0.156058E+07  0.154887E+07  0.376665E+07  0.386362E+07
  0.116755E-02  0.386361E+07  0.386346E+07  0.143861E+07  0.142719E+07  0.375811E+07  0.386129E+07
  0.120713E-02  0.386129E+07  0.386113E+07  0.132003E+07  0.130894E+07  0.374906E+07  0.385883E+07
  0.124804E-02  0.385883E+07  0.385866E+07  0.120568E+07  0.119495E+07  0.373946E+07  0.385621E+07
  0.129034E-02  0.385623E+07  0.385605E+07  0.109640E+07  0.108604E+07  0.372931E+07  0.385345E+07
  0.133408E-02  0.385348E+07  0.385328E+07  0.992980E+06  0.983001E+06  0.371856E+07  0.385052E+07
  0.137930E-02  0.385057E+07  0.385036E+07  0.896189E+06  0.886567E+06  0.370720E+07  0.384742E+07
  0.142605E-02  0.384749E+07  0.384727E+07  0.806709E+06  0.797403E+06  0.369519E+07  0.384415E+07
  0.147439E-02  0.384424E+07  0.384400E+07  0.725118E+06  0.716067E+06  0.368251E+07  0.384069E+07
  0.152436E-02  0.384080E+07  0.384055E+07  0.651864E+06  0.642983E+06  0.366914E+07  0.383704E+07
  0.157603E-02  0.383717E+07  0.383690E+07  0.587231E+06  0.578411E+06  0.365503E+07  0.383318E+07
  0.162945E-02  0.383335E+07  0.383306E+07  0.531315E+06  0.522427E+06  0.364017E+07  0.382911E+07
  0.168468E-02  0.382931E+07  0.382901E+07  0.483998E+06  0.474896E+06  0.362452E+07  0.382482E+07
  0.174178E-02  0.382506E+07  0.382473E+07  0.444935E+06  0.435463E+06  0.360808E+07  0.382030E+07
  0.180082E-02  0.382058E+07  0.382023E+07  0.413543E+06  0.403544E+06  0.359079E+07  0.381554E+07
  0.186186E-02  0.381587E+07  0.381549E+07  0.389007E+06  0.378333E+06  0.357266E+07  0.381053E+07
  0.192497E-02  0.381091E+07  0.381051E+07  0.370300E+06  0.358825E+06  0.355364E+07  0.380526E+07
  0.199021E-02  0.380569E+07  0.380526E+07  0.356213E+06  0.343852E+06  0.353373E+07  0.379973E+07
  0.205767E-02  0.380021E+07  0.379975E+07  0.345412E+06  0.332134E+06  0.351290E+07  0.379391E+07
  0.212742E-02  0.379445E+07  0.379396E+07  0.336504E+06  0.322349E+06  0.349113E+07  0.378779E+07
  0.219953E-02  0.378841E+07  0.378788E+07  0.328120E+06  0.313213E+06  0.346843E+07  0.378138E+07
  0.227408E-02  0.378206E+07  0.378150E+07  0.319010E+06  0.303572E+06  0.344476E+07  0.377465E+07
  0.235116E-02  0.377541E+07  0.377481E+07  0.308141E+06  0.292489E+06  0.342014E+07  0.376760E+07
  0.243085E-02  0.376843E+07  0.376779E+07  0.294788E+06  0.279331E+06  0.339456E+07  0.376022E+07
  0.251324E-02  0.376112E+07  0.376044E+07  0.278611E+06  0.263828E+06  0.336802E+07  0.375248E+07
  0.259843E-02  0.375347E+07  0.375274E+07  0.259697E+06  0.246111E+06  0.334052E+07  0.374439E+07
  0.268651E-02  0.374546E+07  0.374468E+07  0.238566E+06  0.226702E+06  0.331208E+07  0.373593E+07
  0.277757E-02  0.373708E+07  0.373625E+07  0.216127E+06  0.206454E+06  0.328271E+07  0.372709E+07
  0.287171E-02  0.372832E+07  0.372744E+07  0.193568E+06  0.186449E+06  0.325244E+07  0.371785E+07
  0.296905E-02  0.371916E+07  0.371822E+07  0.172210E+06  0.167840E+06  0.322128E+07  0.370821E+07
  0.306968E-02  0.370960E+07  0.370860E+07  0.153304E+06  0.151675E+06  0.318927E+07  0.369816E+07
  0.317373E-02  0.369963E+07  0.369856E+07  0.137834E+06  0.138704E+06  0.315645E+07  0.368767E+07
  0.328131E-02  0.368922E+07  0.368808E+07  0.126319E+06  0.129231E+06  0.312284E+07  0.367675E+07
  0.339253E-02  0.367838E+07  0.367716E+07  0.118695E+06  0.123018E+06  0.308850E+07  0.366539E+07
  0.350752E-02  0.366708E+07  0.366578E+07  0.114277E+06  0.119297E+06  0.305346E+07  0.365356E+07
  0.362640E-02  0.365532E+07  0.365394E+07  0.000000E+00  0.000000E+00  0.301777E+07  0.364127E+07
  0.374932E-02  0.364309E+07  0.364161E+07  0.000000E+00  0.000000E+00  0.298148E+07  0.362850E+07
  0.387641E-02  0.363038E+07  0.362880E+07  0.000000E+00  0.000000E+00  0.294462E+07  0.361525E+07
  0.400780E-02  0.361717E+07  0.361549E+07  0.000000E+00  0.000000E+00  0.290725E+07  0.360150E+07
  0.414364E-02  0.360346E+07  0.360167E+07  0.000000E+00  0.000000E+00  0.286939E+07  0.358725E+07
  0.428409E-02  0.358924E+07  0.358733E+07  0.000000E+00  0.000000E+00  0.283109E+07  0.357248E+07
  0.442930E-02  0.357450E+07  0.357246E+07  0.000000E+00  0.000000E+00  0.279237E+07  0.355720E+07
  0.457943E-02  0.355922E+07  0.355705E+07  0.000000E+00  0.000000E+00  0.275326E+07  0.354139E+07
  0.473465E-02  0.354341E+07  0.354110E+07  0.000000E+00  0.000000E+00  0.271376E+07  0.352504E+07
  0.489513E-02  0.352706E+07  0.352459E+07  0.000000E+00  0.000000E+00  0.267390E+07  0.350815E+07
  0.506105E-02  0.351015E+07  0.350752E+07  0.000000E+00  0.000000E+00  0.263366E+07  0.349071E+07
  0.523260E-02  0.349268E+07  0.348988E+07  0.000000E+00  0.000000E+00  0.259305E+07  0.347271E+07
  0.540996E-02  0.347464E+07  0.347165E+07  0.000000E+00  0.000000E+00  0.255206E+07  0.345414E+07
  0.559333E-02  0.345603E+07  0.345285E+07  0.000000E+00  0.000000E+00  0.251066E+07  0.343500E+07
  0.578292E-02  0.343683E+07  0.343344E+07  0.000000E+00  0.000000E+00  0.246884E+07  0.341528E+07
  0.597893E-02  0.341704E+07  0.341343E+07  0.000000E+00  0.000000E+00  0.242659E+07  0.339497E+07
  0.618159E-02  0.339666E+07  0.339281E+07  0.000000E+00  0.000000E+00  0.238389E+07  0.337406E+07
  0.639111E-02  0.337566E+07  0.337157E+07  0.000000E+00  0.000000E+00  0.234074E+07  0.335254E+07
  0.660774E-02  0.335406E+07  0.334970E+07  0.000000E+00  0.000000E+00  0.229711E+07  0.333042E+07
  0.683171E-02  0.333183E+07  0.332720E+07  0.000000E+00  0.000000E+00  0.225303E+07  0.330767E+07
  0.706327E-02  0.330897E+07  0.330404E+07  0.000000E+00  0.000000E+00  0.220850E+07  0.328429E+07
  0.730268E-02  0.328547E+07  0.328023E+07  0.000000E+00  0.000000E+00  0.216353E+07  0.326027E+07
  0.755020E-02  0.326133E+07  0.325575E+07  0.000000E+00  0.000000E+00  0.211816E+07  0.323561E+07
  0.780612E-02  0.323653E+07  0.323060E+07  0.000000E+00  0.000000E+00  0.207242E+07  0.321030E+07
  0.807071E-02  0.321106E+07  0.320476E+07  0.000000E+00  0.000000E+00  0.202634E+07  0.318432E+07
  0.834427E-02  0.318492E+07  0.317822E+07  0.000000E+00  0.000000E+00  0.197998E+07  0.315768E+07
  0.862710E-02  0.315810E+07  0.315098E+07  0.000000E+00  0.000000E+00  0.193336E+07  0.313036E+07
  0.891952E-02  0.313058E+07  0.312302E+07  0.000000E+00  0.000000E+00  0.188655E+07  0.310235E+07
  0.922184E-02  0.310236E+07  0.309434E+07  0.000000E+00  0.000000E+00  0.183958E+07  0.307365E+07
  0.953442E-02  0.307344E+07  0.306492E+07  0.000000E+00  0.000000E+00  0.179251E+07  0.304425E+07
  0.985759E-02  0.304380E+07  0.303476E+07  0.000000E+00  0.000000E+00  0.174537E+07  0.301414E+07
  0.101917E-01  0.301343E+07  0.300384E+07  0.000000E+00  0.000000E+00  0.169822E+07  0.298331E+07
  0.105372E-01  0.298232E+07  0.297216E+07  0.000000E+00  0.000000E+00  0.165109E+07  0.295176E+07
  0.108943E-01  0.295047E+07  0.293970E+07  0.000000E+00  0.000000E+00  0.160402E+07  0.291948E+07
  0.112636E-01  0.291787E+07  0.290646E+07  0.000000E+00  0.000000E+00  0.155707E+07  0.288647E+07
  0.116454E-01  0.288451E+07  0.287243E+07  0.000000E+00  0.000000E+00  0.151027E+07  0.285270E+07
  0.120401E-01  0.285039E+07  0.283760E+07  0.000000E+00  0.000000E+00  0.146367E+07  0.281819E+07
  0.124482E-01  0.281549E+07  0.280196E+07  0.000000E+00  0.000000E+00  0.141730E+07  0.278292E+07
  0.128701E-01  0.277981E+07  0.276550E+07  0.000000E+00  0.000000E+00  0.137121E+07  0.274689E+07
  0.133063E-01  0.274335E+07  0.272823E+07  0.000000E+00  0.000000E+00  0.132544E+07  0.271009E+07
  0.137574E-01  0.270610E+07  0.269013E+07  0.000000E+00  0.000000E+00  0.128004E+07  0.267252E+07
  0.142237E-01  0.266805E+07  0.265120E+07  0.000000E+00  0.000000E+00  0.123504E+07  0.263417E+07
  0.147058E-01  0.262921E+07  0.261144E+07  0.000000E+00  0.000000E+00  0.119048E+07  0.259505E+07
  0.152042E-01  0.258957E+07  0.257084E+07  0.000000E+00  0.000000E+00  0.114642E+07  0.255516E+07
  0.157196E-01  0.254914E+07  0.252942E+07  0.000000E+00  0.000000E+00  0.110288E+07  0.251449E+07
  0.162524E-01  0.250791E+07  0.248717E+07  0.000000E+00  0.000000E+00  0.105991E+07  0.247306E+07
  0.168033E-01  0.246590E+07  0.244409E+07  0.000000E+00  0.000000E+00  0.101755E+07  0.243086E+07
  0.173728E-01  0.242310E+07  0.240021E+07  0.000000E+00  0.000000E+00  0.975833E+06  0.238791E+07
  0.179617E-01  0.237954E+07  0.235553E+07  0.000000E+00  0.000000E+00  0.934805E+06  0.234422E+07
  0.185705E-01  0.233523E+07  0.231008E+07  0.000000E+00  0.000000E+00  0.894505E+06  0.229980E+07
  0.192000E-01  0.229019E+07  0.226386E+07  0.000000E+00  0.000000E+00  0.854972E+06  0.225469E+07
  0.198507E-01  0.224445E+07  0.221693E+07  0.000000E+00  0.000000E+00  0.816244E+06  0.220889E+07
  0.205236E-01  0.219802E+07  0.216930E+07  0.000000E+00  0.000000E+00  0.778356E+06  0.216245E+07
  0.212192E-01  0.215095E+07  0.212103E+07  0.000000E+00  0.000000E+00  0.741338E+06  0.211540E+07
  0.219385E-01  0.210329E+07  0.207215E+07  0.000000E+00  0.000000E+00  0.705215E+06  0.206779E+07
  0.226821E-01  0.205508E+07  0.202273E+07  0.000000E+00  0.000000E+00  0.670009E+06  0.201965E+07
  0.234509E-01  0.200637E+07  0.197283E+07  0.000000E+00  0.000000E+00  0.635741E+06  0.197106E+07
  0.242458E-01  0.195723E+07  0.192252E+07  0.000000E+00  0.000000E+00  0.602435E+06  0.192207E+07
  0.250676E-01  0.190774E+07  0.187189E+07  0.000000E+00  0.000000E+00  0.570124E+06  0.187276E+07
  0.259172E-01  0.185797E+07  0.182104E+07  0.000000E+00  0.000000E+00  0.538846E+06  0.182321E+07
  0.267957E-01  0.180802E+07  0.177006E+07  0.000000E+00  0.000000E+00  0.508640E+06  0.177352E+07
  0.277039E-01  0.175799E+07  0.171906E+07  0.000000E+00  0.000000E+00  0.479531E+06  0.172378E+07
  0.286430E-01  0.170798E+07  0.166819E+07  0.000000E+00  0.000000E+00  0.451526E+06  0.167411E+07
  0.296138E-01  0.165813E+07  0.161757E+07  0.000000E+00  0.000000E+00  0.424621E+06  0.162463E+07
  0.306176E-01  0.160856E+07  0.156734E+07  0.000000E+00  0.000000E+00  0.398818E+06  0.157546E+07
  0.316554E-01  0.155942E+07  0.151767E+07  0.000000E+00  0.000000E+00  0.374141E+06  0.152676E+07
  0.327283E-01  0.151084E+07  0.146872E+07  0.000000E+00  0.000000E+00  0.350621E+06  0.147866E+07
  0.338377E-01  0.146987E+07  0.142753E+07  0.000000E+00  0.000000E+00  0.308344E+06  0.143763E+07
  0.349846E-01  0.142316E+07  0.138078E+07  0.000000E+00  0.000000E+00  0.287780E+06  0.139148E+07
  0.361704E-01  0.137746E+07  0.133525E+07  0.000000E+00  0.000000E+00  0.268337E+06  0.134638E+07
  0.373964E-01  0.133248E+07  0.129063E+07  0.000000E+00  0.000000E+00  0.249930E+06  0.130203E+07
  0.386640E-01  0.128864E+07  0.124736E+07  0.000000E+00  0.000000E+00  0.232635E+06  0.125886E+07
  0.399745E-01  0.124625E+07  0.120578E+07  0.000000E+00  0.000000E+00  0.216438E+06  0.121718E+07
  0.413294E-01  0.120550E+07  0.116605E+07  0.000000E+00  0.000000E+00  0.201289E+06  0.117715E+07
  0.427303E-01  0.116651E+07  0.112830E+07  0.000000E+00  0.000000E+00  0.187180E+06  0.113891E+07
  0.441786E-01  0.112505E+07  0.108831E+07  0.000000E+00  0.000000E+00  0.181379E+06  0.109846E+07
  0.456761E-01  0.108969E+07  0.105461E+07  0.000000E+00  0.000000E+00  0.169025E+06  0.106388E+07
  0.472243E-01  0.105622E+07  0.102300E+07  0.000000E+00  0.000000E+00  0.157563E+06  0.103120E+07
  0.488249E-01  0.102459E+07  0.993364E+06  0.000000E+00  0.000000E+00  0.146939E+06  0.100035E+07
  0.504799E-01  0.994670E+06  0.965571E+06  0.000000E+00  0.000000E+00  0.137074E+06  0.971226E+06
  0.521909E-01  0.966332E+06  0.939438E+06  0.000000E+00  0.000000E+00  0.127926E+06  0.943671E+06
  0.539599E-01  0.941869E+06  0.917211E+06  0.000000E+00  0.000000E+00  0.116318E+06  0.919860E+06
  0.557889E-01  0.916126E+06  0.893690E+06  0.000000E+00  0.000000E+00  0.108432E+06  0.894874E+06
  0.576799E-01  0.891336E+06  0.871047E+06  0.000000E+00  0.000000E+00  0.101063E+06  0.870819E+06
  0.596349E-01  0.867260E+06  0.848986E+06  0.000000E+00  0.000000E+00  0.941605E+05  0.847452E+06
  0.616562E-01  0.843645E+06  0.827195E+06  0.000000E+00  0.000000E+00  0.876582E+05  0.824512E+06
  0.637461E-01  0.818493E+06  0.803629E+06  0.000000E+00  0.000000E+00  0.832459E+05  0.800074E+06
  0.659068E-01  0.794907E+06  0.781336E+06  0.000000E+00  0.000000E+00  0.773941E+05  0.777088E+06
  0.681407E-01  0.770912E+06  0.758311E+06  0.000000E+00  0.000000E+00  0.718109E+05  0.753654E+06
  0.704503E-01  0.746247E+06  0.734272E+06  0.000000E+00  0.000000E+00  0.664854E+05  0.729513E+06
  0.728383E-01  0.721218E+06  0.709520E+06  0.000000E+00  0.000000E+00  0.607679E+05  0.704948E+06
  0.753071E-01  0.694866E+06  0.683122E+06  0.000000E+00  0.000000E+00  0.559116E+05  0.679055E+06
  0.778597E-01  0.667712E+06  0.655638E+06  0.000000E+00  0.000000E+00  0.512729E+05  0.652334E+06
  0.804987E-01  0.639964E+06  0.627341E+06  0.000000E+00  0.000000E+00  0.468828E+05  0.625001E+06
  0.832272E-01  0.611929E+06  0.598623E+06  0.000000E+00  0.000000E+00  0.427423E+05  0.597370E+06
  0.860483E-01  0.583984E+06  0.569961E+06  0.000000E+00  0.000000E+00  0.388747E+05  0.569828E+06
  0.889648E-01  0.556552E+06  0.541884E+06  0.000000E+00  0.000000E+00  0.353016E+05  0.542805E+06
  0.919804E-01  0.530085E+06  0.514953E+06  0.000000E+00  0.000000E+00  0.320163E+05  0.516764E+06
  0.950980E-01  0.505076E+06  0.489750E+06  0.000000E+00  0.000000E+00  0.290436E+05  0.492200E+06
  0.983214E-01  0.482013E+06  0.466834E+06  0.000000E+00  0.000000E+00  0.263814E+05  0.469604E+06
  0.101654E+00  0.461303E+06  0.446644E+06  0.000000E+00  0.000000E+00  0.240260E+05  0.449379E+06
  0.105100E+00  0.443136E+06  0.429356E+06  0.000000E+00  0.000000E+00  0.219578E+05  0.431708E+06
  0.108662E+00  0.427384E+06  0.414784E+06  0.000000E+00  0.000000E+00  0.201415E+05  0.416454E+06
  0.112345E+00  0.413582E+06  0.402360E+06  0.000000E+00  0.000000E+00  0.185365E+05  0.403146E+06
  0.116153E+00  0.401048E+06  0.391260E+06  0.000000E+00  0.000000E+00  0.170885E+05  0.391092E+06
  0.120090E+00  0.389043E+06  0.380593E+06  0.000000E+00  0.000000E+00  0.157543E+05  0.379541E+06
  0.124160E+00  0.376898E+06  0.369544E+06  0.000000E+00  0.000000E+00  0.144984E+05  0.367814E+06
  0.128369E+00  0.364054E+06  0.357443E+06  0.000000E+00  0.000000E+00  0.132948E+05  0.355347E+06
  0.132720E+00  0.350092E+06  0.343821E+06  0.000000E+00  0.000000E+00  0.121332E+05  0.341719E+06
  0.137219E+00  0.334840E+06  0.328523E+06  0.000000E+00  0.000000E+00  0.110076E+05  0.326765E+06
  0.141870E+00  0.318514E+06  0.311865E+06  0.000000E+00  0.000000E+00  0.992611E+04  0.310715E+06
  0.146678E+00  0.301763E+06  0.294652E+06  0.000000E+00  0.000000E+00  0.891166E+04  0.294228E+06
  0.151650E+00  0.285475E+06  0.277958E+06  0.000000E+00  0.000000E+00  0.798541E+04  0.278206E+06
  0.156790E+00  0.270489E+06  0.262789E+06  0.000000E+00  0.000000E+00  0.716582E+04  0.263496E+06
  0.162105E+00  0.257369E+06  0.249818E+06  0.000000E+00  0.000000E+00  0.645721E+04  0.250670E+06
  0.167599E+00  0.246327E+06  0.239270E+06  0.000000E+00  0.000000E+00  0.585192E+04  0.239936E+06
  0.173280E+00  0.237156E+06  0.230848E+06  0.000000E+00  0.000000E+00  0.533543E+04  0.231079E+06
  0.179153E+00  0.229206E+06  0.223734E+06  0.000000E+00  0.000000E+00  0.488166E+04  0.223430E+06
  0.185226E+00  0.221521E+06  0.216774E+06  0.000000E+00  0.000000E+00  0.446513E+04  0.216024E+06
  0.191504E+00  0.213205E+06  0.208920E+06  0.000000E+00  0.000000E+00  0.406558E+04  0.207956E+06
  0.197995E+00  0.203803E+06  0.199660E+06  0.000000E+00  0.000000E+00  0.367419E+04  0.198774E+06
  0.204706E+00  0.193475E+06  0.189221E+06  0.000000E+00  0.000000E+00  0.329595E+04  0.188643E+06
  0.211645E+00  0.182908E+06  0.178451E+06  0.000000E+00  0.000000E+00  0.294343E+04  0.178263E+06
  0.218818E+00  0.172985E+06  0.168423E+06  0.000000E+00  0.000000E+00  0.262903E+04  0.168531E+06
  0.226235E+00  0.164373E+06  0.159930E+06  0.000000E+00  0.000000E+00  0.235924E+04  0.160119E+06
  0.233903E+00  0.157257E+06  0.153161E+06  0.000000E+00  0.000000E+00  0.213174E+04  0.153211E+06
  0.241832E+00  0.151199E+06  0.147560E+06  0.000000E+00  0.000000E+00  0.193535E+04  0.147357E+06
  0.250029E+00  0.145363E+06  0.142122E+06  0.000000E+00  0.000000E+00  0.175666E+04  0.141709E+06
  0.258503E+00  0.139092E+06  0.136067E+06  0.000000E+00  0.000000E+00  0.158622E+04  0.135607E+06
  0.267265E+00  0.132206E+06  0.129211E+06  0.000000E+00  0.000000E+00  0.142201E+04  0.128871E+06
  0.276324E+00  0.125112E+06  0.122075E+06  0.000000E+00  0.000000E+00  0.126877E+04  0.121921E+06
  0.285690E+00  0.118548E+06  0.115537E+06  0.000000E+00  0.000000E+00  0.113336E+04  0.115501E+06
  0.295374E+00  0.112905E+06  0.110057E+06  0.000000E+00  0.000000E+00  0.101757E+04  0.110005E+06
  0.305386E+00  0.108030E+06  0.105433E+06  0.000000E+00  0.000000E+00  0.917922E+03  0.105275E+06
  0.315736E+00  0.103382E+06  0.101006E+06  0.000000E+00  0.000000E+00  0.827822E+03  0.100762E+06
  0.326438E+00  0.985126E+05  0.962531E+05  0.000000E+00  0.000000E+00  0.743108E+03  0.960162E+05
  0.337503E+00  0.934503E+05  0.912274E+05  0.000000E+00  0.000000E+00  0.663921E+03  0.910680E+05
  0.348943E+00  0.885975E+05  0.864214E+05  0.000000E+00  0.000000E+00  0.592646E+03  0.863267E+05
  0.360770E+00  0.842798E+05  0.822174E+05  0.000000E+00  0.000000E+00  0.530836E+03  0.821202E+05
  0.372999E+00  0.804032E+05  0.784918E+05  0.000000E+00  0.000000E+00  0.476748E+03  0.783517E+05
  0.385642E+00  0.766264E+05  0.748349E+05  0.000000E+00  0.000000E+00  0.427631E+03  0.746757E+05
  0.398713E+00  0.727913E+05  0.710674E+05  0.000000E+00  0.000000E+00  0.382270E+03  0.709340E+05
  0.412227E+00  0.690572E+05  0.673900E+05  0.000000E+00  0.000000E+00  0.341130E+03  0.672895E+05
  0.426200E+00  0.656278E+05  0.640449E+05  0.000000E+00  0.000000E+00  0.304962E+03  0.639476E+05
  0.440646E+00  0.624665E+05  0.609822E+05  0.000000E+00  0.000000E+00  0.273017E+03  0.608707E+05
  0.455581E+00  0.593927E+05  0.579870E+05  0.000000E+00  0.000000E+00  0.244094E+03  0.578760E+05
  0.471024E+00  0.563750E+05  0.550279E+05  0.000000E+00  0.000000E+00  0.217815E+03  0.549329E+05
  0.486989E+00  0.535203E+05  0.522362E+05  0.000000E+00  0.000000E+00  0.194370E+03  0.521501E+05
  0.503496E+00  0.508609E+05  0.496484E+05  0.000000E+00  0.000000E+00  0.173606E+03  0.495598E+05
  0.520561E+00  0.483150E+05  0.471664E+05  0.000000E+00  0.000000E+00  0.154977E+03  0.470794E+05
  0.538206E+00  0.458530E+05  0.447583E+05  0.000000E+00  0.000000E+00  0.138181E+03  0.446794E+05
  0.556448E+00  0.435210E+05  0.424811E+05  0.000000E+00  0.000000E+00  0.123215E+03  0.424068E+05
  0.575309E+00  0.413201E+05  0.403357E+05  0.000000E+00  0.000000E+00  0.109878E+03  0.402625E+05
  0.594809E+00  0.392124E+05  0.382779E+05  0.000000E+00  0.000000E+00  0.979336E+02  0.382086E+05
  0.614971E+00  0.372006E+05  0.363127E+05  0.000000E+00  0.000000E+00  0.872409E+02  0.362479E+05
  0.635816E+00  0.352957E+05  0.344543E+05  0.000000E+00  0.000000E+00  0.777142E+02  0.343919E+05
  0.657366E+00  0.334822E+05  0.326842E+05  0.000000E+00  0.000000E+00  0.692093E+02  0.326248E+05
  0.679648E+00  0.317537E+05  0.309965E+05  0.000000E+00  0.000000E+00  0.616092E+02  0.309403E+05
  0.702684E+00  0.301133E+05  0.293955E+05  0.000000E+00  0.000000E+00  0.548405E+02  0.293419E+05
  0.726502E+00  0.285531E+05  0.278726E+05  0.000000E+00  0.000000E+00  0.487950E+02  0.278217E+05
  0.751127E+00  0.270692E+05  0.264240E+05  0.000000E+00  0.000000E+00  0.434074E+02  0.263757E+05
  0.776587E+00  0.256599E+05  0.250483E+05  0.000000E+00  0.000000E+00  0.386058E+02  0.250024E+05
  0.802909E+00  0.243201E+05  0.237405E+05  0.000000E+00  0.000000E+00  0.343243E+02  0.236969E+05
  0.830124E+00  0.230474E+05  0.224981E+05  0.000000E+00  0.000000E+00  0.305110E+02  0.224568E+05
  0.858261E+00  0.218386E+05  0.213182E+05  0.000000E+00  0.000000E+00  0.271174E+02  0.212789E+05
  0.887352E+00  0.206905E+05  0.201974E+05  0.000000E+00  0.000000E+00  0.240935E+02  0.201602E+05
  0.917428E+00  0.196005E+05  0.191335E+05  0.000000E+00  0.000000E+00  0.214053E+02  0.190982E+05
  0.948525E+00  0.185657E+05  0.181233E+05  0.000000E+00  0.000000E+00  0.190094E+02  0.180898E+05
  0.980675E+00  0.175834E+05  0.171644E+05  0.000000E+00  0.000000E+00  0.168802E+02  0.171327E+05
  0.101392E+01  0.166510E+05  0.162543E+05  0.000000E+00  0.000000E+00  0.149852E+02  0.162242E+05
  0.104828E+01  0.157662E+05  0.153906E+05  0.000000E+00  0.000000E+00  0.133004E+02  0.153621E+05
  0.108381E+01  0.149267E+05  0.145711E+05  0.000000E+00  0.000000E+00  0.118030E+02  0.145440E+05
  0.112055E+01  0.141302E+05  0.137936E+05  0.000000E+00  0.000000E+00  0.104719E+02  0.137680E+05
  0.115853E+01  0.133748E+05  0.130562E+05  0.000000E+00  0.000000E+00  0.928952E+01  0.130319E+05
  0.119780E+01  0.126584E+05  0.123569E+05  0.000000E+00  0.000000E+00  0.823875E+01  0.123339E+05
  0.123840E+01  0.119792E+05  0.116938E+05  0.000000E+00  0.000000E+00  0.730501E+01  0.116720E+05
  0.128038E+01  0.113351E+05  0.110651E+05  0.000000E+00  0.000000E+00  0.647740E+01  0.110445E+05
  0.132377E+01  0.107246E+05  0.104691E+05  0.000000E+00  0.000000E+00  0.574147E+01  0.104496E+05
  0.136864E+01  0.101459E+05  0.990423E+04  0.000000E+00  0.000000E+00  0.508908E+01  0.988573E+04
  0.141503E+01  0.959745E+04  0.936887E+04  0.000000E+00  0.000000E+00  0.450943E+01  0.935136E+04
  0.146300E+01  0.907772E+04  0.886152E+04  0.000000E+00  0.000000E+00  0.399593E+01  0.884495E+04
  0.151258E+01  0.858527E+04  0.838080E+04  0.000000E+00  0.000000E+00  0.353940E+01  0.836512E+04
  0.156385E+01  0.811873E+04  0.792538E+04  0.000000E+00  0.000000E+00  0.313502E+01  0.791054E+04
  0.161686E+01  0.767685E+04  0.749403E+04  0.000000E+00  0.000000E+00  0.277642E+01  0.747999E+04
  0.167166E+01  0.725835E+04  0.708550E+04  0.000000E+00  0.000000E+00  0.245834E+01  0.707222E+04
  0.172833E+01  0.686202E+04  0.669861E+04  0.000000E+00  0.000000E+00  0.217670E+01  0.668605E+04
  0.178691E+01  0.648674E+04  0.633226E+04  0.000000E+00  0.000000E+00  0.192690E+01  0.632039E+04
  0.184748E+01  0.613142E+04  0.598541E+04  0.000000E+00  0.000000E+00  0.170526E+01  0.597418E+04
  0.191009E+01  0.579505E+04  0.565705E+04  0.000000E+00  0.000000E+00  0.150911E+01  0.564643E+04
  0.197484E+01  0.547663E+04  0.534621E+04  0.000000E+00  0.000000E+00  0.133541E+01  0.533618E+04
  0.204177E+01  0.517526E+04  0.505203E+04  0.000000E+00  0.000000E+00  0.118143E+01  0.504254E+04
  0.211098E+01  0.489007E+04  0.477363E+04  0.000000E+00  0.000000E+00  0.104508E+01  0.476466E+04
  0.218253E+01  0.462022E+04  0.451020E+04  0.000000E+00  0.000000E+00  0.924454E+00  0.450173E+04
  0.225651E+01  0.436489E+04  0.426096E+04  0.000000E+00  0.000000E+00  0.817614E+00  0.425295E+04
  0.233299E+01  0.412335E+04  0.402517E+04  0.000000E+00  0.000000E+00  0.723098E+00  0.401760E+04
  0.241207E+01  0.389484E+04  0.380210E+04  0.000000E+00  0.000000E+00  0.639323E+00  0.379495E+04
  0.249383E+01  0.367871E+04  0.359111E+04  0.000000E+00  0.000000E+00  0.565209E+00  0.358436E+04
  0.257836E+01  0.347429E+04  0.339156E+04  0.000000E+00  0.000000E+00  0.499664E+00  0.338518E+04
  0.266575E+01  0.328098E+04  0.320286E+04  0.000000E+00  0.000000E+00  0.441706E+00  0.319683E+04
  0.275611E+01  0.309820E+04  0.302443E+04  0.000000E+00  0.000000E+00  0.390373E+00  0.301874E+04
  0.284953E+01  0.292538E+04  0.285572E+04  0.000000E+00  0.000000E+00  0.345029E+00  0.285035E+04
  0.294611E+01  0.276200E+04  0.269623E+04  0.000000E+00  0.000000E+00  0.304870E+00  0.269116E+04
  0.304597E+01  0.260755E+04  0.254545E+04  0.000000E+00  0.000000E+00  0.269369E+00  0.254067E+04
  0.314921E+01  0.246155E+04  0.240294E+04  0.000000E+00  0.000000E+00  0.237999E+00  0.239842E+04
  0.325596E+01  0.232356E+04  0.226823E+04  0.000000E+00  0.000000E+00  0.210254E+00  0.226397E+04
  0.336632E+01  0.219317E+04  0.214094E+04  0.000000E+00  0.000000E+00  0.185706E+00  0.213691E+04
  0.348042E+01  0.206994E+04  0.202065E+04  0.000000E+00  0.000000E+00  0.164035E+00  0.201685E+04
  0.359839E+01  0.195351E+04  0.190699E+04  0.000000E+00  0.000000E+00  0.144874E+00  0.190340E+04
  0.372036E+01  0.184350E+04  0.179959E+04  0.000000E+00  0.000000E+00  0.127908E+00  0.179621E+04
  0.384646E+01  0.173956E+04  0.169813E+04  0.000000E+00  0.000000E+00  0.112958E+00  0.169494E+04
  0.397683E+01  0.164138E+04  0.160229E+04  0.000000E+00  0.000000E+00  0.997575E-01  0.159928E+04
  0.411163E+01  0.154865E+04  0.151176E+04  0.000000E+00  0.000000E+00  0.880462E-01  0.150892E+04
  0.425099E+01  0.146105E+04  0.142625E+04  0.000000E+00  0.000000E+00  0.777166E-01  0.142358E+04
  0.439508E+01  0.137833E+04  0.134550E+04  0.000000E+00  0.000000E+00  0.686183E-01  0.134297E+04
  0.454405E+01  0.130020E+04  0.126923E+04  0.000000E+00  0.000000E+00  0.605826E-01  0.126685E+04
  0.469808E+01  0.122643E+04  0.119721E+04  0.000000E+00  0.000000E+00  0.534571E-01  0.119497E+04
  0.485732E+01  0.115678E+04  0.112922E+04  0.000000E+00  0.000000E+00  0.471834E-01  0.112711E+04
  0.502196E+01  0.109102E+04  0.106502E+04  0.000000E+00  0.000000E+00  0.416390E-01  0.106303E+04
  0.519217E+01  0.102893E+04  0.100441E+04  0.000000E+00  0.000000E+00  0.367408E-01  0.100254E+04
  0.536817E+01  0.970322E+03  0.947197E+03  0.000000E+00  0.000000E+00  0.324169E-01  0.945430E+03
  0.555012E+01  0.914999E+03  0.893190E+03  0.000000E+00  0.000000E+00  0.286021E-01  0.891526E+03
  0.573824E+01  0.862781E+03  0.842215E+03  0.000000E+00  0.000000E+00  0.252385E-01  0.840647E+03
  0.593274E+01  0.813500E+03  0.794105E+03  0.000000E+00  0.000000E+00  0.222597E-01  0.792629E+03
  0.613383E+01  0.766987E+03  0.748699E+03  0.000000E+00  0.000000E+00  0.196383E-01  0.747309E+03
  0.634174E+01  0.723094E+03  0.705851E+03  0.000000E+00  0.000000E+00  0.173229E-01  0.704542E+03
  0.655669E+01  0.681677E+03  0.665419E+03  0.000000E+00  0.000000E+00  0.152807E-01  0.664188E+03
  0.677893E+01  0.642600E+03  0.627272E+03  0.000000E+00  0.000000E+00  0.134767E-01  0.626113E+03
  0.700870E+01  0.605729E+03  0.591277E+03  0.000000E+00  0.000000E+00  0.118845E-01  0.590187E+03
  0.724626E+01  0.570943E+03  0.557319E+03  0.000000E+00  0.000000E+00  0.104788E-01  0.556293E+03
  0.749188E+01  0.538128E+03  0.525284E+03  0.000000E+00  0.000000E+00  0.924189E-02  0.524320E+03
  0.774582E+01  0.507173E+03  0.495066E+03  0.000000E+00  0.000000E+00  0.815113E-02  0.494159E+03
  0.800836E+01  0.477975E+03  0.466562E+03  0.000000E+00  0.000000E+00  0.718460E-02  0.465710E+03
  0.827981E+01  0.450434E+03  0.439676E+03  0.000000E+00  0.000000E+00  0.633613E-02  0.438875E+03
  0.856045E+01  0.424461E+03  0.414321E+03  0.000000E+00  0.000000E+00  0.558548E-02  0.413568E+03
  0.885061E+01  0.399966E+03  0.390408E+03  0.000000E+00  0.000000E+00  0.492349E-02  0.389701E+03
  0.915060E+01  0.376865E+03  0.367857E+03  0.000000E+00  0.000000E+00  0.433977E-02  0.367193E+03
  0.946076E+01  0.355082E+03  0.346592E+03  0.000000E+00  0.000000E+00  0.382602E-02  0.345968E+03
  0.978143E+01  0.334543E+03  0.326542E+03  0.000000E+00  0.000000E+00  0.337281E-02  0.325956E+03
  0.101130E+02  0.315177E+03  0.307636E+03  0.000000E+00  0.000000E+00  0.297164E-02  0.307087E+03
  0.104558E+02  0.296918E+03  0.289811E+03  0.000000E+00  0.000000E+00  0.262012E-02  0.289296E+03
  0.108102E+02  0.279705E+03  0.273007E+03  0.000000E+00  0.000000E+00  0.230887E-02  0.272524E+03
  0.111766E+02  0.263478E+03  0.257166E+03  0.000000E+00  0.000000E+00  0.203572E-02  0.256713E+03
  0.115554E+02  0.248180E+03  0.242232E+03  0.000000E+00  0.000000E+00  0.179265E-02  0.241808E+03
  0.119471E+02  0.233762E+03  0.228156E+03  0.000000E+00  0.000000E+00  0.158073E-02  0.227759E+03
  0.123520E+02  0.220171E+03  0.214888E+03  0.000000E+00  0.000000E+00  0.139225E-02  0.214517E+03
  0.127707E+02  0.207361E+03  0.202382E+03  0.000000E+00  0.000000E+00  0.122677E-02  0.202035E+03
  0.132036E+02  0.195288E+03  0.190597E+03  0.000000E+00  0.000000E+00  0.108037E-02  0.190272E+03
  0.136511E+02  0.183911E+03  0.179490E+03  0.000000E+00  0.000000E+00  0.952879E-03  0.179187E+03
  0.141138E+02  0.173189E+03  0.169023E+03  0.000000E+00  0.000000E+00  0.838501E-03  0.168739E+03
  0.145922E+02  0.163085E+03  0.159159E+03  0.000000E+00  0.000000E+00  0.739182E-03  0.158895E+03
  0.150868E+02  0.153565E+03  0.149865E+03  0.000000E+00  0.000000E+00  0.650909E-03  0.149619E+03
  0.155982E+02  0.144595E+03  0.141107E+03  0.000000E+00  0.000000E+00  0.573378E-03  0.140878E+03
  0.161269E+02  0.136143E+03  0.132857E+03  0.000000E+00  0.000000E+00  0.505078E-03  0.132643E+03
  0.166735E+02  0.128180E+03  0.125083E+03  0.000000E+00  0.000000E+00  0.445144E-03  0.124885E+03
  0.172386E+02  0.120678E+03  0.117759E+03  0.000000E+00  0.000000E+00  0.391946E-03  0.117575E+03
  0.178229E+02  0.113611E+03  0.110860E+03  0.000000E+00  0.000000E+00  0.344783E-03  0.110689E+03
  0.184270E+02  0.106953E+03  0.104360E+03  0.000000E+00  0.000000E+00  0.304188E-03  0.104202E+03
  0.190516E+02  0.100682E+03  0.982380E+02  0.000000E+00  0.000000E+00  0.267655E-03  0.980919E+02
  0.196974E+02  0.947754E+02  0.924712E+02  0.000000E+00  0.000000E+00  0.235808E-03  0.923364E+02
  0.203650E+02  0.892114E+02  0.870393E+02  0.000000E+00  0.000000E+00  0.207626E-03  0.869151E+02
  0.210553E+02  0.839712E+02  0.819234E+02  0.000000E+00  0.000000E+00  0.183001E-03  0.818092E+02
  0.217690E+02  0.790358E+02  0.771051E+02  0.000000E+00  0.000000E+00  0.161089E-03  0.770004E+02
  0.225069E+02  0.743878E+02  0.725674E+02  0.000000E+00  0.000000E+00  0.141668E-03  0.724715E+02
  0.232697E+02  0.700107E+02  0.682940E+02  0.000000E+00  0.000000E+00  0.124987E-03  0.682066E+02
  0.240585E+02  0.658887E+02  0.642698E+02  0.000000E+00  0.000000E+00  0.109851E-03  0.641902E+02
  0.248739E+02  0.620072E+02  0.604803E+02  0.000000E+00  0.000000E+00  0.968289E-04  0.604083E+02
  0.257170E+02  0.583522E+02  0.569120E+02  0.000000E+00  0.000000E+00  0.851670E-04  0.568470E+02
  0.265887E+02  0.549109E+02  0.535522E+02  0.000000E+00  0.000000E+00  0.749210E-04  0.534939E+02
  0.274899E+02  0.516706E+02  0.503887E+02  0.000000E+00  0.000000E+00  0.660598E-04  0.503367E+02
  0.284217E+02  0.486200E+02  0.474103E+02  0.000000E+00  0.000000E+00  0.579776E-04  0.473642E+02
  0.293851E+02  0.457478E+02  0.446061E+02  0.000000E+00  0.000000E+00  0.511922E-04  0.445656E+02
  0.303811E+02  0.430439E+02  0.419662E+02  0.000000E+00  0.000000E+00  0.450155E-04  0.419310E+02
  0.314108E+02  0.404983E+02  0.394809E+02  0.000000E+00  0.000000E+00  0.396832E-04  0.394507E+02
  0.324755E+02  0.381021E+02  0.371413E+02  0.000000E+00  0.000000E+00  0.348442E-04  0.371158E+02
  0.335763E+02  0.358464E+02  0.349390E+02  0.000000E+00  0.000000E+00  0.306685E-04  0.349179E+02
  0.347144E+02  0.337230E+02  0.328658E+02  0.000000E+00  0.000000E+00  0.270734E-04  0.328490E+02
  0.358910E+02  0.317245E+02  0.309145E+02  0.000000E+00  0.000000E+00  0.237325E-04  0.309017E+02
  0.371075E+02  0.298434E+02  0.290778E+02  0.000000E+00  0.000000E+00  0.209615E-04  0.290687E+02
  0.383653E+02  0.280729E+02  0.273492E+02  0.000000E+00  0.000000E+00  0.184143E-04  0.273436E+02
  0.396657E+02  0.264065E+02  0.257221E+02  0.000000E+00  0.000000E+00  0.162179E-04  0.257199E+02
  0.410101E+02  0.248383E+02  0.241909E+02  0.000000E+00  0.000000E+00  0.142943E-04  0.241919E+02
  0.424002E+02  0.233624E+02  0.227498E+02  0.000000E+00  0.000000E+00  0.125307E-04  0.227538E+02
  0.438373E+02  0.219735E+02  0.213936E+02  0.000000E+00  0.000000E+00  0.110691E-04  0.214004E+02
  0.453232E+02  0.206665E+02  0.201174E+02  0.000000E+00  0.000000E+00  0.968765E-05  0.201269E+02
  0.468594E+02  0.194365E+02  0.189164E+02  0.000000E+00  0.000000E+00  0.852161E-05  0.189284E+02
  0.484478E+02  0.182792E+02  0.177863E+02  0.000000E+00  0.000000E+00  0.748805E-05  0.178007E+02
  0.500899E+02  0.171902E+02  0.167229E+02  0.000000E+00  0.000000E+00  0.658640E-05  0.167396E+02
  0.517877E+02  0.161656E+02  0.157224E+02  0.000000E+00  0.000000E+00  0.584400E-05  0.157412E+02
  0.535430E+02  0.152015E+02  0.147809E+02  0.000000E+00  0.000000E+00  0.511860E-05  0.148018E+02
  0.553579E+02  0.142944E+02  0.138951E+02  0.000000E+00  0.000000E+00  0.451691E-05  0.139179E+02
  0.572343E+02  0.134410E+02  0.130617E+02  0.000000E+00  0.000000E+00  0.398064E-05  0.130864E+02
  0.591742E+02  0.126381E+02  0.122777E+02  0.000000E+00  0.000000E+00  0.348995E-05  0.123040E+02
  0.611800E+02  0.118828E+02  0.115400E+02  0.000000E+00  0.000000E+00  0.307732E-05  0.115680E+02
  0.632536E+02  0.111722E+02  0.108461E+02  0.000000E+00  0.000000E+00  0.269487E-05  0.108756E+02
  0.653977E+02  0.105038E+02  0.101932E+02  0.000000E+00  0.000000E+00  0.238084E-05  0.102243E+02
  0.676143E+02  0.987498E+01  0.957912E+01  0.000000E+00  0.000000E+00  0.207289E-05  0.961156E+01
  0.699061E+02  0.928347E+01  0.900141E+01  0.000000E+00  0.000000E+00  0.183816E-05  0.903518E+01
  0.722756E+02  0.872710E+01  0.845800E+01  0.000000E+00  0.000000E+00  0.160388E-05  0.849303E+01
  0.747254E+02  0.820375E+01  0.794683E+01  0.000000E+00  0.000000E+00  0.141075E-05  0.798306E+01
  0.772582E+02  0.771151E+01  0.746604E+01  0.000000E+00  0.000000E+00  0.124538E-05  0.750340E+01
  0.798769E+02  0.724852E+01  0.701380E+01  0.000000E+00  0.000000E+00  0.108366E-05  0.705224E+01
  0.825843E+02  0.681307E+01  0.658846E+01  0.000000E+00  0.000000E+00  0.975004E-06  0.662791E+01
  0.853835E+02  0.640352E+01  0.618840E+01  0.000000E+00  0.000000E+00  0.849969E-06  0.622882E+01
  0.882775E+02  0.601835E+01  0.581215E+01  0.000000E+00  0.000000E+00  0.743105E-06  0.585350E+01
  0.912698E+02  0.565611E+01  0.545828E+01  0.000000E+00  0.000000E+00  0.660608E-06  0.550050E+01
  0.943633E+02  0.531545E+01  0.512550E+01  0.000000E+00  0.000000E+00  0.577407E-06  0.516854E+01
  0.975619E+02  0.499508E+01  0.481252E+01  0.000000E+00  0.000000E+00  0.507735E-06  0.485635E+01
  0.100869E+03  0.469382E+01  0.451821E+01  0.000000E+00  0.000000E+00  0.445583E-06  0.456278E+01
  0.104288E+03  0.441053E+01  0.424144E+01  0.000000E+00  0.000000E+00  0.390027E-06  0.428672E+01
  0.107822E+03  0.414415E+01  0.398119E+01  0.000000E+00  0.000000E+00  0.352729E-06  0.402713E+01
  0.111477E+03  0.389365E+01  0.373645E+01  0.000000E+00  0.000000E+00  0.297126E-06  0.378303E+01
  0.115256E+03  0.365812E+01  0.350633E+01  0.000000E+00  0.000000E+00  0.266997E-06  0.355351E+01
  0.119162E+03  0.343666E+01  0.328996E+01  0.000000E+00  0.000000E+00  0.233784E-06  0.333770E+01
  0.123201E+03  0.322844E+01  0.308652E+01  0.000000E+00  0.000000E+00  0.214665E-06  0.313478E+01
  0.127377E+03  0.303265E+01  0.289523E+01  0.000000E+00  0.000000E+00  0.185386E-06  0.294399E+01
  0.131695E+03  0.284859E+01  0.271539E+01  0.000000E+00  0.000000E+00  0.156548E-06  0.276462E+01
  0.136158E+03  0.267553E+01  0.254631E+01  0.000000E+00  0.000000E+00  0.138388E-06  0.259598E+01
  0.140773E+03  0.251284E+01  0.238736E+01  0.000000E+00  0.000000E+00  0.116584E-06  0.243744E+01
  0.145545E+03  0.235988E+01  0.223793E+01  0.000000E+00  0.000000E+00  0.105621E-06  0.228839E+01
  0.150478E+03  0.221609E+01  0.209746E+01  0.000000E+00  0.000000E+00  0.959875E-07  0.214827E+01
  0.155579E+03  0.208092E+01  0.196543E+01  0.000000E+00  0.000000E+00  0.811875E-07  0.201655E+01
  0.160852E+03  0.195385E+01  0.184131E+01  0.000000E+00  0.000000E+00  0.746096E-07  0.189273E+01
  0.166304E+03  0.183441E+01  0.172466E+01  0.000000E+00  0.000000E+00  0.659730E-07  0.177634E+01
  0.171941E+03  0.172214E+01  0.161502E+01  0.000000E+00  0.000000E+00  0.577858E-07  0.166694E+01
  0.177769E+03  0.161660E+01  0.151198E+01  0.000000E+00  0.000000E+00  0.503807E-07  0.156411E+01
  0.183795E+03  0.151740E+01  0.141515E+01  0.000000E+00  0.000000E+00  0.444115E-07  0.146746E+01
  0.190025E+03  0.142417E+01  0.132416E+01  0.000000E+00  0.000000E+00  0.425226E-07  0.137663E+01
  0.196465E+03  0.133655E+01  0.123867E+01  0.000000E+00  0.000000E+00  0.331575E-07  0.129126E+01
  0.203124E+03  0.125420E+01  0.115835E+01  0.000000E+00  0.000000E+00  0.291382E-07  0.121103E+01
