  0.106192E-04  0.720262E+06  0.720262E+06  0.960333E+06  0.960332E+06  0.729132E+06  0.720458E+06
  0.109791E-04  0.720262E+06  0.720262E+06  0.960332E+06  0.960331E+06  0.729132E+06  0.720458E+06
  0.113513E-04  0.720262E+06  0.720262E+06  0.960330E+06  0.960330E+06  0.729132E+06  0.720458E+06
  0.117360E-04  0.720262E+06  0.720262E+06  0.960329E+06  0.960328E+06  0.729131E+06  0.720458E+06
  0.121338E-04  0.720262E+06  0.720262E+06  0.960328E+06  0.960327E+06  0.729131E+06  0.720458E+06
  0.125451E-04  0.720262E+06  0.720262E+06  0.960326E+06  0.960325E+06  0.729131E+06  0.720458E+06
  0.129703E-04  0.720262E+06  0.720262E+06  0.960324E+06  0.960323E+06  0.729130E+06  0.720458E+06
  0.134099E-04  0.720262E+06  0.720262E+06  0.960323E+06  0.960322E+06  0.729130E+06  0.720458E+06
  0.138645E-04  0.720262E+06  0.720262E+06  0.960321E+06  0.960320E+06  0.729130E+06  0.720458E+06
  0.143344E-04  0.720262E+06  0.720262E+06  0.960319E+06  0.960318E+06  0.729129E+06  0.720458E+06
  0.148203E-04  0.720262E+06  0.720262E+06  0.960317E+06  0.960315E+06  0.729129E+06  0.720458E+06
  0.153226E-04  0.720261E+06  0.720261E+06  0.960314E+06  0.960313E+06  0.729129E+06  0.720457E+06
  0.158420E-04  0.720261E+06  0.720261E+06  0.960312E+06  0.960310E+06  0.729128E+06  0.720457E+06
  0.163789E-04  0.720261E+06  0.720261E+06  0.960309E+06  0.960308E+06  0.729128E+06  0.720457E+06
  0.169341E-04  0.720261E+06  0.720261E+06  0.960307E+06  0.960305E+06  0.729127E+06  0.720457E+06
  0.175081E-04  0.720261E+06  0.720261E+06  0.960304E+06  0.960302E+06  0.729126E+06  0.720457E+06
  0.181015E-04  0.720261E+06  0.720261E+06  0.960300E+06  0.960299E+06  0.729126E+06  0.720457E+06
  0.187151E-04  0.720261E+06  0.720261E+06  0.960297E+06  0.960295E+06  0.729125E+06  0.720457E+06
  0.193494E-04  0.720261E+06  0.720261E+06  0.960293E+06  0.960291E+06  0.729125E+06  0.720457E+06
  0.200053E-04  0.720261E+06  0.720261E+06  0.960290E+06  0.960287E+06  0.729124E+06  0.720457E+06
  0.206834E-04  0.720261E+06  0.720261E+06  0.960285E+06  0.960283E+06  0.729123E+06  0.720457E+06
  0.213844E-04  0.720261E+06  0.720261E+06  0.960281E+06  0.960278E+06  0.729122E+06  0.720457E+06
  0.221093E-04  0.720261E+06  0.720261E+06  0.960276E+06  0.960273E+06  0.729121E+06  0.720456E+06
  0.228587E-04  0.720261E+06  0.720260E+06  0.960271E+06  0.960268E+06  0.729120E+06  0.720456E+06
  0.236335E-04  0.720260E+06  0.720260E+06  0.960266E+06  0.960263E+06  0.729119E+06  0.720456E+06
  0.244345E-04  0.720260E+06  0.720260E+06  0.960260E+06  0.960257E+06  0.729118E+06  0.720456E+06
  0.252627E-04  0.720260E+06  0.720260E+06  0.960254E+06  0.960250E+06  0.729117E+06  0.720456E+06
  0.261190E-04  0.720260E+06  0.720260E+06  0.960247E+06  0.960243E+06  0.729116E+06  0.720456E+06
  0.270043E-04  0.720260E+06  0.720260E+06  0.960240E+06  0.960236E+06  0.729114E+06  0.720456E+06
  0.279196E-04  0.720260E+06  0.720260E+06  0.960233E+06  0.960228E+06  0.729113E+06  0.720455E+06
  0.288660E-04  0.720260E+06  0.720260E+06  0.960225E+06  0.960220E+06  0.729111E+06  0.720455E+06
  0.298444E-04  0.720259E+06  0.720259E+06  0.960216E+06  0.960211E+06  0.729110E+06  0.720455E+06
  0.308560E-04  0.720259E+06  0.720259E+06  0.960207E+06  0.960201E+06  0.729108E+06  0.720455E+06
  0.319018E-04  0.720259E+06  0.720259E+06  0.960197E+06  0.960191E+06  0.729106E+06  0.720455E+06
  0.329831E-04  0.720259E+06  0.720259E+06  0.960186E+06  0.960180E+06  0.729104E+06  0.720454E+06
  0.341011E-04  0.720259E+06  0.720258E+06  0.960175E+06  0.960168E+06  0.729102E+06  0.720454E+06
  0.352570E-04  0.720258E+06  0.720258E+06  0.960163E+06  0.960156E+06  0.729100E+06  0.720454E+06
  0.364520E-04  0.720258E+06  0.720258E+06  0.960150E+06  0.960143E+06  0.729097E+06  0.720453E+06
  0.376876E-04  0.720258E+06  0.720258E+06  0.960137E+06  0.960128E+06  0.729095E+06  0.720453E+06
  0.389650E-04  0.720258E+06  0.720257E+06  0.960122E+06  0.960113E+06  0.729092E+06  0.720453E+06
  0.402857E-04  0.720257E+06  0.720257E+06  0.960106E+06  0.960097E+06  0.729089E+06  0.720452E+06
  0.416512E-04  0.720257E+06  0.720257E+06  0.960090E+06  0.960079E+06  0.729086E+06  0.720452E+06
  0.430630E-04  0.720256E+06  0.720256E+06  0.960072E+06  0.960061E+06  0.729082E+06  0.720452E+06
  0.445226E-04  0.720256E+06  0.720256E+06  0.960052E+06  0.960041E+06  0.729079E+06  0.720451E+06
  0.460317E-04  0.720256E+06  0.720256E+06  0.960032E+06  0.960020E+06  0.729075E+06  0.720451E+06
  0.475919E-04  0.720255E+06  0.720255E+06  0.960010E+06  0.959997E+06  0.729071E+06  0.720450E+06
  0.492051E-04  0.720255E+06  0.720255E+06  0.959987E+06  0.959973E+06  0.729066E+06  0.720450E+06
  0.508729E-04  0.720254E+06  0.720254E+06  0.959962E+06  0.959947E+06  0.729061E+06  0.720449E+06
  0.525972E-04  0.720254E+06  0.720254E+06  0.959935E+06  0.959919E+06  0.729056E+06  0.720448E+06
  0.543800E-04  0.720253E+06  0.720253E+06  0.959906E+06  0.959889E+06  0.729051E+06  0.720448E+06
  0.562232E-04  0.720253E+06  0.720252E+06  0.959876E+06  0.959857E+06  0.729045E+06  0.720447E+06
  0.581289E-04  0.720252E+06  0.720252E+06  0.959843E+06  0.959824E+06  0.729039E+06  0.720446E+06
  0.600992E-04  0.720251E+06  0.720251E+06  0.959808E+06  0.959787E+06  0.729032E+06  0.720445E+06
  0.621363E-04  0.720250E+06  0.720250E+06  0.959771E+06  0.959749E+06  0.729025E+06  0.720444E+06
  0.642424E-04  0.720250E+06  0.720249E+06  0.959731E+06  0.959707E+06  0.729017E+06  0.720443E+06
  0.664199E-04  0.720249E+06  0.720248E+06  0.959688E+06  0.959663E+06  0.729009E+06  0.720442E+06
  0.686712E-04  0.720248E+06  0.720247E+06  0.959643E+06  0.959616E+06  0.729001E+06  0.720441E+06
  0.709988E-04  0.720247E+06  0.720246E+06  0.959594E+06  0.959565E+06  0.728991E+06  0.720440E+06
  0.734053E-04  0.720246E+06  0.720245E+06  0.959542E+06  0.959511E+06  0.728981E+06  0.720439E+06
  0.758934E-04  0.720245E+06  0.720244E+06  0.959486E+06  0.959453E+06  0.728971E+06  0.720437E+06
  0.784658E-04  0.720243E+06  0.720243E+06  0.959427E+06  0.959391E+06  0.728960E+06  0.720436E+06
  0.811254E-04  0.720242E+06  0.720242E+06  0.959363E+06  0.959325E+06  0.728947E+06  0.720434E+06
  0.838752E-04  0.720241E+06  0.720240E+06  0.959295E+06  0.959255E+06  0.728934E+06  0.720433E+06
  0.867182E-04  0.720239E+06  0.720239E+06  0.959223E+06  0.959179E+06  0.728921E+06  0.720431E+06
  0.896575E-04  0.720238E+06  0.720237E+06  0.959145E+06  0.959099E+06  0.728906E+06  0.720429E+06
  0.926964E-04  0.720236E+06  0.720235E+06  0.959062E+06  0.959012E+06  0.728890E+06  0.720427E+06
  0.958384E-04  0.720234E+06  0.720233E+06  0.958973E+06  0.958920E+06  0.728873E+06  0.720425E+06
  0.990869E-04  0.720232E+06  0.720231E+06  0.958878E+06  0.958822E+06  0.728855E+06  0.720423E+06
  0.102445E-03  0.720230E+06  0.720229E+06  0.958777E+06  0.958717E+06  0.728836E+06  0.720420E+06
  0.105918E-03  0.720228E+06  0.720227E+06  0.958669E+06  0.958604E+06  0.728815E+06  0.720418E+06
  0.109508E-03  0.720226E+06  0.720224E+06  0.958553E+06  0.958484E+06  0.728793E+06  0.720415E+06
  0.113220E-03  0.720223E+06  0.720222E+06  0.958429E+06  0.958355E+06  0.728769E+06  0.720412E+06
  0.117057E-03  0.720220E+06  0.720219E+06  0.958297E+06  0.958218E+06  0.728744E+06  0.720409E+06
  0.121025E-03  0.720218E+06  0.720216E+06  0.958156E+06  0.958071E+06  0.728717E+06  0.720405E+06
  0.125127E-03  0.720214E+06  0.720213E+06  0.958005E+06  0.957914E+06  0.728688E+06  0.720402E+06
  0.129368E-03  0.720211E+06  0.720210E+06  0.957843E+06  0.957747E+06  0.728658E+06  0.720398E+06
  0.133753E-03  0.720208E+06  0.720206E+06  0.957671E+06  0.957568E+06  0.728625E+06  0.720393E+06
  0.138287E-03  0.720204E+06  0.720202E+06  0.957486E+06  0.957376E+06  0.728590E+06  0.720389E+06
  0.142974E-03  0.720200E+06  0.720198E+06  0.957289E+06  0.957171E+06  0.728552E+06  0.720384E+06
  0.147820E-03  0.720196E+06  0.720194E+06  0.957078E+06  0.956953E+06  0.728512E+06  0.720379E+06
  0.152831E-03  0.720191E+06  0.720189E+06  0.956853E+06  0.956719E+06  0.728469E+06  0.720374E+06
  0.158011E-03  0.720186E+06  0.720184E+06  0.956613E+06  0.956469E+06  0.728423E+06  0.720368E+06
  0.163367E-03  0.720181E+06  0.720178E+06  0.956355E+06  0.956202E+06  0.728374E+06  0.720362E+06
  0.168904E-03  0.720175E+06  0.720173E+06  0.956081E+06  0.955917E+06  0.728321E+06  0.720355E+06
  0.174629E-03  0.720169E+06  0.720166E+06  0.955787E+06  0.955612E+06  0.728265E+06  0.720348E+06
  0.180548E-03  0.720163E+06  0.720160E+06  0.955473E+06  0.955286E+06  0.728205E+06  0.720340E+06
  0.186668E-03  0.720156E+06  0.720153E+06  0.955138E+06  0.954938E+06  0.728141E+06  0.720332E+06
  0.192995E-03  0.720149E+06  0.720145E+06  0.954779E+06  0.954566E+06  0.728073E+06  0.720323E+06
  0.199536E-03  0.720141E+06  0.720137E+06  0.954397E+06  0.954168E+06  0.728000E+06  0.720314E+06
  0.206300E-03  0.720133E+06  0.720128E+06  0.953987E+06  0.953743E+06  0.727922E+06  0.720304E+06
  0.213292E-03  0.720124E+06  0.720119E+06  0.953550E+06  0.953290E+06  0.727838E+06  0.720293E+06
  0.220522E-03  0.720114E+06  0.720109E+06  0.953083E+06  0.952805E+06  0.727749E+06  0.720282E+06
  0.227996E-03  0.720104E+06  0.720099E+06  0.952584E+06  0.952286E+06  0.727653E+06  0.720270E+06
  0.235724E-03  0.720093E+06  0.720088E+06  0.952051E+06  0.951733E+06  0.727551E+06  0.720257E+06
  0.243714E-03  0.720081E+06  0.720076E+06  0.951481E+06  0.951142E+06  0.727442E+06  0.720243E+06
  0.251975E-03  0.720069E+06  0.720063E+06  0.950872E+06  0.950510E+06  0.727326E+06  0.720228E+06
  0.260516E-03  0.720056E+06  0.720049E+06  0.950222E+06  0.949835E+06  0.727202E+06  0.720212E+06
  0.269346E-03  0.720041E+06  0.720034E+06  0.949527E+06  0.949114E+06  0.727068E+06  0.720195E+06
  0.278475E-03  0.720026E+06  0.720019E+06  0.948785E+06  0.948344E+06  0.726926E+06  0.720177E+06
  0.287914E-03  0.720010E+06  0.720002E+06  0.947993E+06  0.947521E+06  0.726774E+06  0.720158E+06
  0.297673E-03  0.719992E+06  0.719984E+06  0.947146E+06  0.946643E+06  0.726612E+06  0.720137E+06
  0.307763E-03  0.719974E+06  0.719965E+06  0.946242E+06  0.945704E+06  0.726439E+06  0.720115E+06
  0.318195E-03  0.719954E+06  0.719944E+06  0.945276E+06  0.944702E+06  0.726253E+06  0.720092E+06
  0.328980E-03  0.719933E+06  0.719923E+06  0.944245E+06  0.943632E+06  0.726055E+06  0.720066E+06
  0.340131E-03  0.719910E+06  0.719899E+06  0.943144E+06  0.942490E+06  0.725844E+06  0.720040E+06
  0.351659E-03  0.719886E+06  0.719874E+06  0.941968E+06  0.941270E+06  0.725618E+06  0.720011E+06
  0.363579E-03  0.719860E+06  0.719848E+06  0.940713E+06  0.939967E+06  0.725376E+06  0.719980E+06
  0.375903E-03  0.719832E+06  0.719819E+06  0.939372E+06  0.938577E+06  0.725118E+06  0.719947E+06
  0.388644E-03  0.719803E+06  0.719788E+06  0.937942E+06  0.937093E+06  0.724842E+06  0.719912E+06
  0.401817E-03  0.719771E+06  0.719756E+06  0.936414E+06  0.935509E+06  0.724548E+06  0.719874E+06
  0.415437E-03  0.719737E+06  0.719721E+06  0.934784E+06  0.933818E+06  0.724233E+06  0.719834E+06
  0.429518E-03  0.719701E+06  0.719684E+06  0.933045E+06  0.932014E+06  0.723897E+06  0.719791E+06
  0.444076E-03  0.719663E+06  0.719644E+06  0.931188E+06  0.930089E+06  0.723538E+06  0.719745E+06
  0.459128E-03  0.719622E+06  0.719602E+06  0.929208E+06  0.928036E+06  0.723155E+06  0.719696E+06
  0.474691E-03  0.719578E+06  0.719556E+06  0.927095E+06  0.925845E+06  0.722746E+06  0.719644E+06
  0.490780E-03  0.719531E+06  0.719508E+06  0.924841E+06  0.923509E+06  0.722308E+06  0.719588E+06
  0.507415E-03  0.719480E+06  0.719456E+06  0.922438E+06  0.921018E+06  0.721841E+06  0.719528E+06
  0.524614E-03  0.719427E+06  0.719401E+06  0.919874E+06  0.918362E+06  0.721343E+06  0.719465E+06
  0.542396E-03  0.719369E+06  0.719341E+06  0.917142E+06  0.915530E+06  0.720810E+06  0.719396E+06
  0.560781E-03  0.719308E+06  0.719278E+06  0.914229E+06  0.912513E+06  0.720242E+06  0.719324E+06
  0.579788E-03  0.719242E+06  0.719211E+06  0.911124E+06  0.909297E+06  0.719635E+06  0.719246E+06
  0.599440E-03  0.719173E+06  0.719139E+06  0.907816E+06  0.905871E+06  0.718987E+06  0.719163E+06
  0.619759E-03  0.719098E+06  0.719062E+06  0.904292E+06  0.902222E+06  0.718296E+06  0.719074E+06
  0.640765E-03  0.719018E+06  0.718979E+06  0.900538E+06  0.898337E+06  0.717558E+06  0.718979E+06
  0.662484E-03  0.718933E+06  0.718891E+06  0.896542E+06  0.894200E+06  0.716770E+06  0.718878E+06
  0.684939E-03  0.718842E+06  0.718797E+06  0.892287E+06  0.889798E+06  0.715930E+06  0.718770E+06
  0.708155E-03  0.718744E+06  0.718697E+06  0.887760E+06  0.885115E+06  0.715033E+06  0.718655E+06
  0.732158E-03  0.718641E+06  0.718590E+06  0.882943E+06  0.880133E+06  0.714077E+06  0.718531E+06
  0.756975E-03  0.718530E+06  0.718476E+06  0.877820E+06  0.874837E+06  0.713057E+06  0.718400E+06
  0.782633E-03  0.718411E+06  0.718353E+06  0.872374E+06  0.869209E+06  0.711969E+06  0.718259E+06
  0.809160E-03  0.718285E+06  0.718223E+06  0.866587E+06  0.863229E+06  0.710809E+06  0.718109E+06
  0.836587E-03  0.718150E+06  0.718084E+06  0.860439E+06  0.856879E+06  0.709572E+06  0.717949E+06
  0.864943E-03  0.718006E+06  0.717935E+06  0.853910E+06  0.850139E+06  0.708254E+06  0.717778E+06
  0.894260E-03  0.717852E+06  0.717776E+06  0.846982E+06  0.842988E+06  0.706849E+06  0.717596E+06
  0.924571E-03  0.717688E+06  0.717607E+06  0.839632E+06  0.835406E+06  0.705352E+06  0.717402E+06
  0.955910E-03  0.717513E+06  0.717426E+06  0.831839E+06  0.827370E+06  0.703758E+06  0.717194E+06
  0.988310E-03  0.717326E+06  0.717233E+06  0.823582E+06  0.818860E+06  0.702060E+06  0.716973E+06
  0.102181E-02  0.717126E+06  0.717027E+06  0.814837E+06  0.809853E+06  0.700252E+06  0.716737E+06
  0.105644E-02  0.716913E+06  0.716808E+06  0.805583E+06  0.800326E+06  0.698328E+06  0.716485E+06
  0.109225E-02  0.716686E+06  0.716573E+06  0.795797E+06  0.790258E+06  0.696280E+06  0.716216E+06
  0.112927E-02  0.716444E+06  0.716323E+06  0.785455E+06  0.779624E+06  0.694102E+06  0.715930E+06
  0.116755E-02  0.716186E+06  0.716057E+06  0.774536E+06  0.768405E+06  0.691785E+06  0.715625E+06
  0.120713E-02  0.715910E+06  0.715772E+06  0.763017E+06  0.756578E+06  0.689323E+06  0.715300E+06
  0.124804E-02  0.715616E+06  0.715469E+06  0.750876E+06  0.744123E+06  0.686706E+06  0.714953E+06
  0.129034E-02  0.715303E+06  0.715146E+06  0.738094E+06  0.731020E+06  0.683926E+06  0.714584E+06
  0.133408E-02  0.714970E+06  0.714802E+06  0.724650E+06  0.717251E+06  0.680975E+06  0.714190E+06
  0.137930E-02  0.714614E+06  0.714435E+06  0.710526E+06  0.702800E+06  0.677843E+06  0.713772E+06
  0.142605E-02  0.714236E+06  0.714044E+06  0.695707E+06  0.687654E+06  0.674521E+06  0.713326E+06
  0.147439E-02  0.713832E+06  0.713627E+06  0.680180E+06  0.671801E+06  0.670999E+06  0.712852E+06
  0.152436E-02  0.713403E+06  0.713184E+06  0.663934E+06  0.655233E+06  0.667267E+06  0.712347E+06
  0.157603E-02  0.712946E+06  0.712712E+06  0.646962E+06  0.637947E+06  0.663316E+06  0.711810E+06
  0.162945E-02  0.712460E+06  0.712209E+06  0.629262E+06  0.619943E+06  0.659134E+06  0.711239E+06
  0.168468E-02  0.711942E+06  0.711675E+06  0.610835E+06  0.601227E+06  0.654712E+06  0.710632E+06
  0.174178E-02  0.711392E+06  0.711106E+06  0.591689E+06  0.581810E+06  0.650038E+06  0.709988E+06
  0.180082E-02  0.710806E+06  0.710501E+06  0.571838E+06  0.561710E+06  0.645104E+06  0.709303E+06
  0.186186E-02  0.710184E+06  0.709858E+06  0.551301E+06  0.540954E+06  0.639898E+06  0.708576E+06
  0.192497E-02  0.709523E+06  0.709175E+06  0.530109E+06  0.519573E+06  0.634412E+06  0.707805E+06
  0.199021E-02  0.708821E+06  0.708449E+06  0.508296E+06  0.497611E+06  0.628633E+06  0.706987E+06
  0.205767E-02  0.708076E+06  0.707678E+06  0.485910E+06  0.475119E+06  0.622555E+06  0.706120E+06
  0.212742E-02  0.707285E+06  0.706860E+06  0.463007E+06  0.452159E+06  0.616168E+06  0.705201E+06
  0.219953E-02  0.706446E+06  0.705993E+06  0.439654E+06  0.428804E+06  0.609464E+06  0.704227E+06
  0.227408E-02  0.705557E+06  0.705072E+06  0.415929E+06  0.405137E+06  0.602437E+06  0.703197E+06
  0.235116E-02  0.704615E+06  0.704097E+06  0.391921E+06  0.381253E+06  0.595080E+06  0.702108E+06
  0.243085E-02  0.703617E+06  0.703064E+06  0.367733E+06  0.357259E+06  0.587389E+06  0.700956E+06
  0.251324E-02  0.702561E+06  0.701970E+06  0.343480E+06  0.333273E+06  0.579361E+06  0.699739E+06
  0.259843E-02  0.701443E+06  0.700812E+06  0.319285E+06  0.309423E+06  0.570996E+06  0.698455E+06
  0.268651E-02  0.700262E+06  0.699588E+06  0.295287E+06  0.285846E+06  0.562292E+06  0.697100E+06
  0.277757E-02  0.699014E+06  0.698294E+06  0.271633E+06  0.262689E+06  0.553254E+06  0.695672E+06
  0.287171E-02  0.697696E+06  0.696927E+06  0.248478E+06  0.240105E+06  0.543887E+06  0.694169E+06
  0.296905E-02  0.696306E+06  0.695485E+06  0.225983E+06  0.218250E+06  0.534199E+06  0.692586E+06
  0.306968E-02  0.694840E+06  0.693964E+06  0.204315E+06  0.197280E+06  0.524201E+06  0.690923E+06
  0.317373E-02  0.693296E+06  0.692360E+06  0.183639E+06  0.177352E+06  0.513907E+06  0.689176E+06
  0.328131E-02  0.691671E+06  0.690672E+06  0.164119E+06  0.158611E+06  0.503334E+06  0.687342E+06
  0.339253E-02  0.689962E+06  0.688895E+06  0.145908E+06  0.141194E+06  0.492504E+06  0.685420E+06
  0.350752E-02  0.688166E+06  0.687027E+06  0.129148E+06  0.125220E+06  0.481442E+06  0.683407E+06
  0.362640E-02  0.686280E+06  0.685065E+06  0.113960E+06  0.110784E+06  0.470174E+06  0.681302E+06
  0.374932E-02  0.684303E+06  0.683006E+06  0.100442E+06  0.979559E+05  0.458734E+06  0.679101E+06
  0.387641E-02  0.682230E+06  0.680846E+06  0.886584E+05  0.867709E+05  0.447155E+06  0.676804E+06
  0.400780E-02  0.680060E+06  0.678583E+06  0.786390E+05  0.772271E+05  0.435476E+06  0.674408E+06
  0.414364E-02  0.677790E+06  0.676214E+06  0.703698E+05  0.692812E+05  0.423738E+06  0.671913E+06
  0.428409E-02  0.675418E+06  0.673737E+06  0.637909E+05  0.628467E+05  0.411983E+06  0.669316E+06
  0.442930E-02  0.672943E+06  0.671149E+06  0.587932E+05  0.577934E+05  0.400257E+06  0.666617E+06
  0.457943E-02  0.670361E+06  0.668448E+06  0.552184E+05  0.539503E+05  0.388604E+06  0.663815E+06
  0.473465E-02  0.667671E+06  0.665630E+06  0.528614E+05  0.511102E+05  0.377071E+06  0.660908E+06
  0.489513E-02  0.664871E+06  0.662695E+06  0.514756E+05  0.490380E+05  0.365700E+06  0.657897E+06
  0.506105E-02  0.661960E+06  0.659640E+06  0.507823E+05  0.474828E+05  0.354534E+06  0.654779E+06
  0.523260E-02  0.658936E+06  0.656463E+06  0.504839E+05  0.461913E+05  0.343611E+06  0.651555E+06
  0.540996E-02  0.655798E+06  0.653161E+06  0.502794E+05  0.449252E+05  0.332964E+06  0.648224E+06
  0.559333E-02  0.652544E+06  0.649734E+06  0.498849E+05  0.434784E+05  0.322620E+06  0.644784E+06
  0.578292E-02  0.649173E+06  0.646178E+06  0.490537E+05  0.416946E+05  0.312599E+06  0.641235E+06
  0.597893E-02  0.645683E+06  0.642492E+06  0.475978E+05  0.394822E+05  0.302914E+06  0.637576E+06
  0.618159E-02  0.642074E+06  0.638675E+06  0.454068E+05  0.368249E+05  0.293566E+06  0.633806E+06
  0.639111E-02  0.638345E+06  0.634724E+06  0.424619E+05  0.337851E+05  0.284553E+06  0.629922E+06
  0.660774E-02  0.634493E+06  0.630638E+06  0.388430E+05  0.304987E+05  0.275858E+06  0.625925E+06
  0.683171E-02  0.630519E+06  0.626414E+06  0.347245E+05  0.271597E+05  0.267460E+06  0.621811E+06
  0.706327E-02  0.626420E+06  0.622050E+06  0.303605E+05  0.239955E+05  0.259330E+06  0.617579E+06
  0.730268E-02  0.622196E+06  0.617545E+06  0.260562E+05  0.212329E+05  0.251435E+06  0.613227E+06
  0.755020E-02  0.617845E+06  0.612896E+06  0.221292E+05  0.190606E+05  0.243739E+06  0.608752E+06
  0.780612E-02  0.613366E+06  0.608102E+06  0.188631E+05  0.175930E+05  0.236203E+06  0.604153E+06
  0.807071E-02  0.608758E+06  0.603159E+06  0.164593E+05  0.168418E+05  0.228795E+06  0.599427E+06
  0.834427E-02  0.604019E+06  0.598067E+06  0.149971E+05  0.167038E+05  0.221486E+06  0.594573E+06
  0.862710E-02  0.599148E+06  0.592822E+06  0.144095E+05  0.169705E+05  0.214252E+06  0.589588E+06
  0.891952E-02  0.594144E+06  0.587420E+06  0.000000E+00  0.000000E+00  0.207080E+06  0.584469E+06
  0.922184E-02  0.589004E+06  0.581862E+06  0.000000E+00  0.000000E+00  0.199965E+06  0.579216E+06
  0.953442E-02  0.583729E+06  0.576144E+06  0.000000E+00  0.000000E+00  0.192913E+06  0.573828E+06
  0.985759E-02  0.578316E+06  0.570264E+06  0.000000E+00  0.000000E+00  0.185936E+06  0.568302E+06
  0.101917E-01  0.572764E+06  0.564219E+06  0.000000E+00  0.000000E+00  0.179049E+06  0.562639E+06
  0.105372E-01  0.567071E+06  0.558007E+06  0.000000E+00  0.000000E+00  0.172272E+06  0.556836E+06
  0.108943E-01  0.561237E+06  0.551625E+06  0.000000E+00  0.000000E+00  0.165622E+06  0.550892E+06
  0.112636E-01  0.555258E+06  0.545071E+06  0.000000E+00  0.000000E+00  0.159113E+06  0.544806E+06
  0.116454E-01  0.549135E+06  0.538343E+06  0.000000E+00  0.000000E+00  0.152753E+06  0.538576E+06
  0.120401E-01  0.542865E+06  0.531437E+06  0.000000E+00  0.000000E+00  0.146544E+06  0.532202E+06
  0.124482E-01  0.536448E+06  0.524353E+06  0.000000E+00  0.000000E+00  0.140483E+06  0.525682E+06
  0.128701E-01  0.529882E+06  0.517089E+06  0.000000E+00  0.000000E+00  0.134563E+06  0.519013E+06
  0.133063E-01  0.523166E+06  0.509642E+06  0.000000E+00  0.000000E+00  0.128775E+06  0.512196E+06
  0.137574E-01  0.516299E+06  0.502012E+06  0.000000E+00  0.000000E+00  0.123114E+06  0.505229E+06
  0.142237E-01  0.509282E+06  0.494198E+06  0.000000E+00  0.000000E+00  0.117573E+06  0.498111E+06
  0.147058E-01  0.502112E+06  0.486199E+06  0.000000E+00  0.000000E+00  0.112154E+06  0.490842E+06
  0.152042E-01  0.494791E+06  0.478015E+06  0.000000E+00  0.000000E+00  0.106856E+06  0.483422E+06
  0.157196E-01  0.487318E+06  0.469647E+06  0.000000E+00  0.000000E+00  0.101684E+06  0.475851E+06
  0.162524E-01  0.479694E+06  0.461096E+06  0.000000E+00  0.000000E+00  0.966414E+05  0.468130E+06
  0.168033E-01  0.471920E+06  0.452364E+06  0.000000E+00  0.000000E+00  0.917304E+05  0.460259E+06
  0.173728E-01  0.463996E+06  0.443455E+06  0.000000E+00  0.000000E+00  0.869546E+05  0.452241E+06
  0.179617E-01  0.455926E+06  0.434371E+06  0.000000E+00  0.000000E+00  0.823177E+05  0.444078E+06
  0.185705E-01  0.447711E+06  0.425118E+06  0.000000E+00  0.000000E+00  0.778250E+05  0.435772E+06
  0.192000E-01  0.439356E+06  0.415703E+06  0.000000E+00  0.000000E+00  0.734831E+05  0.427329E+06
  0.198507E-01  0.430863E+06  0.406132E+06  0.000000E+00  0.000000E+00  0.692987E+05  0.418752E+06
  0.205236E-01  0.422239E+06  0.396417E+06  0.000000E+00  0.000000E+00  0.652777E+05  0.410047E+06
  0.212192E-01  0.413488E+06  0.386567E+06  0.000000E+00  0.000000E+00  0.614237E+05  0.401222E+06
  0.219385E-01  0.404620E+06  0.376596E+06  0.000000E+00  0.000000E+00  0.577378E+05  0.392285E+06
  0.226821E-01  0.395642E+06  0.366518E+06  0.000000E+00  0.000000E+00  0.542186E+05  0.383244E+06
  0.234509E-01  0.386563E+06  0.356353E+06  0.000000E+00  0.000000E+00  0.508618E+05  0.374111E+06
  0.242458E-01  0.377396E+06  0.346118E+06  0.000000E+00  0.000000E+00  0.476610E+05  0.364897E+06
  0.250676E-01  0.368152E+06  0.335836E+06  0.000000E+00  0.000000E+00  0.446076E+05  0.355618E+06
  0.259172E-01  0.358847E+06  0.325532E+06  0.000000E+00  0.000000E+00  0.416927E+05  0.346288E+06
  0.267957E-01  0.349497E+06  0.315233E+06  0.000000E+00  0.000000E+00  0.389094E+05  0.336924E+06
  0.277039E-01  0.340118E+06  0.304969E+06  0.000000E+00  0.000000E+00  0.362546E+05  0.327547E+06
  0.286430E-01  0.330732E+06  0.294772E+06  0.000000E+00  0.000000E+00  0.337302E+05  0.318177E+06
  0.296138E-01  0.321358E+06  0.284678E+06  0.000000E+00  0.000000E+00  0.313409E+05  0.308838E+06
  0.306176E-01  0.312021E+06  0.274723E+06  0.000000E+00  0.000000E+00  0.290917E+05  0.299554E+06
  0.316554E-01  0.302745E+06  0.264947E+06  0.000000E+00  0.000000E+00  0.269827E+05  0.290354E+06
  0.327283E-01  0.293557E+06  0.255391E+06  0.000000E+00  0.000000E+00  0.250070E+05  0.281263E+06
  0.338377E-01  0.285873E+06  0.247476E+06  0.000000E+00  0.000000E+00  0.204750E+05  0.273611E+06
  0.349846E-01  0.276990E+06  0.238530E+06  0.000000E+00  0.000000E+00  0.188726E+05  0.264878E+06
  0.361704E-01  0.268277E+06  0.229927E+06  0.000000E+00  0.000000E+00  0.173692E+05  0.256343E+06
  0.373964E-01  0.259671E+06  0.221614E+06  0.000000E+00  0.000000E+00  0.159681E+05  0.247945E+06
  0.386640E-01  0.251256E+06  0.213684E+06  0.000000E+00  0.000000E+00  0.146819E+05  0.239768E+06
  0.399745E-01  0.243091E+06  0.206203E+06  0.000000E+00  0.000000E+00  0.135064E+05  0.231872E+06
  0.413294E-01  0.235207E+06  0.199204E+06  0.000000E+00  0.000000E+00  0.124209E+05  0.224285E+06
  0.427303E-01  0.227631E+06  0.192715E+06  0.000000E+00  0.000000E+00  0.114091E+05  0.217035E+06
  0.441786E-01  0.219527E+06  0.185898E+06  0.000000E+00  0.000000E+00  0.115348E+05  0.209328E+06
  0.456761E-01  0.212591E+06  0.180428E+06  0.000000E+00  0.000000E+00  0.106340E+05  0.202769E+06
  0.472243E-01  0.205993E+06  0.175464E+06  0.000000E+00  0.000000E+00  0.981949E+04  0.196571E+06
  0.488249E-01  0.199724E+06  0.170972E+06  0.000000E+00  0.000000E+00  0.906590E+04  0.190720E+06
  0.504799E-01  0.193766E+06  0.166905E+06  0.000000E+00  0.000000E+00  0.836626E+04  0.185194E+06
  0.521909E-01  0.188098E+06  0.163207E+06  0.000000E+00  0.000000E+00  0.773398E+04  0.179965E+06
  0.539599E-01  0.183177E+06  0.160288E+06  0.000000E+00  0.000000E+00  0.671209E+04  0.175464E+06
  0.557889E-01  0.177999E+06  0.157105E+06  0.000000E+00  0.000000E+00  0.618439E+04  0.170721E+06
  0.576799E-01  0.173009E+06  0.154051E+06  0.000000E+00  0.000000E+00  0.569621E+04  0.166153E+06
  0.596349E-01  0.168170E+06  0.151035E+06  0.000000E+00  0.000000E+00  0.526059E+04  0.161715E+06
  0.616562E-01  0.163440E+06  0.147964E+06  0.000000E+00  0.000000E+00  0.484869E+04  0.157357E+06
  0.637461E-01  0.158437E+06  0.144411E+06  0.000000E+00  0.000000E+00  0.471108E+04  0.152703E+06
  0.659068E-01  0.153773E+06  0.140941E+06  0.000000E+00  0.000000E+00  0.434658E+04  0.148333E+06
  0.681407E-01  0.149068E+06  0.137144E+06  0.000000E+00  0.000000E+00  0.399869E+04  0.143875E+06
  0.704503E-01  0.144275E+06  0.132954E+06  0.000000E+00  0.000000E+00  0.366875E+04  0.139281E+06
  0.728383E-01  0.139455E+06  0.128428E+06  0.000000E+00  0.000000E+00  0.326951E+04  0.134608E+06
  0.753071E-01  0.134418E+06  0.123394E+06  0.000000E+00  0.000000E+00  0.298387E+04  0.129677E+06
  0.778597E-01  0.129261E+06  0.117985E+06  0.000000E+00  0.000000E+00  0.271291E+04  0.124586E+06
  0.804987E-01  0.124017E+06  0.112289E+06  0.000000E+00  0.000000E+00  0.245703E+04  0.119377E+06
  0.832272E-01  0.118734E+06  0.106430E+06  0.000000E+00  0.000000E+00  0.222070E+04  0.114109E+06
  0.860483E-01  0.113473E+06  0.100555E+06  0.000000E+00  0.000000E+00  0.200284E+04  0.108857E+06
  0.889648E-01  0.108302E+06  0.948284E+05  0.000000E+00  0.000000E+00  0.180586E+04  0.103703E+06
  0.919804E-01  0.103294E+06  0.894189E+05  0.000000E+00  0.000000E+00  0.162353E+04  0.987358E+05
  0.950980E-01  0.985344E+05  0.844924E+05  0.000000E+00  0.000000E+00  0.146127E+04  0.940497E+05
  0.983214E-01  0.941067E+05  0.801964E+05  0.000000E+00  0.000000E+00  0.131579E+04  0.897385E+05
  0.101654E+00  0.900850E+05  0.766349E+05  0.000000E+00  0.000000E+00  0.118974E+04  0.858796E+05
  0.105100E+00  0.865066E+05  0.738369E+05  0.000000E+00  0.000000E+00  0.107793E+04  0.825079E+05
  0.108662E+00  0.833539E+05  0.717336E+05  0.000000E+00  0.000000E+00  0.983959E+03  0.795976E+05
  0.112345E+00  0.805504E+05  0.701574E+05  0.000000E+00  0.000000E+00  0.896198E+03  0.770586E+05
  0.116153E+00  0.779817E+05  0.688722E+05  0.000000E+00  0.000000E+00  0.820376E+03  0.747587E+05
  0.120090E+00  0.755244E+05  0.676184E+05  0.000000E+00  0.000000E+00  0.751210E+03  0.725547E+05
  0.124160E+00  0.730681E+05  0.661560E+05  0.000000E+00  0.000000E+00  0.686689E+03  0.703168E+05
  0.128369E+00  0.705190E+05  0.642917E+05  0.000000E+00  0.000000E+00  0.624135E+03  0.679368E+05
  0.132720E+00  0.678037E+05  0.619033E+05  0.000000E+00  0.000000E+00  0.567382E+03  0.653347E+05
  0.137219E+00  0.648867E+05  0.589717E+05  0.000000E+00  0.000000E+00  0.511392E+03  0.624786E+05
  0.141870E+00  0.617989E+05  0.556115E+05  0.000000E+00  0.000000E+00  0.456625E+03  0.594124E+05
  0.146678E+00  0.586457E+05  0.520657E+05  0.000000E+00  0.000000E+00  0.407614E+03  0.562623E+05
  0.151650E+00  0.555753E+05  0.486462E+05  0.000000E+00  0.000000E+00  0.363369E+03  0.532007E+05
  0.156790E+00  0.527281E+05  0.456436E+05  0.000000E+00  0.000000E+00  0.323524E+03  0.503896E+05
  0.162105E+00  0.501993E+05  0.432502E+05  0.000000E+00  0.000000E+00  0.289482E+03  0.479386E+05
  0.167599E+00  0.480275E+05  0.415186E+05  0.000000E+00  0.000000E+00  0.261479E+03  0.458875E+05
  0.173280E+00  0.461833E+05  0.403428E+05  0.000000E+00  0.000000E+00  0.236760E+03  0.441948E+05
  0.179153E+00  0.445618E+05  0.394698E+05  0.000000E+00  0.000000E+00  0.215277E+03  0.427334E+05
  0.185226E+00  0.430032E+05  0.385668E+05  0.000000E+00  0.000000E+00  0.195252E+03  0.413180E+05
  0.191504E+00  0.413546E+05  0.373424E+05  0.000000E+00  0.000000E+00  0.177179E+03  0.397762E+05
  0.197995E+00  0.395360E+05  0.356647E+05  0.000000E+00  0.000000E+00  0.159025E+03  0.380208E+05
  0.204706E+00  0.375704E+05  0.336135E+05  0.000000E+00  0.000000E+00  0.142368E+03  0.360840E+05
  0.211645E+00  0.355702E+05  0.314439E+05  0.000000E+00  0.000000E+00  0.126280E+03  0.340994E+05
  0.218818E+00  0.336823E+05  0.294691E+05  0.000000E+00  0.000000E+00  0.112095E+03  0.322384E+05
  0.226235E+00  0.320193E+05  0.279152E+05  0.000000E+00  0.000000E+00  0.100286E+03  0.306301E+05
  0.233903E+00  0.306158E+05  0.268227E+05  0.000000E+00  0.000000E+00  0.898953E+02  0.293092E+05
  0.241832E+00  0.294011E+05  0.260194E+05  0.000000E+00  0.000000E+00  0.812934E+02  0.281897E+05
  0.250029E+00  0.282355E+05  0.252147E+05  0.000000E+00  0.000000E+00  0.734362E+02  0.271098E+05
  0.258503E+00  0.270081E+05  0.241881E+05  0.000000E+00  0.000000E+00  0.660912E+02  0.259429E+05
  0.267265E+00  0.256849E+05  0.229009E+05  0.000000E+00  0.000000E+00  0.590129E+02  0.246548E+05
  0.276324E+00  0.243311E+05  0.215157E+05  0.000000E+00  0.000000E+00  0.521975E+02  0.233254E+05
  0.285690E+00  0.230708E+05  0.202831E+05  0.000000E+00  0.000000E+00  0.465990E+02  0.220975E+05
  0.295374E+00  0.219706E+05  0.193315E+05  0.000000E+00  0.000000E+00  0.416869E+02  0.210463E+05
  0.305386E+00  0.210071E+05  0.185946E+05  0.000000E+00  0.000000E+00  0.373638E+02  0.201417E+05
  0.315736E+00  0.200900E+05  0.178798E+05  0.000000E+00  0.000000E+00  0.335720E+02  0.192785E+05
  0.326438E+00  0.191431E+05  0.170421E+05  0.000000E+00  0.000000E+00  0.300133E+02  0.183707E+05
  0.337503E+00  0.181689E+05  0.161055E+05  0.000000E+00  0.000000E+00  0.267917E+02  0.174242E+05
  0.348943E+00  0.172337E+05  0.152160E+05  0.000000E+00  0.000000E+00  0.237492E+02  0.165172E+05
  0.360770E+00  0.163931E+05  0.144798E+05  0.000000E+00  0.000000E+00  0.211893E+02  0.157125E+05
  0.372999E+00  0.156325E+05  0.138568E+05  0.000000E+00  0.000000E+00  0.190144E+02  0.149916E+05
  0.385642E+00  0.148946E+05  0.132296E+05  0.000000E+00  0.000000E+00  0.169494E+02  0.142884E+05
  0.398713E+00  0.141517E+05  0.125508E+05  0.000000E+00  0.000000E+00  0.151444E+02  0.135726E+05
  0.412227E+00  0.134296E+05  0.118823E+05  0.000000E+00  0.000000E+00  0.134449E+02  0.128753E+05
  0.426200E+00  0.127626E+05  0.112932E+05  0.000000E+00  0.000000E+00  0.120166E+02  0.122360E+05
  0.440646E+00  0.121452E+05  0.107664E+05  0.000000E+00  0.000000E+00  0.106989E+02  0.116473E+05
  0.455581E+00  0.115469E+05  0.102411E+05  0.000000E+00  0.000000E+00  0.954362E+01  0.110744E+05
  0.471024E+00  0.109617E+05  0.971092E+04  0.000000E+00  0.000000E+00  0.848808E+01  0.105113E+05
  0.486989E+00  0.104073E+05  0.921511E+04  0.000000E+00  0.000000E+00  0.755010E+01  0.997885E+04
  0.503496E+00  0.988928E+04  0.876320E+04  0.000000E+00  0.000000E+00  0.670045E+01  0.948326E+04
  0.520561E+00  0.939389E+04  0.832707E+04  0.000000E+00  0.000000E+00  0.598418E+01  0.900868E+04
  0.538206E+00  0.891577E+04  0.789918E+04  0.000000E+00  0.000000E+00  0.531798E+01  0.854948E+04
  0.556448E+00  0.846246E+04  0.749676E+04  0.000000E+00  0.000000E+00  0.473118E+01  0.811465E+04
  0.575309E+00  0.803416E+04  0.711992E+04  0.000000E+00  0.000000E+00  0.421802E+01  0.770438E+04
  0.594809E+00  0.762439E+04  0.675650E+04  0.000000E+00  0.000000E+00  0.374167E+01  0.731138E+04
  0.614971E+00  0.723337E+04  0.640888E+04  0.000000E+00  0.000000E+00  0.331231E+01  0.693622E+04
  0.635816E+00  0.686290E+04  0.608140E+04  0.000000E+00  0.000000E+00  0.294529E+01  0.658109E+04
  0.657366E+00  0.651025E+04  0.576914E+04  0.000000E+00  0.000000E+00  0.263566E+01  0.624296E+04
  0.679648E+00  0.617423E+04  0.547097E+04  0.000000E+00  0.000000E+00  0.233082E+01  0.592066E+04
  0.702684E+00  0.585523E+04  0.518856E+04  0.000000E+00  0.000000E+00  0.207591E+01  0.561481E+04
  0.726502E+00  0.555187E+04  0.491981E+04  0.000000E+00  0.000000E+00  0.184054E+01  0.532391E+04
  0.751127E+00  0.526336E+04  0.466407E+04  0.000000E+00  0.000000E+00  0.163582E+01  0.504723E+04
  0.776587E+00  0.498931E+04  0.442133E+04  0.000000E+00  0.000000E+00  0.145167E+01  0.478445E+04
  0.802909E+00  0.472881E+04  0.419048E+04  0.000000E+00  0.000000E+00  0.128598E+01  0.453465E+04
  0.830124E+00  0.448134E+04  0.397121E+04  0.000000E+00  0.000000E+00  0.114386E+01  0.429734E+04
  0.858261E+00  0.424630E+04  0.376296E+04  0.000000E+00  0.000000E+00  0.101250E+01  0.407196E+04
  0.887352E+00  0.402306E+04  0.356514E+04  0.000000E+00  0.000000E+00  0.899573E+00  0.385788E+04
  0.917428E+00  0.381113E+04  0.337736E+04  0.000000E+00  0.000000E+00  0.798980E+00  0.365465E+04
  0.948525E+00  0.360991E+04  0.319906E+04  0.000000E+00  0.000000E+00  0.705623E+00  0.346170E+04
  0.980675E+00  0.341892E+04  0.302982E+04  0.000000E+00  0.000000E+00  0.626287E+00  0.327855E+04
  0.101392E+01  0.323763E+04  0.286918E+04  0.000000E+00  0.000000E+00  0.554948E+00  0.310471E+04
  0.104828E+01  0.306559E+04  0.271672E+04  0.000000E+00  0.000000E+00  0.491532E+00  0.293973E+04
  0.108381E+01  0.290234E+04  0.257207E+04  0.000000E+00  0.000000E+00  0.436864E+00  0.278319E+04
  0.112055E+01  0.274748E+04  0.243484E+04  0.000000E+00  0.000000E+00  0.385621E+00  0.263468E+04
  0.115853E+01  0.260060E+04  0.230469E+04  0.000000E+00  0.000000E+00  0.341299E+00  0.249384E+04
  0.119780E+01  0.246131E+04  0.218125E+04  0.000000E+00  0.000000E+00  0.303757E+00  0.236026E+04
  0.123840E+01  0.232923E+04  0.206421E+04  0.000000E+00  0.000000E+00  0.269620E+00  0.223361E+04
  0.128038E+01  0.220400E+04  0.195324E+04  0.000000E+00  0.000000E+00  0.238315E+00  0.211352E+04
  0.132377E+01  0.208529E+04  0.184804E+04  0.000000E+00  0.000000E+00  0.210947E+00  0.199968E+04
  0.136864E+01  0.197277E+04  0.174832E+04  0.000000E+00  0.000000E+00  0.186975E+00  0.189178E+04
  0.141503E+01  0.186613E+04  0.165383E+04  0.000000E+00  0.000000E+00  0.164779E+00  0.178952E+04
  0.146300E+01  0.176507E+04  0.156427E+04  0.000000E+00  0.000000E+00  0.144964E+00  0.169261E+04
  0.151258E+01  0.166932E+04  0.147942E+04  0.000000E+00  0.000000E+00  0.129572E+00  0.160079E+04
  0.156385E+01  0.157861E+04  0.139903E+04  0.000000E+00  0.000000E+00  0.114695E+00  0.151380E+04
  0.161686E+01  0.149269E+04  0.132289E+04  0.000000E+00  0.000000E+00  0.101629E+00  0.143141E+04
  0.167166E+01  0.141131E+04  0.125077E+04  0.000000E+00  0.000000E+00  0.899074E-01  0.135338E+04
  0.172833E+01  0.133425E+04  0.118248E+04  0.000000E+00  0.000000E+00  0.790702E-01  0.127948E+04
  0.178691E+01  0.126128E+04  0.111781E+04  0.000000E+00  0.000000E+00  0.700200E-01  0.120950E+04
  0.184748E+01  0.119219E+04  0.105658E+04  0.000000E+00  0.000000E+00  0.616996E-01  0.114325E+04
  0.191009E+01  0.112679E+04  0.998623E+03  0.000000E+00  0.000000E+00  0.553320E-01  0.108053E+04
  0.197484E+01  0.106487E+04  0.943754E+03  0.000000E+00  0.000000E+00  0.485212E-01  0.102116E+04
  0.204177E+01  0.100628E+04  0.891823E+03  0.000000E+00  0.000000E+00  0.431667E-01  0.964970E+03
  0.211098E+01  0.950824E+03  0.842680E+03  0.000000E+00  0.000000E+00  0.379850E-01  0.911794E+03
  0.218253E+01  0.898354E+03  0.796179E+03  0.000000E+00  0.000000E+00  0.335414E-01  0.861478E+03
  0.225651E+01  0.848708E+03  0.752181E+03  0.000000E+00  0.000000E+00  0.295680E-01  0.813871E+03
  0.233299E+01  0.801743E+03  0.710559E+03  0.000000E+00  0.000000E+00  0.264141E-01  0.768833E+03
  0.241207E+01  0.757312E+03  0.671182E+03  0.000000E+00  0.000000E+00  0.232887E-01  0.726227E+03
  0.249383E+01  0.715286E+03  0.633937E+03  0.000000E+00  0.000000E+00  0.204738E-01  0.685926E+03
  0.257836E+01  0.675539E+03  0.598711E+03  0.000000E+00  0.000000E+00  0.182187E-01  0.647810E+03
  0.266575E+01  0.637953E+03  0.565400E+03  0.000000E+00  0.000000E+00  0.159452E-01  0.611767E+03
  0.275611E+01  0.602413E+03  0.533903E+03  0.000000E+00  0.000000E+00  0.141267E-01  0.577686E+03
  0.284953E+01  0.568811E+03  0.504122E+03  0.000000E+00  0.000000E+00  0.125528E-01  0.545463E+03
  0.294611E+01  0.537043E+03  0.475968E+03  0.000000E+00  0.000000E+00  0.109706E-01  0.514999E+03
  0.304597E+01  0.507011E+03  0.449352E+03  0.000000E+00  0.000000E+00  0.979118E-02  0.486200E+03
  0.314921E+01  0.478623E+03  0.424193E+03  0.000000E+00  0.000000E+00  0.861124E-02  0.458978E+03
  0.325596E+01  0.451793E+03  0.400414E+03  0.000000E+00  0.000000E+00  0.765036E-02  0.433248E+03
  0.336632E+01  0.426438E+03  0.377943E+03  0.000000E+00  0.000000E+00  0.668495E-02  0.408935E+03
  0.348042E+01  0.402479E+03  0.356708E+03  0.000000E+00  0.000000E+00  0.592813E-02  0.385959E+03
  0.359839E+01  0.379840E+03  0.336644E+03  0.000000E+00  0.000000E+00  0.526300E-02  0.364249E+03
  0.372036E+01  0.358449E+03  0.317685E+03  0.000000E+00  0.000000E+00  0.466670E-02  0.343736E+03
  0.384646E+01  0.338240E+03  0.299775E+03  0.000000E+00  0.000000E+00  0.408191E-02  0.324357E+03
  0.397683E+01  0.319150E+03  0.282855E+03  0.000000E+00  0.000000E+00  0.364491E-02  0.306050E+03
  0.411163E+01  0.301118E+03  0.266874E+03  0.000000E+00  0.000000E+00  0.321016E-02  0.288758E+03
  0.425099E+01  0.284087E+03  0.251780E+03  0.000000E+00  0.000000E+00  0.282419E-02  0.272426E+03
  0.439508E+01  0.268002E+03  0.237524E+03  0.000000E+00  0.000000E+00  0.249120E-02  0.257002E+03
  0.454405E+01  0.252812E+03  0.224060E+03  0.000000E+00  0.000000E+00  0.220448E-02  0.242435E+03
  0.469808E+01  0.238467E+03  0.211347E+03  0.000000E+00  0.000000E+00  0.194968E-02  0.228679E+03
  0.485732E+01  0.224925E+03  0.199344E+03  0.000000E+00  0.000000E+00  0.173238E-02  0.215692E+03
  0.502196E+01  0.212138E+03  0.188011E+03  0.000000E+00  0.000000E+00  0.150285E-02  0.203430E+03
  0.519217E+01  0.200066E+03  0.177312E+03  0.000000E+00  0.000000E+00  0.133187E-02  0.191854E+03
  0.536817E+01  0.188670E+03  0.167211E+03  0.000000E+00  0.000000E+00  0.119974E-02  0.180925E+03
  0.555012E+01  0.177913E+03  0.157677E+03  0.000000E+00  0.000000E+00  0.103190E-02  0.170609E+03
  0.573824E+01  0.167760E+03  0.148678E+03  0.000000E+00  0.000000E+00  0.923386E-03  0.160873E+03
  0.593274E+01  0.158177E+03  0.140185E+03  0.000000E+00  0.000000E+00  0.816466E-03  0.151684E+03
  0.613383E+01  0.149133E+03  0.132170E+03  0.000000E+00  0.000000E+00  0.720937E-03  0.143011E+03
  0.634174E+01  0.140599E+03  0.124605E+03  0.000000E+00  0.000000E+00  0.621137E-03  0.134827E+03
  0.655669E+01  0.132546E+03  0.117468E+03  0.000000E+00  0.000000E+00  0.563250E-03  0.127105E+03
  0.677893E+01  0.124948E+03  0.110734E+03  0.000000E+00  0.000000E+00  0.479476E-03  0.119818E+03
  0.700870E+01  0.117779E+03  0.104379E+03  0.000000E+00  0.000000E+00  0.436026E-03  0.112943E+03
  0.724626E+01  0.111015E+03  0.983844E+02  0.000000E+00  0.000000E+00  0.383997E-03  0.106457E+03
  0.749188E+01  0.104634E+03  0.927291E+02  0.000000E+00  0.000000E+00  0.333104E-03  0.100339E+03
  0.774582E+01  0.986158E+02  0.873946E+02  0.000000E+00  0.000000E+00  0.298754E-03  0.945669E+02
  0.800836E+01  0.929385E+02  0.823626E+02  0.000000E+00  0.000000E+00  0.262727E-03  0.891226E+02
  0.827981E+01  0.875835E+02  0.776163E+02  0.000000E+00  0.000000E+00  0.225385E-03  0.839873E+02
  0.856045E+01  0.825333E+02  0.731401E+02  0.000000E+00  0.000000E+00  0.196466E-03  0.791443E+02
  0.885061E+01  0.777705E+02  0.689186E+02  0.000000E+00  0.000000E+00  0.177476E-03  0.745770E+02
  0.915060E+01  0.732789E+02  0.649375E+02  0.000000E+00  0.000000E+00  0.156938E-03  0.702697E+02
  0.946076E+01  0.690434E+02  0.611834E+02  0.000000E+00  0.000000E+00  0.140370E-03  0.662080E+02
  0.978143E+01  0.650499E+02  0.576438E+02  0.000000E+00  0.000000E+00  0.123123E-03  0.623784E+02
  0.101130E+02  0.612844E+02  0.543062E+02  0.000000E+00  0.000000E+00  0.107519E-03  0.587674E+02
  0.104558E+02  0.577342E+02  0.511595E+02  0.000000E+00  0.000000E+00  0.950514E-04  0.553629E+02
  0.108102E+02  0.543873E+02  0.481929E+02  0.000000E+00  0.000000E+00  0.827038E-04  0.521533E+02
  0.111766E+02  0.512322E+02  0.453963E+02  0.000000E+00  0.000000E+00  0.749451E-04  0.491277E+02
  0.115554E+02  0.482577E+02  0.427599E+02  0.000000E+00  0.000000E+00  0.656381E-04  0.462753E+02
  0.119471E+02  0.454542E+02  0.402749E+02  0.000000E+00  0.000000E+00  0.580640E-04  0.435868E+02
  0.123520E+02  0.428117E+02  0.379326E+02  0.000000E+00  0.000000E+00  0.500448E-04  0.410527E+02
  0.127707E+02  0.403209E+02  0.357249E+02  0.000000E+00  0.000000E+00  0.447446E-04  0.386641E+02
  0.132036E+02  0.379736E+02  0.336443E+02  0.000000E+00  0.000000E+00  0.400194E-04  0.364131E+02
  0.136511E+02  0.357614E+02  0.316834E+02  0.000000E+00  0.000000E+00  0.341037E-04  0.342916E+02
  0.141138E+02  0.336766E+02  0.298355E+02  0.000000E+00  0.000000E+00  0.306874E-04  0.322924E+02
  0.145922E+02  0.317121E+02  0.280942E+02  0.000000E+00  0.000000E+00  0.276759E-04  0.304085E+02
  0.150868E+02  0.298611E+02  0.264535E+02  0.000000E+00  0.000000E+00  0.244206E-04  0.286334E+02
  0.155982E+02  0.281168E+02  0.249074E+02  0.000000E+00  0.000000E+00  0.215450E-04  0.269607E+02
  0.161269E+02  0.264735E+02  0.234508E+02  0.000000E+00  0.000000E+00  0.186357E-04  0.253849E+02
  0.166735E+02  0.249253E+02  0.220784E+02  0.000000E+00  0.000000E+00  0.162994E-04  0.239001E+02
  0.172386E+02  0.234666E+02  0.207854E+02  0.000000E+00  0.000000E+00  0.143665E-04  0.225013E+02
  0.178229E+02  0.220925E+02  0.195674E+02  0.000000E+00  0.000000E+00  0.125292E-04  0.211836E+02
  0.184270E+02  0.207980E+02  0.184199E+02  0.000000E+00  0.000000E+00  0.119874E-04  0.199422E+02
  0.190516E+02  0.195787E+02  0.173391E+02  0.000000E+00  0.000000E+00  0.101317E-04  0.187729E+02
  0.196974E+02  0.184302E+02  0.163210E+02  0.000000E+00  0.000000E+00  0.872646E-05  0.176715E+02
  0.203650E+02  0.173484E+02  0.153620E+02  0.000000E+00  0.000000E+00  0.721048E-05  0.166340E+02
  0.210553E+02  0.163295E+02  0.144589E+02  0.000000E+00  0.000000E+00  0.681686E-05  0.156569E+02
  0.217690E+02  0.153699E+02  0.136082E+02  0.000000E+00  0.000000E+00  0.610936E-05  0.147367E+02
  0.225069E+02  0.144661E+02  0.128071E+02  0.000000E+00  0.000000E+00  0.596357E-05  0.138700E+02
  0.232697E+02  0.136151E+02  0.120526E+02  0.000000E+00  0.000000E+00  0.459212E-05  0.130539E+02
  0.240585E+02  0.128136E+02  0.113422E+02  0.000000E+00  0.000000E+00  0.408095E-05  0.122853E+02
  0.248739E+02  0.120589E+02  0.106732E+02  0.000000E+00  0.000000E+00  0.335081E-05  0.115615E+02
  0.257170E+02  0.113483E+02  0.100432E+02  0.000000E+00  0.000000E+00  0.321299E-05  0.108800E+02
  0.265887E+02  0.106792E+02  0.945003E+01  0.000000E+00  0.000000E+00  0.291871E-05  0.102384E+02
  0.274899E+02  0.100491E+02  0.889151E+01  0.000000E+00  0.000000E+00  0.221335E-05  0.963420E+01
  0.284217E+02  0.945600E+01  0.836568E+01  0.000000E+00  0.000000E+00  0.225659E-05  0.906537E+01
  0.293851E+02  0.889755E+01  0.787060E+01  0.000000E+00  0.000000E+00  0.166071E-05  0.852982E+01
  0.303811E+02  0.837183E+01  0.740452E+01  0.000000E+00  0.000000E+00  0.150056E-05  0.802565E+01
  0.314108E+02  0.787689E+01  0.696574E+01  0.000000E+00  0.000000E+00  0.174318E-05  0.755101E+01
  0.324755E+02  0.741098E+01  0.655269E+01  0.000000E+00  0.000000E+00  0.109057E-05  0.710421E+01
  0.335763E+02  0.697240E+01  0.616385E+01  0.000000E+00  0.000000E+00  0.112340E-05  0.668361E+01
  0.347144E+02  0.655956E+01  0.579783E+01  0.000000E+00  0.000000E+00  0.915397E-06  0.628769E+01
  0.358910E+02  0.617099E+01  0.545333E+01  0.000000E+00  0.000000E+00  0.963392E-06  0.591504E+01
  0.371075E+02  0.580523E+01  0.512904E+01  0.000000E+00  0.000000E+00  0.776938E-06  0.556428E+01
  0.383653E+02  0.546100E+01  0.482384E+01  0.000000E+00  0.000000E+00  0.653159E-06  0.523416E+01
  0.396657E+02  0.513701E+01  0.453657E+01  0.000000E+00  0.000000E+00  0.601840E-06  0.492345E+01
  0.410101E+02  0.483210E+01  0.426622E+01  0.000000E+00  0.000000E+00  0.569318E-06  0.463104E+01
  0.424002E+02  0.454515E+01  0.401178E+01  0.000000E+00  0.000000E+00  0.410589E-06  0.435584E+01
  0.438373E+02  0.427510E+01  0.377234E+01  0.000000E+00  0.000000E+00  0.394387E-06  0.409686E+01
  0.453232E+02  0.402098E+01  0.354700E+01  0.000000E+00  0.000000E+00  0.508038E-06  0.385315E+01
  0.468594E+02  0.378186E+01  0.333496E+01  0.000000E+00  0.000000E+00  0.293481E-06  0.362382E+01
  0.484478E+02  0.355684E+01  0.313542E+01  0.000000E+00  0.000000E+00  0.264172E-06  0.340802E+01
  0.500899E+02  0.334512E+01  0.294767E+01  0.000000E+00  0.000000E+00  0.391004E-06  0.320497E+01
  0.517877E+02  0.314590E+01  0.277100E+01  0.000000E+00  0.000000E+00  0.258300E-06  0.301391E+01
  0.535430E+02  0.295846E+01  0.260477E+01  0.000000E+00  0.000000E+00  0.283592E-06  0.283415E+01
  0.553579E+02  0.278210E+01  0.244836E+01  0.000000E+00  0.000000E+00  0.174180E-06  0.266501E+01
  0.572343E+02  0.261618E+01  0.230121E+01  0.000000E+00  0.000000E+00  0.243810E-06  0.250589E+01
  0.591742E+02  0.246008E+01  0.216277E+01  0.000000E+00  0.000000E+00  0.140493E-06  0.235618E+01
  0.611800E+02  0.231323E+01  0.203251E+01  0.000000E+00  0.000000E+00  0.113393E-06  0.221534E+01
  0.632536E+02  0.217509E+01  0.190998E+01  0.000000E+00  0.000000E+00  0.110325E-06  0.208285E+01
  0.653977E+02  0.204513E+01  0.179470E+01  0.000000E+00  0.000000E+00  0.161332E-06  0.195821E+01
  0.676143E+02  0.192288E+01  0.168626E+01  0.000000E+00  0.000000E+00  0.482246E-07  0.184096E+01
  0.699061E+02  0.180788E+01  0.158424E+01  0.000000E+00  0.000000E+00  0.822226E-07  0.173067E+01
  0.722756E+02  0.169971E+01  0.148829E+01  0.000000E+00  0.000000E+00  0.383343E-07  0.162692E+01
  0.747254E+02  0.159797E+01  0.139802E+01  0.000000E+00  0.000000E+00 -0.934977E-08  0.152934E+01
  0.772582E+02  0.150227E+01  0.131311E+01  0.000000E+00  0.000000E+00  0.880653E-07  0.143755E+01
  0.798769E+02  0.141226E+01  0.123325E+01  0.000000E+00  0.000000E+00  0.394750E-07  0.135122E+01
  0.825843E+02  0.132760E+01  0.115814E+01  0.000000E+00  0.000000E+00  0.104927E-07  0.127003E+01
  0.853835E+02  0.124798E+01  0.108749E+01  0.000000E+00  0.000000E+00  0.505642E-07  0.119366E+01
  0.882775E+02  0.117310E+01  0.102104E+01  0.000000E+00  0.000000E+00  0.348034E-07  0.112184E+01
  0.912698E+02  0.110268E+01  0.958543E+00  0.000000E+00  0.000000E+00  0.464573E-07  0.105430E+01
  0.943633E+02  0.103646E+01  0.899769E+00  0.000000E+00  0.000000E+00  0.343720E-07  0.990778E+00
  0.975619E+02  0.974174E+00  0.844492E+00  0.000000E+00  0.000000E+00  0.372180E-07  0.931040E+00
  0.100869E+03  0.915610E+00  0.792511E+00  0.000000E+00  0.000000E+00  0.302848E-08  0.874866E+00
  0.104288E+03  0.860538E+00  0.743628E+00  0.000000E+00  0.000000E+00  0.567424E-07  0.822043E+00
  0.107822E+03  0.808753E+00  0.697660E+00  0.000000E+00  0.000000E+00 -0.134646E-07  0.772371E+00
  0.111477E+03  0.760056E+00  0.654431E+00  0.000000E+00  0.000000E+00  0.866590E-08  0.725662E+00
  0.115256E+03  0.714270E+00  0.613784E+00  0.000000E+00  0.000000E+00  0.407921E-07  0.681744E+00
  0.119162E+03  0.671220E+00  0.575564E+00  0.000000E+00  0.000000E+00  0.265512E-07  0.640449E+00
  0.123201E+03  0.630742E+00  0.539627E+00  0.000000E+00  0.000000E+00 -0.132895E-08  0.601623E+00
  0.127377E+03  0.592682E+00  0.505835E+00  0.000000E+00  0.000000E+00  0.147437E-07  0.565115E+00
  0.131695E+03  0.556901E+00  0.474066E+00  0.000000E+00  0.000000E+00 -0.299252E-08  0.530793E+00
  0.136158E+03  0.523260E+00  0.444197E+00  0.000000E+00  0.000000E+00 -0.679017E-08  0.498524E+00
  0.140773E+03  0.491634E+00  0.416117E+00  0.000000E+00  0.000000E+00 -0.332236E-08  0.468187E+00
  0.145545E+03  0.461899E+00  0.389716E+00  0.000000E+00  0.000000E+00  0.145127E-07  0.439665E+00
  0.150478E+03  0.433947E+00  0.364900E+00  0.000000E+00  0.000000E+00 -0.941749E-08  0.412854E+00
  0.155579E+03  0.407670E+00  0.341572E+00  0.000000E+00  0.000000E+00  0.198331E-07  0.387649E+00
  0.160852E+03  0.382967E+00  0.319642E+00  0.000000E+00  0.000000E+00  0.711750E-08  0.363954E+00
  0.166304E+03  0.359747E+00  0.299032E+00  0.000000E+00  0.000000E+00  0.685912E-08  0.341682E+00
  0.171941E+03  0.337920E+00  0.279660E+00  0.000000E+00  0.000000E+00  0.265514E-09  0.320746E+00
  0.177769E+03  0.317403E+00  0.261455E+00  0.000000E+00  0.000000E+00  0.743076E-08  0.301067E+00
  0.183795E+03  0.298117E+00  0.244345E+00  0.000000E+00  0.000000E+00  0.444172E-08  0.282570E+00
  0.190025E+03  0.279990E+00  0.228269E+00  0.000000E+00  0.000000E+00 -0.208075E-08  0.265185E+00
  0.196465E+03  0.262952E+00  0.213164E+00  0.000000E+00  0.000000E+00 -0.357992E-08  0.248846E+00
  0.203124E+03  0.246938E+00  0.198972E+00  0.000000E+00  0.000000E+00 -0.958952E-09  0.233490E+00
