    0.10619E-04    0.18414E+02
    0.10979E-04    0.19038E+02
    0.11351E-04    0.19684E+02
    0.11736E-04    0.20351E+02
    0.12134E-04    0.21041E+02
    0.12545E-04    0.21754E+02
    0.12970E-04    0.22491E+02
    0.13410E-04    0.23254E+02
    0.13864E-04    0.24042E+02
    0.14334E-04    0.24857E+02
    0.14820E-04    0.25699E+02
    0.15323E-04    0.26570E+02
    0.15842E-04    0.27471E+02
    0.16379E-04    0.28402E+02
    0.16934E-04    0.29365E+02
    0.17508E-04    0.30360E+02
    0.18102E-04    0.31389E+02
    0.18715E-04    0.32453E+02
    0.19349E-04    0.33553E+02
    0.20005E-04    0.34690E+02
    0.20683E-04    0.35866E+02
    0.21384E-04    0.37081E+02
    0.22109E-04    0.38338E+02
    0.22859E-04    0.39638E+02
    0.23633E-04    0.40981E+02
    0.24435E-04    0.42370E+02
    0.25263E-04    0.43806E+02
    0.26119E-04    0.45291E+02
    0.27004E-04    0.46826E+02
    0.27920E-04    0.48413E+02
    0.28866E-04    0.50054E+02
    0.29844E-04    0.51751E+02
    0.30856E-04    0.53505E+02
    0.31902E-04    0.55318E+02
    0.32983E-04    0.57193E+02
    0.34101E-04    0.59132E+02
    0.35257E-04    0.61136E+02
    0.36452E-04    0.63208E+02
    0.37688E-04    0.65351E+02
    0.38965E-04    0.67565E+02
    0.40286E-04    0.69855E+02
    0.41651E-04    0.72223E+02
    0.43063E-04    0.74671E+02
    0.44523E-04    0.77202E+02
    0.46032E-04    0.79818E+02
    0.47592E-04    0.82523E+02
    0.49205E-04    0.85320E+02
    0.50873E-04    0.88212E+02
    0.52597E-04    0.91202E+02
    0.54380E-04    0.94293E+02
    0.56223E-04    0.97488E+02
    0.58129E-04    0.10079E+03
    0.60099E-04    0.10421E+03
    0.62136E-04    0.10774E+03
    0.64242E-04    0.11139E+03
    0.66420E-04    0.11517E+03
    0.68671E-04    0.11907E+03
    0.70999E-04    0.12310E+03
    0.73405E-04    0.12728E+03
    0.75893E-04    0.13159E+03
    0.78466E-04    0.13605E+03
    0.81125E-04    0.14066E+03
    0.83875E-04    0.14542E+03
    0.86718E-04    0.15035E+03
    0.89657E-04    0.15545E+03
    0.92696E-04    0.16071E+03
    0.95838E-04    0.16616E+03
    0.99087E-04    0.17179E+03
    0.10245E-03    0.17761E+03
    0.10592E-03    0.18363E+03
    0.10951E-03    0.18985E+03
    0.11322E-03    0.19628E+03
    0.11706E-03    0.20293E+03
    0.12102E-03    0.20980E+03
    0.12513E-03    0.21691E+03
    0.12937E-03    0.22426E+03
    0.13375E-03    0.23186E+03
    0.13829E-03    0.23971E+03
    0.14297E-03    0.24783E+03
    0.14782E-03    0.25622E+03
    0.15283E-03    0.26490E+03
    0.15801E-03    0.27387E+03
    0.16337E-03    0.28314E+03
    0.16890E-03    0.29273E+03
    0.17463E-03    0.30264E+03
    0.18055E-03    0.31288E+03
    0.18667E-03    0.32347E+03
    0.19299E-03    0.33442E+03
    0.19954E-03    0.34574E+03
    0.20630E-03    0.35744E+03
    0.21329E-03    0.36954E+03
    0.22052E-03    0.38204E+03
    0.22800E-03    0.39496E+03
    0.23572E-03    0.40832E+03
    0.24371E-03    0.42213E+03
    0.25198E-03    0.43641E+03
    0.26052E-03    0.45116E+03
    0.26935E-03    0.46641E+03
    0.27848E-03    0.48218E+03
    0.28791E-03    0.49847E+03
    0.29767E-03    0.51531E+03
    0.30776E-03    0.53271E+03
    0.31819E-03    0.55070E+03
    0.32898E-03    0.56929E+03
    0.34013E-03    0.58851E+03
    0.35166E-03    0.60836E+03
    0.36358E-03    0.62889E+03
    0.37590E-03    0.65009E+03
    0.38864E-03    0.67200E+03
    0.40182E-03    0.69465E+03
    0.41544E-03    0.71805E+03
    0.42952E-03    0.74222E+03
    0.44408E-03    0.76720E+03
    0.45913E-03    0.79301E+03
    0.47469E-03    0.81967E+03
    0.49078E-03    0.84722E+03
    0.50742E-03    0.87567E+03
    0.52461E-03    0.90506E+03
    0.54240E-03    0.93542E+03
    0.56078E-03    0.96678E+03
    0.57979E-03    0.99917E+03
    0.59944E-03    0.10326E+04
    0.61976E-03    0.10671E+04
    0.64077E-03    0.11028E+04
    0.66248E-03    0.11396E+04
    0.68494E-03    0.11777E+04
    0.70816E-03    0.12169E+04
    0.73216E-03    0.12574E+04
    0.75697E-03    0.12992E+04
    0.78263E-03    0.13424E+04
    0.80916E-03    0.13869E+04
    0.83659E-03    0.14329E+04
    0.86494E-03    0.14803E+04
    0.89426E-03    0.15292E+04
    0.92457E-03    0.15796E+04
    0.95591E-03    0.16317E+04
    0.98831E-03    0.16853E+04
    0.10218E-02    0.17406E+04
    0.10564E-02    0.17977E+04
    0.10923E-02    0.18565E+04
    0.11293E-02    0.19170E+04
    0.11676E-02    0.19795E+04
    0.12071E-02    0.20438E+04
    0.12480E-02    0.21100E+04
    0.12903E-02    0.21782E+04
    0.13341E-02    0.22485E+04
    0.13793E-02    0.23208E+04
    0.14260E-02    0.23952E+04
    0.14744E-02    0.24717E+04
    0.15244E-02    0.25504E+04
    0.15760E-02    0.26314E+04
    0.16294E-02    0.27146E+04
    0.16847E-02    0.28002E+04
    0.17418E-02    0.28881E+04
    0.18008E-02    0.29783E+04
    0.18619E-02    0.30710E+04
    0.19250E-02    0.31661E+04
    0.19902E-02    0.32637E+04
    0.20577E-02    0.33638E+04
    0.21274E-02    0.34665E+04
    0.21995E-02    0.35716E+04
    0.22741E-02    0.36793E+04
    0.23512E-02    0.37896E+04
    0.24309E-02    0.39025E+04
    0.25132E-02    0.40180E+04
    0.25984E-02    0.41360E+04
    0.26865E-02    0.42566E+04
    0.27776E-02    0.43798E+04
    0.28717E-02    0.45056E+04
    0.29690E-02    0.46338E+04
    0.30697E-02    0.47646E+04
    0.31737E-02    0.48979E+04
    0.32813E-02    0.50336E+04
    0.33925E-02    0.51718E+04
    0.35075E-02    0.53122E+04
    0.36264E-02    0.54550E+04
    0.37493E-02    0.55999E+04
    0.38764E-02    0.57471E+04
    0.40078E-02    0.58963E+04
    0.41436E-02    0.60474E+04
    0.42841E-02    0.62005E+04
    0.44293E-02    0.63553E+04
    0.45794E-02    0.65118E+04
    0.47347E-02    0.66699E+04
    0.48951E-02    0.68293E+04
    0.50611E-02    0.69900E+04
    0.52326E-02    0.71517E+04
    0.54100E-02    0.73144E+04
    0.55933E-02    0.74778E+04
    0.57829E-02    0.76418E+04
    0.59789E-02    0.78061E+04
    0.61816E-02    0.79705E+04
    0.63911E-02    0.81347E+04
    0.66077E-02    0.82986E+04
    0.68317E-02    0.84618E+04
    0.70633E-02    0.86240E+04
    0.73027E-02    0.87850E+04
    0.75502E-02    0.89444E+04
    0.78061E-02    0.91018E+04
    0.80707E-02    0.92570E+04
    0.83443E-02    0.94096E+04
    0.86271E-02    0.95591E+04
    0.89195E-02    0.97052E+04
    0.92218E-02    0.98474E+04
    0.95344E-02    0.99853E+04
    0.98576E-02    0.10118E+05
    0.10192E-01    0.10246E+05
    0.10537E-01    0.10368E+05
    0.10894E-01    0.10484E+05
    0.11264E-01    0.10593E+05
    0.11645E-01    0.10695E+05
    0.12040E-01    0.10789E+05
    0.12448E-01    0.10875E+05
    0.12870E-01    0.10951E+05
    0.13306E-01    0.11018E+05
    0.13757E-01    0.11075E+05
    0.14224E-01    0.11121E+05
    0.14706E-01    0.11156E+05
    0.15204E-01    0.11179E+05
    0.15720E-01    0.11190E+05
    0.16252E-01    0.11188E+05
    0.16803E-01    0.11172E+05
    0.17373E-01    0.11143E+05
    0.17962E-01    0.11100E+05
    0.18571E-01    0.11042E+05
    0.19200E-01    0.10969E+05
    0.19851E-01    0.10882E+05
    0.20524E-01    0.10779E+05
    0.21219E-01    0.10661E+05
    0.21938E-01    0.10529E+05
    0.22682E-01    0.10381E+05
    0.23451E-01    0.10219E+05
    0.24246E-01    0.10044E+05
    0.25068E-01    0.98550E+04
    0.25917E-01    0.96538E+04
    0.26796E-01    0.94411E+04
    0.27704E-01    0.92182E+04
    0.28643E-01    0.89863E+04
    0.29614E-01    0.87468E+04
    0.30618E-01    0.85014E+04
    0.31655E-01    0.82517E+04
    0.32728E-01    0.79996E+04
    0.33838E-01    0.78129E+04
    0.34985E-01    0.75647E+04
    0.36170E-01    0.73199E+04
    0.37396E-01    0.70751E+04
    0.38664E-01    0.68356E+04
    0.39974E-01    0.66048E+04
    0.41329E-01    0.63847E+04
    0.42730E-01    0.61771E+04
    0.44179E-01    0.59398E+04
    0.45676E-01    0.57586E+04
    0.47224E-01    0.55918E+04
    0.48825E-01    0.54390E+04
    0.50480E-01    0.52989E+04
    0.52191E-01    0.51705E+04
    0.53960E-01    0.50774E+04
    0.55789E-01    0.49667E+04
    0.57680E-01    0.48612E+04
    0.59635E-01    0.47585E+04
    0.61656E-01    0.46557E+04
    0.63746E-01    0.45313E+04
    0.65907E-01    0.44183E+04
    0.68141E-01    0.42955E+04
    0.70450E-01    0.41600E+04
    0.72838E-01    0.40151E+04
    0.75307E-01    0.38509E+04
    0.77860E-01    0.36733E+04
    0.80499E-01    0.34854E+04
    0.83227E-01    0.32911E+04
    0.86048E-01    0.30954E+04
    0.88965E-01    0.29033E+04
    0.91980E-01    0.27200E+04
    0.95098E-01    0.25507E+04
    0.98321E-01    0.24001E+04
    0.10165E+00    0.22718E+04
    0.10510E+00    0.21673E+04
    0.10866E+00    0.20848E+04
    0.11235E+00    0.20195E+04
    0.11615E+00    0.19646E+04
    0.12009E+00    0.19126E+04
    0.12416E+00    0.18568E+04
    0.12837E+00    0.17915E+04
    0.13272E+00    0.17127E+04
    0.13722E+00    0.16189E+04
    0.14187E+00    0.15131E+04
    0.14668E+00    0.14026E+04
    0.15165E+00    0.12963E+04
    0.15679E+00    0.12021E+04
    0.16210E+00    0.11247E+04
    0.16760E+00    0.10652E+04
    0.17328E+00    0.10214E+04
    0.17915E+00    0.98714E+03
    0.18523E+00    0.95395E+03
    0.19150E+00    0.91390E+03
    0.19799E+00    0.86318E+03
    0.20471E+00    0.80371E+03
    0.21164E+00    0.74196E+03
    0.21882E+00    0.68557E+03
    0.22624E+00    0.63976E+03
    0.23390E+00    0.60556E+03
    0.24183E+00    0.57910E+03
    0.25003E+00    0.55367E+03
    0.25850E+00    0.52416E+03
    0.26727E+00    0.48940E+03
    0.27632E+00    0.45285E+03
    0.28569E+00    0.42016E+03
    0.29537E+00    0.39402E+03
    0.30539E+00    0.37308E+03
    0.31574E+00    0.35334E+03
    0.32644E+00    0.33170E+03
    0.33750E+00    0.30849E+03
    0.34894E+00    0.28659E+03
    0.36077E+00    0.26812E+03
    0.37300E+00    0.25234E+03
    0.38564E+00    0.23697E+03
    0.39871E+00    0.22106E+03
    0.41223E+00    0.20566E+03
    0.42620E+00    0.19203E+03
    0.44065E+00    0.17989E+03
    0.45558E+00    0.16813E+03
    0.47102E+00    0.15659E+03
    0.48699E+00    0.14591E+03
    0.50350E+00    0.13624E+03
    0.52056E+00    0.12711E+03
    0.53821E+00    0.11835E+03
    0.55645E+00    0.11023E+03
    0.57531E+00    0.10273E+03
    0.59481E+00    0.95652E+02
    0.61497E+00    0.89004E+02
    0.63582E+00    0.82837E+02
    0.65737E+00    0.77068E+02
    0.67965E+00    0.71664E+02
    0.70268E+00    0.66634E+02
    0.72650E+00    0.61938E+02
    0.75113E+00    0.57553E+02
    0.77659E+00    0.53468E+02
    0.80291E+00    0.49658E+02
    0.83012E+00    0.46107E+02
    0.85826E+00    0.42800E+02
    0.88735E+00    0.39720E+02
    0.91743E+00    0.36853E+02
    0.94852E+00    0.34184E+02
    0.98067E+00    0.31702E+02
    0.10139E+01    0.29392E+02
    0.10483E+01    0.27245E+02
    0.10838E+01    0.25248E+02
    0.11206E+01    0.23392E+02
    0.11585E+01    0.21668E+02
    0.11978E+01    0.20067E+02
    0.12384E+01    0.18580E+02
    0.12804E+01    0.17199E+02
    0.13238E+01    0.15918E+02
    0.13686E+01    0.14730E+02
    0.14150E+01    0.13627E+02
    0.14630E+01    0.12604E+02
    0.15126E+01    0.11656E+02
    0.15639E+01    0.10777E+02
    0.16169E+01    0.99620E+01
    0.16717E+01    0.92073E+01
    0.17283E+01    0.85081E+01
    0.17869E+01    0.78606E+01
    0.18475E+01    0.72611E+01
    0.19101E+01    0.67061E+01
    0.19748E+01    0.61924E+01
    0.20418E+01    0.57170E+01
    0.21110E+01    0.52773E+01
    0.21825E+01    0.48706E+01
    0.22565E+01    0.44945E+01
    0.23330E+01    0.41468E+01
    0.24121E+01    0.38253E+01
    0.24938E+01    0.35282E+01
    0.25784E+01    0.32536E+01
    0.26658E+01    0.30000E+01
    0.27561E+01    0.27657E+01
    0.28495E+01    0.25493E+01
    0.29461E+01    0.23496E+01
    0.30460E+01    0.21651E+01
    0.31492E+01    0.19948E+01
    0.32560E+01    0.18377E+01
    0.33663E+01    0.16927E+01
    0.34804E+01    0.15590E+01
    0.35984E+01    0.14356E+01
    0.37204E+01    0.13218E+01
    0.38465E+01    0.12168E+01
    0.39768E+01    0.11201E+01
    0.41116E+01    0.10309E+01
    0.42510E+01    0.94865E+00
    0.43951E+01    0.87288E+00
    0.45441E+01    0.80306E+00
    0.46981E+01    0.73873E+00
    0.48573E+01    0.67948E+00
    0.50220E+01    0.62491E+00
    0.51922E+01    0.57465E+00
    0.53682E+01    0.52837E+00
    0.55501E+01    0.48576E+00
    0.57382E+01    0.44654E+00
    0.59327E+01    0.41044E+00
    0.61338E+01    0.37721E+00
    0.63417E+01    0.34664E+00
    0.65567E+01    0.31851E+00
    0.67789E+01    0.29263E+00
    0.70087E+01    0.26882E+00
    0.72463E+01    0.24693E+00
    0.74919E+01    0.22679E+00
    0.77458E+01    0.20828E+00
    0.80084E+01    0.19126E+00
    0.82798E+01    0.17561E+00
    0.85604E+01    0.16123E+00
    0.88506E+01    0.14801E+00
    0.91506E+01    0.13586E+00
    0.94608E+01    0.12469E+00
    0.97814E+01    0.11444E+00
    0.10113E+02    0.10501E+00
    0.10456E+02    0.96358E-01
    0.10810E+02    0.88407E-01
    0.11177E+02    0.81106E-01
    0.11555E+02    0.74400E-01
    0.11947E+02    0.68243E-01
    0.12352E+02    0.62590E-01
    0.12771E+02    0.57400E-01
    0.13204E+02    0.52636E-01
    0.13651E+02    0.48264E-01
    0.14114E+02    0.44251E-01
    0.14592E+02    0.40568E-01
    0.15087E+02    0.37189E-01
    0.15598E+02    0.34088E-01
    0.16127E+02    0.31244E-01
    0.16673E+02    0.28634E-01
    0.17239E+02    0.26241E-01
    0.17823E+02    0.24045E-01
    0.18427E+02    0.22032E-01
    0.19052E+02    0.20185E-01
    0.19697E+02    0.18492E-01
    0.20365E+02    0.16940E-01
    0.21055E+02    0.15517E-01
    0.21769E+02    0.14212E-01
    0.22507E+02    0.13016E-01
    0.23270E+02    0.11920E-01
    0.24058E+02    0.10915E-01
    0.24874E+02    0.99946E-02
    0.25717E+02    0.91509E-02
    0.26589E+02    0.83779E-02
    0.27490E+02    0.76695E-02
    0.28422E+02    0.70206E-02
    0.29385E+02    0.64261E-02
    0.30381E+02    0.58816E-02
    0.31411E+02    0.53828E-02
    0.32475E+02    0.49260E-02
    0.33576E+02    0.45076E-02
    0.34714E+02    0.41244E-02
    0.35891E+02    0.37736E-02
    0.37108E+02    0.34524E-02
    0.38365E+02    0.31583E-02
    0.39666E+02    0.28890E-02
    0.41010E+02    0.26426E-02
    0.42400E+02    0.24169E-02
    0.43837E+02    0.22104E-02
    0.45323E+02    0.20214E-02
    0.46859E+02    0.18484E-02
    0.48448E+02    0.16901E-02
    0.50090E+02    0.15453E-02
    0.51788E+02    0.14127E-02
    0.53543E+02    0.12915E-02
    0.55358E+02    0.11805E-02
    0.57234E+02    0.10790E-02
    0.59174E+02    0.98620E-03
    0.61180E+02    0.90127E-03
    0.63254E+02    0.82360E-03
    0.65398E+02    0.75256E-03
    0.67614E+02    0.68759E-03
    0.69906E+02    0.62817E-03
    0.72276E+02    0.57385E-03
    0.74725E+02    0.52417E-03
    0.77258E+02    0.47876E-03
    0.79877E+02    0.43724E-03
    0.82584E+02    0.39928E-03
    0.85383E+02    0.36459E-03
    0.88278E+02    0.33287E-03
    0.91270E+02    0.30389E-03
    0.94363E+02    0.27740E-03
    0.97562E+02    0.25319E-03
    0.10087E+03    0.23107E-03
    0.10429E+03    0.21086E-03
    0.10782E+03    0.19239E-03
    0.11148E+03    0.17552E-03
    0.11526E+03    0.16010E-03
    0.11916E+03    0.14603E-03
    0.12320E+03    0.13317E-03
    0.12738E+03    0.12142E-03
    0.13169E+03    0.11070E-03
    0.13616E+03    0.10090E-03
    0.14077E+03    0.91962E-04
    0.14555E+03    0.83798E-04
    0.15048E+03    0.76346E-04
    0.15558E+03    0.69543E-04
    0.16085E+03    0.63334E-04
    0.16630E+03    0.57668E-04
    0.17194E+03    0.52498E-04
    0.17777E+03    0.47781E-04
    0.18379E+03    0.43477E-04
    0.19002E+03    0.39552E-04
    0.19647E+03    0.35972E-04
    0.20312E+03    0.32707E-04
