  0.106192E-04  0.495105E+07  0.495105E+07  0.660053E+07  0.660052E+07  0.494905E+07  0.495101E+07
  0.109791E-04  0.495105E+07  0.495105E+07  0.660047E+07  0.660046E+07  0.494905E+07  0.495101E+07
  0.113513E-04  0.495105E+07  0.495105E+07  0.660040E+07  0.660040E+07  0.494905E+07  0.495101E+07
  0.117360E-04  0.495105E+07  0.495105E+07  0.660034E+07  0.660033E+07  0.494905E+07  0.495101E+07
  0.121338E-04  0.495105E+07  0.495105E+07  0.660026E+07  0.660025E+07  0.494905E+07  0.495101E+07
  0.125451E-04  0.495105E+07  0.495105E+07  0.660018E+07  0.660017E+07  0.494904E+07  0.495101E+07
  0.129703E-04  0.495105E+07  0.495105E+07  0.660010E+07  0.660009E+07  0.494904E+07  0.495101E+07
  0.134099E-04  0.495105E+07  0.495105E+07  0.660001E+07  0.660000E+07  0.494904E+07  0.495101E+07
  0.138645E-04  0.495105E+07  0.495105E+07  0.659991E+07  0.659990E+07  0.494904E+07  0.495101E+07
  0.143344E-04  0.495105E+07  0.495105E+07  0.659981E+07  0.659980E+07  0.494904E+07  0.495101E+07
  0.148203E-04  0.495105E+07  0.495105E+07  0.659969E+07  0.659968E+07  0.494904E+07  0.495101E+07
  0.153226E-04  0.495105E+07  0.495105E+07  0.659958E+07  0.659957E+07  0.494903E+07  0.495101E+07
  0.158420E-04  0.495105E+07  0.495105E+07  0.659945E+07  0.659944E+07  0.494903E+07  0.495100E+07
  0.163789E-04  0.495105E+07  0.495105E+07  0.659931E+07  0.659930E+07  0.494903E+07  0.495100E+07
  0.169341E-04  0.495105E+07  0.495105E+07  0.659917E+07  0.659916E+07  0.494903E+07  0.495100E+07
  0.175081E-04  0.495105E+07  0.495105E+07  0.659902E+07  0.659900E+07  0.494902E+07  0.495100E+07
  0.181015E-04  0.495105E+07  0.495105E+07  0.659885E+07  0.659884E+07  0.494902E+07  0.495100E+07
  0.187151E-04  0.495104E+07  0.495104E+07  0.659867E+07  0.659866E+07  0.494902E+07  0.495100E+07
  0.193494E-04  0.495104E+07  0.495104E+07  0.659849E+07  0.659847E+07  0.494902E+07  0.495100E+07
  0.200053E-04  0.495104E+07  0.495104E+07  0.659828E+07  0.659826E+07  0.494901E+07  0.495100E+07
  0.206834E-04  0.495104E+07  0.495104E+07  0.659807E+07  0.659805E+07  0.494901E+07  0.495100E+07
  0.213844E-04  0.495104E+07  0.495104E+07  0.659784E+07  0.659782E+07  0.494901E+07  0.495100E+07
  0.221093E-04  0.495104E+07  0.495104E+07  0.659759E+07  0.659757E+07  0.494900E+07  0.495100E+07
  0.228587E-04  0.495104E+07  0.495104E+07  0.659733E+07  0.659730E+07  0.494900E+07  0.495099E+07
  0.236335E-04  0.495104E+07  0.495104E+07  0.659705E+07  0.659702E+07  0.494899E+07  0.495099E+07
  0.244345E-04  0.495104E+07  0.495104E+07  0.659675E+07  0.659672E+07  0.494899E+07  0.495099E+07
  0.252627E-04  0.495103E+07  0.495103E+07  0.659642E+07  0.659639E+07  0.494898E+07  0.495099E+07
  0.261190E-04  0.495103E+07  0.495103E+07  0.659608E+07  0.659605E+07  0.494898E+07  0.495099E+07
  0.270043E-04  0.495103E+07  0.495103E+07  0.659571E+07  0.659568E+07  0.494897E+07  0.495099E+07
  0.279196E-04  0.495103E+07  0.495103E+07  0.659532E+07  0.659528E+07  0.494896E+07  0.495098E+07
  0.288660E-04  0.495103E+07  0.495103E+07  0.659490E+07  0.659486E+07  0.494896E+07  0.495098E+07
  0.298444E-04  0.495102E+07  0.495102E+07  0.659445E+07  0.659441E+07  0.494895E+07  0.495098E+07
  0.308560E-04  0.495102E+07  0.495102E+07  0.659397E+07  0.659393E+07  0.494894E+07  0.495098E+07
  0.319018E-04  0.495102E+07  0.495102E+07  0.659346E+07  0.659341E+07  0.494893E+07  0.495097E+07
  0.329831E-04  0.495102E+07  0.495102E+07  0.659291E+07  0.659286E+07  0.494892E+07  0.495097E+07
  0.341011E-04  0.495101E+07  0.495101E+07  0.659233E+07  0.659227E+07  0.494891E+07  0.495097E+07
  0.352570E-04  0.495101E+07  0.495101E+07  0.659170E+07  0.659164E+07  0.494890E+07  0.495096E+07
  0.364520E-04  0.495101E+07  0.495101E+07  0.659103E+07  0.659097E+07  0.494889E+07  0.495096E+07
  0.376876E-04  0.495100E+07  0.495100E+07  0.659032E+07  0.659025E+07  0.494888E+07  0.495096E+07
  0.389650E-04  0.495100E+07  0.495100E+07  0.658955E+07  0.658948E+07  0.494887E+07  0.495095E+07
  0.402857E-04  0.495100E+07  0.495100E+07  0.658874E+07  0.658866E+07  0.494885E+07  0.495095E+07
  0.416512E-04  0.495099E+07  0.495099E+07  0.658786E+07  0.658778E+07  0.494884E+07  0.495094E+07
  0.430630E-04  0.495099E+07  0.495099E+07  0.658693E+07  0.658684E+07  0.494882E+07  0.495094E+07
  0.445226E-04  0.495098E+07  0.495098E+07  0.658593E+07  0.658584E+07  0.494881E+07  0.495094E+07
  0.460317E-04  0.495098E+07  0.495098E+07  0.658487E+07  0.658477E+07  0.494879E+07  0.495093E+07
  0.475919E-04  0.495097E+07  0.495097E+07  0.658373E+07  0.658362E+07  0.494877E+07  0.495092E+07
  0.492051E-04  0.495097E+07  0.495096E+07  0.658251E+07  0.658240E+07  0.494875E+07  0.495092E+07
  0.508729E-04  0.495096E+07  0.495096E+07  0.658121E+07  0.658109E+07  0.494873E+07  0.495091E+07
  0.525972E-04  0.495095E+07  0.495095E+07  0.657982E+07  0.657969E+07  0.494870E+07  0.495090E+07
  0.543800E-04  0.495094E+07  0.495094E+07  0.657833E+07  0.657819E+07  0.494868E+07  0.495090E+07
  0.562232E-04  0.495094E+07  0.495094E+07  0.657674E+07  0.657660E+07  0.494865E+07  0.495089E+07
  0.581289E-04  0.495093E+07  0.495093E+07  0.657505E+07  0.657489E+07  0.494862E+07  0.495088E+07
  0.600992E-04  0.495092E+07  0.495092E+07  0.657323E+07  0.657306E+07  0.494859E+07  0.495087E+07
  0.621363E-04  0.495091E+07  0.495091E+07  0.657129E+07  0.657111E+07  0.494856E+07  0.495086E+07
  0.642424E-04  0.495090E+07  0.495090E+07  0.656922E+07  0.656903E+07  0.494853E+07  0.495085E+07
  0.664199E-04  0.495089E+07  0.495089E+07  0.656701E+07  0.656680E+07  0.494849E+07  0.495084E+07
  0.686712E-04  0.495088E+07  0.495088E+07  0.656464E+07  0.656442E+07  0.494845E+07  0.495082E+07
  0.709988E-04  0.495086E+07  0.495086E+07  0.656212E+07  0.656188E+07  0.494841E+07  0.495081E+07
  0.734053E-04  0.495085E+07  0.495085E+07  0.655942E+07  0.655916E+07  0.494836E+07  0.495080E+07
  0.758934E-04  0.495084E+07  0.495084E+07  0.655653E+07  0.655626E+07  0.494832E+07  0.495078E+07
  0.784658E-04  0.495082E+07  0.495082E+07  0.655345E+07  0.655316E+07  0.494826E+07  0.495077E+07
  0.811254E-04  0.495080E+07  0.495080E+07  0.655015E+07  0.654984E+07  0.494821E+07  0.495075E+07
  0.838752E-04  0.495079E+07  0.495079E+07  0.654663E+07  0.654630E+07  0.494815E+07  0.495073E+07
  0.867182E-04  0.495077E+07  0.495077E+07  0.654287E+07  0.654252E+07  0.494809E+07  0.495071E+07
  0.896575E-04  0.495075E+07  0.495075E+07  0.653885E+07  0.653848E+07  0.494802E+07  0.495069E+07
  0.926964E-04  0.495073E+07  0.495073E+07  0.653456E+07  0.653416E+07  0.494795E+07  0.495067E+07
  0.958384E-04  0.495070E+07  0.495070E+07  0.652998E+07  0.652955E+07  0.494787E+07  0.495064E+07
  0.990869E-04  0.495068E+07  0.495068E+07  0.652508E+07  0.652462E+07  0.494779E+07  0.495062E+07
  0.102445E-03  0.495065E+07  0.495065E+07  0.651985E+07  0.651936E+07  0.494770E+07  0.495059E+07
  0.105918E-03  0.495063E+07  0.495063E+07  0.651426E+07  0.651374E+07  0.494760E+07  0.495056E+07
  0.109508E-03  0.495060E+07  0.495060E+07  0.650829E+07  0.650773E+07  0.494750E+07  0.495053E+07
  0.113220E-03  0.495056E+07  0.495056E+07  0.650192E+07  0.650132E+07  0.494740E+07  0.495050E+07
  0.117057E-03  0.495053E+07  0.495053E+07  0.649511E+07  0.649447E+07  0.494728E+07  0.495046E+07
  0.121025E-03  0.495050E+07  0.495049E+07  0.648784E+07  0.648716E+07  0.494716E+07  0.495042E+07
  0.125127E-03  0.495046E+07  0.495045E+07  0.648008E+07  0.647935E+07  0.494703E+07  0.495038E+07
  0.129368E-03  0.495041E+07  0.495041E+07  0.647179E+07  0.647102E+07  0.494689E+07  0.495034E+07
  0.133753E-03  0.495037E+07  0.495037E+07  0.646294E+07  0.646212E+07  0.494674E+07  0.495029E+07
  0.138287E-03  0.495032E+07  0.495032E+07  0.645350E+07  0.645262E+07  0.494658E+07  0.495024E+07
  0.142974E-03  0.495027E+07  0.495027E+07  0.644342E+07  0.644248E+07  0.494641E+07  0.495019E+07
  0.147820E-03  0.495022E+07  0.495022E+07  0.643266E+07  0.643165E+07  0.494622E+07  0.495013E+07
  0.152831E-03  0.495016E+07  0.495016E+07  0.642117E+07  0.642010E+07  0.494603E+07  0.495007E+07
  0.158011E-03  0.495010E+07  0.495010E+07  0.640892E+07  0.640778E+07  0.494582E+07  0.495001E+07
  0.163367E-03  0.495003E+07  0.495003E+07  0.639584E+07  0.639463E+07  0.494559E+07  0.494994E+07
  0.168904E-03  0.494996E+07  0.494996E+07  0.638190E+07  0.638060E+07  0.494536E+07  0.494986E+07
  0.174629E-03  0.494989E+07  0.494988E+07  0.636702E+07  0.636564E+07  0.494510E+07  0.494978E+07
  0.180548E-03  0.494981E+07  0.494980E+07  0.635115E+07  0.634968E+07  0.494483E+07  0.494970E+07
  0.186668E-03  0.494972E+07  0.494972E+07  0.633423E+07  0.633266E+07  0.494454E+07  0.494961E+07
  0.192995E-03  0.494963E+07  0.494962E+07  0.631619E+07  0.631452E+07  0.494422E+07  0.494951E+07
  0.199536E-03  0.494953E+07  0.494952E+07  0.629696E+07  0.629518E+07  0.494389E+07  0.494941E+07
  0.206300E-03  0.494942E+07  0.494942E+07  0.627646E+07  0.627456E+07  0.494354E+07  0.494930E+07
  0.213292E-03  0.494931E+07  0.494931E+07  0.625462E+07  0.625260E+07  0.494316E+07  0.494918E+07
  0.220522E-03  0.494919E+07  0.494919E+07  0.623136E+07  0.622921E+07  0.494275E+07  0.494905E+07
  0.227996E-03  0.494906E+07  0.494906E+07  0.620658E+07  0.620429E+07  0.494231E+07  0.494892E+07
  0.235724E-03  0.494893E+07  0.494892E+07  0.618019E+07  0.617776E+07  0.494185E+07  0.494877E+07
  0.243714E-03  0.494878E+07  0.494877E+07  0.615211E+07  0.614951E+07  0.494135E+07  0.494862E+07
  0.251975E-03  0.494862E+07  0.494862E+07  0.612222E+07  0.611946E+07  0.494082E+07  0.494845E+07
  0.260516E-03  0.494846E+07  0.494845E+07  0.609041E+07  0.608749E+07  0.494026E+07  0.494828E+07
  0.269346E-03  0.494828E+07  0.494827E+07  0.605659E+07  0.605348E+07  0.493965E+07  0.494809E+07
  0.278475E-03  0.494809E+07  0.494808E+07  0.602064E+07  0.601733E+07  0.493901E+07  0.494789E+07
  0.287914E-03  0.494788E+07  0.494788E+07  0.598242E+07  0.597892E+07  0.493832E+07  0.494768E+07
  0.297673E-03  0.494767E+07  0.494766E+07  0.594183E+07  0.593811E+07  0.493758E+07  0.494745E+07
  0.307763E-03  0.494743E+07  0.494742E+07  0.589872E+07  0.589478E+07  0.493679E+07  0.494720E+07
  0.318195E-03  0.494719E+07  0.494718E+07  0.585297E+07  0.584879E+07  0.493595E+07  0.494694E+07
  0.328980E-03  0.494692E+07  0.494691E+07  0.580444E+07  0.580001E+07  0.493505E+07  0.494666E+07
  0.340131E-03  0.494664E+07  0.494663E+07  0.575297E+07  0.574829E+07  0.493409E+07  0.494636E+07
  0.351659E-03  0.494634E+07  0.494632E+07  0.569844E+07  0.569349E+07  0.493307E+07  0.494605E+07
  0.363579E-03  0.494601E+07  0.494600E+07  0.564069E+07  0.563546E+07  0.493197E+07  0.494571E+07
  0.375903E-03  0.494567E+07  0.494565E+07  0.557958E+07  0.557405E+07  0.493080E+07  0.494535E+07
  0.388644E-03  0.494530E+07  0.494529E+07  0.551494E+07  0.550910E+07  0.492956E+07  0.494496E+07
  0.401817E-03  0.494491E+07  0.494489E+07  0.544663E+07  0.544048E+07  0.492822E+07  0.494455E+07
  0.415437E-03  0.494449E+07  0.494447E+07  0.537450E+07  0.536803E+07  0.492680E+07  0.494410E+07
  0.429518E-03  0.494404E+07  0.494402E+07  0.529841E+07  0.529159E+07  0.492528E+07  0.494364E+07
  0.444076E-03  0.494357E+07  0.494355E+07  0.521820E+07  0.521104E+07  0.492366E+07  0.494313E+07
  0.459128E-03  0.494306E+07  0.494304E+07  0.513374E+07  0.512622E+07  0.492193E+07  0.494260E+07
  0.474691E-03  0.494252E+07  0.494249E+07  0.504490E+07  0.503702E+07  0.492008E+07  0.494203E+07
  0.490780E-03  0.494194E+07  0.494191E+07  0.495156E+07  0.494331E+07  0.491811E+07  0.494142E+07
  0.507415E-03  0.494132E+07  0.494129E+07  0.485361E+07  0.484499E+07  0.491600E+07  0.494077E+07
  0.524614E-03  0.494066E+07  0.494063E+07  0.475097E+07  0.474197E+07  0.491376E+07  0.494007E+07
  0.542396E-03  0.493996E+07  0.493993E+07  0.464356E+07  0.463418E+07  0.491136E+07  0.493933E+07
  0.560781E-03  0.493921E+07  0.493918E+07  0.453132E+07  0.452157E+07  0.490881E+07  0.493855E+07
  0.579788E-03  0.493841E+07  0.493838E+07  0.441425E+07  0.440412E+07  0.490608E+07  0.493771E+07
  0.599440E-03  0.493756E+07  0.493752E+07  0.429234E+07  0.428185E+07  0.490317E+07  0.493681E+07
  0.619759E-03  0.493666E+07  0.493661E+07  0.416564E+07  0.415479E+07  0.490008E+07  0.493586E+07
  0.640765E-03  0.493569E+07  0.493565E+07  0.403423E+07  0.402304E+07  0.489677E+07  0.493484E+07
  0.662484E-03  0.493466E+07  0.493462E+07  0.389824E+07  0.388673E+07  0.489325E+07  0.493376E+07
  0.684939E-03  0.493357E+07  0.493352E+07  0.375785E+07  0.374603E+07  0.488950E+07  0.493261E+07
  0.708155E-03  0.493240E+07  0.493235E+07  0.361328E+07  0.360119E+07  0.488550E+07  0.493138E+07
  0.732158E-03  0.493116E+07  0.493110E+07  0.346483E+07  0.345249E+07  0.488125E+07  0.493007E+07
  0.756975E-03  0.492984E+07  0.492978E+07  0.331286E+07  0.330031E+07  0.487671E+07  0.492868E+07
  0.782633E-03  0.492844E+07  0.492837E+07  0.315780E+07  0.314507E+07  0.487188E+07  0.492720E+07
  0.809160E-03  0.492695E+07  0.492688E+07  0.300013E+07  0.298727E+07  0.486675E+07  0.492563E+07
  0.836587E-03  0.492536E+07  0.492528E+07  0.284043E+07  0.282748E+07  0.486128E+07  0.492396E+07
  0.864943E-03  0.492368E+07  0.492359E+07  0.267936E+07  0.266637E+07  0.485546E+07  0.492218E+07
  0.894260E-03  0.492188E+07  0.492179E+07  0.251763E+07  0.250465E+07  0.484928E+07  0.492030E+07
  0.924571E-03  0.491998E+07  0.491989E+07  0.235605E+07  0.234313E+07  0.484270E+07  0.491829E+07
  0.955910E-03  0.491796E+07  0.491786E+07  0.219548E+07  0.218268E+07  0.483572E+07  0.491616E+07
  0.988310E-03  0.491582E+07  0.491571E+07  0.203687E+07  0.202423E+07  0.482829E+07  0.491390E+07
  0.102181E-02  0.491354E+07  0.491343E+07  0.188121E+07  0.186876E+07  0.482041E+07  0.491151E+07
  0.105644E-02  0.491113E+07  0.491101E+07  0.172951E+07  0.171730E+07  0.481204E+07  0.490896E+07
  0.109225E-02  0.490858E+07  0.490844E+07  0.158283E+07  0.157088E+07  0.480316E+07  0.490627E+07
  0.112927E-02  0.490587E+07  0.490573E+07  0.144223E+07  0.143056E+07  0.479374E+07  0.490341E+07
  0.116755E-02  0.490300E+07  0.490285E+07  0.130873E+07  0.129734E+07  0.478376E+07  0.490039E+07
  0.120713E-02  0.489997E+07  0.489980E+07  0.118332E+07  0.117218E+07  0.477318E+07  0.489719E+07
  0.124804E-02  0.489675E+07  0.489658E+07  0.106688E+07  0.105596E+07  0.476199E+07  0.489380E+07
  0.129034E-02  0.489336E+07  0.489317E+07  0.960185E+06  0.949441E+06  0.475013E+07  0.489022E+07
  0.133408E-02  0.488977E+07  0.488957E+07  0.863855E+06  0.853203E+06  0.473760E+07  0.488644E+07
  0.137930E-02  0.488597E+07  0.488576E+07  0.778311E+06  0.767652E+06  0.472435E+07  0.488244E+07
  0.142605E-02  0.488197E+07  0.488174E+07  0.703744E+06  0.692962E+06  0.471035E+07  0.487821E+07
  0.147439E-02  0.487774E+07  0.487750E+07  0.640088E+06  0.629052E+06  0.469558E+07  0.487375E+07
  0.152436E-02  0.487328E+07  0.487303E+07  0.586994E+06  0.575562E+06  0.467999E+07  0.486905E+07
  0.157603E-02  0.486858E+07  0.486831E+07  0.543816E+06  0.531848E+06  0.466357E+07  0.486409E+07
  0.162945E-02  0.486362E+07  0.486333E+07  0.509614E+06  0.496980E+06  0.464627E+07  0.485886E+07
  0.168468E-02  0.485840E+07  0.485809E+07  0.483173E+06  0.469764E+06  0.462807E+07  0.485336E+07
  0.174178E-02  0.485291E+07  0.485258E+07  0.463036E+06  0.448785E+06  0.460893E+07  0.484756E+07
  0.180082E-02  0.484713E+07  0.484677E+07  0.447570E+06  0.432461E+06  0.458883E+07  0.484147E+07
  0.186186E-02  0.484104E+07  0.484066E+07  0.435040E+06  0.419129E+06  0.456774E+07  0.483506E+07
  0.192497E-02  0.483465E+07  0.483424E+07  0.423715E+06  0.407140E+06  0.454563E+07  0.482831E+07
  0.199021E-02  0.482793E+07  0.482749E+07  0.411976E+06  0.394968E+06  0.452248E+07  0.482123E+07
  0.205767E-02  0.482087E+07  0.482040E+07  0.398446E+06  0.381330E+06  0.449827E+07  0.481380E+07
  0.212742E-02  0.481346E+07  0.481296E+07  0.382099E+06  0.365292E+06  0.447297E+07  0.480600E+07
  0.219953E-02  0.480568E+07  0.480515E+07  0.362368E+06  0.346356E+06  0.444657E+07  0.479781E+07
  0.227408E-02  0.479753E+07  0.479696E+07  0.339207E+06  0.324522E+06  0.441906E+07  0.478923E+07
  0.235116E-02  0.478898E+07  0.478837E+07  0.313117E+06  0.300290E+06  0.439042E+07  0.478024E+07
  0.243085E-02  0.478001E+07  0.477937E+07  0.285097E+06  0.274611E+06  0.436066E+07  0.477082E+07
  0.251324E-02  0.477063E+07  0.476994E+07  0.256540E+06  0.248769E+06  0.432976E+07  0.476096E+07
  0.259843E-02  0.476081E+07  0.476007E+07  0.229055E+06  0.224211E+06  0.429774E+07  0.475065E+07
  0.268651E-02  0.475053E+07  0.474974E+07  0.204234E+06  0.202320E+06  0.426460E+07  0.473986E+07
  0.277757E-02  0.473978E+07  0.473894E+07  0.183401E+06  0.184186E+06  0.423035E+07  0.472860E+07
  0.287171E-02  0.472854E+07  0.472765E+07  0.167362E+06  0.170389E+06  0.419502E+07  0.471683E+07
  0.296905E-02  0.471681E+07  0.471586E+07  0.156230E+06  0.160858E+06  0.415862E+07  0.470455E+07
  0.306968E-02  0.470456E+07  0.470354E+07  0.149352E+06  0.154838E+06  0.412118E+07  0.469174E+07
  0.317373E-02  0.469178E+07  0.469069E+07  0.000000E+00  0.000000E+00  0.408274E+07  0.467839E+07
  0.328131E-02  0.467845E+07  0.467729E+07  0.000000E+00  0.000000E+00  0.404332E+07  0.466449E+07
  0.339253E-02  0.466456E+07  0.466333E+07  0.000000E+00  0.000000E+00  0.400298E+07  0.465002E+07
  0.350752E-02  0.465011E+07  0.464879E+07  0.000000E+00  0.000000E+00  0.396174E+07  0.463497E+07
  0.362640E-02  0.463506E+07  0.463366E+07  0.000000E+00  0.000000E+00  0.391965E+07  0.461932E+07
  0.374932E-02  0.461942E+07  0.461792E+07  0.000000E+00  0.000000E+00  0.387675E+07  0.460307E+07
  0.387641E-02  0.460316E+07  0.460157E+07  0.000000E+00  0.000000E+00  0.383308E+07  0.458620E+07
  0.400780E-02  0.458628E+07  0.458458E+07  0.000000E+00  0.000000E+00  0.378867E+07  0.456871E+07
  0.414364E-02  0.456876E+07  0.456695E+07  0.000000E+00  0.000000E+00  0.374356E+07  0.455057E+07
  0.428409E-02  0.455059E+07  0.454866E+07  0.000000E+00  0.000000E+00  0.369778E+07  0.453178E+07
  0.442930E-02  0.453176E+07  0.452970E+07  0.000000E+00  0.000000E+00  0.365135E+07  0.451234E+07
  0.457943E-02  0.451227E+07  0.451007E+07  0.000000E+00  0.000000E+00  0.360428E+07  0.449222E+07
  0.473465E-02  0.449209E+07  0.448975E+07  0.000000E+00  0.000000E+00  0.355659E+07  0.447142E+07
  0.489513E-02  0.447122E+07  0.446872E+07  0.000000E+00  0.000000E+00  0.350828E+07  0.444993E+07
  0.506105E-02  0.444965E+07  0.444699E+07  0.000000E+00  0.000000E+00  0.345934E+07  0.442774E+07
  0.523260E-02  0.442737E+07  0.442454E+07  0.000000E+00  0.000000E+00  0.340976E+07  0.440484E+07
  0.540996E-02  0.440437E+07  0.440135E+07  0.000000E+00  0.000000E+00  0.335954E+07  0.438122E+07
  0.559333E-02  0.438064E+07  0.437743E+07  0.000000E+00  0.000000E+00  0.330865E+07  0.435687E+07
  0.578292E-02  0.435617E+07  0.435275E+07  0.000000E+00  0.000000E+00  0.325708E+07  0.433178E+07
  0.597893E-02  0.433096E+07  0.432731E+07  0.000000E+00  0.000000E+00  0.320482E+07  0.430594E+07
  0.618159E-02  0.430498E+07  0.430110E+07  0.000000E+00  0.000000E+00  0.315186E+07  0.427934E+07
  0.639111E-02  0.427824E+07  0.427411E+07  0.000000E+00  0.000000E+00  0.309819E+07  0.425198E+07
  0.660774E-02  0.425072E+07  0.424633E+07  0.000000E+00  0.000000E+00  0.304380E+07  0.422383E+07
  0.683171E-02  0.422242E+07  0.421774E+07  0.000000E+00  0.000000E+00  0.298873E+07  0.419490E+07
  0.706327E-02  0.419331E+07  0.418833E+07  0.000000E+00  0.000000E+00  0.293297E+07  0.416516E+07
  0.730268E-02  0.416340E+07  0.415810E+07  0.000000E+00  0.000000E+00  0.287656E+07  0.413462E+07
  0.755020E-02  0.413266E+07  0.412703E+07  0.000000E+00  0.000000E+00  0.281953E+07  0.410326E+07
  0.780612E-02  0.410109E+07  0.409510E+07  0.000000E+00  0.000000E+00  0.276193E+07  0.407106E+07
  0.807071E-02  0.406868E+07  0.406232E+07  0.000000E+00  0.000000E+00  0.270380E+07  0.403803E+07
  0.834427E-02  0.403541E+07  0.402865E+07  0.000000E+00  0.000000E+00  0.264519E+07  0.400415E+07
  0.862710E-02  0.400128E+07  0.399410E+07  0.000000E+00  0.000000E+00  0.258616E+07  0.396941E+07
  0.891952E-02  0.396628E+07  0.395865E+07  0.000000E+00  0.000000E+00  0.252676E+07  0.393380E+07
  0.922184E-02  0.393038E+07  0.392228E+07  0.000000E+00  0.000000E+00  0.246704E+07  0.389731E+07
  0.953442E-02  0.389359E+07  0.388499E+07  0.000000E+00  0.000000E+00  0.240706E+07  0.385994E+07
  0.985759E-02  0.385589E+07  0.384677E+07  0.000000E+00  0.000000E+00  0.234688E+07  0.382166E+07
  0.101917E-01  0.381727E+07  0.380759E+07  0.000000E+00  0.000000E+00  0.228655E+07  0.378248E+07
  0.105372E-01  0.377772E+07  0.376746E+07  0.000000E+00  0.000000E+00  0.222612E+07  0.374238E+07
  0.108943E-01  0.373723E+07  0.372635E+07  0.000000E+00  0.000000E+00  0.216564E+07  0.370135E+07
  0.112636E-01  0.369578E+07  0.368426E+07  0.000000E+00  0.000000E+00  0.210518E+07  0.365939E+07
  0.116454E-01  0.365338E+07  0.364118E+07  0.000000E+00  0.000000E+00  0.204478E+07  0.361648E+07
  0.120401E-01  0.361001E+07  0.359710E+07  0.000000E+00  0.000000E+00  0.198451E+07  0.357262E+07
  0.124482E-01  0.356566E+07  0.355200E+07  0.000000E+00  0.000000E+00  0.192441E+07  0.352781E+07
  0.128701E-01  0.352032E+07  0.350588E+07  0.000000E+00  0.000000E+00  0.186453E+07  0.348203E+07
  0.133063E-01  0.347400E+07  0.345874E+07  0.000000E+00  0.000000E+00  0.180495E+07  0.343527E+07
  0.137574E-01  0.342667E+07  0.341056E+07  0.000000E+00  0.000000E+00  0.174571E+07  0.338755E+07
  0.142237E-01  0.337834E+07  0.336134E+07  0.000000E+00  0.000000E+00  0.168686E+07  0.333884E+07
  0.147058E-01  0.332900E+07  0.331107E+07  0.000000E+00  0.000000E+00  0.162847E+07  0.328915E+07
  0.152042E-01  0.327866E+07  0.325976E+07  0.000000E+00  0.000000E+00  0.157058E+07  0.323848E+07
  0.157196E-01  0.322731E+07  0.320741E+07  0.000000E+00  0.000000E+00  0.151326E+07  0.318684E+07
  0.162524E-01  0.317496E+07  0.315403E+07  0.000000E+00  0.000000E+00  0.145655E+07  0.313422E+07
  0.168033E-01  0.312161E+07  0.309962E+07  0.000000E+00  0.000000E+00  0.140052E+07  0.308064E+07
  0.173728E-01  0.306728E+07  0.304419E+07  0.000000E+00  0.000000E+00  0.134521E+07  0.302611E+07
  0.179617E-01  0.301199E+07  0.298776E+07  0.000000E+00  0.000000E+00  0.129069E+07  0.297064E+07
  0.185705E-01  0.295574E+07  0.293036E+07  0.000000E+00  0.000000E+00  0.123701E+07  0.291426E+07
  0.192000E-01  0.289858E+07  0.287202E+07  0.000000E+00  0.000000E+00  0.118423E+07  0.285699E+07
  0.198507E-01  0.284052E+07  0.281276E+07  0.000000E+00  0.000000E+00  0.113240E+07  0.279887E+07
  0.205236E-01  0.278161E+07  0.275264E+07  0.000000E+00  0.000000E+00  0.108157E+07  0.273993E+07
  0.212192E-01  0.272189E+07  0.269170E+07  0.000000E+00  0.000000E+00  0.103179E+07  0.268022E+07
  0.219385E-01  0.266142E+07  0.263001E+07  0.000000E+00  0.000000E+00  0.983095E+06  0.261980E+07
  0.226821E-01  0.260025E+07  0.256763E+07  0.000000E+00  0.000000E+00  0.935526E+06  0.255873E+07
  0.234509E-01  0.253847E+07  0.250465E+07  0.000000E+00  0.000000E+00  0.889119E+06  0.249708E+07
  0.242458E-01  0.247615E+07  0.244115E+07  0.000000E+00  0.000000E+00  0.843918E+06  0.243493E+07
  0.250676E-01  0.241338E+07  0.237724E+07  0.000000E+00  0.000000E+00  0.799974E+06  0.237238E+07
  0.259172E-01  0.235027E+07  0.231303E+07  0.000000E+00  0.000000E+00  0.757344E+06  0.230954E+07
  0.267957E-01  0.228694E+07  0.224866E+07  0.000000E+00  0.000000E+00  0.716080E+06  0.224651E+07
  0.277039E-01  0.222351E+07  0.218426E+07  0.000000E+00  0.000000E+00  0.676218E+06  0.218343E+07
  0.286430E-01  0.216013E+07  0.212000E+07  0.000000E+00  0.000000E+00  0.637774E+06  0.212044E+07
  0.296138E-01  0.209694E+07  0.205604E+07  0.000000E+00  0.000000E+00  0.600758E+06  0.205769E+07
  0.306176E-01  0.203413E+07  0.199257E+07  0.000000E+00  0.000000E+00  0.565189E+06  0.199536E+07
  0.316554E-01  0.197185E+07  0.192977E+07  0.000000E+00  0.000000E+00  0.531113E+06  0.193361E+07
  0.327283E-01  0.191031E+07  0.186785E+07  0.000000E+00  0.000000E+00  0.498569E+06  0.187263E+07
  0.338377E-01  0.185833E+07  0.181565E+07  0.000000E+00  0.000000E+00  0.442777E+06  0.182053E+07
  0.349846E-01  0.179916E+07  0.175646E+07  0.000000E+00  0.000000E+00  0.414007E+06  0.176202E+07
  0.361704E-01  0.174131E+07  0.169877E+07  0.000000E+00  0.000000E+00  0.386756E+06  0.170486E+07
  0.373964E-01  0.168436E+07  0.164219E+07  0.000000E+00  0.000000E+00  0.360917E+06  0.164864E+07
  0.386640E-01  0.162887E+07  0.158729E+07  0.000000E+00  0.000000E+00  0.336574E+06  0.159393E+07
  0.399745E-01  0.157525E+07  0.153447E+07  0.000000E+00  0.000000E+00  0.313710E+06  0.154111E+07
  0.413294E-01  0.152369E+07  0.148395E+07  0.000000E+00  0.000000E+00  0.292295E+06  0.149038E+07
  0.427303E-01  0.147438E+07  0.143589E+07  0.000000E+00  0.000000E+00  0.272324E+06  0.144191E+07
  0.441786E-01  0.142198E+07  0.138498E+07  0.000000E+00  0.000000E+00  0.262656E+06  0.139069E+07
  0.456761E-01  0.137729E+07  0.134197E+07  0.000000E+00  0.000000E+00  0.245160E+06  0.134686E+07
  0.472243E-01  0.133500E+07  0.130155E+07  0.000000E+00  0.000000E+00  0.228911E+06  0.130545E+07
  0.488249E-01  0.129504E+07  0.126361E+07  0.000000E+00  0.000000E+00  0.213811E+06  0.126637E+07
  0.504799E-01  0.125726E+07  0.122797E+07  0.000000E+00  0.000000E+00  0.199783E+06  0.122946E+07
  0.521909E-01  0.122148E+07  0.119442E+07  0.000000E+00  0.000000E+00  0.186741E+06  0.119454E+07
  0.539599E-01  0.119060E+07  0.116579E+07  0.000000E+00  0.000000E+00  0.170809E+06  0.116436E+07
  0.557889E-01  0.115811E+07  0.113554E+07  0.000000E+00  0.000000E+00  0.159503E+06  0.113270E+07
  0.576799E-01  0.112682E+07  0.110642E+07  0.000000E+00  0.000000E+00  0.148921E+06  0.110222E+07
  0.596349E-01  0.109643E+07  0.107806E+07  0.000000E+00  0.000000E+00  0.138982E+06  0.107262E+07
  0.616562E-01  0.106662E+07  0.105009E+07  0.000000E+00  0.000000E+00  0.129605E+06  0.104355E+07
  0.637461E-01  0.103486E+07  0.101993E+07  0.000000E+00  0.000000E+00  0.122827E+06  0.101261E+07
  0.659068E-01  0.100507E+07  0.991435E+06  0.000000E+00  0.000000E+00  0.114359E+06  0.983489E+06
  0.681407E-01  0.974743E+06  0.962085E+06  0.000000E+00  0.000000E+00  0.106275E+06  0.953808E+06
  0.704503E-01  0.943557E+06  0.931526E+06  0.000000E+00  0.000000E+00  0.985349E+05  0.923235E+06
  0.728383E-01  0.911893E+06  0.900138E+06  0.000000E+00  0.000000E+00  0.903565E+05  0.892126E+06
  0.753071E-01  0.878545E+06  0.866739E+06  0.000000E+00  0.000000E+00  0.832517E+05  0.859338E+06
  0.778597E-01  0.844171E+06  0.832028E+06  0.000000E+00  0.000000E+00  0.764690E+05  0.825506E+06
  0.804987E-01  0.809036E+06  0.796336E+06  0.000000E+00  0.000000E+00  0.700168E+05  0.790900E+06
  0.832272E-01  0.773533E+06  0.760141E+06  0.000000E+00  0.000000E+00  0.639329E+05  0.755920E+06
  0.860483E-01  0.738145E+06  0.724027E+06  0.000000E+00  0.000000E+00  0.582335E+05  0.721054E+06
  0.889648E-01  0.703408E+06  0.688638E+06  0.000000E+00  0.000000E+00  0.529497E+05  0.686847E+06
  0.919804E-01  0.669902E+06  0.654661E+06  0.000000E+00  0.000000E+00  0.480974E+05  0.653883E+06
  0.950980E-01  0.638251E+06  0.622816E+06  0.000000E+00  0.000000E+00  0.436904E+05  0.622791E+06
  0.983214E-01  0.609078E+06  0.593791E+06  0.000000E+00  0.000000E+00  0.397429E+05  0.594189E+06
  0.101654E+00  0.582899E+06  0.568136E+06  0.000000E+00  0.000000E+00  0.362386E+05  0.568589E+06
  0.105100E+00  0.559952E+06  0.546078E+06  0.000000E+00  0.000000E+00  0.331666E+05  0.546221E+06
  0.108662E+00  0.540073E+06  0.527390E+06  0.000000E+00  0.000000E+00  0.304658E+05  0.526913E+06
  0.112345E+00  0.522672E+06  0.511378E+06  0.000000E+00  0.000000E+00  0.280733E+05  0.510068E+06
  0.116153E+00  0.506876E+06  0.497030E+06  0.000000E+00  0.000000E+00  0.259133E+05  0.494810E+06
  0.120090E+00  0.491746E+06  0.483249E+06  0.000000E+00  0.000000E+00  0.239200E+05  0.480189E+06
  0.124160E+00  0.476428E+06  0.469036E+06  0.000000E+00  0.000000E+00  0.220418E+05  0.465346E+06
  0.128369E+00  0.460211E+06  0.453568E+06  0.000000E+00  0.000000E+00  0.202405E+05  0.449567E+06
  0.132720E+00  0.442564E+06  0.436261E+06  0.000000E+00  0.000000E+00  0.184927E+05  0.432321E+06
  0.137219E+00  0.423267E+06  0.416916E+06  0.000000E+00  0.000000E+00  0.167963E+05  0.413398E+06
  0.141870E+00  0.402601E+06  0.395912E+06  0.000000E+00  0.000000E+00  0.151644E+05  0.393088E+06
  0.146678E+00  0.381390E+06  0.374234E+06  0.000000E+00  0.000000E+00  0.136305E+05  0.372226E+06
  0.151650E+00  0.360769E+06  0.353201E+06  0.000000E+00  0.000000E+00  0.122284E+05  0.351953E+06
  0.156790E+00  0.341803E+06  0.334051E+06  0.000000E+00  0.000000E+00  0.109854E+05  0.333340E+06
  0.162105E+00  0.325213E+06  0.317611E+06  0.000000E+00  0.000000E+00  0.991022E+04  0.317111E+06
  0.167599E+00  0.311266E+06  0.304162E+06  0.000000E+00  0.000000E+00  0.899186E+04  0.303530E+06
  0.173280E+00  0.299698E+06  0.293350E+06  0.000000E+00  0.000000E+00  0.820631E+04  0.292322E+06
  0.179153E+00  0.289678E+06  0.284173E+06  0.000000E+00  0.000000E+00  0.751688E+04  0.282644E+06
  0.185226E+00  0.279988E+06  0.275214E+06  0.000000E+00  0.000000E+00  0.688299E+04  0.273272E+06
  0.191504E+00  0.269489E+06  0.265181E+06  0.000000E+00  0.000000E+00  0.627316E+04  0.263065E+06
  0.197995E+00  0.257602E+06  0.253436E+06  0.000000E+00  0.000000E+00  0.567505E+04  0.251447E+06
  0.204706E+00  0.244533E+06  0.240253E+06  0.000000E+00  0.000000E+00  0.509625E+04  0.238630E+06
  0.211645E+00  0.231158E+06  0.226673E+06  0.000000E+00  0.000000E+00  0.455563E+04  0.225499E+06
  0.218818E+00  0.218601E+06  0.214009E+06  0.000000E+00  0.000000E+00  0.407299E+04  0.213186E+06
  0.226235E+00  0.207713E+06  0.203241E+06  0.000000E+00  0.000000E+00  0.365840E+04  0.202545E+06
  0.233903E+00  0.198728E+06  0.194605E+06  0.000000E+00  0.000000E+00  0.330863E+04  0.193805E+06
  0.241832E+00  0.191085E+06  0.187424E+06  0.000000E+00  0.000000E+00  0.300696E+04  0.186398E+06
  0.250029E+00  0.183719E+06  0.180459E+06  0.000000E+00  0.000000E+00  0.273164E+04  0.179253E+06
  0.258503E+00  0.175797E+06  0.172755E+06  0.000000E+00  0.000000E+00  0.246878E+04  0.171533E+06
  0.267265E+00  0.167088E+06  0.164076E+06  0.000000E+00  0.000000E+00  0.221514E+04  0.163012E+06
  0.276324E+00  0.158114E+06  0.155058E+06  0.000000E+00  0.000000E+00  0.197823E+04  0.154220E+06
  0.285690E+00  0.149813E+06  0.146782E+06  0.000000E+00  0.000000E+00  0.176861E+04  0.146099E+06
  0.295374E+00  0.142682E+06  0.139816E+06  0.000000E+00  0.000000E+00  0.158925E+04  0.139146E+06
  0.305386E+00  0.136527E+06  0.133914E+06  0.000000E+00  0.000000E+00  0.143461E+04  0.133163E+06
  0.315736E+00  0.130657E+06  0.128267E+06  0.000000E+00  0.000000E+00  0.129492E+04  0.127454E+06
  0.326438E+00  0.124503E+06  0.122230E+06  0.000000E+00  0.000000E+00  0.116344E+04  0.121450E+06
  0.337503E+00  0.118101E+06  0.115865E+06  0.000000E+00  0.000000E+00  0.104016E+04  0.115191E+06
  0.348943E+00  0.111965E+06  0.109776E+06  0.000000E+00  0.000000E+00  0.929249E+03  0.109194E+06
  0.360770E+00  0.106509E+06  0.104434E+06  0.000000E+00  0.000000E+00  0.832885E+03  0.103873E+06
  0.372999E+00  0.101612E+06  0.996894E+05  0.000000E+00  0.000000E+00  0.748619E+03  0.991056E+05
  0.385642E+00  0.968405E+05  0.950382E+05  0.000000E+00  0.000000E+00  0.671946E+03  0.944555E+05
  0.398713E+00  0.919926E+05  0.902583E+05  0.000000E+00  0.000000E+00  0.601049E+03  0.897225E+05
  0.412227E+00  0.872722E+05  0.855947E+05  0.000000E+00  0.000000E+00  0.536788E+03  0.851125E+05
  0.426200E+00  0.829381E+05  0.813455E+05  0.000000E+00  0.000000E+00  0.480165E+03  0.808853E+05
  0.440646E+00  0.789440E+05  0.774506E+05  0.000000E+00  0.000000E+00  0.430138E+03  0.769932E+05
  0.455581E+00  0.750596E+05  0.736453E+05  0.000000E+00  0.000000E+00  0.384816E+03  0.732052E+05
  0.471024E+00  0.712452E+05  0.698898E+05  0.000000E+00  0.000000E+00  0.343607E+03  0.694825E+05
  0.486989E+00  0.676372E+05  0.663452E+05  0.000000E+00  0.000000E+00  0.306817E+03  0.659624E+05
  0.503496E+00  0.642767E+05  0.630568E+05  0.000000E+00  0.000000E+00  0.274206E+03  0.626860E+05
  0.520561E+00  0.610594E+05  0.599037E+05  0.000000E+00  0.000000E+00  0.244918E+03  0.595485E+05
  0.538206E+00  0.579477E+05  0.568463E+05  0.000000E+00  0.000000E+00  0.218520E+03  0.565128E+05
  0.556448E+00  0.550006E+05  0.539543E+05  0.000000E+00  0.000000E+00  0.194947E+03  0.536382E+05
  0.575309E+00  0.522192E+05  0.512288E+05  0.000000E+00  0.000000E+00  0.173944E+03  0.509260E+05
  0.594809E+00  0.495555E+05  0.486153E+05  0.000000E+00  0.000000E+00  0.155108E+03  0.483280E+05
  0.614971E+00  0.470129E+05  0.461197E+05  0.000000E+00  0.000000E+00  0.138250E+03  0.458480E+05
  0.635816E+00  0.446057E+05  0.437591E+05  0.000000E+00  0.000000E+00  0.123219E+03  0.435004E+05
  0.657366E+00  0.423138E+05  0.415110E+05  0.000000E+00  0.000000E+00  0.109788E+03  0.412652E+05
  0.679648E+00  0.401293E+05  0.393675E+05  0.000000E+00  0.000000E+00  0.977791E+02  0.391346E+05
  0.702684E+00  0.380562E+05  0.373340E+05  0.000000E+00  0.000000E+00  0.870681E+02  0.371128E+05
  0.726502E+00  0.360845E+05  0.353998E+05  0.000000E+00  0.000000E+00  0.775122E+02  0.351899E+05
  0.751127E+00  0.342092E+05  0.335600E+05  0.000000E+00  0.000000E+00  0.689797E+02  0.333610E+05
  0.776587E+00  0.324281E+05  0.318128E+05  0.000000E+00  0.000000E+00  0.613763E+02  0.316240E+05
  0.802909E+00  0.307350E+05  0.301518E+05  0.000000E+00  0.000000E+00  0.545946E+02  0.299727E+05
  0.830124E+00  0.291265E+05  0.285739E+05  0.000000E+00  0.000000E+00  0.485479E+02  0.284041E+05
  0.858261E+00  0.275989E+05  0.270753E+05  0.000000E+00  0.000000E+00  0.431650E+02  0.269143E+05
  0.887352E+00  0.261479E+05  0.256519E+05  0.000000E+00  0.000000E+00  0.383665E+02  0.254993E+05
  0.917428E+00  0.247705E+05  0.243006E+05  0.000000E+00  0.000000E+00  0.340955E+02  0.241560E+05
  0.948525E+00  0.234627E+05  0.230176E+05  0.000000E+00  0.000000E+00  0.302924E+02  0.228806E+05
  0.980675E+00  0.222213E+05  0.217998E+05  0.000000E+00  0.000000E+00  0.269067E+02  0.216700E+05
  0.101392E+01  0.210430E+05  0.206439E+05  0.000000E+00  0.000000E+00  0.238947E+02  0.205209E+05
  0.104828E+01  0.199248E+05  0.195469E+05  0.000000E+00  0.000000E+00  0.212176E+02  0.194304E+05
  0.108381E+01  0.188638E+05  0.185060E+05  0.000000E+00  0.000000E+00  0.188337E+02  0.183957E+05
  0.112055E+01  0.178573E+05  0.175186E+05  0.000000E+00  0.000000E+00  0.167144E+02  0.174141E+05
  0.115853E+01  0.169026E+05  0.165821E+05  0.000000E+00  0.000000E+00  0.148316E+02  0.164832E+05
  0.119780E+01  0.159973E+05  0.156939E+05  0.000000E+00  0.000000E+00  0.131576E+02  0.156003E+05
  0.123840E+01  0.151389E+05  0.148518E+05  0.000000E+00  0.000000E+00  0.116713E+02  0.147631E+05
  0.128038E+01  0.143249E+05  0.140533E+05  0.000000E+00  0.000000E+00  0.103498E+02  0.139694E+05
  0.132377E+01  0.135534E+05  0.132964E+05  0.000000E+00  0.000000E+00  0.917738E+01  0.132169E+05
  0.136864E+01  0.128220E+05  0.125789E+05  0.000000E+00  0.000000E+00  0.813555E+01  0.125037E+05
  0.141503E+01  0.121289E+05  0.118989E+05  0.000000E+00  0.000000E+00  0.721171E+01  0.118278E+05
  0.146300E+01  0.114721E+05  0.112546E+05  0.000000E+00  0.000000E+00  0.639089E+01  0.111873E+05
  0.151258E+01  0.108498E+05  0.106441E+05  0.000000E+00  0.000000E+00  0.566268E+01  0.105804E+05
  0.156385E+01  0.102602E+05  0.100656E+05  0.000000E+00  0.000000E+00  0.501650E+01  0.100055E+05
  0.161686E+01  0.970174E+04  0.951780E+04  0.000000E+00  0.000000E+00  0.444348E+01  0.946088E+04
  0.167166E+01  0.917285E+04  0.899894E+04  0.000000E+00  0.000000E+00  0.393531E+01  0.894512E+04
  0.172833E+01  0.867198E+04  0.850757E+04  0.000000E+00  0.000000E+00  0.348465E+01  0.845668E+04
  0.178691E+01  0.819771E+04  0.804229E+04  0.000000E+00  0.000000E+00  0.308547E+01  0.799418E+04
  0.184748E+01  0.774867E+04  0.760177E+04  0.000000E+00  0.000000E+00  0.273137E+01  0.755628E+04
  0.191009E+01  0.732358E+04  0.718474E+04  0.000000E+00  0.000000E+00  0.241762E+01  0.714174E+04
  0.197484E+01  0.692117E+04  0.678996E+04  0.000000E+00  0.000000E+00  0.213964E+01  0.674932E+04
  0.204177E+01  0.654031E+04  0.641633E+04  0.000000E+00  0.000000E+00  0.189325E+01  0.637792E+04
  0.211098E+01  0.617990E+04  0.606274E+04  0.000000E+00  0.000000E+00  0.167510E+01  0.602645E+04
  0.218253E+01  0.583887E+04  0.572818E+04  0.000000E+00  0.000000E+00  0.148187E+01  0.569389E+04
  0.225651E+01  0.551620E+04  0.541162E+04  0.000000E+00  0.000000E+00  0.131089E+01  0.537923E+04
  0.233299E+01  0.521094E+04  0.511216E+04  0.000000E+00  0.000000E+00  0.115932E+01  0.508155E+04
  0.241207E+01  0.492217E+04  0.482886E+04  0.000000E+00  0.000000E+00  0.102530E+01  0.479994E+04
  0.249383E+01  0.464902E+04  0.456089E+04  0.000000E+00  0.000000E+00  0.906517E+00  0.453358E+04
  0.257836E+01  0.439068E+04  0.430745E+04  0.000000E+00  0.000000E+00  0.801541E+00  0.428165E+04
  0.266575E+01  0.414639E+04  0.406778E+04  0.000000E+00  0.000000E+00  0.708615E+00  0.404343E+04
  0.275611E+01  0.391539E+04  0.384117E+04  0.000000E+00  0.000000E+00  0.626322E+00  0.381817E+04
  0.284953E+01  0.369700E+04  0.362691E+04  0.000000E+00  0.000000E+00  0.553577E+00  0.360519E+04
  0.294611E+01  0.349052E+04  0.342435E+04  0.000000E+00  0.000000E+00  0.489225E+00  0.340384E+04
  0.304597E+01  0.329533E+04  0.323285E+04  0.000000E+00  0.000000E+00  0.432281E+00  0.321349E+04
  0.314921E+01  0.311082E+04  0.305184E+04  0.000000E+00  0.000000E+00  0.381975E+00  0.303357E+04
  0.325596E+01  0.293644E+04  0.288076E+04  0.000000E+00  0.000000E+00  0.337468E+00  0.286351E+04
  0.336632E+01  0.277165E+04  0.271909E+04  0.000000E+00  0.000000E+00  0.298118E+00  0.270281E+04
  0.348042E+01  0.261592E+04  0.256632E+04  0.000000E+00  0.000000E+00  0.263336E+00  0.255096E+04
  0.359839E+01  0.246878E+04  0.242197E+04  0.000000E+00  0.000000E+00  0.232585E+00  0.240747E+04
  0.372036E+01  0.232974E+04  0.228557E+04  0.000000E+00  0.000000E+00  0.205404E+00  0.227189E+04
  0.384646E+01  0.219840E+04  0.215671E+04  0.000000E+00  0.000000E+00  0.181386E+00  0.214380E+04
  0.397683E+01  0.207432E+04  0.203498E+04  0.000000E+00  0.000000E+00  0.160173E+00  0.202280E+04
  0.411163E+01  0.195712E+04  0.192001E+04  0.000000E+00  0.000000E+00  0.141422E+00  0.190852E+04
  0.425099E+01  0.184643E+04  0.181141E+04  0.000000E+00  0.000000E+00  0.124841E+00  0.180057E+04
  0.439508E+01  0.174188E+04  0.170885E+04  0.000000E+00  0.000000E+00  0.110208E+00  0.169862E+04
  0.454405E+01  0.164315E+04  0.161198E+04  0.000000E+00  0.000000E+00  0.972870E-01  0.160234E+04
  0.469808E+01  0.154992E+04  0.152052E+04  0.000000E+00  0.000000E+00  0.858644E-01  0.151143E+04
  0.485732E+01  0.146190E+04  0.143416E+04  0.000000E+00  0.000000E+00  0.757865E-01  0.142559E+04
  0.502196E+01  0.137879E+04  0.135263E+04  0.000000E+00  0.000000E+00  0.668914E-01  0.134455E+04
  0.519217E+01  0.130033E+04  0.127566E+04  0.000000E+00  0.000000E+00  0.590217E-01  0.126803E+04
  0.536817E+01  0.122626E+04  0.120299E+04  0.000000E+00  0.000000E+00  0.520837E-01  0.119580E+04
  0.555012E+01  0.115634E+04  0.113440E+04  0.000000E+00  0.000000E+00  0.459492E-01  0.112762E+04
  0.573824E+01  0.109035E+04  0.106966E+04  0.000000E+00  0.000000E+00  0.405460E-01  0.106327E+04
  0.593274E+01  0.102807E+04  0.100855E+04  0.000000E+00  0.000000E+00  0.357655E-01  0.100253E+04
  0.613383E+01  0.969289E+03  0.950886E+03  0.000000E+00  0.000000E+00  0.315525E-01  0.945212E+03
  0.634174E+01  0.913819E+03  0.896467E+03  0.000000E+00  0.000000E+00  0.278323E-01  0.891120E+03
  0.655669E+01  0.861478E+03  0.845117E+03  0.000000E+00  0.000000E+00  0.245538E-01  0.840078E+03
  0.677893E+01  0.812094E+03  0.796668E+03  0.000000E+00  0.000000E+00  0.216521E-01  0.791920E+03
  0.700870E+01  0.765497E+03  0.750953E+03  0.000000E+00  0.000000E+00  0.190953E-01  0.746481E+03
  0.724626E+01  0.721536E+03  0.707825E+03  0.000000E+00  0.000000E+00  0.168421E-01  0.703611E+03
  0.749188E+01  0.680065E+03  0.667139E+03  0.000000E+00  0.000000E+00  0.148533E-01  0.663170E+03
  0.774582E+01  0.640947E+03  0.628761E+03  0.000000E+00  0.000000E+00  0.130984E-01  0.625023E+03
  0.800836E+01  0.604047E+03  0.592560E+03  0.000000E+00  0.000000E+00  0.115466E-01  0.589039E+03
  0.827981E+01  0.569241E+03  0.558413E+03  0.000000E+00  0.000000E+00  0.101815E-01  0.555098E+03
  0.856045E+01  0.536417E+03  0.526211E+03  0.000000E+00  0.000000E+00  0.897599E-02  0.523089E+03
  0.885061E+01  0.505461E+03  0.495841E+03  0.000000E+00  0.000000E+00  0.791086E-02  0.492901E+03
  0.915060E+01  0.476268E+03  0.467200E+03  0.000000E+00  0.000000E+00  0.697673E-02  0.464433E+03
  0.946076E+01  0.448739E+03  0.440192E+03  0.000000E+00  0.000000E+00  0.614983E-02  0.437587E+03
  0.978143E+01  0.422783E+03  0.414727E+03  0.000000E+00  0.000000E+00  0.542013E-02  0.412276E+03
  0.101130E+02  0.398308E+03  0.390716E+03  0.000000E+00  0.000000E+00  0.477766E-02  0.388409E+03
  0.104558E+02  0.375233E+03  0.368078E+03  0.000000E+00  0.000000E+00  0.420998E-02  0.365907E+03
  0.108102E+02  0.353480E+03  0.346736E+03  0.000000E+00  0.000000E+00  0.371058E-02  0.344694E+03
  0.111766E+02  0.332973E+03  0.326617E+03  0.000000E+00  0.000000E+00  0.327023E-02  0.324696E+03
  0.115554E+02  0.313640E+03  0.307650E+03  0.000000E+00  0.000000E+00  0.288048E-02  0.305843E+03
  0.119471E+02  0.295418E+03  0.289773E+03  0.000000E+00  0.000000E+00  0.253924E-02  0.288074E+03
  0.123520E+02  0.278243E+03  0.272922E+03  0.000000E+00  0.000000E+00  0.223690E-02  0.271325E+03
  0.127707E+02  0.262054E+03  0.257040E+03  0.000000E+00  0.000000E+00  0.197150E-02  0.255538E+03
  0.132036E+02  0.246797E+03  0.242072E+03  0.000000E+00  0.000000E+00  0.173666E-02  0.240660E+03
  0.136511E+02  0.232419E+03  0.227965E+03  0.000000E+00  0.000000E+00  0.153006E-02  0.226638E+03
  0.141138E+02  0.218869E+03  0.214671E+03  0.000000E+00  0.000000E+00  0.134811E-02  0.213425E+03
  0.145922E+02  0.206100E+03  0.202144E+03  0.000000E+00  0.000000E+00  0.118792E-02  0.200973E+03
  0.150868E+02  0.194069E+03  0.190341E+03  0.000000E+00  0.000000E+00  0.104667E-02  0.189241E+03
  0.155982E+02  0.182732E+03  0.179218E+03  0.000000E+00  0.000000E+00  0.921659E-03  0.178185E+03
  0.161269E+02  0.172051E+03  0.168739E+03  0.000000E+00  0.000000E+00  0.811747E-03  0.167770E+03
  0.166735E+02  0.161988E+03  0.158866E+03  0.000000E+00  0.000000E+00  0.715164E-03  0.157956E+03
  0.172386E+02  0.152507E+03  0.149564E+03  0.000000E+00  0.000000E+00  0.629889E-03  0.148711E+03
  0.178229E+02  0.143576E+03  0.140802E+03  0.000000E+00  0.000000E+00  0.554604E-03  0.140001E+03
  0.184270E+02  0.135162E+03  0.132548E+03  0.000000E+00  0.000000E+00  0.488603E-03  0.131797E+03
  0.190516E+02  0.127237E+03  0.124772E+03  0.000000E+00  0.000000E+00  0.430055E-03  0.124068E+03
  0.196974E+02  0.119772E+03  0.117448E+03  0.000000E+00  0.000000E+00  0.378850E-03  0.116789E+03
  0.203650E+02  0.112741E+03  0.110549E+03  0.000000E+00  0.000000E+00  0.333723E-03  0.109932E+03
  0.210553E+02  0.106118E+03  0.104052E+03  0.000000E+00  0.000000E+00  0.293735E-03  0.103474E+03
  0.217690E+02  0.998809E+02  0.979324E+02  0.000000E+00  0.000000E+00  0.258849E-03  0.973912E+02
  0.225069E+02  0.940070E+02  0.921694E+02  0.000000E+00  0.000000E+00  0.227740E-03  0.916630E+02
  0.232697E+02  0.884753E+02  0.867421E+02  0.000000E+00  0.000000E+00  0.200613E-03  0.862686E+02
  0.240585E+02  0.832660E+02  0.816311E+02  0.000000E+00  0.000000E+00  0.176648E-03  0.811887E+02
  0.248739E+02  0.783607E+02  0.768184E+02  0.000000E+00  0.000000E+00  0.155539E-03  0.764051E+02
  0.257170E+02  0.737417E+02  0.722865E+02  0.000000E+00  0.000000E+00  0.136933E-03  0.719008E+02
  0.265887E+02  0.693927E+02  0.680195E+02  0.000000E+00  0.000000E+00  0.120579E-03  0.676597E+02
  0.274899E+02  0.652978E+02  0.640017E+02  0.000000E+00  0.000000E+00  0.105997E-03  0.636663E+02
  0.284217E+02  0.614424E+02  0.602190E+02  0.000000E+00  0.000000E+00  0.934489E-04  0.599067E+02
  0.293851E+02  0.578126E+02  0.566576E+02  0.000000E+00  0.000000E+00  0.822087E-04  0.563670E+02
  0.303811E+02  0.543955E+02  0.533048E+02  0.000000E+00  0.000000E+00  0.723038E-04  0.530347E+02
  0.314108E+02  0.511785E+02  0.501484E+02  0.000000E+00  0.000000E+00  0.637342E-04  0.498975E+02
  0.324755E+02  0.481502E+02  0.471771E+02  0.000000E+00  0.000000E+00  0.560558E-04  0.469443E+02
  0.335763E+02  0.452995E+02  0.443801E+02  0.000000E+00  0.000000E+00  0.493366E-04  0.441644E+02
  0.347144E+02  0.426161E+02  0.417471E+02  0.000000E+00  0.000000E+00  0.434291E-04  0.415475E+02
  0.358910E+02  0.400905E+02  0.392689E+02  0.000000E+00  0.000000E+00  0.382040E-04  0.390845E+02
  0.371075E+02  0.377131E+02  0.369362E+02  0.000000E+00  0.000000E+00  0.336302E-04  0.367661E+02
  0.383653E+02  0.354756E+02  0.347408E+02  0.000000E+00  0.000000E+00  0.296355E-04  0.345842E+02
  0.396657E+02  0.333697E+02  0.326744E+02  0.000000E+00  0.000000E+00  0.260808E-04  0.325305E+02
  0.410101E+02  0.313878E+02  0.307297E+02  0.000000E+00  0.000000E+00  0.229006E-04  0.305978E+02
  0.424002E+02  0.295226E+02  0.288995E+02  0.000000E+00  0.000000E+00  0.201533E-04  0.287788E+02
  0.438373E+02  0.277674E+02  0.271771E+02  0.000000E+00  0.000000E+00  0.177423E-04  0.270671E+02
  0.453232E+02  0.261156E+02  0.255563E+02  0.000000E+00  0.000000E+00  0.156262E-04  0.254563E+02
  0.468594E+02  0.245613E+02  0.240311E+02  0.000000E+00  0.000000E+00  0.137408E-04  0.239405E+02
  0.484478E+02  0.230986E+02  0.225958E+02  0.000000E+00  0.000000E+00  0.120902E-04  0.225141E+02
  0.500899E+02  0.217224E+02  0.212453E+02  0.000000E+00  0.000000E+00  0.106393E-04  0.211720E+02
  0.517877E+02  0.204275E+02  0.199745E+02  0.000000E+00  0.000000E+00  0.932793E-05  0.199092E+02
  0.535430E+02  0.192091E+02  0.187789E+02  0.000000E+00  0.000000E+00  0.825022E-05  0.187210E+02
  0.553579E+02  0.180628E+02  0.176540E+02  0.000000E+00  0.000000E+00  0.725120E-05  0.176031E+02
  0.572343E+02  0.169842E+02  0.165955E+02  0.000000E+00  0.000000E+00  0.634130E-05  0.165513E+02
  0.591742E+02  0.159696E+02  0.155998E+02  0.000000E+00  0.000000E+00  0.561014E-05  0.155618E+02
  0.611800E+02  0.150150E+02  0.146630E+02  0.000000E+00  0.000000E+00  0.495721E-05  0.146309E+02
  0.632536E+02  0.141170E+02  0.137817E+02  0.000000E+00  0.000000E+00  0.430373E-05  0.137551E+02
  0.653977E+02  0.132722E+02  0.129525E+02  0.000000E+00  0.000000E+00  0.381974E-05  0.129313E+02
  0.676143E+02  0.124776E+02  0.121726E+02  0.000000E+00  0.000000E+00  0.336088E-05  0.121563E+02
  0.699061E+02  0.117300E+02  0.114389E+02  0.000000E+00  0.000000E+00  0.295567E-05  0.114273E+02
  0.722756E+02  0.110269E+02  0.107488E+02  0.000000E+00  0.000000E+00  0.260512E-05  0.107415E+02
  0.747254E+02  0.103655E+02  0.100996E+02  0.000000E+00  0.000000E+00  0.227290E-05  0.100965E+02
  0.772582E+02  0.974342E+01  0.948904E+01  0.000000E+00  0.000000E+00  0.200541E-05  0.948982E+01
  0.798769E+02  0.915829E+01  0.891471E+01  0.000000E+00  0.000000E+00  0.177127E-05  0.891918E+01
  0.825843E+02  0.860798E+01  0.837454E+01  0.000000E+00  0.000000E+00  0.154776E-05  0.838249E+01
  0.853835E+02  0.809040E+01  0.786647E+01  0.000000E+00  0.000000E+00  0.136097E-05  0.787771E+01
  0.882775E+02  0.760363E+01  0.738864E+01  0.000000E+00  0.000000E+00  0.119644E-05  0.740298E+01
  0.912698E+02  0.714583E+01  0.693924E+01  0.000000E+00  0.000000E+00  0.105954E-05  0.695650E+01
  0.943633E+02  0.671531E+01  0.651662E+01  0.000000E+00  0.000000E+00  0.932703E-06  0.653663E+01
  0.975619E+02  0.631043E+01  0.611915E+01  0.000000E+00  0.000000E+00  0.820919E-06  0.614176E+01
  0.100869E+03  0.592970E+01  0.574538E+01  0.000000E+00  0.000000E+00  0.711861E-06  0.577045E+01
  0.104288E+03  0.557168E+01  0.539391E+01  0.000000E+00  0.000000E+00  0.633771E-06  0.542128E+01
  0.107822E+03  0.523503E+01  0.506339E+01  0.000000E+00  0.000000E+00  0.550891E-06  0.509295E+01
  0.111477E+03  0.491845E+01  0.475258E+01  0.000000E+00  0.000000E+00  0.485092E-06  0.478419E+01
  0.115256E+03  0.462079E+01  0.446035E+01  0.000000E+00  0.000000E+00  0.423748E-06  0.449389E+01
  0.119162E+03  0.434091E+01  0.418557E+01  0.000000E+00  0.000000E+00  0.372507E-06  0.422093E+01
  0.123201E+03  0.407776E+01  0.392720E+01  0.000000E+00  0.000000E+00  0.334939E-06  0.396428E+01
  0.127377E+03  0.383033E+01  0.368428E+01  0.000000E+00  0.000000E+00  0.290711E-06  0.372296E+01
  0.131695E+03  0.359771E+01  0.345589E+01  0.000000E+00  0.000000E+00  0.251251E-06  0.349609E+01
  0.136158E+03  0.337900E+01  0.324117E+01  0.000000E+00  0.000000E+00  0.230582E-06  0.328279E+01
  0.140773E+03  0.317339E+01  0.303932E+01  0.000000E+00  0.000000E+00  0.197036E-06  0.308226E+01
  0.145545E+03  0.298008E+01  0.284954E+01  0.000000E+00  0.000000E+00  0.171626E-06  0.289373E+01
  0.150478E+03  0.279837E+01  0.267115E+01  0.000000E+00  0.000000E+00  0.152394E-06  0.271651E+01
  0.155579E+03  0.262754E+01  0.250347E+01  0.000000E+00  0.000000E+00  0.131329E-06  0.254991E+01
  0.160852E+03  0.246695E+01  0.234584E+01  0.000000E+00  0.000000E+00  0.118573E-06  0.239329E+01
  0.166304E+03  0.231600E+01  0.219770E+01  0.000000E+00  0.000000E+00  0.104936E-06  0.224608E+01
  0.171941E+03  0.217411E+01  0.205846E+01  0.000000E+00  0.000000E+00  0.900499E-07  0.210771E+01
  0.177769E+03  0.204074E+01  0.192760E+01  0.000000E+00  0.000000E+00  0.826382E-07  0.197765E+01
  0.183795E+03  0.191538E+01  0.180462E+01  0.000000E+00  0.000000E+00  0.698048E-07  0.185540E+01
  0.190025E+03  0.179756E+01  0.168906E+01  0.000000E+00  0.000000E+00  0.605482E-07  0.174051E+01
  0.196465E+03  0.168682E+01  0.158047E+01  0.000000E+00  0.000000E+00  0.539292E-07  0.163253E+01
  0.203124E+03  0.158275E+01  0.147846E+01  0.000000E+00  0.000000E+00  0.458334E-07  0.153106E+01
