    0.10619E-04    0.19137E+00
    0.10979E-04    0.19786E+00
    0.11351E-04    0.20456E+00
    0.11736E-04    0.21150E+00
    0.12134E-04    0.21867E+00
    0.12545E-04    0.22608E+00
    0.12970E-04    0.23374E+00
    0.13410E-04    0.24166E+00
    0.13864E-04    0.24985E+00
    0.14334E-04    0.25832E+00
    0.14820E-04    0.26708E+00
    0.15323E-04    0.27613E+00
    0.15842E-04    0.28549E+00
    0.16379E-04    0.29517E+00
    0.16934E-04    0.30517E+00
    0.17508E-04    0.31552E+00
    0.18102E-04    0.32621E+00
    0.18715E-04    0.33727E+00
    0.19349E-04    0.34870E+00
    0.20005E-04    0.36052E+00
    0.20683E-04    0.37274E+00
    0.21384E-04    0.38537E+00
    0.22109E-04    0.39843E+00
    0.22859E-04    0.41194E+00
    0.23633E-04    0.42590E+00
    0.24435E-04    0.44034E+00
    0.25263E-04    0.45526E+00
    0.26119E-04    0.47069E+00
    0.27004E-04    0.48665E+00
    0.27920E-04    0.50314E+00
    0.28866E-04    0.52020E+00
    0.29844E-04    0.53783E+00
    0.30856E-04    0.55606E+00
    0.31902E-04    0.57490E+00
    0.32983E-04    0.59439E+00
    0.34101E-04    0.61454E+00
    0.35257E-04    0.63536E+00
    0.36452E-04    0.65690E+00
    0.37688E-04    0.67916E+00
    0.38965E-04    0.70218E+00
    0.40286E-04    0.72598E+00
    0.41651E-04    0.75059E+00
    0.43063E-04    0.77603E+00
    0.44523E-04    0.80233E+00
    0.46032E-04    0.82953E+00
    0.47592E-04    0.85764E+00
    0.49205E-04    0.88671E+00
    0.50873E-04    0.91676E+00
    0.52597E-04    0.94784E+00
    0.54380E-04    0.97996E+00
    0.56223E-04    0.10132E+01
    0.58129E-04    0.10475E+01
    0.60099E-04    0.10830E+01
    0.62136E-04    0.11197E+01
    0.64242E-04    0.11577E+01
    0.66420E-04    0.11969E+01
    0.68671E-04    0.12375E+01
    0.70999E-04    0.12794E+01
    0.73405E-04    0.13228E+01
    0.75893E-04    0.13676E+01
    0.78466E-04    0.14139E+01
    0.81125E-04    0.14619E+01
    0.83875E-04    0.15114E+01
    0.86718E-04    0.15626E+01
    0.89657E-04    0.16156E+01
    0.92696E-04    0.16703E+01
    0.95838E-04    0.17269E+01
    0.99087E-04    0.17855E+01
    0.10245E-03    0.18460E+01
    0.10592E-03    0.19085E+01
    0.10951E-03    0.19732E+01
    0.11322E-03    0.20400E+01
    0.11706E-03    0.21092E+01
    0.12102E-03    0.21806E+01
    0.12513E-03    0.22545E+01
    0.12937E-03    0.23309E+01
    0.13375E-03    0.24099E+01
    0.13829E-03    0.24915E+01
    0.14297E-03    0.25759E+01
    0.14782E-03    0.26632E+01
    0.15283E-03    0.27534E+01
    0.15801E-03    0.28467E+01
    0.16337E-03    0.29431E+01
    0.16890E-03    0.30428E+01
    0.17463E-03    0.31459E+01
    0.18055E-03    0.32524E+01
    0.18667E-03    0.33626E+01
    0.19299E-03    0.34764E+01
    0.19954E-03    0.35942E+01
    0.20630E-03    0.37159E+01
    0.21329E-03    0.38417E+01
    0.22052E-03    0.39718E+01
    0.22800E-03    0.41062E+01
    0.23572E-03    0.42452E+01
    0.24371E-03    0.43889E+01
    0.25198E-03    0.45374E+01
    0.26052E-03    0.46910E+01
    0.26935E-03    0.48497E+01
    0.27848E-03    0.50138E+01
    0.28791E-03    0.51834E+01
    0.29767E-03    0.53587E+01
    0.30776E-03    0.55400E+01
    0.31819E-03    0.57273E+01
    0.32898E-03    0.59209E+01
    0.34013E-03    0.61211E+01
    0.35166E-03    0.63279E+01
    0.36358E-03    0.65418E+01
    0.37590E-03    0.67628E+01
    0.38864E-03    0.69912E+01
    0.40182E-03    0.72272E+01
    0.41544E-03    0.74712E+01
    0.42952E-03    0.77234E+01
    0.44408E-03    0.79839E+01
    0.45913E-03    0.82532E+01
    0.47469E-03    0.85315E+01
    0.49078E-03    0.88190E+01
    0.50742E-03    0.91161E+01
    0.52461E-03    0.94232E+01
    0.54240E-03    0.97404E+01
    0.56078E-03    0.10068E+02
    0.57979E-03    0.10407E+02
    0.59944E-03    0.10756E+02
    0.61976E-03    0.11118E+02
    0.64077E-03    0.11491E+02
    0.66248E-03    0.11877E+02
    0.68494E-03    0.12275E+02
    0.70816E-03    0.12686E+02
    0.73216E-03    0.13111E+02
    0.75697E-03    0.13549E+02
    0.78263E-03    0.14002E+02
    0.80916E-03    0.14469E+02
    0.83659E-03    0.14952E+02
    0.86494E-03    0.15450E+02
    0.89426E-03    0.15964E+02
    0.92457E-03    0.16495E+02
    0.95591E-03    0.17042E+02
    0.98831E-03    0.17607E+02
    0.10218E-02    0.18190E+02
    0.10564E-02    0.18791E+02
    0.10923E-02    0.19410E+02
    0.11293E-02    0.20050E+02
    0.11676E-02    0.20709E+02
    0.12071E-02    0.21388E+02
    0.12480E-02    0.22088E+02
    0.12903E-02    0.22809E+02
    0.13341E-02    0.23552E+02
    0.13793E-02    0.24317E+02
    0.14260E-02    0.25105E+02
    0.14744E-02    0.25916E+02
    0.15244E-02    0.26750E+02
    0.15760E-02    0.27609E+02
    0.16294E-02    0.28492E+02
    0.16847E-02    0.29400E+02
    0.17418E-02    0.30333E+02
    0.18008E-02    0.31292E+02
    0.18619E-02    0.32277E+02
    0.19250E-02    0.33289E+02
    0.19902E-02    0.34327E+02
    0.20577E-02    0.35392E+02
    0.21274E-02    0.36485E+02
    0.21995E-02    0.37605E+02
    0.22741E-02    0.38752E+02
    0.23512E-02    0.39927E+02
    0.24309E-02    0.41130E+02
    0.25132E-02    0.42361E+02
    0.25984E-02    0.43620E+02
    0.26865E-02    0.44907E+02
    0.27776E-02    0.46221E+02
    0.28717E-02    0.47563E+02
    0.29690E-02    0.48932E+02
    0.30697E-02    0.50329E+02
    0.31737E-02    0.51752E+02
    0.32813E-02    0.53202E+02
    0.33925E-02    0.54678E+02
    0.35075E-02    0.56180E+02
    0.36264E-02    0.57707E+02
    0.37493E-02    0.59258E+02
    0.38764E-02    0.60833E+02
    0.40078E-02    0.62431E+02
    0.41436E-02    0.64051E+02
    0.42841E-02    0.65692E+02
    0.44293E-02    0.67353E+02
    0.45794E-02    0.69034E+02
    0.47347E-02    0.70732E+02
    0.48951E-02    0.72446E+02
    0.50611E-02    0.74176E+02
    0.52326E-02    0.75919E+02
    0.54100E-02    0.77674E+02
    0.55933E-02    0.79439E+02
    0.57829E-02    0.81211E+02
    0.59789E-02    0.82989E+02
    0.61816E-02    0.84770E+02
    0.63911E-02    0.86552E+02
    0.66077E-02    0.88332E+02
    0.68317E-02    0.90108E+02
    0.70633E-02    0.91875E+02
    0.73027E-02    0.93631E+02
    0.75502E-02    0.95373E+02
    0.78061E-02    0.97097E+02
    0.80707E-02    0.98798E+02
    0.83443E-02    0.10047E+03
    0.86271E-02    0.10212E+03
    0.89195E-02    0.10373E+03
    0.92218E-02    0.10530E+03
    0.95344E-02    0.10683E+03
    0.98576E-02    0.10831E+03
    0.10192E-01    0.10974E+03
    0.10537E-01    0.11111E+03
    0.10894E-01    0.11241E+03
    0.11264E-01    0.11364E+03
    0.11645E-01    0.11480E+03
    0.12040E-01    0.11587E+03
    0.12448E-01    0.11685E+03
    0.12870E-01    0.11774E+03
    0.13306E-01    0.11853E+03
    0.13757E-01    0.11922E+03
    0.14224E-01    0.11978E+03
    0.14706E-01    0.12023E+03
    0.15204E-01    0.12055E+03
    0.15720E-01    0.12074E+03
    0.16252E-01    0.12080E+03
    0.16803E-01    0.12070E+03
    0.17373E-01    0.12046E+03
    0.17962E-01    0.12007E+03
    0.18571E-01    0.11952E+03
    0.19200E-01    0.11881E+03
    0.19851E-01    0.11793E+03
    0.20524E-01    0.11690E+03
    0.21219E-01    0.11569E+03
    0.21938E-01    0.11433E+03
    0.22682E-01    0.11280E+03
    0.23451E-01    0.11111E+03
    0.24246E-01    0.10927E+03
    0.25068E-01    0.10729E+03
    0.25917E-01    0.10516E+03
    0.26796E-01    0.10291E+03
    0.27704E-01    0.10055E+03
    0.28643E-01    0.98079E+02
    0.29614E-01    0.95526E+02
    0.30618E-01    0.92904E+02
    0.31655E-01    0.90231E+02
    0.32728E-01    0.87529E+02
    0.33838E-01    0.85606E+02
    0.34985E-01    0.82939E+02
    0.36170E-01    0.80304E+02
    0.37396E-01    0.77667E+02
    0.38664E-01    0.75083E+02
    0.39974E-01    0.72591E+02
    0.41329E-01    0.70213E+02
    0.42730E-01    0.67970E+02
    0.44179E-01    0.65373E+02
    0.45676E-01    0.63414E+02
    0.47224E-01    0.61611E+02
    0.48825E-01    0.59959E+02
    0.50480E-01    0.58446E+02
    0.52191E-01    0.57059E+02
    0.53960E-01    0.56071E+02
    0.55789E-01    0.54876E+02
    0.57680E-01    0.53737E+02
    0.59635E-01    0.52627E+02
    0.61656E-01    0.51514E+02
    0.63746E-01    0.50155E+02
    0.65907E-01    0.48926E+02
    0.68141E-01    0.47587E+02
    0.70450E-01    0.46106E+02
    0.72838E-01    0.44521E+02
    0.75307E-01    0.42717E+02
    0.77860E-01    0.40763E+02
    0.80499E-01    0.38692E+02
    0.83227E-01    0.36550E+02
    0.86048E-01    0.34389E+02
    0.88965E-01    0.32266E+02
    0.91980E-01    0.30239E+02
    0.95098E-01    0.28366E+02
    0.98321E-01    0.26700E+02
    0.10165E+00    0.25281E+02
    0.10510E+00    0.24125E+02
    0.10866E+00    0.23213E+02
    0.11235E+00    0.22493E+02
    0.11615E+00    0.21887E+02
    0.12009E+00    0.21314E+02
    0.12416E+00    0.20697E+02
    0.12837E+00    0.19974E+02
    0.13272E+00    0.19099E+02
    0.13722E+00    0.18058E+02
    0.14187E+00    0.16882E+02
    0.14668E+00    0.15652E+02
    0.15165E+00    0.14469E+02
    0.15679E+00    0.13420E+02
    0.16210E+00    0.12558E+02
    0.16760E+00    0.11896E+02
    0.17328E+00    0.11408E+02
    0.17915E+00    0.11028E+02
    0.18523E+00    0.10659E+02
    0.19150E+00    0.10213E+02
    0.19799E+00    0.96473E+01
    0.20471E+00    0.89839E+01
    0.21164E+00    0.82947E+01
    0.21882E+00    0.76652E+01
    0.22624E+00    0.71540E+01
    0.23390E+00    0.67722E+01
    0.24183E+00    0.64771E+01
    0.25003E+00    0.61933E+01
    0.25850E+00    0.58638E+01
    0.26727E+00    0.54754E+01
    0.27632E+00    0.50670E+01
    0.28569E+00    0.47017E+01
    0.29537E+00    0.44095E+01
    0.30539E+00    0.41755E+01
    0.31574E+00    0.39549E+01
    0.32644E+00    0.37129E+01
    0.33750E+00    0.34533E+01
    0.34894E+00    0.32083E+01
    0.36077E+00    0.30018E+01
    0.37300E+00    0.28252E+01
    0.38564E+00    0.26534E+01
    0.39871E+00    0.24753E+01
    0.41223E+00    0.23030E+01
    0.42620E+00    0.21505E+01
    0.44065E+00    0.20146E+01
    0.45558E+00    0.18830E+01
    0.47102E+00    0.17539E+01
    0.48699E+00    0.16343E+01
    0.50350E+00    0.15260E+01
    0.52056E+00    0.14237E+01
    0.53821E+00    0.13258E+01
    0.55645E+00    0.12348E+01
    0.57531E+00    0.11508E+01
    0.59481E+00    0.10715E+01
    0.61497E+00    0.99709E+00
    0.63582E+00    0.92803E+00
    0.65737E+00    0.86342E+00
    0.67965E+00    0.80289E+00
    0.70268E+00    0.74656E+00
    0.72650E+00    0.69395E+00
    0.75113E+00    0.64484E+00
    0.77659E+00    0.59908E+00
    0.80291E+00    0.55640E+00
    0.83012E+00    0.51662E+00
    0.85826E+00    0.47957E+00
    0.88735E+00    0.44506E+00
    0.91743E+00    0.41295E+00
    0.94852E+00    0.38305E+00
    0.98067E+00    0.35524E+00
    0.10139E+01    0.32936E+00
    0.10483E+01    0.30530E+00
    0.10838E+01    0.28292E+00
    0.11206E+01    0.26213E+00
    0.11585E+01    0.24281E+00
    0.11978E+01    0.22487E+00
    0.12384E+01    0.20821E+00
    0.12804E+01    0.19274E+00
    0.13238E+01    0.17839E+00
    0.13686E+01    0.16507E+00
    0.14150E+01    0.15271E+00
    0.14630E+01    0.14125E+00
    0.15126E+01    0.13062E+00
    0.15639E+01    0.12077E+00
    0.16169E+01    0.11164E+00
    0.16717E+01    0.10318E+00
    0.17283E+01    0.95349E-01
    0.17869E+01    0.88093E-01
    0.18475E+01    0.81375E-01
    0.19101E+01    0.75155E-01
    0.19748E+01    0.69398E-01
    0.20418E+01    0.64071E-01
    0.21110E+01    0.59143E-01
    0.21825E+01    0.54585E-01
    0.22565E+01    0.50370E-01
    0.23330E+01    0.46473E-01
    0.24121E+01    0.42871E-01
    0.24938E+01    0.39541E-01
    0.25784E+01    0.36464E-01
    0.26658E+01    0.33621E-01
    0.27561E+01    0.30996E-01
    0.28495E+01    0.28571E-01
    0.29461E+01    0.26332E-01
    0.30460E+01    0.24265E-01
    0.31492E+01    0.22357E-01
    0.32560E+01    0.20596E-01
    0.33663E+01    0.18971E-01
    0.34804E+01    0.17472E-01
    0.35984E+01    0.16089E-01
    0.37204E+01    0.14814E-01
    0.38465E+01    0.13637E-01
    0.39768E+01    0.12553E-01
    0.41116E+01    0.11553E-01
    0.42510E+01    0.10632E-01
    0.43951E+01    0.97828E-02
    0.45441E+01    0.90003E-02
    0.46981E+01    0.82793E-02
    0.48573E+01    0.76153E-02
    0.50220E+01    0.70037E-02
    0.51922E+01    0.64404E-02
    0.53682E+01    0.59217E-02
    0.55501E+01    0.54442E-02
    0.57382E+01    0.50046E-02
    0.59327E+01    0.46000E-02
    0.61338E+01    0.42276E-02
    0.63417E+01    0.38849E-02
    0.65567E+01    0.35697E-02
    0.67789E+01    0.32797E-02
    0.70087E+01    0.30129E-02
    0.72463E+01    0.27675E-02
    0.74919E+01    0.25418E-02
    0.77458E+01    0.23343E-02
    0.80084E+01    0.21436E-02
    0.82798E+01    0.19682E-02
    0.85604E+01    0.18070E-02
    0.88506E+01    0.16588E-02
    0.91506E+01    0.15227E-02
    0.94608E+01    0.13975E-02
    0.97814E+01    0.12826E-02
    0.10113E+02    0.11770E-02
    0.10456E+02    0.10800E-02
    0.10810E+02    0.99086E-03
    0.11177E+02    0.90902E-03
    0.11555E+02    0.83387E-03
    0.11947E+02    0.76486E-03
    0.12352E+02    0.70151E-03
    0.12771E+02    0.64334E-03
    0.13204E+02    0.58995E-03
    0.13651E+02    0.54094E-03
    0.14114E+02    0.49597E-03
    0.14592E+02    0.45469E-03
    0.15087E+02    0.41682E-03
    0.15598E+02    0.38207E-03
    0.16127E+02    0.35019E-03
    0.16673E+02    0.32094E-03
    0.17239E+02    0.29411E-03
    0.17823E+02    0.26951E-03
    0.18427E+02    0.24694E-03
    0.19052E+02    0.22625E-03
    0.19697E+02    0.20727E-03
    0.20365E+02    0.18988E-03
    0.21055E+02    0.17393E-03
    0.21769E+02    0.15930E-03
    0.22507E+02    0.14590E-03
    0.23270E+02    0.13361E-03
    0.24058E+02    0.12235E-03
    0.24874E+02    0.11203E-03
    0.25717E+02    0.10258E-03
    0.26589E+02    0.93913E-04
    0.27490E+02    0.85974E-04
    0.28422E+02    0.78701E-04
    0.29385E+02    0.72037E-04
    0.30381E+02    0.65934E-04
    0.31411E+02    0.60344E-04
    0.32475E+02    0.55223E-04
    0.33576E+02    0.50534E-04
    0.34714E+02    0.46240E-04
    0.35891E+02    0.42308E-04
    0.37108E+02    0.38707E-04
    0.38365E+02    0.35411E-04
    0.39666E+02    0.32393E-04
    0.41010E+02    0.29630E-04
    0.42400E+02    0.27101E-04
    0.43837E+02    0.24786E-04
    0.45323E+02    0.22668E-04
    0.46859E+02    0.20729E-04
    0.48448E+02    0.18954E-04
    0.50090E+02    0.17331E-04
    0.51788E+02    0.15845E-04
    0.53543E+02    0.14485E-04
    0.55358E+02    0.13242E-04
    0.57234E+02    0.12104E-04
    0.59174E+02    0.11063E-04
    0.61180E+02    0.10111E-04
    0.63254E+02    0.92404E-05
    0.65398E+02    0.84440E-05
    0.67614E+02    0.77156E-05
    0.69906E+02    0.70495E-05
    0.72276E+02    0.64404E-05
    0.74725E+02    0.58835E-05
    0.77258E+02    0.53743E-05
    0.79877E+02    0.49087E-05
    0.82584E+02    0.44831E-05
    0.85383E+02    0.40941E-05
    0.88278E+02    0.37385E-05
    0.91270E+02    0.34134E-05
    0.94363E+02    0.31163E-05
    0.97562E+02    0.28448E-05
    0.10087E+03    0.25967E-05
    0.10429E+03    0.23700E-05
    0.10782E+03    0.21629E-05
    0.11148E+03    0.19736E-05
    0.11526E+03    0.18007E-05
    0.11916E+03    0.16427E-05
    0.12320E+03    0.14985E-05
    0.12738E+03    0.13667E-05
    0.13169E+03    0.12463E-05
    0.13616E+03    0.11364E-05
    0.14077E+03    0.10360E-05
    0.14555E+03    0.94439E-06
    0.15048E+03    0.86072E-06
    0.15558E+03    0.78433E-06
    0.16085E+03    0.71460E-06
    0.16630E+03    0.65096E-06
    0.17194E+03    0.59288E-06
    0.17777E+03    0.53988E-06
    0.18379E+03    0.49151E-06
    0.19002E+03    0.44739E-06
    0.19647E+03    0.40714E-06
    0.20312E+03    0.37042E-06
