  0.106192E-04  0.300777E+07  0.300777E+07  0.401005E+07  0.401004E+07  0.300809E+07  0.300778E+07
  0.109791E-04  0.300777E+07  0.300777E+07  0.401003E+07  0.401002E+07  0.300809E+07  0.300778E+07
  0.113513E-04  0.300777E+07  0.300777E+07  0.401000E+07  0.401000E+07  0.300809E+07  0.300778E+07
  0.117360E-04  0.300777E+07  0.300777E+07  0.400998E+07  0.400997E+07  0.300809E+07  0.300778E+07
  0.121338E-04  0.300777E+07  0.300777E+07  0.400995E+07  0.400995E+07  0.300809E+07  0.300778E+07
  0.125451E-04  0.300777E+07  0.300777E+07  0.400992E+07  0.400992E+07  0.300808E+07  0.300778E+07
  0.129703E-04  0.300777E+07  0.300777E+07  0.400989E+07  0.400989E+07  0.300808E+07  0.300778E+07
  0.134099E-04  0.300777E+07  0.300777E+07  0.400986E+07  0.400985E+07  0.300808E+07  0.300778E+07
  0.138645E-04  0.300777E+07  0.300777E+07  0.400982E+07  0.400982E+07  0.300808E+07  0.300778E+07
  0.143344E-04  0.300777E+07  0.300777E+07  0.400978E+07  0.400978E+07  0.300808E+07  0.300778E+07
  0.148203E-04  0.300777E+07  0.300777E+07  0.400974E+07  0.400974E+07  0.300808E+07  0.300778E+07
  0.153226E-04  0.300777E+07  0.300777E+07  0.400970E+07  0.400969E+07  0.300808E+07  0.300778E+07
  0.158420E-04  0.300777E+07  0.300777E+07  0.400965E+07  0.400965E+07  0.300808E+07  0.300778E+07
  0.163789E-04  0.300777E+07  0.300777E+07  0.400961E+07  0.400960E+07  0.300807E+07  0.300778E+07
  0.169341E-04  0.300777E+07  0.300777E+07  0.400955E+07  0.400954E+07  0.300807E+07  0.300778E+07
  0.175081E-04  0.300777E+07  0.300777E+07  0.400950E+07  0.400949E+07  0.300807E+07  0.300778E+07
  0.181015E-04  0.300777E+07  0.300777E+07  0.400944E+07  0.400943E+07  0.300807E+07  0.300778E+07
  0.187151E-04  0.300777E+07  0.300777E+07  0.400937E+07  0.400936E+07  0.300807E+07  0.300778E+07
  0.193494E-04  0.300777E+07  0.300777E+07  0.400930E+07  0.400929E+07  0.300806E+07  0.300777E+07
  0.200053E-04  0.300777E+07  0.300777E+07  0.400923E+07  0.400922E+07  0.300806E+07  0.300777E+07
  0.206834E-04  0.300777E+07  0.300777E+07  0.400915E+07  0.400914E+07  0.300806E+07  0.300777E+07
  0.213844E-04  0.300777E+07  0.300777E+07  0.400907E+07  0.400906E+07  0.300806E+07  0.300777E+07
  0.221093E-04  0.300777E+07  0.300777E+07  0.400898E+07  0.400896E+07  0.300805E+07  0.300777E+07
  0.228587E-04  0.300777E+07  0.300777E+07  0.400888E+07  0.400887E+07  0.300805E+07  0.300777E+07
  0.236335E-04  0.300776E+07  0.300776E+07  0.400878E+07  0.400876E+07  0.300805E+07  0.300777E+07
  0.244345E-04  0.300776E+07  0.300776E+07  0.400867E+07  0.400865E+07  0.300804E+07  0.300777E+07
  0.252627E-04  0.300776E+07  0.300776E+07  0.400855E+07  0.400854E+07  0.300804E+07  0.300777E+07
  0.261190E-04  0.300776E+07  0.300776E+07  0.400843E+07  0.400841E+07  0.300804E+07  0.300777E+07
  0.270043E-04  0.300776E+07  0.300776E+07  0.400829E+07  0.400827E+07  0.300803E+07  0.300777E+07
  0.279196E-04  0.300776E+07  0.300776E+07  0.400815E+07  0.400813E+07  0.300803E+07  0.300777E+07
  0.288660E-04  0.300776E+07  0.300776E+07  0.400800E+07  0.400798E+07  0.300802E+07  0.300776E+07
  0.298444E-04  0.300776E+07  0.300776E+07  0.400784E+07  0.400781E+07  0.300802E+07  0.300776E+07
  0.308560E-04  0.300776E+07  0.300776E+07  0.400766E+07  0.400764E+07  0.300801E+07  0.300776E+07
  0.319018E-04  0.300776E+07  0.300776E+07  0.400747E+07  0.400745E+07  0.300801E+07  0.300776E+07
  0.329831E-04  0.300775E+07  0.300775E+07  0.400728E+07  0.400725E+07  0.300800E+07  0.300776E+07
  0.341011E-04  0.300775E+07  0.300775E+07  0.400706E+07  0.400703E+07  0.300799E+07  0.300776E+07
  0.352570E-04  0.300775E+07  0.300775E+07  0.400683E+07  0.400680E+07  0.300798E+07  0.300776E+07
  0.364520E-04  0.300775E+07  0.300775E+07  0.400659E+07  0.400655E+07  0.300798E+07  0.300775E+07
  0.376876E-04  0.300775E+07  0.300775E+07  0.400633E+07  0.400629E+07  0.300797E+07  0.300775E+07
  0.389650E-04  0.300774E+07  0.300774E+07  0.400605E+07  0.400601E+07  0.300796E+07  0.300775E+07
  0.402857E-04  0.300774E+07  0.300774E+07  0.400576E+07  0.400571E+07  0.300795E+07  0.300775E+07
  0.416512E-04  0.300774E+07  0.300774E+07  0.400544E+07  0.400539E+07  0.300794E+07  0.300774E+07
  0.430630E-04  0.300774E+07  0.300774E+07  0.400510E+07  0.400505E+07  0.300793E+07  0.300774E+07
  0.445226E-04  0.300774E+07  0.300774E+07  0.400473E+07  0.400468E+07  0.300792E+07  0.300774E+07
  0.460317E-04  0.300773E+07  0.300773E+07  0.400435E+07  0.400429E+07  0.300790E+07  0.300774E+07
  0.475919E-04  0.300773E+07  0.300773E+07  0.400393E+07  0.400387E+07  0.300789E+07  0.300773E+07
  0.492051E-04  0.300773E+07  0.300773E+07  0.400349E+07  0.400342E+07  0.300788E+07  0.300773E+07
  0.508729E-04  0.300772E+07  0.300772E+07  0.400301E+07  0.400294E+07  0.300786E+07  0.300773E+07
  0.525972E-04  0.300772E+07  0.300772E+07  0.400251E+07  0.400243E+07  0.300784E+07  0.300772E+07
  0.543800E-04  0.300772E+07  0.300771E+07  0.400197E+07  0.400188E+07  0.300783E+07  0.300772E+07
  0.562232E-04  0.300771E+07  0.300771E+07  0.400139E+07  0.400130E+07  0.300781E+07  0.300771E+07
  0.581289E-04  0.300771E+07  0.300771E+07  0.400077E+07  0.400068E+07  0.300779E+07  0.300771E+07
  0.600992E-04  0.300770E+07  0.300770E+07  0.400011E+07  0.400001E+07  0.300777E+07  0.300770E+07
  0.621363E-04  0.300770E+07  0.300770E+07  0.399940E+07  0.399930E+07  0.300774E+07  0.300770E+07
  0.642424E-04  0.300769E+07  0.300769E+07  0.399865E+07  0.399853E+07  0.300772E+07  0.300769E+07
  0.664199E-04  0.300768E+07  0.300768E+07  0.399784E+07  0.399772E+07  0.300769E+07  0.300769E+07
  0.686712E-04  0.300768E+07  0.300768E+07  0.399698E+07  0.399685E+07  0.300766E+07  0.300768E+07
  0.709988E-04  0.300767E+07  0.300767E+07  0.399606E+07  0.399592E+07  0.300764E+07  0.300767E+07
  0.734053E-04  0.300766E+07  0.300766E+07  0.399507E+07  0.399492E+07  0.300760E+07  0.300766E+07
  0.758934E-04  0.300766E+07  0.300766E+07  0.399402E+07  0.399386E+07  0.300757E+07  0.300766E+07
  0.784658E-04  0.300765E+07  0.300765E+07  0.399289E+07  0.399272E+07  0.300753E+07  0.300765E+07
  0.811254E-04  0.300764E+07  0.300764E+07  0.399169E+07  0.399151E+07  0.300749E+07  0.300764E+07
  0.838752E-04  0.300763E+07  0.300763E+07  0.399041E+07  0.399021E+07  0.300745E+07  0.300763E+07
  0.867182E-04  0.300762E+07  0.300762E+07  0.398903E+07  0.398883E+07  0.300741E+07  0.300762E+07
  0.896575E-04  0.300761E+07  0.300761E+07  0.398757E+07  0.398735E+07  0.300736E+07  0.300760E+07
  0.926964E-04  0.300760E+07  0.300760E+07  0.398600E+07  0.398576E+07  0.300731E+07  0.300759E+07
  0.958384E-04  0.300759E+07  0.300759E+07  0.398433E+07  0.398407E+07  0.300725E+07  0.300758E+07
  0.990869E-04  0.300757E+07  0.300757E+07  0.398254E+07  0.398227E+07  0.300720E+07  0.300757E+07
  0.102445E-03  0.300756E+07  0.300756E+07  0.398062E+07  0.398033E+07  0.300713E+07  0.300755E+07
  0.105918E-03  0.300754E+07  0.300754E+07  0.397858E+07  0.397827E+07  0.300707E+07  0.300753E+07
  0.109508E-03  0.300753E+07  0.300753E+07  0.397640E+07  0.397607E+07  0.300700E+07  0.300752E+07
  0.113220E-03  0.300751E+07  0.300751E+07  0.397407E+07  0.397371E+07  0.300692E+07  0.300750E+07
  0.117057E-03  0.300749E+07  0.300749E+07  0.397158E+07  0.397120E+07  0.300684E+07  0.300748E+07
  0.121025E-03  0.300747E+07  0.300747E+07  0.396891E+07  0.396851E+07  0.300675E+07  0.300746E+07
  0.125127E-03  0.300745E+07  0.300745E+07  0.396607E+07  0.396564E+07  0.300666E+07  0.300744E+07
  0.129368E-03  0.300743E+07  0.300743E+07  0.396303E+07  0.396257E+07  0.300656E+07  0.300741E+07
  0.133753E-03  0.300741E+07  0.300741E+07  0.395979E+07  0.395930E+07  0.300645E+07  0.300739E+07
  0.138287E-03  0.300738E+07  0.300738E+07  0.395632E+07  0.395580E+07  0.300634E+07  0.300736E+07
  0.142974E-03  0.300735E+07  0.300735E+07  0.395262E+07  0.395207E+07  0.300622E+07  0.300733E+07
  0.147820E-03  0.300733E+07  0.300732E+07  0.394867E+07  0.394808E+07  0.300609E+07  0.300730E+07
  0.152831E-03  0.300729E+07  0.300729E+07  0.394445E+07  0.394381E+07  0.300595E+07  0.300726E+07
  0.158011E-03  0.300726E+07  0.300726E+07  0.393994E+07  0.393926E+07  0.300580E+07  0.300723E+07
  0.163367E-03  0.300723E+07  0.300722E+07  0.393513E+07  0.393441E+07  0.300565E+07  0.300719E+07
  0.168904E-03  0.300719E+07  0.300718E+07  0.392999E+07  0.392922E+07  0.300548E+07  0.300715E+07
  0.174629E-03  0.300715E+07  0.300714E+07  0.392451E+07  0.392368E+07  0.300530E+07  0.300711E+07
  0.180548E-03  0.300710E+07  0.300710E+07  0.391865E+07  0.391777E+07  0.300510E+07  0.300706E+07
  0.186668E-03  0.300706E+07  0.300705E+07  0.391240E+07  0.391146E+07  0.300490E+07  0.300701E+07
  0.192995E-03  0.300701E+07  0.300700E+07  0.390573E+07  0.390473E+07  0.300468E+07  0.300696E+07
  0.199536E-03  0.300696E+07  0.300695E+07  0.389861E+07  0.389754E+07  0.300444E+07  0.300690E+07
  0.206300E-03  0.300690E+07  0.300689E+07  0.389102E+07  0.388987E+07  0.300419E+07  0.300684E+07
  0.213292E-03  0.300684E+07  0.300683E+07  0.388291E+07  0.388169E+07  0.300392E+07  0.300677E+07
  0.220522E-03  0.300677E+07  0.300677E+07  0.387427E+07  0.387297E+07  0.300363E+07  0.300671E+07
  0.227996E-03  0.300671E+07  0.300670E+07  0.386504E+07  0.386366E+07  0.300333E+07  0.300663E+07
  0.235724E-03  0.300663E+07  0.300663E+07  0.385521E+07  0.385373E+07  0.300300E+07  0.300655E+07
  0.243714E-03  0.300655E+07  0.300655E+07  0.384472E+07  0.384315E+07  0.300265E+07  0.300647E+07
  0.251975E-03  0.300647E+07  0.300646E+07  0.383354E+07  0.383186E+07  0.300227E+07  0.300638E+07
  0.260516E-03  0.300638E+07  0.300637E+07  0.382162E+07  0.381984E+07  0.300187E+07  0.300628E+07
  0.269346E-03  0.300628E+07  0.300628E+07  0.380892E+07  0.380702E+07  0.300144E+07  0.300618E+07
  0.278475E-03  0.300618E+07  0.300617E+07  0.379539E+07  0.379336E+07  0.300099E+07  0.300607E+07
  0.287914E-03  0.300607E+07  0.300606E+07  0.378097E+07  0.377882E+07  0.300050E+07  0.300595E+07
  0.297673E-03  0.300595E+07  0.300594E+07  0.376561E+07  0.376332E+07  0.299998E+07  0.300582E+07
  0.307763E-03  0.300583E+07  0.300582E+07  0.374927E+07  0.374683E+07  0.299942E+07  0.300569E+07
  0.318195E-03  0.300570E+07  0.300568E+07  0.373186E+07  0.372927E+07  0.299882E+07  0.300554E+07
  0.328980E-03  0.300555E+07  0.300554E+07  0.371335E+07  0.371059E+07  0.299819E+07  0.300539E+07
  0.340131E-03  0.300540E+07  0.300539E+07  0.369364E+07  0.369072E+07  0.299751E+07  0.300523E+07
  0.351659E-03  0.300524E+07  0.300522E+07  0.367270E+07  0.366959E+07  0.299678E+07  0.300505E+07
  0.363579E-03  0.300506E+07  0.300505E+07  0.365042E+07  0.364713E+07  0.299601E+07  0.300487E+07
  0.375903E-03  0.300488E+07  0.300486E+07  0.362676E+07  0.362326E+07  0.299518E+07  0.300467E+07
  0.388644E-03  0.300468E+07  0.300466E+07  0.360162E+07  0.359791E+07  0.299429E+07  0.300445E+07
  0.401817E-03  0.300447E+07  0.300445E+07  0.357493E+07  0.357099E+07  0.299335E+07  0.300422E+07
  0.415437E-03  0.300424E+07  0.300422E+07  0.354660E+07  0.354243E+07  0.299234E+07  0.300398E+07
  0.429518E-03  0.300400E+07  0.300398E+07  0.351655E+07  0.351214E+07  0.299126E+07  0.300372E+07
  0.444076E-03  0.300374E+07  0.300372E+07  0.348470E+07  0.348004E+07  0.299011E+07  0.300344E+07
  0.459128E-03  0.300347E+07  0.300344E+07  0.345095E+07  0.344602E+07  0.298888E+07  0.300315E+07
  0.474691E-03  0.300317E+07  0.300315E+07  0.341521E+07  0.341001E+07  0.298757E+07  0.300283E+07
  0.490780E-03  0.300286E+07  0.300283E+07  0.337739E+07  0.337190E+07  0.298617E+07  0.300249E+07
  0.507415E-03  0.300252E+07  0.300250E+07  0.333741E+07  0.333162E+07  0.298468E+07  0.300213E+07
  0.524614E-03  0.300217E+07  0.300214E+07  0.329516E+07  0.328906E+07  0.298309E+07  0.300175E+07
  0.542396E-03  0.300179E+07  0.300175E+07  0.325055E+07  0.324414E+07  0.298138E+07  0.300134E+07
  0.560781E-03  0.300138E+07  0.300134E+07  0.320350E+07  0.319676E+07  0.297957E+07  0.300090E+07
  0.579788E-03  0.300094E+07  0.300091E+07  0.315392E+07  0.314685E+07  0.297763E+07  0.300043E+07
  0.599440E-03  0.300048E+07  0.300044E+07  0.310173E+07  0.309431E+07  0.297557E+07  0.299993E+07
  0.619759E-03  0.299999E+07  0.299995E+07  0.304684E+07  0.303908E+07  0.297336E+07  0.299940E+07
  0.640765E-03  0.299946E+07  0.299942E+07  0.298919E+07  0.298107E+07  0.297101E+07  0.299884E+07
  0.662484E-03  0.299890E+07  0.299885E+07  0.292870E+07  0.292024E+07  0.296851E+07  0.299823E+07
  0.684939E-03  0.299830E+07  0.299825E+07  0.286534E+07  0.285652E+07  0.296584E+07  0.299759E+07
  0.708155E-03  0.299766E+07  0.299761E+07  0.279906E+07  0.278989E+07  0.296299E+07  0.299690E+07
  0.732158E-03  0.299698E+07  0.299692E+07  0.272983E+07  0.272031E+07  0.295996E+07  0.299617E+07
  0.756975E-03  0.299626E+07  0.299619E+07  0.265764E+07  0.264778E+07  0.295672E+07  0.299539E+07
  0.782633E-03  0.299548E+07  0.299542E+07  0.258250E+07  0.257232E+07  0.295328E+07  0.299456E+07
  0.809160E-03  0.299466E+07  0.299459E+07  0.250445E+07  0.249395E+07  0.294961E+07  0.299367E+07
  0.836587E-03  0.299378E+07  0.299371E+07  0.242354E+07  0.241274E+07  0.294571E+07  0.299273E+07
  0.864943E-03  0.299285E+07  0.299277E+07  0.233985E+07  0.232878E+07  0.294155E+07  0.299173E+07
  0.894260E-03  0.299186E+07  0.299177E+07  0.225351E+07  0.224220E+07  0.293713E+07  0.299066E+07
  0.924571E-03  0.299080E+07  0.299071E+07  0.216466E+07  0.215313E+07  0.293243E+07  0.298952E+07
  0.955910E-03  0.298968E+07  0.298958E+07  0.207348E+07  0.206179E+07  0.292742E+07  0.298831E+07
  0.988310E-03  0.298849E+07  0.298838E+07  0.198022E+07  0.196839E+07  0.292210E+07  0.298703E+07
  0.102181E-02  0.298722E+07  0.298710E+07  0.188514E+07  0.187323E+07  0.291645E+07  0.298566E+07
  0.105644E-02  0.298587E+07  0.298575E+07  0.178856E+07  0.177661E+07  0.291045E+07  0.298421E+07
  0.109225E-02  0.298443E+07  0.298430E+07  0.169083E+07  0.167890E+07  0.290407E+07  0.298267E+07
  0.112927E-02  0.298291E+07  0.298277E+07  0.159237E+07  0.158052E+07  0.289730E+07  0.298103E+07
  0.116755E-02  0.298129E+07  0.298115E+07  0.149364E+07  0.148192E+07  0.289012E+07  0.297929E+07
  0.120713E-02  0.297958E+07  0.297942E+07  0.139513E+07  0.138361E+07  0.288251E+07  0.297745E+07
  0.124804E-02  0.297776E+07  0.297759E+07  0.129740E+07  0.128613E+07  0.287444E+07  0.297549E+07
  0.129034E-02  0.297583E+07  0.297565E+07  0.120102E+07  0.119006E+07  0.286589E+07  0.297342E+07
  0.133408E-02  0.297379E+07  0.297359E+07  0.110661E+07  0.109602E+07  0.285685E+07  0.297122E+07
  0.137930E-02  0.297162E+07  0.297142E+07  0.101481E+07  0.100463E+07  0.284728E+07  0.296889E+07
  0.142605E-02  0.296933E+07  0.296911E+07  0.926269E+06  0.916527E+06  0.283716E+07  0.296642E+07
  0.147439E-02  0.296690E+07  0.296667E+07  0.841627E+06  0.832350E+06  0.282647E+07  0.296382E+07
  0.152436E-02  0.296434E+07  0.296409E+07  0.761517E+06  0.752711E+06  0.281518E+07  0.296106E+07
  0.157603E-02  0.296162E+07  0.296136E+07  0.686533E+06  0.678182E+06  0.280327E+07  0.295815E+07
  0.162945E-02  0.295876E+07  0.295847E+07  0.617209E+06  0.609279E+06  0.279073E+07  0.295507E+07
  0.168468E-02  0.295573E+07  0.295543E+07  0.554002E+06  0.546434E+06  0.277752E+07  0.295182E+07
  0.174178E-02  0.295254E+07  0.295221E+07  0.497269E+06  0.489978E+06  0.276361E+07  0.294839E+07
  0.180082E-02  0.294917E+07  0.294882E+07  0.447238E+06  0.440116E+06  0.274901E+07  0.294477E+07
  0.186186E-02  0.294562E+07  0.294525E+07  0.403993E+06  0.396906E+06  0.273367E+07  0.294096E+07
  0.192497E-02  0.294188E+07  0.294149E+07  0.367454E+06  0.360250E+06  0.271758E+07  0.293695E+07
  0.199021E-02  0.293794E+07  0.293752E+07  0.337362E+06  0.329873E+06  0.270073E+07  0.293273E+07
  0.205767E-02  0.293380E+07  0.293335E+07  0.313273E+06  0.305326E+06  0.268310E+07  0.292829E+07
  0.212742E-02  0.292944E+07  0.292896E+07  0.294562E+06  0.285987E+06  0.266467E+07  0.292362E+07
  0.219953E-02  0.292486E+07  0.292435E+07  0.280432E+06  0.271080E+06  0.264545E+07  0.291872E+07
  0.227408E-02  0.292006E+07  0.291951E+07  0.269948E+06  0.259699E+06  0.262541E+07  0.291357E+07
  0.235116E-02  0.291501E+07  0.291442E+07  0.262065E+06  0.250854E+06  0.260456E+07  0.290817E+07
  0.243085E-02  0.290971E+07  0.290908E+07  0.255693E+06  0.243520E+06  0.258290E+07  0.290252E+07
  0.251324E-02  0.290416E+07  0.290349E+07  0.249752E+06  0.236698E+06  0.256043E+07  0.289659E+07
  0.259843E-02  0.289834E+07  0.289763E+07  0.243251E+06  0.229491E+06  0.253715E+07  0.289039E+07
  0.268651E-02  0.289225E+07  0.289149E+07  0.235360E+06  0.221170E+06  0.251309E+07  0.288390E+07
  0.277757E-02  0.288587E+07  0.288506E+07  0.225491E+06  0.211239E+06  0.248826E+07  0.287711E+07
  0.287171E-02  0.287921E+07  0.287834E+07  0.213349E+06  0.199485E+06  0.246268E+07  0.287003E+07
  0.296905E-02  0.287224E+07  0.287131E+07  0.198978E+06  0.186007E+06  0.243637E+07  0.286263E+07
  0.306968E-02  0.286495E+07  0.286396E+07  0.182767E+06  0.171206E+06  0.240937E+07  0.285491E+07
  0.317373E-02  0.285735E+07  0.285629E+07  0.165412E+06  0.155746E+06  0.238171E+07  0.284686E+07
  0.328131E-02  0.284942E+07  0.284829E+07  0.147846E+06  0.140467E+06  0.235344E+07  0.283847E+07
  0.339253E-02  0.284114E+07  0.283994E+07  0.131119E+06  0.126272E+06  0.232459E+07  0.282974E+07
  0.350752E-02  0.283252E+07  0.283124E+07  0.116243E+06  0.113979E+06  0.229520E+07  0.282065E+07
  0.362640E-02  0.282355E+07  0.282218E+07  0.104031E+06  0.104180E+06  0.226533E+07  0.281121E+07
  0.374932E-02  0.281420E+07  0.281274E+07  0.949431E+05  0.971172E+05  0.223503E+07  0.280139E+07
  0.387641E-02  0.280448E+07  0.280293E+07  0.889797E+05  0.926100E+05  0.220433E+07  0.279121E+07
  0.400780E-02  0.279439E+07  0.279273E+07  0.856451E+05  0.900594E+05  0.217329E+07  0.278064E+07
  0.414364E-02  0.278390E+07  0.278213E+07  0.000000E+00  0.000000E+00  0.214196E+07  0.276968E+07
  0.428409E-02  0.277302E+07  0.277113E+07  0.000000E+00  0.000000E+00  0.211036E+07  0.275833E+07
  0.442930E-02  0.276173E+07  0.275971E+07  0.000000E+00  0.000000E+00  0.207854E+07  0.274657E+07
  0.457943E-02  0.275003E+07  0.274788E+07  0.000000E+00  0.000000E+00  0.204652E+07  0.273441E+07
  0.473465E-02  0.273792E+07  0.273563E+07  0.000000E+00  0.000000E+00  0.201433E+07  0.272184E+07
  0.489513E-02  0.272538E+07  0.272294E+07  0.000000E+00  0.000000E+00  0.198198E+07  0.270885E+07
  0.506105E-02  0.271242E+07  0.270982E+07  0.000000E+00  0.000000E+00  0.194947E+07  0.269543E+07
  0.523260E-02  0.269902E+07  0.269625E+07  0.000000E+00  0.000000E+00  0.191681E+07  0.268159E+07
  0.540996E-02  0.268518E+07  0.268223E+07  0.000000E+00  0.000000E+00  0.188399E+07  0.266730E+07
  0.559333E-02  0.267089E+07  0.266775E+07  0.000000E+00  0.000000E+00  0.185099E+07  0.265258E+07
  0.578292E-02  0.265615E+07  0.265281E+07  0.000000E+00  0.000000E+00  0.181780E+07  0.263741E+07
  0.597893E-02  0.264096E+07  0.263739E+07  0.000000E+00  0.000000E+00  0.178440E+07  0.262178E+07
  0.618159E-02  0.262530E+07  0.262150E+07  0.000000E+00  0.000000E+00  0.175077E+07  0.260570E+07
  0.639111E-02  0.260917E+07  0.260513E+07  0.000000E+00  0.000000E+00  0.171690E+07  0.258914E+07
  0.660774E-02  0.259257E+07  0.258827E+07  0.000000E+00  0.000000E+00  0.168276E+07  0.257212E+07
  0.683171E-02  0.257548E+07  0.257091E+07  0.000000E+00  0.000000E+00  0.164837E+07  0.255461E+07
  0.706327E-02  0.255791E+07  0.255304E+07  0.000000E+00  0.000000E+00  0.161371E+07  0.253662E+07
  0.730268E-02  0.253985E+07  0.253467E+07  0.000000E+00  0.000000E+00  0.157879E+07  0.251814E+07
  0.755020E-02  0.252128E+07  0.251577E+07  0.000000E+00  0.000000E+00  0.154364E+07  0.249916E+07
  0.780612E-02  0.250221E+07  0.249635E+07  0.000000E+00  0.000000E+00  0.150828E+07  0.247967E+07
  0.807071E-02  0.248262E+07  0.247639E+07  0.000000E+00  0.000000E+00  0.147273E+07  0.245967E+07
  0.834427E-02  0.246251E+07  0.245589E+07  0.000000E+00  0.000000E+00  0.143703E+07  0.243916E+07
  0.862710E-02  0.244187E+07  0.243484E+07  0.000000E+00  0.000000E+00  0.140121E+07  0.241813E+07
  0.891952E-02  0.242070E+07  0.241323E+07  0.000000E+00  0.000000E+00  0.136532E+07  0.239656E+07
  0.922184E-02  0.239898E+07  0.239105E+07  0.000000E+00  0.000000E+00  0.132940E+07  0.237446E+07
  0.953442E-02  0.237672E+07  0.236830E+07  0.000000E+00  0.000000E+00  0.129347E+07  0.235182E+07
  0.985759E-02  0.235390E+07  0.234497E+07  0.000000E+00  0.000000E+00  0.125758E+07  0.232863E+07
  0.101917E-01  0.233052E+07  0.232104E+07  0.000000E+00  0.000000E+00  0.122176E+07  0.230489E+07
  0.105372E-01  0.230657E+07  0.229652E+07  0.000000E+00  0.000000E+00  0.118605E+07  0.228058E+07
  0.108943E-01  0.228204E+07  0.227139E+07  0.000000E+00  0.000000E+00  0.115047E+07  0.225572E+07
  0.112636E-01  0.225693E+07  0.224565E+07  0.000000E+00  0.000000E+00  0.111506E+07  0.223028E+07
  0.116454E-01  0.223124E+07  0.221928E+07  0.000000E+00  0.000000E+00  0.107985E+07  0.220427E+07
  0.120401E-01  0.220495E+07  0.219230E+07  0.000000E+00  0.000000E+00  0.104487E+07  0.217767E+07
  0.124482E-01  0.217806E+07  0.216467E+07  0.000000E+00  0.000000E+00  0.101015E+07  0.215049E+07
  0.128701E-01  0.215056E+07  0.213641E+07  0.000000E+00  0.000000E+00  0.975720E+06  0.212272E+07
  0.133063E-01  0.212246E+07  0.210751E+07  0.000000E+00  0.000000E+00  0.941613E+06  0.209436E+07
  0.137574E-01  0.209375E+07  0.207796E+07  0.000000E+00  0.000000E+00  0.907858E+06  0.206540E+07
  0.142237E-01  0.206443E+07  0.204776E+07  0.000000E+00  0.000000E+00  0.874486E+06  0.203584E+07
  0.147058E-01  0.203448E+07  0.201691E+07  0.000000E+00  0.000000E+00  0.841524E+06  0.200567E+07
  0.152042E-01  0.200392E+07  0.198540E+07  0.000000E+00  0.000000E+00  0.809005E+06  0.197491E+07
  0.157196E-01  0.197274E+07  0.195324E+07  0.000000E+00  0.000000E+00  0.776954E+06  0.194355E+07
  0.162524E-01  0.194095E+07  0.192043E+07  0.000000E+00  0.000000E+00  0.745400E+06  0.191160E+07
  0.168033E-01  0.190855E+07  0.188698E+07  0.000000E+00  0.000000E+00  0.714371E+06  0.187905E+07
  0.173728E-01  0.187554E+07  0.185289E+07  0.000000E+00  0.000000E+00  0.683893E+06  0.184592E+07
  0.179617E-01  0.184194E+07  0.181818E+07  0.000000E+00  0.000000E+00  0.653994E+06  0.181221E+07
  0.185705E-01  0.180775E+07  0.178286E+07  0.000000E+00  0.000000E+00  0.624701E+06  0.177794E+07
  0.192000E-01  0.177300E+07  0.174695E+07  0.000000E+00  0.000000E+00  0.596040E+06  0.174313E+07
  0.198507E-01  0.173770E+07  0.171048E+07  0.000000E+00  0.000000E+00  0.568036E+06  0.170779E+07
  0.205236E-01  0.170187E+07  0.167346E+07  0.000000E+00  0.000000E+00  0.540711E+06  0.167195E+07
  0.212192E-01  0.166555E+07  0.163593E+07  0.000000E+00  0.000000E+00  0.514086E+06  0.163563E+07
  0.219385E-01  0.162875E+07  0.159794E+07  0.000000E+00  0.000000E+00  0.488173E+06  0.159888E+07
  0.226821E-01  0.159153E+07  0.155953E+07  0.000000E+00  0.000000E+00  0.462983E+06  0.156172E+07
  0.234509E-01  0.155393E+07  0.152074E+07  0.000000E+00  0.000000E+00  0.438525E+06  0.152420E+07
  0.242458E-01  0.151598E+07  0.148164E+07  0.000000E+00  0.000000E+00  0.414809E+06  0.148637E+07
  0.250676E-01  0.147776E+07  0.144229E+07  0.000000E+00  0.000000E+00  0.391854E+06  0.144829E+07
  0.259172E-01  0.143932E+07  0.140277E+07  0.000000E+00  0.000000E+00  0.369683E+06  0.141003E+07
  0.267957E-01  0.140074E+07  0.136317E+07  0.000000E+00  0.000000E+00  0.348322E+06  0.137165E+07
  0.277039E-01  0.136209E+07  0.132356E+07  0.000000E+00  0.000000E+00  0.327790E+06  0.133323E+07
  0.286430E-01  0.132345E+07  0.128406E+07  0.000000E+00  0.000000E+00  0.308093E+06  0.129486E+07
  0.296138E-01  0.128493E+07  0.124477E+07  0.000000E+00  0.000000E+00  0.289220E+06  0.125663E+07
  0.306176E-01  0.124661E+07  0.120580E+07  0.000000E+00  0.000000E+00  0.271160E+06  0.121865E+07
  0.316554E-01  0.120862E+07  0.116729E+07  0.000000E+00  0.000000E+00  0.253916E+06  0.118102E+07
  0.327283E-01  0.117106E+07  0.112935E+07  0.000000E+00  0.000000E+00  0.237511E+06  0.114385E+07
  0.338377E-01  0.113944E+07  0.109751E+07  0.000000E+00  0.000000E+00  0.206529E+06  0.111221E+07
  0.349846E-01  0.110329E+07  0.106133E+07  0.000000E+00  0.000000E+00  0.192375E+06  0.107654E+07
  0.361704E-01  0.106794E+07  0.102613E+07  0.000000E+00  0.000000E+00  0.179026E+06  0.104169E+07
  0.373964E-01  0.103312E+07  0.991668E+06  0.000000E+00  0.000000E+00  0.166404E+06  0.100741E+07
  0.386640E-01  0.999177E+06  0.958295E+06  0.000000E+00  0.000000E+00  0.154567E+06  0.974042E+06
  0.399745E-01  0.966356E+06  0.926261E+06  0.000000E+00  0.000000E+00  0.143524E+06  0.941824E+06
  0.413294E-01  0.934782E+06  0.895696E+06  0.000000E+00  0.000000E+00  0.133222E+06  0.910880E+06
  0.427303E-01  0.904565E+06  0.866707E+06  0.000000E+00  0.000000E+00  0.123631E+06  0.881315E+06
  0.441786E-01  0.872406E+06  0.835997E+06  0.000000E+00  0.000000E+00  0.120490E+06  0.850027E+06
  0.456761E-01  0.844982E+06  0.810216E+06  0.000000E+00  0.000000E+00  0.112103E+06  0.823290E+06
  0.472243E-01  0.819018E+06  0.786076E+06  0.000000E+00  0.000000E+00  0.104317E+06  0.798024E+06
  0.488249E-01  0.794465E+06  0.763502E+06  0.000000E+00  0.000000E+00  0.971171E+05  0.774178E+06
  0.504799E-01  0.771235E+06  0.742372E+06  0.000000E+00  0.000000E+00  0.904476E+05  0.751657E+06
  0.521909E-01  0.749224E+06  0.722541E+06  0.000000E+00  0.000000E+00  0.842645E+05  0.730352E+06
  0.539599E-01  0.730220E+06  0.705748E+06  0.000000E+00  0.000000E+00  0.760946E+05  0.711952E+06
  0.557889E-01  0.710215E+06  0.687941E+06  0.000000E+00  0.000000E+00  0.708040E+05  0.692632E+06
  0.576799E-01  0.690950E+06  0.670801E+06  0.000000E+00  0.000000E+00  0.658723E+05  0.674032E+06
  0.596349E-01  0.672242E+06  0.654087E+06  0.000000E+00  0.000000E+00  0.612625E+05  0.655962E+06
  0.616562E-01  0.653896E+06  0.637549E+06  0.000000E+00  0.000000E+00  0.569348E+05  0.638222E+06
  0.637461E-01  0.634364E+06  0.619588E+06  0.000000E+00  0.000000E+00  0.542170E+05  0.619316E+06
  0.659068E-01  0.616058E+06  0.602566E+06  0.000000E+00  0.000000E+00  0.503315E+05  0.601538E+06
  0.681407E-01  0.597448E+06  0.584918E+06  0.000000E+00  0.000000E+00  0.466280E+05  0.583411E+06
  0.704503E-01  0.578331E+06  0.566425E+06  0.000000E+00  0.000000E+00  0.430996E+05  0.564736E+06
  0.728383E-01  0.558945E+06  0.547318E+06  0.000000E+00  0.000000E+00  0.392516E+05  0.545734E+06
  0.753071E-01  0.538544E+06  0.526876E+06  0.000000E+00  0.000000E+00  0.360583E+05  0.525699E+06
  0.778597E-01  0.517532E+06  0.505542E+06  0.000000E+00  0.000000E+00  0.330157E+05  0.505024E+06
  0.804987E-01  0.496068E+06  0.483539E+06  0.000000E+00  0.000000E+00  0.301424E+05  0.483872E+06
  0.832272E-01  0.474385E+06  0.461184E+06  0.000000E+00  0.000000E+00  0.274371E+05  0.462489E+06
  0.860483E-01  0.452774E+06  0.438867E+06  0.000000E+00  0.000000E+00  0.249196E+05  0.441175E+06
  0.889648E-01  0.431556E+06  0.417014E+06  0.000000E+00  0.000000E+00  0.225910E+05  0.420260E+06
  0.919804E-01  0.411079E+06  0.396079E+06  0.000000E+00  0.000000E+00  0.204625E+05  0.400105E+06
  0.950980E-01  0.391720E+06  0.376530E+06  0.000000E+00  0.000000E+00  0.185360E+05  0.381093E+06
  0.983214E-01  0.373857E+06  0.358811E+06  0.000000E+00  0.000000E+00  0.168099E+05  0.363604E+06
  0.101654E+00  0.357801E+06  0.343269E+06  0.000000E+00  0.000000E+00  0.152898E+05  0.347949E+06
  0.105100E+00  0.343702E+06  0.330039E+06  0.000000E+00  0.000000E+00  0.139510E+05  0.334272E+06
  0.108662E+00  0.331461E+06  0.318965E+06  0.000000E+00  0.000000E+00  0.127831E+05  0.322465E+06
  0.112345E+00  0.320724E+06  0.309589E+06  0.000000E+00  0.000000E+00  0.117473E+05  0.312166E+06
  0.116153E+00  0.310966E+06  0.301250E+06  0.000000E+00  0.000000E+00  0.108152E+05  0.302836E+06
  0.120090E+00  0.301621E+06  0.293228E+06  0.000000E+00  0.000000E+00  0.995668E+04  0.293895E+06
  0.124160E+00  0.292176E+06  0.284868E+06  0.000000E+00  0.000000E+00  0.915184E+04  0.284818E+06
  0.128369E+00  0.282202E+06  0.275632E+06  0.000000E+00  0.000000E+00  0.838187E+04  0.275167E+06
  0.132720E+00  0.271378E+06  0.265145E+06  0.000000E+00  0.000000E+00  0.764106E+04  0.264618E+06
  0.137219E+00  0.259567E+06  0.253292E+06  0.000000E+00  0.000000E+00  0.692171E+04  0.253040E+06
  0.141870E+00  0.246936E+06  0.240335E+06  0.000000E+00  0.000000E+00  0.623439E+04  0.240614E+06
  0.146678E+00  0.233979E+06  0.226925E+06  0.000000E+00  0.000000E+00  0.559002E+04  0.227849E+06
  0.151650E+00  0.221380E+06  0.213925E+06  0.000000E+00  0.000000E+00  0.500389E+04  0.215444E+06
  0.156790E+00  0.209780E+06  0.202145E+06  0.000000E+00  0.000000E+00  0.448492E+04  0.204054E+06
  0.162105E+00  0.199614E+06  0.192126E+06  0.000000E+00  0.000000E+00  0.403620E+04  0.194123E+06
  0.167599E+00  0.191044E+06  0.184045E+06  0.000000E+00  0.000000E+00  0.365416E+04  0.185812E+06
  0.173280E+00  0.183915E+06  0.177656E+06  0.000000E+00  0.000000E+00  0.332796E+04  0.178954E+06
  0.179153E+00  0.177727E+06  0.172295E+06  0.000000E+00  0.000000E+00  0.304168E+04  0.173033E+06
  0.185226E+00  0.171749E+06  0.167035E+06  0.000000E+00  0.000000E+00  0.277884E+04  0.167298E+06
  0.191504E+00  0.165291E+06  0.161035E+06  0.000000E+00  0.000000E+00  0.252771E+04  0.161051E+06
  0.197995E+00  0.158004E+06  0.153890E+06  0.000000E+00  0.000000E+00  0.228206E+04  0.153941E+06
  0.204706E+00  0.150009E+06  0.145786E+06  0.000000E+00  0.000000E+00  0.204512E+04  0.146096E+06
  0.211645E+00  0.141832E+06  0.137410E+06  0.000000E+00  0.000000E+00  0.182459E+04  0.138058E+06
  0.218818E+00  0.134150E+06  0.129625E+06  0.000000E+00  0.000000E+00  0.162806E+04  0.130521E+06
  0.226235E+00  0.127476E+06  0.123068E+06  0.000000E+00  0.000000E+00  0.145947E+04  0.124008E+06
  0.233903E+00  0.121952E+06  0.117888E+06  0.000000E+00  0.000000E+00  0.131743E+04  0.118658E+06
  0.241832E+00  0.117244E+06  0.113632E+06  0.000000E+00  0.000000E+00  0.119513E+04  0.114124E+06
  0.250029E+00  0.112708E+06  0.109491E+06  0.000000E+00  0.000000E+00  0.108373E+04  0.109751E+06
  0.258503E+00  0.107844E+06  0.104841E+06  0.000000E+00  0.000000E+00  0.977638E+03  0.105025E+06
  0.267265E+00  0.102509E+06  0.995370E+05  0.000000E+00  0.000000E+00  0.875755E+03  0.998092E+05
  0.276324E+00  0.970165E+05  0.940027E+05  0.000000E+00  0.000000E+00  0.780673E+03  0.944266E+05
  0.285690E+00  0.919317E+05  0.889440E+05  0.000000E+00  0.000000E+00  0.696812E+03  0.894546E+05
  0.295374E+00  0.875550E+05  0.847290E+05  0.000000E+00  0.000000E+00  0.625086E+03  0.851983E+05
  0.305386E+00  0.837701E+05  0.811922E+05  0.000000E+00  0.000000E+00  0.563323E+03  0.815355E+05
  0.315736E+00  0.801616E+05  0.778034E+05  0.000000E+00  0.000000E+00  0.507691E+03  0.780407E+05
  0.326438E+00  0.763859E+05  0.741432E+05  0.000000E+00  0.000000E+00  0.455370E+03  0.743650E+05
  0.337503E+00  0.724636E+05  0.702575E+05  0.000000E+00  0.000000E+00  0.406531E+03  0.705328E+05
  0.348943E+00  0.687032E+05  0.665438E+05  0.000000E+00  0.000000E+00  0.362637E+03  0.668608E+05
  0.360770E+00  0.653548E+05  0.633082E+05  0.000000E+00  0.000000E+00  0.324552E+03  0.636030E+05
  0.372999E+00  0.623468E+05  0.604496E+05  0.000000E+00  0.000000E+00  0.291274E+03  0.606844E+05
  0.385642E+00  0.594170E+05  0.576389E+05  0.000000E+00  0.000000E+00  0.261089E+03  0.578374E+05
  0.398713E+00  0.564441E+05  0.547332E+05  0.000000E+00  0.000000E+00  0.233206E+03  0.549396E+05
  0.412227E+00  0.535498E+05  0.518952E+05  0.000000E+00  0.000000E+00  0.208010E+03  0.521169E+05
  0.426200E+00  0.508904E+05  0.493195E+05  0.000000E+00  0.000000E+00  0.185814E+03  0.495287E+05
  0.440646E+00  0.484383E+05  0.469651E+05  0.000000E+00  0.000000E+00  0.166220E+03  0.471456E+05
  0.455581E+00  0.460546E+05  0.446594E+05  0.000000E+00  0.000000E+00  0.148530E+03  0.448263E+05
  0.471024E+00  0.437151E+05  0.423781E+05  0.000000E+00  0.000000E+00  0.132463E+03  0.425469E+05
  0.486989E+00  0.415017E+05  0.402272E+05  0.000000E+00  0.000000E+00  0.118135E+03  0.403915E+05
  0.503496E+00  0.394392E+05  0.382358E+05  0.000000E+00  0.000000E+00  0.105443E+03  0.383854E+05
  0.520561E+00  0.374649E+05  0.363249E+05  0.000000E+00  0.000000E+00  0.940768E+02  0.364643E+05
  0.538206E+00  0.355560E+05  0.344695E+05  0.000000E+00  0.000000E+00  0.838391E+02  0.346054E+05
  0.556448E+00  0.337478E+05  0.327156E+05  0.000000E+00  0.000000E+00  0.747253E+02  0.328453E+05
  0.575309E+00  0.320410E+05  0.310640E+05  0.000000E+00  0.000000E+00  0.665926E+02  0.311846E+05
  0.594809E+00  0.304066E+05  0.294791E+05  0.000000E+00  0.000000E+00  0.593224E+02  0.295937E+05
  0.614971E+00  0.288466E+05  0.279655E+05  0.000000E+00  0.000000E+00  0.528167E+02  0.280752E+05
  0.635816E+00  0.273695E+05  0.265344E+05  0.000000E+00  0.000000E+00  0.470273E+02  0.266377E+05
  0.657366E+00  0.259633E+05  0.251713E+05  0.000000E+00  0.000000E+00  0.418666E+02  0.252690E+05
  0.679648E+00  0.246229E+05  0.238714E+05  0.000000E+00  0.000000E+00  0.372519E+02  0.239644E+05
  0.702684E+00  0.233509E+05  0.226385E+05  0.000000E+00  0.000000E+00  0.331410E+02  0.227264E+05
  0.726502E+00  0.221411E+05  0.214657E+05  0.000000E+00  0.000000E+00  0.294760E+02  0.215489E+05
  0.751127E+00  0.209905E+05  0.203500E+05  0.000000E+00  0.000000E+00  0.262063E+02  0.204290E+05
  0.776587E+00  0.198976E+05  0.192906E+05  0.000000E+00  0.000000E+00  0.233009E+02  0.193653E+05
  0.802909E+00  0.188587E+05  0.182834E+05  0.000000E+00  0.000000E+00  0.207080E+02  0.183542E+05
  0.830124E+00  0.178718E+05  0.173266E+05  0.000000E+00  0.000000E+00  0.184020E+02  0.173936E+05
  0.858261E+00  0.169344E+05  0.164179E+05  0.000000E+00  0.000000E+00  0.163484E+02  0.164814E+05
  0.887352E+00  0.160441E+05  0.155548E+05  0.000000E+00  0.000000E+00  0.145208E+02  0.156149E+05
  0.917428E+00  0.151989E+05  0.147354E+05  0.000000E+00  0.000000E+00  0.128953E+02  0.147923E+05
  0.948525E+00  0.143965E+05  0.139574E+05  0.000000E+00  0.000000E+00  0.114475E+02  0.140113E+05
  0.980675E+00  0.136348E+05  0.132190E+05  0.000000E+00  0.000000E+00  0.101608E+02  0.132699E+05
  0.101392E+01  0.129118E+05  0.125181E+05  0.000000E+00  0.000000E+00  0.901760E+01  0.125663E+05
  0.104828E+01  0.122257E+05  0.118529E+05  0.000000E+00  0.000000E+00  0.800280E+01  0.118985E+05
  0.108381E+01  0.115747E+05  0.112217E+05  0.000000E+00  0.000000E+00  0.710068E+01  0.112649E+05
  0.112055E+01  0.109571E+05  0.106230E+05  0.000000E+00  0.000000E+00  0.629686E+01  0.106638E+05
  0.115853E+01  0.103713E+05  0.100551E+05  0.000000E+00  0.000000E+00  0.558376E+01  0.100938E+05
  0.119780E+01  0.981583E+04  0.951656E+04  0.000000E+00  0.000000E+00  0.495120E+01  0.955313E+04
  0.123840E+01  0.928910E+04  0.900590E+04  0.000000E+00  0.000000E+00  0.438889E+01  0.904049E+04
  0.128038E+01  0.878967E+04  0.852171E+04  0.000000E+00  0.000000E+00  0.389146E+01  0.855443E+04
  0.132377E+01  0.831624E+04  0.806272E+04  0.000000E+00  0.000000E+00  0.344789E+01  0.809366E+04
  0.136864E+01  0.786749E+04  0.762765E+04  0.000000E+00  0.000000E+00  0.305529E+01  0.765692E+04
  0.141503E+01  0.744222E+04  0.721535E+04  0.000000E+00  0.000000E+00  0.270672E+01  0.724303E+04
  0.146300E+01  0.703920E+04  0.682462E+04  0.000000E+00  0.000000E+00  0.239785E+01  0.685079E+04
  0.151258E+01  0.665734E+04  0.645441E+04  0.000000E+00  0.000000E+00  0.212406E+01  0.647915E+04
  0.156385E+01  0.629556E+04  0.610367E+04  0.000000E+00  0.000000E+00  0.188034E+01  0.612706E+04
  0.161686E+01  0.595292E+04  0.577147E+04  0.000000E+00  0.000000E+00  0.166489E+01  0.579358E+04
  0.167166E+01  0.562839E+04  0.545684E+04  0.000000E+00  0.000000E+00  0.147417E+01  0.547774E+04
  0.172833E+01  0.532106E+04  0.515888E+04  0.000000E+00  0.000000E+00  0.130500E+01  0.517863E+04
  0.178691E+01  0.503006E+04  0.487674E+04  0.000000E+00  0.000000E+00  0.115507E+01  0.489541E+04
  0.184748E+01  0.475453E+04  0.460962E+04  0.000000E+00  0.000000E+00  0.102209E+01  0.462726E+04
  0.191009E+01  0.449369E+04  0.435674E+04  0.000000E+00  0.000000E+00  0.904048E+00  0.437341E+04
  0.197484E+01  0.424678E+04  0.411735E+04  0.000000E+00  0.000000E+00  0.800116E+00  0.413310E+04
  0.204177E+01  0.401309E+04  0.389078E+04  0.000000E+00  0.000000E+00  0.707844E+00  0.390567E+04
  0.211098E+01  0.379194E+04  0.367637E+04  0.000000E+00  0.000000E+00  0.625978E+00  0.369044E+04
  0.218253E+01  0.358269E+04  0.347350E+04  0.000000E+00  0.000000E+00  0.553611E+00  0.348678E+04
  0.225651E+01  0.338470E+04  0.328155E+04  0.000000E+00  0.000000E+00  0.489568E+00  0.329409E+04
  0.233299E+01  0.319740E+04  0.309995E+04  0.000000E+00  0.000000E+00  0.432891E+00  0.311181E+04
  0.241207E+01  0.302021E+04  0.292816E+04  0.000000E+00  0.000000E+00  0.382767E+00  0.293936E+04
  0.249383E+01  0.285261E+04  0.276567E+04  0.000000E+00  0.000000E+00  0.338381E+00  0.277624E+04
  0.257836E+01  0.269409E+04  0.261199E+04  0.000000E+00  0.000000E+00  0.299104E+00  0.262197E+04
  0.266575E+01  0.254420E+04  0.246666E+04  0.000000E+00  0.000000E+00  0.264331E+00  0.247609E+04
  0.275611E+01  0.240246E+04  0.232924E+04  0.000000E+00  0.000000E+00  0.233590E+00  0.233815E+04
  0.284953E+01  0.226845E+04  0.219932E+04  0.000000E+00  0.000000E+00  0.206440E+00  0.220773E+04
  0.294611E+01  0.214176E+04  0.207649E+04  0.000000E+00  0.000000E+00  0.182401E+00  0.208443E+04
  0.304597E+01  0.202199E+04  0.196037E+04  0.000000E+00  0.000000E+00  0.161187E+00  0.196786E+04
  0.314921E+01  0.190878E+04  0.185061E+04  0.000000E+00  0.000000E+00  0.142373E+00  0.185768E+04
  0.325596E+01  0.180178E+04  0.174686E+04  0.000000E+00  0.000000E+00  0.125801E+00  0.175354E+04
  0.336632E+01  0.170066E+04  0.164883E+04  0.000000E+00  0.000000E+00  0.111091E+00  0.165513E+04
  0.348042E+01  0.160511E+04  0.155619E+04  0.000000E+00  0.000000E+00  0.980856E-01  0.156214E+04
  0.359839E+01  0.151483E+04  0.146865E+04  0.000000E+00  0.000000E+00  0.866649E-01  0.147427E+04
  0.372036E+01  0.142952E+04  0.138594E+04  0.000000E+00  0.000000E+00  0.765069E-01  0.139125E+04
  0.384646E+01  0.134892E+04  0.130780E+04  0.000000E+00  0.000000E+00  0.675575E-01  0.131281E+04
  0.397683E+01  0.127279E+04  0.123399E+04  0.000000E+00  0.000000E+00  0.596559E-01  0.123871E+04
  0.411163E+01  0.120088E+04  0.116427E+04  0.000000E+00  0.000000E+00  0.526467E-01  0.116873E+04
  0.425099E+01  0.113296E+04  0.109842E+04  0.000000E+00  0.000000E+00  0.464734E-01  0.110262E+04
  0.439508E+01  0.106881E+04  0.103623E+04  0.000000E+00  0.000000E+00  0.410321E-01  0.104019E+04
  0.454405E+01  0.100823E+04  0.977489E+03  0.000000E+00  0.000000E+00  0.362044E-01  0.981234E+03
  0.469808E+01  0.951022E+03  0.922026E+03  0.000000E+00  0.000000E+00  0.319646E-01  0.925560E+03
  0.485732E+01  0.897012E+03  0.869660E+03  0.000000E+00  0.000000E+00  0.281956E-01  0.872995E+03
  0.502196E+01  0.846018E+03  0.820219E+03  0.000000E+00  0.000000E+00  0.248901E-01  0.823366E+03
  0.519217E+01  0.797875E+03  0.773543E+03  0.000000E+00  0.000000E+00  0.219681E-01  0.776512E+03
  0.536817E+01  0.752425E+03  0.729477E+03  0.000000E+00  0.000000E+00  0.193818E-01  0.732278E+03
  0.555012E+01  0.709525E+03  0.687884E+03  0.000000E+00  0.000000E+00  0.170974E-01  0.690527E+03
  0.573824E+01  0.669033E+03  0.648625E+03  0.000000E+00  0.000000E+00  0.150764E-01  0.651119E+03
  0.593274E+01  0.630819E+03  0.611574E+03  0.000000E+00  0.000000E+00  0.133043E-01  0.613927E+03
  0.613383E+01  0.594751E+03  0.576605E+03  0.000000E+00  0.000000E+00  0.117348E-01  0.578825E+03
  0.634174E+01  0.560715E+03  0.543605E+03  0.000000E+00  0.000000E+00  0.103494E-01  0.545700E+03
  0.655669E+01  0.528599E+03  0.512467E+03  0.000000E+00  0.000000E+00  0.912579E-02  0.514444E+03
  0.677893E+01  0.498297E+03  0.483088E+03  0.000000E+00  0.000000E+00  0.805131E-02  0.484953E+03
  0.700870E+01  0.469705E+03  0.455367E+03  0.000000E+00  0.000000E+00  0.710137E-02  0.457127E+03
  0.724626E+01  0.442731E+03  0.429214E+03  0.000000E+00  0.000000E+00  0.626402E-02  0.430874E+03
  0.749188E+01  0.417285E+03  0.404543E+03  0.000000E+00  0.000000E+00  0.551893E-02  0.406109E+03
  0.774582E+01  0.393282E+03  0.381271E+03  0.000000E+00  0.000000E+00  0.487034E-02  0.382749E+03
  0.800836E+01  0.370640E+03  0.359318E+03  0.000000E+00  0.000000E+00  0.429320E-02  0.360713E+03
  0.827981E+01  0.349284E+03  0.338612E+03  0.000000E+00  0.000000E+00  0.378455E-02  0.339929E+03
  0.856045E+01  0.329144E+03  0.319085E+03  0.000000E+00  0.000000E+00  0.333546E-02  0.320327E+03
  0.885061E+01  0.310149E+03  0.300668E+03  0.000000E+00  0.000000E+00  0.294116E-02  0.301841E+03
  0.915060E+01  0.292236E+03  0.283301E+03  0.000000E+00  0.000000E+00  0.259259E-02  0.284408E+03
  0.946076E+01  0.275345E+03  0.266923E+03  0.000000E+00  0.000000E+00  0.228621E-02  0.267968E+03
  0.978143E+01  0.259418E+03  0.251482E+03  0.000000E+00  0.000000E+00  0.201576E-02  0.252468E+03
  0.101130E+02  0.244401E+03  0.236922E+03  0.000000E+00  0.000000E+00  0.177758E-02  0.237853E+03
  0.104558E+02  0.230242E+03  0.223194E+03  0.000000E+00  0.000000E+00  0.156663E-02  0.224073E+03
  0.108102E+02  0.216895E+03  0.210252E+03  0.000000E+00  0.000000E+00  0.137960E-02  0.211083E+03
  0.111766E+02  0.204312E+03  0.198052E+03  0.000000E+00  0.000000E+00  0.121673E-02  0.198836E+03
  0.115554E+02  0.192449E+03  0.186551E+03  0.000000E+00  0.000000E+00  0.107196E-02  0.187292E+03
  0.119471E+02  0.181269E+03  0.175710E+03  0.000000E+00  0.000000E+00  0.944258E-03  0.176410E+03
  0.123520E+02  0.170730E+03  0.165492E+03  0.000000E+00  0.000000E+00  0.832166E-03  0.166153E+03
  0.127707E+02  0.160796E+03  0.155861E+03  0.000000E+00  0.000000E+00  0.733678E-03  0.156486E+03
  0.132036E+02  0.151435E+03  0.146784E+03  0.000000E+00  0.000000E+00  0.645868E-03  0.147375E+03
  0.136511E+02  0.142612E+03  0.138230E+03  0.000000E+00  0.000000E+00  0.568224E-03  0.138788E+03
  0.141138E+02  0.134298E+03  0.130169E+03  0.000000E+00  0.000000E+00  0.501477E-03  0.130697E+03
  0.145922E+02  0.126464E+03  0.122572E+03  0.000000E+00  0.000000E+00  0.441432E-03  0.123072E+03
  0.150868E+02  0.119081E+03  0.115415E+03  0.000000E+00  0.000000E+00  0.388680E-03  0.115887E+03
  0.155982E+02  0.112125E+03  0.108670E+03  0.000000E+00  0.000000E+00  0.342838E-03  0.109117E+03
  0.161269E+02  0.105572E+03  0.102316E+03  0.000000E+00  0.000000E+00  0.301626E-03  0.102739E+03
  0.166735E+02  0.993967E+02  0.963286E+02  0.000000E+00  0.000000E+00  0.266246E-03  0.967292E+02
  0.172386E+02  0.935794E+02  0.906882E+02  0.000000E+00  0.000000E+00  0.234258E-03  0.910676E+02
  0.178229E+02  0.880993E+02  0.853747E+02  0.000000E+00  0.000000E+00  0.206392E-03  0.857341E+02
  0.184270E+02  0.829369E+02  0.803691E+02  0.000000E+00  0.000000E+00  0.182030E-03  0.807098E+02
  0.190516E+02  0.780740E+02  0.756540E+02  0.000000E+00  0.000000E+00  0.160144E-03  0.759770E+02
  0.196974E+02  0.734935E+02  0.712128E+02  0.000000E+00  0.000000E+00  0.140906E-03  0.715192E+02
  0.203650E+02  0.691791E+02  0.670294E+02  0.000000E+00  0.000000E+00  0.124178E-03  0.673201E+02
  0.210553E+02  0.651156E+02  0.630894E+02  0.000000E+00  0.000000E+00  0.109210E-03  0.633654E+02
  0.217690E+02  0.612885E+02  0.593785E+02  0.000000E+00  0.000000E+00  0.962394E-04  0.596407E+02
  0.225069E+02  0.576843E+02  0.558838E+02  0.000000E+00  0.000000E+00  0.847649E-04  0.561329E+02
  0.232697E+02  0.542901E+02  0.525927E+02  0.000000E+00  0.000000E+00  0.747070E-04  0.528295E+02
  0.240585E+02  0.510938E+02  0.494934E+02  0.000000E+00  0.000000E+00  0.657467E-04  0.497187E+02
  0.248739E+02  0.480839E+02  0.465749E+02  0.000000E+00  0.000000E+00  0.578853E-04  0.467894E+02
  0.257170E+02  0.452498E+02  0.438267E+02  0.000000E+00  0.000000E+00  0.508650E-04  0.440310E+02
  0.265887E+02  0.425813E+02  0.412392E+02  0.000000E+00  0.000000E+00  0.447416E-04  0.414339E+02
  0.274899E+02  0.400686E+02  0.388028E+02  0.000000E+00  0.000000E+00  0.394448E-04  0.389885E+02
  0.284217E+02  0.377031E+02  0.365090E+02  0.000000E+00  0.000000E+00  0.348344E-04  0.366862E+02
  0.293851E+02  0.354758E+02  0.343493E+02  0.000000E+00  0.000000E+00  0.305207E-04  0.345185E+02
  0.303811E+02  0.333791E+02  0.323162E+02  0.000000E+00  0.000000E+00  0.267970E-04  0.324779E+02
  0.314108E+02  0.314052E+02  0.304021E+02  0.000000E+00  0.000000E+00  0.235964E-04  0.305568E+02
  0.324755E+02  0.295471E+02  0.286003E+02  0.000000E+00  0.000000E+00  0.208587E-04  0.287484E+02
  0.335763E+02  0.277980E+02  0.269041E+02  0.000000E+00  0.000000E+00  0.184296E-04  0.270460E+02
  0.347144E+02  0.261515E+02  0.253074E+02  0.000000E+00  0.000000E+00  0.160881E-04  0.254435E+02
  0.358910E+02  0.246017E+02  0.238046E+02  0.000000E+00  0.000000E+00  0.141985E-04  0.239352E+02
  0.371075E+02  0.231430E+02  0.223901E+02  0.000000E+00  0.000000E+00  0.125312E-04  0.225155E+02
  0.383653E+02  0.217701E+02  0.210587E+02  0.000000E+00  0.000000E+00  0.109339E-04  0.211793E+02
  0.396657E+02  0.204780E+02  0.198056E+02  0.000000E+00  0.000000E+00  0.966153E-05  0.199217E+02
  0.410101E+02  0.192619E+02  0.186264E+02  0.000000E+00  0.000000E+00  0.847963E-05  0.187382E+02
  0.424002E+02  0.181175E+02  0.175165E+02  0.000000E+00  0.000000E+00  0.748058E-05  0.176243E+02
  0.438373E+02  0.170405E+02  0.164720E+02  0.000000E+00  0.000000E+00  0.656362E-05  0.165761E+02
  0.453232E+02  0.160270E+02  0.154891E+02  0.000000E+00  0.000000E+00  0.583083E-05  0.155897E+02
  0.468594E+02  0.150733E+02  0.145641E+02  0.000000E+00  0.000000E+00  0.513228E-05  0.146614E+02
  0.484478E+02  0.141758E+02  0.136938E+02  0.000000E+00  0.000000E+00  0.450013E-05  0.137880E+02
  0.500899E+02  0.133314E+02  0.128748E+02  0.000000E+00  0.000000E+00  0.396881E-05  0.129661E+02
  0.517877E+02  0.125368E+02  0.121042E+02  0.000000E+00  0.000000E+00  0.345212E-05  0.121928E+02
  0.535430E+02  0.117893E+02  0.113791E+02  0.000000E+00  0.000000E+00  0.307390E-05  0.114652E+02
  0.553579E+02  0.110859E+02  0.106969E+02  0.000000E+00  0.000000E+00  0.264914E-05  0.107806E+02
  0.572343E+02  0.104241E+02  0.100550E+02  0.000000E+00  0.000000E+00  0.234244E-05  0.101365E+02
  0.591742E+02  0.980156E+01  0.945116E+01  0.000000E+00  0.000000E+00  0.203761E-05  0.953054E+01
  0.611800E+02  0.921585E+01  0.888304E+01  0.000000E+00  0.000000E+00  0.183644E-05  0.896047E+01
  0.632536E+02  0.866487E+01  0.834858E+01  0.000000E+00  0.000000E+00  0.160692E-05  0.842419E+01
  0.653977E+02  0.814653E+01  0.784578E+01  0.000000E+00  0.000000E+00  0.142713E-05  0.791968E+01
  0.676143E+02  0.765894E+01  0.737279E+01  0.000000E+00  0.000000E+00  0.121791E-05  0.744511E+01
  0.699061E+02  0.720027E+01  0.692785E+01  0.000000E+00  0.000000E+00  0.111832E-05  0.699868E+01
  0.722756E+02  0.676884E+01  0.650933E+01  0.000000E+00  0.000000E+00  0.990051E-06  0.657876E+01
  0.747254E+02  0.636303E+01  0.611563E+01  0.000000E+00  0.000000E+00  0.848777E-06  0.618377E+01
  0.772582E+02  0.598133E+01  0.574533E+01  0.000000E+00  0.000000E+00  0.770545E-06  0.581225E+01
  0.798769E+02  0.562232E+01  0.539702E+01  0.000000E+00  0.000000E+00  0.662282E-06  0.546281E+01
  0.825843E+02  0.528467E+01  0.506943E+01  0.000000E+00  0.000000E+00  0.574476E-06  0.513415E+01
  0.853835E+02  0.496709E+01  0.476130E+01  0.000000E+00  0.000000E+00  0.507309E-06  0.482504E+01
  0.882775E+02  0.466842E+01  0.447151E+01  0.000000E+00  0.000000E+00  0.430510E-06  0.453434E+01
  0.912698E+02  0.438753E+01  0.419897E+01  0.000000E+00  0.000000E+00  0.384933E-06  0.426093E+01
  0.943633E+02  0.412338E+01  0.394265E+01  0.000000E+00  0.000000E+00  0.348539E-06  0.400381E+01
  0.975619E+02  0.387496E+01  0.370160E+01  0.000000E+00  0.000000E+00  0.311143E-06  0.376201E+01
  0.100869E+03  0.364136E+01  0.347492E+01  0.000000E+00  0.000000E+00  0.269772E-06  0.353463E+01
  0.104288E+03  0.342169E+01  0.326175E+01  0.000000E+00  0.000000E+00  0.229924E-06  0.332081E+01
  0.107822E+03  0.321513E+01  0.306130E+01  0.000000E+00  0.000000E+00  0.220689E-06  0.311975E+01
  0.111477E+03  0.302089E+01  0.287280E+01  0.000000E+00  0.000000E+00  0.175185E-06  0.293068E+01
  0.115256E+03  0.283826E+01  0.269556E+01  0.000000E+00  0.000000E+00  0.158544E-06  0.275290E+01
  0.119162E+03  0.266653E+01  0.252890E+01  0.000000E+00  0.000000E+00  0.133946E-06  0.258575E+01
  0.123201E+03  0.250507E+01  0.237221E+01  0.000000E+00  0.000000E+00  0.126099E-06  0.242859E+01
  0.127377E+03  0.235326E+01  0.222487E+01  0.000000E+00  0.000000E+00  0.108659E-06  0.228081E+01
  0.131695E+03  0.221053E+01  0.208636E+01  0.000000E+00  0.000000E+00  0.883928E-07  0.214188E+01
  0.136158E+03  0.207634E+01  0.195614E+01  0.000000E+00  0.000000E+00  0.900319E-07  0.201127E+01
  0.140773E+03  0.195019E+01  0.183371E+01  0.000000E+00  0.000000E+00  0.718056E-07  0.188847E+01
  0.145545E+03  0.183158E+01  0.171861E+01  0.000000E+00  0.000000E+00  0.621106E-07  0.177302E+01
  0.150478E+03  0.172009E+01  0.161043E+01  0.000000E+00  0.000000E+00  0.648548E-07  0.166450E+01
  0.155579E+03  0.161527E+01  0.150873E+01  0.000000E+00  0.000000E+00  0.464292E-07  0.156248E+01
  0.160852E+03  0.151674E+01  0.141313E+01  0.000000E+00  0.000000E+00  0.447279E-07  0.146657E+01
  0.166304E+03  0.142412E+01  0.132329E+01  0.000000E+00  0.000000E+00  0.367624E-07  0.137642E+01
  0.171941E+03  0.133706E+01  0.123885E+01  0.000000E+00  0.000000E+00  0.302903E-07  0.129169E+01
  0.177769E+03  0.125523E+01  0.115949E+01  0.000000E+00  0.000000E+00  0.319619E-07  0.121204E+01
  0.183795E+03  0.117830E+01  0.108491E+01  0.000000E+00  0.000000E+00  0.259519E-07  0.113718E+01
  0.190025E+03  0.110601E+01  0.101484E+01  0.000000E+00  0.000000E+00  0.245831E-07  0.106682E+01
  0.196465E+03  0.103806E+01  0.949003E+00  0.000000E+00  0.000000E+00  0.172537E-07  0.100070E+01
  0.203124E+03  0.974201E+00  0.887148E+00  0.000000E+00  0.000000E+00  0.199062E-07  0.938560E+00
