  0.106192E-04  0.776772E+07  0.776772E+07  0.103548E+08  0.103548E+08  0.776319E+07  0.776762E+07
  0.109791E-04  0.776772E+07  0.776772E+07  0.103546E+08  0.103546E+08  0.776319E+07  0.776762E+07
  0.113513E-04  0.776772E+07  0.776772E+07  0.103545E+08  0.103545E+08  0.776319E+07  0.776762E+07
  0.117360E-04  0.776772E+07  0.776772E+07  0.103543E+08  0.103543E+08  0.776319E+07  0.776762E+07
  0.121338E-04  0.776772E+07  0.776772E+07  0.103541E+08  0.103541E+08  0.776318E+07  0.776762E+07
  0.125451E-04  0.776772E+07  0.776772E+07  0.103539E+08  0.103539E+08  0.776318E+07  0.776762E+07
  0.129703E-04  0.776772E+07  0.776772E+07  0.103537E+08  0.103537E+08  0.776318E+07  0.776762E+07
  0.134099E-04  0.776772E+07  0.776772E+07  0.103535E+08  0.103535E+08  0.776318E+07  0.776762E+07
  0.138645E-04  0.776772E+07  0.776772E+07  0.103532E+08  0.103532E+08  0.776318E+07  0.776762E+07
  0.143344E-04  0.776772E+07  0.776772E+07  0.103530E+08  0.103530E+08  0.776317E+07  0.776762E+07
  0.148203E-04  0.776772E+07  0.776772E+07  0.103527E+08  0.103527E+08  0.776317E+07  0.776762E+07
  0.153226E-04  0.776772E+07  0.776772E+07  0.103524E+08  0.103524E+08  0.776317E+07  0.776762E+07
  0.158420E-04  0.776771E+07  0.776771E+07  0.103521E+08  0.103521E+08  0.776317E+07  0.776762E+07
  0.163789E-04  0.776771E+07  0.776771E+07  0.103518E+08  0.103517E+08  0.776316E+07  0.776761E+07
  0.169341E-04  0.776771E+07  0.776771E+07  0.103514E+08  0.103514E+08  0.776316E+07  0.776761E+07
  0.175081E-04  0.776771E+07  0.776771E+07  0.103510E+08  0.103510E+08  0.776316E+07  0.776761E+07
  0.181015E-04  0.776771E+07  0.776771E+07  0.103506E+08  0.103506E+08  0.776315E+07  0.776761E+07
  0.187151E-04  0.776771E+07  0.776771E+07  0.103502E+08  0.103501E+08  0.776315E+07  0.776761E+07
  0.193494E-04  0.776771E+07  0.776771E+07  0.103497E+08  0.103497E+08  0.776314E+07  0.776761E+07
  0.200053E-04  0.776770E+07  0.776770E+07  0.103492E+08  0.103492E+08  0.776314E+07  0.776760E+07
  0.206834E-04  0.776770E+07  0.776770E+07  0.103486E+08  0.103486E+08  0.776314E+07  0.776760E+07
  0.213844E-04  0.776770E+07  0.776770E+07  0.103481E+08  0.103480E+08  0.776313E+07  0.776760E+07
  0.221093E-04  0.776770E+07  0.776770E+07  0.103475E+08  0.103474E+08  0.776312E+07  0.776760E+07
  0.228587E-04  0.776770E+07  0.776770E+07  0.103468E+08  0.103468E+08  0.776312E+07  0.776760E+07
  0.236335E-04  0.776769E+07  0.776769E+07  0.103461E+08  0.103461E+08  0.776311E+07  0.776759E+07
  0.244345E-04  0.776769E+07  0.776769E+07  0.103454E+08  0.103453E+08  0.776310E+07  0.776759E+07
  0.252627E-04  0.776769E+07  0.776769E+07  0.103446E+08  0.103445E+08  0.776310E+07  0.776759E+07
  0.261190E-04  0.776768E+07  0.776768E+07  0.103437E+08  0.103436E+08  0.776309E+07  0.776759E+07
  0.270043E-04  0.776768E+07  0.776768E+07  0.103428E+08  0.103427E+08  0.776308E+07  0.776758E+07
  0.279196E-04  0.776768E+07  0.776768E+07  0.103418E+08  0.103417E+08  0.776307E+07  0.776758E+07
  0.288660E-04  0.776768E+07  0.776768E+07  0.103408E+08  0.103407E+08  0.776306E+07  0.776758E+07
  0.298444E-04  0.776767E+07  0.776767E+07  0.103396E+08  0.103396E+08  0.776305E+07  0.776757E+07
  0.308560E-04  0.776767E+07  0.776767E+07  0.103384E+08  0.103384E+08  0.776304E+07  0.776757E+07
  0.319018E-04  0.776766E+07  0.776766E+07  0.103372E+08  0.103371E+08  0.776303E+07  0.776756E+07
  0.329831E-04  0.776766E+07  0.776766E+07  0.103358E+08  0.103357E+08  0.776302E+07  0.776756E+07
  0.341011E-04  0.776765E+07  0.776765E+07  0.103343E+08  0.103343E+08  0.776300E+07  0.776755E+07
  0.352570E-04  0.776765E+07  0.776765E+07  0.103328E+08  0.103327E+08  0.776299E+07  0.776755E+07
  0.364520E-04  0.776764E+07  0.776764E+07  0.103311E+08  0.103310E+08  0.776297E+07  0.776754E+07
  0.376876E-04  0.776764E+07  0.776764E+07  0.103293E+08  0.103292E+08  0.776296E+07  0.776753E+07
  0.389650E-04  0.776763E+07  0.776763E+07  0.103274E+08  0.103273E+08  0.776294E+07  0.776753E+07
  0.402857E-04  0.776762E+07  0.776762E+07  0.103254E+08  0.103253E+08  0.776292E+07  0.776752E+07
  0.416512E-04  0.776762E+07  0.776761E+07  0.103232E+08  0.103231E+08  0.776290E+07  0.776751E+07
  0.430630E-04  0.776761E+07  0.776761E+07  0.103209E+08  0.103208E+08  0.776288E+07  0.776750E+07
  0.445226E-04  0.776760E+07  0.776760E+07  0.103184E+08  0.103183E+08  0.776286E+07  0.776750E+07
  0.460317E-04  0.776759E+07  0.776759E+07  0.103158E+08  0.103156E+08  0.776283E+07  0.776749E+07
  0.475919E-04  0.776758E+07  0.776758E+07  0.103129E+08  0.103128E+08  0.776281E+07  0.776748E+07
  0.492051E-04  0.776757E+07  0.776757E+07  0.103099E+08  0.103097E+08  0.776278E+07  0.776747E+07
  0.508729E-04  0.776756E+07  0.776756E+07  0.103067E+08  0.103065E+08  0.776275E+07  0.776745E+07
  0.525972E-04  0.776755E+07  0.776755E+07  0.103032E+08  0.103030E+08  0.776272E+07  0.776744E+07
  0.543800E-04  0.776753E+07  0.776753E+07  0.102995E+08  0.102993E+08  0.776268E+07  0.776743E+07
  0.562232E-04  0.776752E+07  0.776752E+07  0.102956E+08  0.102953E+08  0.776265E+07  0.776741E+07
  0.581289E-04  0.776750E+07  0.776750E+07  0.102914E+08  0.102911E+08  0.776261E+07  0.776740E+07
  0.600992E-04  0.776749E+07  0.776749E+07  0.102868E+08  0.102866E+08  0.776257E+07  0.776738E+07
  0.621363E-04  0.776747E+07  0.776747E+07  0.102820E+08  0.102817E+08  0.776252E+07  0.776737E+07
  0.642424E-04  0.776746E+07  0.776746E+07  0.102769E+08  0.102766E+08  0.776248E+07  0.776735E+07
  0.664199E-04  0.776744E+07  0.776744E+07  0.102714E+08  0.102710E+08  0.776243E+07  0.776733E+07
  0.686712E-04  0.776742E+07  0.776742E+07  0.102655E+08  0.102651E+08  0.776237E+07  0.776731E+07
  0.709988E-04  0.776739E+07  0.776739E+07  0.102592E+08  0.102588E+08  0.776231E+07  0.776728E+07
  0.734053E-04  0.776737E+07  0.776737E+07  0.102525E+08  0.102521E+08  0.776225E+07  0.776726E+07
  0.758934E-04  0.776735E+07  0.776735E+07  0.102454E+08  0.102449E+08  0.776219E+07  0.776723E+07
  0.784658E-04  0.776732E+07  0.776732E+07  0.102377E+08  0.102372E+08  0.776212E+07  0.776721E+07
  0.811254E-04  0.776729E+07  0.776729E+07  0.102295E+08  0.102290E+08  0.776204E+07  0.776718E+07
  0.838752E-04  0.776726E+07  0.776726E+07  0.102208E+08  0.102203E+08  0.776196E+07  0.776715E+07
  0.867182E-04  0.776723E+07  0.776723E+07  0.102115E+08  0.102109E+08  0.776187E+07  0.776711E+07
  0.896575E-04  0.776719E+07  0.776719E+07  0.102015E+08  0.102009E+08  0.776178E+07  0.776708E+07
  0.926964E-04  0.776716E+07  0.776716E+07  0.101909E+08  0.101902E+08  0.776168E+07  0.776704E+07
  0.958384E-04  0.776712E+07  0.776712E+07  0.101795E+08  0.101788E+08  0.776158E+07  0.776700E+07
  0.990869E-04  0.776708E+07  0.776708E+07  0.101674E+08  0.101667E+08  0.776146E+07  0.776695E+07
  0.102445E-03  0.776703E+07  0.776703E+07  0.101544E+08  0.101537E+08  0.776134E+07  0.776691E+07
  0.105918E-03  0.776698E+07  0.776698E+07  0.101406E+08  0.101398E+08  0.776122E+07  0.776686E+07
  0.109508E-03  0.776693E+07  0.776693E+07  0.101259E+08  0.101250E+08  0.776108E+07  0.776680E+07
  0.113220E-03  0.776688E+07  0.776687E+07  0.101101E+08  0.101092E+08  0.776093E+07  0.776675E+07
  0.117057E-03  0.776682E+07  0.776682E+07  0.100933E+08  0.100923E+08  0.776077E+07  0.776669E+07
  0.121025E-03  0.776675E+07  0.776675E+07  0.100753E+08  0.100743E+08  0.776061E+07  0.776662E+07
  0.125127E-03  0.776669E+07  0.776669E+07  0.100562E+08  0.100550E+08  0.776043E+07  0.776655E+07
  0.129368E-03  0.776662E+07  0.776661E+07  0.100358E+08  0.100345E+08  0.776023E+07  0.776648E+07
  0.133753E-03  0.776654E+07  0.776654E+07  0.100140E+08  0.100127E+08  0.776003E+07  0.776640E+07
  0.138287E-03  0.776646E+07  0.776645E+07  0.999072E+07  0.998933E+07  0.775981E+07  0.776631E+07
  0.142974E-03  0.776637E+07  0.776637E+07  0.996593E+07  0.996444E+07  0.775958E+07  0.776622E+07
  0.147820E-03  0.776628E+07  0.776627E+07  0.993949E+07  0.993790E+07  0.775933E+07  0.776612E+07
  0.152831E-03  0.776618E+07  0.776617E+07  0.991130E+07  0.990961E+07  0.775906E+07  0.776602E+07
  0.158011E-03  0.776607E+07  0.776607E+07  0.988125E+07  0.987945E+07  0.775877E+07  0.776591E+07
  0.163367E-03  0.776595E+07  0.776595E+07  0.984922E+07  0.984730E+07  0.775847E+07  0.776579E+07
  0.168904E-03  0.776583E+07  0.776583E+07  0.981510E+07  0.981305E+07  0.775814E+07  0.776566E+07
  0.174629E-03  0.776570E+07  0.776570E+07  0.977874E+07  0.977656E+07  0.775779E+07  0.776553E+07
  0.180548E-03  0.776556E+07  0.776556E+07  0.974002E+07  0.973770E+07  0.775742E+07  0.776538E+07
  0.186668E-03  0.776541E+07  0.776541E+07  0.969879E+07  0.969632E+07  0.775702E+07  0.776523E+07
  0.192995E-03  0.776525E+07  0.776525E+07  0.965490E+07  0.965228E+07  0.775660E+07  0.776507E+07
  0.199536E-03  0.776508E+07  0.776508E+07  0.960819E+07  0.960540E+07  0.775614E+07  0.776489E+07
  0.206300E-03  0.776490E+07  0.776490E+07  0.955850E+07  0.955553E+07  0.775565E+07  0.776470E+07
  0.213292E-03  0.776471E+07  0.776470E+07  0.950564E+07  0.950249E+07  0.775514E+07  0.776450E+07
  0.220522E-03  0.776450E+07  0.776450E+07  0.944946E+07  0.944610E+07  0.775458E+07  0.776429E+07
  0.227996E-03  0.776428E+07  0.776427E+07  0.938974E+07  0.938618E+07  0.775399E+07  0.776406E+07
  0.235724E-03  0.776404E+07  0.776404E+07  0.932630E+07  0.932252E+07  0.775335E+07  0.776381E+07
  0.243714E-03  0.776379E+07  0.776378E+07  0.925894E+07  0.925493E+07  0.775268E+07  0.776355E+07
  0.251975E-03  0.776352E+07  0.776351E+07  0.918744E+07  0.918319E+07  0.775195E+07  0.776327E+07
  0.260516E-03  0.776323E+07  0.776322E+07  0.911159E+07  0.910709E+07  0.775118E+07  0.776297E+07
  0.269346E-03  0.776292E+07  0.776292E+07  0.903117E+07  0.902640E+07  0.775036E+07  0.776265E+07
  0.278475E-03  0.776260E+07  0.776259E+07  0.894595E+07  0.894090E+07  0.774948E+07  0.776231E+07
  0.287914E-03  0.776225E+07  0.776224E+07  0.885570E+07  0.885036E+07  0.774853E+07  0.776195E+07
  0.297673E-03  0.776187E+07  0.776186E+07  0.876018E+07  0.875454E+07  0.774753E+07  0.776156E+07
  0.307763E-03  0.776147E+07  0.776146E+07  0.865916E+07  0.865320E+07  0.774645E+07  0.776114E+07
  0.318195E-03  0.776104E+07  0.776103E+07  0.855240E+07  0.854611E+07  0.774531E+07  0.776070E+07
  0.328980E-03  0.776059E+07  0.776058E+07  0.843967E+07  0.843304E+07  0.774408E+07  0.776023E+07
  0.340131E-03  0.776010E+07  0.776009E+07  0.832073E+07  0.831375E+07  0.774277E+07  0.775972E+07
  0.351659E-03  0.775958E+07  0.775957E+07  0.819536E+07  0.818801E+07  0.774138E+07  0.775919E+07
  0.363579E-03  0.775903E+07  0.775901E+07  0.806335E+07  0.805563E+07  0.773989E+07  0.775861E+07
  0.375903E-03  0.775844E+07  0.775842E+07  0.792448E+07  0.791638E+07  0.773829E+07  0.775800E+07
  0.388644E-03  0.775781E+07  0.775779E+07  0.777858E+07  0.777008E+07  0.773659E+07  0.775734E+07
  0.401817E-03  0.775713E+07  0.775712E+07  0.762547E+07  0.761657E+07  0.773478E+07  0.775665E+07
  0.415437E-03  0.775642E+07  0.775640E+07  0.746501E+07  0.745570E+07  0.773284E+07  0.775590E+07
  0.429518E-03  0.775565E+07  0.775563E+07  0.729709E+07  0.728736E+07  0.773078E+07  0.775511E+07
  0.444076E-03  0.775483E+07  0.775481E+07  0.712163E+07  0.711148E+07  0.772857E+07  0.775426E+07
  0.459128E-03  0.775396E+07  0.775394E+07  0.693858E+07  0.692803E+07  0.772622E+07  0.775336E+07
  0.474691E-03  0.775304E+07  0.775301E+07  0.674797E+07  0.673700E+07  0.772370E+07  0.775240E+07
  0.490780E-03  0.775205E+07  0.775202E+07  0.654985E+07  0.653847E+07  0.772102E+07  0.775137E+07
  0.507415E-03  0.775099E+07  0.775097E+07  0.634436E+07  0.633258E+07  0.771817E+07  0.775028E+07
  0.524614E-03  0.774987E+07  0.774984E+07  0.613169E+07  0.611952E+07  0.771512E+07  0.774911E+07
  0.542396E-03  0.774868E+07  0.774864E+07  0.591211E+07  0.589956E+07  0.771187E+07  0.774787E+07
  0.560781E-03  0.774740E+07  0.774737E+07  0.568598E+07  0.567308E+07  0.770840E+07  0.774655E+07
  0.579788E-03  0.774605E+07  0.774601E+07  0.545376E+07  0.544052E+07  0.770471E+07  0.774515E+07
  0.599440E-03  0.774461E+07  0.774457E+07  0.521600E+07  0.520245E+07  0.770077E+07  0.774365E+07
  0.619759E-03  0.774307E+07  0.774303E+07  0.497336E+07  0.495953E+07  0.769658E+07  0.774206E+07
  0.640765E-03  0.774144E+07  0.774139E+07  0.472661E+07  0.471253E+07  0.769211E+07  0.774036E+07
  0.662484E-03  0.773970E+07  0.773965E+07  0.447664E+07  0.446235E+07  0.768734E+07  0.773856E+07
  0.684939E-03  0.773785E+07  0.773780E+07  0.422446E+07  0.420999E+07  0.768227E+07  0.773664E+07
  0.708155E-03  0.773589E+07  0.773583E+07  0.397121E+07  0.395660E+07  0.767688E+07  0.773460E+07
  0.732158E-03  0.773380E+07  0.773374E+07  0.371811E+07  0.370340E+07  0.767113E+07  0.773244E+07
  0.756975E-03  0.773159E+07  0.773152E+07  0.346654E+07  0.345176E+07  0.766501E+07  0.773014E+07
  0.782633E-03  0.772924E+07  0.772917E+07  0.321794E+07  0.320314E+07  0.765851E+07  0.772769E+07
  0.809160E-03  0.772674E+07  0.772666E+07  0.297386E+07  0.295905E+07  0.765159E+07  0.772510E+07
  0.836587E-03  0.772409E+07  0.772401E+07  0.273589E+07  0.272110E+07  0.764423E+07  0.772234E+07
  0.864943E-03  0.772127E+07  0.772119E+07  0.250566E+07  0.249091E+07  0.763641E+07  0.771942E+07
  0.894260E-03  0.771829E+07  0.771820E+07  0.228482E+07  0.227012E+07  0.762810E+07  0.771632E+07
  0.924571E-03  0.771513E+07  0.771504E+07  0.207498E+07  0.206032E+07  0.761927E+07  0.771304E+07
  0.955910E-03  0.771178E+07  0.771168E+07  0.187766E+07  0.186302E+07  0.760990E+07  0.770956E+07
  0.988310E-03  0.770824E+07  0.770813E+07  0.169425E+07  0.167959E+07  0.759995E+07  0.770587E+07
  0.102181E-02  0.770449E+07  0.770437E+07  0.152596E+07  0.151122E+07  0.758939E+07  0.770197E+07
  0.105644E-02  0.770051E+07  0.770039E+07  0.137376E+07  0.135888E+07  0.757820E+07  0.769784E+07
  0.109225E-02  0.769631E+07  0.769618E+07  0.123830E+07  0.122320E+07  0.756633E+07  0.769347E+07
  0.112927E-02  0.769187E+07  0.769173E+07  0.111991E+07  0.110448E+07  0.755375E+07  0.768885E+07
  0.116755E-02  0.768718E+07  0.768702E+07  0.101850E+07  0.100264E+07  0.754043E+07  0.768397E+07
  0.120713E-02  0.768222E+07  0.768205E+07  0.933529E+06  0.917141E+06  0.752633E+07  0.767881E+07
  0.124804E-02  0.767698E+07  0.767681E+07  0.864028E+06  0.847011E+06  0.751141E+07  0.767336E+07
  0.129034E-02  0.767146E+07  0.767127E+07  0.808556E+06  0.790833E+06  0.749564E+07  0.766761E+07
  0.133408E-02  0.766563E+07  0.766542E+07  0.765247E+06  0.746773E+06  0.747896E+07  0.766155E+07
  0.137930E-02  0.765948E+07  0.765926E+07  0.731870E+06  0.712645E+06  0.746135E+07  0.765515E+07
  0.142605E-02  0.765300E+07  0.765277E+07  0.705914E+06  0.685998E+06  0.744276E+07  0.764840E+07
  0.147439E-02  0.764617E+07  0.764592E+07  0.684715E+06  0.664244E+06  0.742314E+07  0.764129E+07
  0.152436E-02  0.763897E+07  0.763871E+07  0.665610E+06  0.644804E+06  0.740247E+07  0.763380E+07
  0.157603E-02  0.763140E+07  0.763112E+07  0.646112E+06  0.625280E+06  0.738068E+07  0.762592E+07
  0.162945E-02  0.762343E+07  0.762313E+07  0.624098E+06  0.603638E+06  0.735775E+07  0.761762E+07
  0.168468E-02  0.761504E+07  0.761472E+07  0.597987E+06  0.578374E+06  0.733362E+07  0.760889E+07
  0.174178E-02  0.760622E+07  0.760588E+07  0.566893E+06  0.548657E+06  0.730826E+07  0.759970E+07
  0.180082E-02  0.759694E+07  0.759658E+07  0.530729E+06  0.514423E+06  0.728163E+07  0.759005E+07
  0.186186E-02  0.758720E+07  0.758681E+07  0.490236E+06  0.476386E+06  0.725368E+07  0.757990E+07
  0.192497E-02  0.757696E+07  0.757654E+07  0.446914E+06  0.435969E+06  0.722438E+07  0.756925E+07
  0.199021E-02  0.756620E+07  0.756576E+07  0.402856E+06  0.395129E+06  0.719370E+07  0.755805E+07
  0.205767E-02  0.755491E+07  0.755444E+07  0.360481E+06  0.356092E+06  0.716159E+07  0.754631E+07
  0.212742E-02  0.754306E+07  0.754256E+07  0.322175E+06  0.321018E+06  0.712802E+07  0.753399E+07
  0.219953E-02  0.753064E+07  0.753010E+07  0.289912E+06  0.291634E+06  0.709298E+07  0.752106E+07
  0.227408E-02  0.751761E+07  0.751703E+07  0.264885E+06  0.268906E+06  0.705643E+07  0.750752E+07
  0.235116E-02  0.750396E+07  0.750334E+07  0.247238E+06  0.252807E+06  0.701835E+07  0.749333E+07
  0.243085E-02  0.748966E+07  0.748900E+07  0.235972E+06  0.242259E+06  0.697874E+07  0.747847E+07
  0.251324E-02  0.747468E+07  0.747398E+07  0.000000E+00  0.000000E+00  0.693757E+07  0.746293E+07
  0.259843E-02  0.745902E+07  0.745827E+07  0.000000E+00  0.000000E+00  0.689484E+07  0.744666E+07
  0.268651E-02  0.744263E+07  0.744183E+07  0.000000E+00  0.000000E+00  0.685054E+07  0.742967E+07
  0.277757E-02  0.742550E+07  0.742465E+07  0.000000E+00  0.000000E+00  0.680469E+07  0.741191E+07
  0.287171E-02  0.740761E+07  0.740670E+07  0.000000E+00  0.000000E+00  0.675730E+07  0.739337E+07
  0.296905E-02  0.738893E+07  0.738796E+07  0.000000E+00  0.000000E+00  0.670836E+07  0.737402E+07
  0.306968E-02  0.736944E+07  0.736840E+07  0.000000E+00  0.000000E+00  0.665790E+07  0.735385E+07
  0.317373E-02  0.734911E+07  0.734801E+07  0.000000E+00  0.000000E+00  0.660595E+07  0.733282E+07
  0.328131E-02  0.732792E+07  0.732675E+07  0.000000E+00  0.000000E+00  0.655252E+07  0.731093E+07
  0.339253E-02  0.730586E+07  0.730461E+07  0.000000E+00  0.000000E+00  0.649765E+07  0.728814E+07
  0.350752E-02  0.728290E+07  0.728156E+07  0.000000E+00  0.000000E+00  0.644136E+07  0.726444E+07
  0.362640E-02  0.725901E+07  0.725759E+07  0.000000E+00  0.000000E+00  0.638368E+07  0.723980E+07
  0.374932E-02  0.723418E+07  0.723266E+07  0.000000E+00  0.000000E+00  0.632463E+07  0.721422E+07
  0.387641E-02  0.720839E+07  0.720677E+07  0.000000E+00  0.000000E+00  0.626425E+07  0.718766E+07
  0.400780E-02  0.718163E+07  0.717990E+07  0.000000E+00  0.000000E+00  0.620256E+07  0.716012E+07
  0.414364E-02  0.715386E+07  0.715202E+07  0.000000E+00  0.000000E+00  0.613957E+07  0.713157E+07
  0.428409E-02  0.712507E+07  0.712311E+07  0.000000E+00  0.000000E+00  0.607531E+07  0.710200E+07
  0.442930E-02  0.709526E+07  0.709316E+07  0.000000E+00  0.000000E+00  0.600977E+07  0.707139E+07
  0.457943E-02  0.706439E+07  0.706216E+07  0.000000E+00  0.000000E+00  0.594297E+07  0.703972E+07
  0.473465E-02  0.703246E+07  0.703008E+07  0.000000E+00  0.000000E+00  0.587489E+07  0.700698E+07
  0.489513E-02  0.699945E+07  0.699691E+07  0.000000E+00  0.000000E+00  0.580553E+07  0.697315E+07
  0.506105E-02  0.696534E+07  0.696264E+07  0.000000E+00  0.000000E+00  0.573488E+07  0.693822E+07
  0.523260E-02  0.693012E+07  0.692724E+07  0.000000E+00  0.000000E+00  0.566291E+07  0.690218E+07
  0.540996E-02  0.689377E+07  0.689071E+07  0.000000E+00  0.000000E+00  0.558962E+07  0.686500E+07
  0.559333E-02  0.685628E+07  0.685302E+07  0.000000E+00  0.000000E+00  0.551498E+07  0.682667E+07
  0.578292E-02  0.681764E+07  0.681416E+07  0.000000E+00  0.000000E+00  0.543897E+07  0.678718E+07
  0.597893E-02  0.677782E+07  0.677412E+07  0.000000E+00  0.000000E+00  0.536159E+07  0.674652E+07
  0.618159E-02  0.673682E+07  0.673288E+07  0.000000E+00  0.000000E+00  0.528284E+07  0.670466E+07
  0.639111E-02  0.669462E+07  0.669042E+07  0.000000E+00  0.000000E+00  0.520270E+07  0.666159E+07
  0.660774E-02  0.665119E+07  0.664673E+07  0.000000E+00  0.000000E+00  0.512120E+07  0.661729E+07
  0.683171E-02  0.660653E+07  0.660178E+07  0.000000E+00  0.000000E+00  0.503836E+07  0.657176E+07
  0.706327E-02  0.656062E+07  0.655557E+07  0.000000E+00  0.000000E+00  0.495421E+07  0.652497E+07
  0.730268E-02  0.651345E+07  0.650807E+07  0.000000E+00  0.000000E+00  0.486879E+07  0.647691E+07
  0.755020E-02  0.646498E+07  0.645927E+07  0.000000E+00  0.000000E+00  0.478214E+07  0.642756E+07
  0.780612E-02  0.641522E+07  0.640914E+07  0.000000E+00  0.000000E+00  0.469433E+07  0.637691E+07
  0.807071E-02  0.636414E+07  0.635768E+07  0.000000E+00  0.000000E+00  0.460542E+07  0.632495E+07
  0.834427E-02  0.631172E+07  0.630485E+07  0.000000E+00  0.000000E+00  0.451547E+07  0.627165E+07
  0.862710E-02  0.625794E+07  0.625065E+07  0.000000E+00  0.000000E+00  0.442455E+07  0.621700E+07
  0.891952E-02  0.620280E+07  0.619506E+07  0.000000E+00  0.000000E+00  0.433273E+07  0.616098E+07
  0.922184E-02  0.614627E+07  0.613805E+07  0.000000E+00  0.000000E+00  0.424009E+07  0.610359E+07
  0.953442E-02  0.608834E+07  0.607961E+07  0.000000E+00  0.000000E+00  0.414669E+07  0.604480E+07
  0.985759E-02  0.602898E+07  0.601972E+07  0.000000E+00  0.000000E+00  0.405263E+07  0.598461E+07
  0.101917E-01  0.596819E+07  0.595837E+07  0.000000E+00  0.000000E+00  0.395797E+07  0.592299E+07
  0.105372E-01  0.590595E+07  0.589554E+07  0.000000E+00  0.000000E+00  0.386278E+07  0.585994E+07
  0.108943E-01  0.584224E+07  0.583121E+07  0.000000E+00  0.000000E+00  0.376716E+07  0.579543E+07
  0.112636E-01  0.577704E+07  0.576536E+07  0.000000E+00  0.000000E+00  0.367118E+07  0.572946E+07
  0.116454E-01  0.571035E+07  0.569798E+07  0.000000E+00  0.000000E+00  0.357492E+07  0.566201E+07
  0.120401E-01  0.564215E+07  0.562905E+07  0.000000E+00  0.000000E+00  0.347846E+07  0.559308E+07
  0.124482E-01  0.557242E+07  0.555857E+07  0.000000E+00  0.000000E+00  0.338191E+07  0.552264E+07
  0.128701E-01  0.550115E+07  0.548651E+07  0.000000E+00  0.000000E+00  0.328533E+07  0.545070E+07
  0.133063E-01  0.542834E+07  0.541287E+07  0.000000E+00  0.000000E+00  0.318882E+07  0.537723E+07
  0.137574E-01  0.535397E+07  0.533763E+07  0.000000E+00  0.000000E+00  0.309246E+07  0.530224E+07
  0.142237E-01  0.527804E+07  0.526080E+07  0.000000E+00  0.000000E+00  0.299636E+07  0.522573E+07
  0.147058E-01  0.520055E+07  0.518236E+07  0.000000E+00  0.000000E+00  0.290059E+07  0.514768E+07
  0.152042E-01  0.512148E+07  0.510232E+07  0.000000E+00  0.000000E+00  0.280526E+07  0.506810E+07
  0.157196E-01  0.504085E+07  0.502068E+07  0.000000E+00  0.000000E+00  0.271045E+07  0.498699E+07
  0.162524E-01  0.495867E+07  0.493745E+07  0.000000E+00  0.000000E+00  0.261627E+07  0.490437E+07
  0.168033E-01  0.487494E+07  0.485263E+07  0.000000E+00  0.000000E+00  0.252281E+07  0.482025E+07
  0.173728E-01  0.478967E+07  0.476626E+07  0.000000E+00  0.000000E+00  0.243016E+07  0.473464E+07
  0.179617E-01  0.470291E+07  0.467835E+07  0.000000E+00  0.000000E+00  0.233843E+07  0.464758E+07
  0.185705E-01  0.461467E+07  0.458895E+07  0.000000E+00  0.000000E+00  0.224773E+07  0.455909E+07
  0.192000E-01  0.452501E+07  0.449809E+07  0.000000E+00  0.000000E+00  0.215815E+07  0.446923E+07
  0.198507E-01  0.443396E+07  0.440583E+07  0.000000E+00  0.000000E+00  0.206979E+07  0.437804E+07
  0.205236E-01  0.434159E+07  0.431223E+07  0.000000E+00  0.000000E+00  0.198276E+07  0.428558E+07
  0.212192E-01  0.424797E+07  0.421738E+07  0.000000E+00  0.000000E+00  0.189713E+07  0.419193E+07
  0.219385E-01  0.415319E+07  0.412136E+07  0.000000E+00  0.000000E+00  0.181302E+07  0.409717E+07
  0.226821E-01  0.405734E+07  0.402428E+07  0.000000E+00  0.000000E+00  0.173048E+07  0.400140E+07
  0.234509E-01  0.396053E+07  0.392626E+07  0.000000E+00  0.000000E+00  0.164963E+07  0.390474E+07
  0.242458E-01  0.386290E+07  0.382743E+07  0.000000E+00  0.000000E+00  0.157055E+07  0.380731E+07
  0.250676E-01  0.376459E+07  0.372797E+07  0.000000E+00  0.000000E+00  0.149336E+07  0.370927E+07
  0.259172E-01  0.366577E+07  0.362804E+07  0.000000E+00  0.000000E+00  0.141816E+07  0.361077E+07
  0.267957E-01  0.356661E+07  0.352783E+07  0.000000E+00  0.000000E+00  0.134506E+07  0.351200E+07
  0.277039E-01  0.346732E+07  0.342757E+07  0.000000E+00  0.000000E+00  0.127412E+07  0.341317E+07
  0.286430E-01  0.336813E+07  0.332748E+07  0.000000E+00  0.000000E+00  0.120540E+07  0.331449E+07
  0.296138E-01  0.326927E+07  0.322784E+07  0.000000E+00  0.000000E+00  0.113897E+07  0.321620E+07
  0.306176E-01  0.317100E+07  0.312891E+07  0.000000E+00  0.000000E+00  0.107491E+07  0.311857E+07
  0.316554E-01  0.307361E+07  0.303099E+07  0.000000E+00  0.000000E+00  0.101331E+07  0.302186E+07
  0.327283E-01  0.297738E+07  0.293438E+07  0.000000E+00  0.000000E+00  0.954234E+06  0.292637E+07
  0.338377E-01  0.289586E+07  0.285264E+07  0.000000E+00  0.000000E+00  0.861898E+06  0.284458E+07
  0.349846E-01  0.280340E+07  0.276016E+07  0.000000E+00  0.000000E+00  0.808743E+06  0.275297E+07
  0.361704E-01  0.271303E+07  0.266996E+07  0.000000E+00  0.000000E+00  0.758226E+06  0.266349E+07
  0.373964E-01  0.262408E+07  0.258139E+07  0.000000E+00  0.000000E+00  0.710124E+06  0.257549E+07
  0.386640E-01  0.253746E+07  0.249536E+07  0.000000E+00  0.000000E+00  0.664576E+06  0.248985E+07
  0.399745E-01  0.245376E+07  0.241250E+07  0.000000E+00  0.000000E+00  0.621628E+06  0.240718E+07
  0.413294E-01  0.237332E+07  0.233311E+07  0.000000E+00  0.000000E+00  0.581287E+06  0.232779E+07
  0.427303E-01  0.229642E+07  0.225749E+07  0.000000E+00  0.000000E+00  0.543507E+06  0.225194E+07
  0.441786E-01  0.221483E+07  0.217740E+07  0.000000E+00  0.000000E+00  0.520590E+06  0.217188E+07
  0.456761E-01  0.214518E+07  0.210946E+07  0.000000E+00  0.000000E+00  0.487464E+06  0.210330E+07
  0.472243E-01  0.207931E+07  0.204549E+07  0.000000E+00  0.000000E+00  0.456583E+06  0.203851E+07
  0.488249E-01  0.201710E+07  0.198532E+07  0.000000E+00  0.000000E+00  0.427810E+06  0.197736E+07
  0.504799E-01  0.195829E+07  0.192870E+07  0.000000E+00  0.000000E+00  0.400999E+06  0.191961E+07
  0.521909E-01  0.190263E+07  0.187529E+07  0.000000E+00  0.000000E+00  0.375982E+06  0.186499E+07
  0.539599E-01  0.185457E+07  0.182952E+07  0.000000E+00  0.000000E+00  0.347396E+06  0.181773E+07
  0.557889E-01  0.180405E+07  0.178127E+07  0.000000E+00  0.000000E+00  0.325501E+06  0.176821E+07
  0.576799E-01  0.175540E+07  0.173482E+07  0.000000E+00  0.000000E+00  0.304930E+06  0.172054E+07
  0.596349E-01  0.170815E+07  0.168962E+07  0.000000E+00  0.000000E+00  0.285521E+06  0.167423E+07
  0.616562E-01  0.166178E+07  0.164512E+07  0.000000E+00  0.000000E+00  0.267152E+06  0.162878E+07
  0.637461E-01  0.161238E+07  0.159733E+07  0.000000E+00  0.000000E+00  0.252524E+06  0.158041E+07
  0.659068E-01  0.156600E+07  0.155227E+07  0.000000E+00  0.000000E+00  0.235827E+06  0.153488E+07
  0.681407E-01  0.151876E+07  0.150601E+07  0.000000E+00  0.000000E+00  0.219825E+06  0.148849E+07
  0.704503E-01  0.147015E+07  0.145803E+07  0.000000E+00  0.000000E+00  0.204407E+06  0.144071E+07
  0.728383E-01  0.142076E+07  0.140892E+07  0.000000E+00  0.000000E+00  0.188514E+06  0.139209E+07
  0.753071E-01  0.136873E+07  0.135683E+07  0.000000E+00  0.000000E+00  0.174224E+06  0.134086E+07
  0.778597E-01  0.131507E+07  0.130282E+07  0.000000E+00  0.000000E+00  0.160508E+06  0.128801E+07
  0.804987E-01  0.126021E+07  0.124739E+07  0.000000E+00  0.000000E+00  0.147416E+06  0.123396E+07
  0.832272E-01  0.120477E+07  0.119124E+07  0.000000E+00  0.000000E+00  0.134996E+06  0.117933E+07
  0.860483E-01  0.114951E+07  0.113524E+07  0.000000E+00  0.000000E+00  0.123333E+06  0.112489E+07
  0.889648E-01  0.109527E+07  0.108034E+07  0.000000E+00  0.000000E+00  0.112465E+06  0.107148E+07
  0.919804E-01  0.104297E+07  0.102756E+07  0.000000E+00  0.000000E+00  0.102455E+06  0.102002E+07
  0.950980E-01  0.993588E+06  0.977978E+06  0.000000E+00  0.000000E+00  0.933349E+05  0.971477E+06
  0.983214E-01  0.948105E+06  0.932645E+06  0.000000E+00  0.000000E+00  0.851374E+05  0.926827E+06
  0.101654E+00  0.907325E+06  0.892397E+06  0.000000E+00  0.000000E+00  0.778583E+05  0.886862E+06
  0.105100E+00  0.871621E+06  0.857596E+06  0.000000E+00  0.000000E+00  0.714487E+05  0.851944E+06
  0.108662E+00  0.840729E+06  0.827913E+06  0.000000E+00  0.000000E+00  0.658121E+05  0.821800E+06
  0.112345E+00  0.813719E+06  0.802313E+06  0.000000E+00  0.000000E+00  0.608087E+05  0.795502E+06
  0.116153E+00  0.789219E+06  0.779281E+06  0.000000E+00  0.000000E+00  0.562824E+05  0.771680E+06
  0.120090E+00  0.765748E+06  0.757177E+06  0.000000E+00  0.000000E+00  0.520913E+05  0.748854E+06
  0.124160E+00  0.741963E+06  0.734511E+06  0.000000E+00  0.000000E+00  0.481229E+05  0.725685E+06
  0.128369E+00  0.716746E+06  0.710050E+06  0.000000E+00  0.000000E+00  0.443046E+05  0.701058E+06
  0.132720E+00  0.689262E+06  0.682908E+06  0.000000E+00  0.000000E+00  0.405851E+05  0.674145E+06
  0.137219E+00  0.659170E+06  0.652764E+06  0.000000E+00  0.000000E+00  0.369542E+05  0.644619E+06
  0.141870E+00  0.626919E+06  0.620168E+06  0.000000E+00  0.000000E+00  0.334469E+05  0.612933E+06
  0.146678E+00  0.593809E+06  0.586581E+06  0.000000E+00  0.000000E+00  0.301358E+05  0.580390E+06
  0.151650E+00  0.561623E+06  0.553976E+06  0.000000E+00  0.000000E+00  0.271028E+05  0.548765E+06
  0.156790E+00  0.532039E+06  0.524203E+06  0.000000E+00  0.000000E+00  0.244069E+05  0.519732E+06
  0.162105E+00  0.506190E+06  0.498506E+06  0.000000E+00  0.000000E+00  0.220686E+05  0.494418E+06
  0.167599E+00  0.484493E+06  0.477315E+06  0.000000E+00  0.000000E+00  0.200706E+05  0.473232E+06
  0.173280E+00  0.466529E+06  0.460118E+06  0.000000E+00  0.000000E+00  0.183587E+05  0.455748E+06
  0.179153E+00  0.450986E+06  0.445429E+06  0.000000E+00  0.000000E+00  0.168544E+05  0.440652E+06
  0.185226E+00  0.435947E+06  0.431132E+06  0.000000E+00  0.000000E+00  0.154672E+05  0.426032E+06
  0.191504E+00  0.419624E+06  0.415279E+06  0.000000E+00  0.000000E+00  0.141275E+05  0.410112E+06
  0.197995E+00  0.401108E+06  0.396905E+06  0.000000E+00  0.000000E+00  0.128088E+05  0.391993E+06
  0.204706E+00  0.380726E+06  0.376406E+06  0.000000E+00  0.000000E+00  0.115265E+05  0.372005E+06
  0.211645E+00  0.359859E+06  0.355329E+06  0.000000E+00  0.000000E+00  0.103248E+05  0.351529E+06
  0.218818E+00  0.340276E+06  0.335637E+06  0.000000E+00  0.000000E+00  0.925002E+04  0.332329E+06
  0.226235E+00  0.323316E+06  0.318797E+06  0.000000E+00  0.000000E+00  0.832554E+04  0.315737E+06
  0.233903E+00  0.309343E+06  0.305179E+06  0.000000E+00  0.000000E+00  0.754439E+04  0.302109E+06
  0.241832E+00  0.297472E+06  0.293776E+06  0.000000E+00  0.000000E+00  0.686980E+04  0.290558E+06
  0.250029E+00  0.286028E+06  0.282738E+06  0.000000E+00  0.000000E+00  0.625304E+04  0.279417E+06
  0.258503E+00  0.273701E+06  0.270630E+06  0.000000E+00  0.000000E+00  0.566195E+04  0.267380E+06
  0.267265E+00  0.260129E+06  0.257088E+06  0.000000E+00  0.000000E+00  0.508992E+04  0.254096E+06
  0.276324E+00  0.246138E+06  0.243051E+06  0.000000E+00  0.000000E+00  0.455376E+04  0.240388E+06
  0.285690E+00  0.233202E+06  0.230141E+06  0.000000E+00  0.000000E+00  0.407851E+04  0.227726E+06
  0.295374E+00  0.222103E+06  0.219209E+06  0.000000E+00  0.000000E+00  0.367151E+04  0.216887E+06
  0.305386E+00  0.212533E+06  0.209894E+06  0.000000E+00  0.000000E+00  0.332009E+04  0.207559E+06
  0.315736E+00  0.203404E+06  0.200992E+06  0.000000E+00  0.000000E+00  0.300193E+04  0.198659E+06
  0.326438E+00  0.193824E+06  0.191529E+06  0.000000E+00  0.000000E+00  0.270162E+04  0.189300E+06
  0.337503E+00  0.183850E+06  0.181592E+06  0.000000E+00  0.000000E+00  0.241938E+04  0.179542E+06
  0.348943E+00  0.174291E+06  0.172080E+06  0.000000E+00  0.000000E+00  0.216488E+04  0.170193E+06
  0.360770E+00  0.165798E+06  0.163703E+06  0.000000E+00  0.000000E+00  0.194355E+04  0.161898E+06
  0.372999E+00  0.158180E+06  0.156239E+06  0.000000E+00  0.000000E+00  0.174955E+04  0.154467E+06
  0.385642E+00  0.150755E+06  0.148935E+06  0.000000E+00  0.000000E+00  0.157290E+04  0.147218E+06
  0.398713E+00  0.143205E+06  0.141454E+06  0.000000E+00  0.000000E+00  0.140903E+04  0.139841E+06
  0.412227E+00  0.135854E+06  0.134160E+06  0.000000E+00  0.000000E+00  0.126025E+04  0.132655E+06
  0.426200E+00  0.129107E+06  0.127499E+06  0.000000E+00  0.000000E+00  0.112894E+04  0.126066E+06
  0.440646E+00  0.122891E+06  0.121384E+06  0.000000E+00  0.000000E+00  0.101278E+04  0.119999E+06
  0.455581E+00  0.116845E+06  0.115417E+06  0.000000E+00  0.000000E+00  0.907330E+03  0.114094E+06
  0.471024E+00  0.110906E+06  0.109537E+06  0.000000E+00  0.000000E+00  0.811277E+03  0.108292E+06
  0.486989E+00  0.105288E+06  0.103984E+06  0.000000E+00  0.000000E+00  0.725393E+03  0.102805E+06
  0.503496E+00  0.100058E+06  0.988262E+05  0.000000E+00  0.000000E+00  0.649149E+03  0.976983E+05
  0.520561E+00  0.950497E+05  0.938829E+05  0.000000E+00  0.000000E+00  0.580562E+03  0.928080E+05
  0.538206E+00  0.902053E+05  0.890932E+05  0.000000E+00  0.000000E+00  0.518613E+03  0.880764E+05
  0.556448E+00  0.856174E+05  0.845610E+05  0.000000E+00  0.000000E+00  0.463248E+03  0.835960E+05
  0.575309E+00  0.812879E+05  0.802880E+05  0.000000E+00  0.000000E+00  0.413855E+03  0.793687E+05
  0.594809E+00  0.771413E+05  0.761920E+05  0.000000E+00  0.000000E+00  0.369476E+03  0.753194E+05
  0.614971E+00  0.731832E+05  0.722813E+05  0.000000E+00  0.000000E+00  0.329696E+03  0.714541E+05
  0.635816E+00  0.694360E+05  0.685812E+05  0.000000E+00  0.000000E+00  0.294178E+03  0.677952E+05
  0.657366E+00  0.658682E+05  0.650576E+05  0.000000E+00  0.000000E+00  0.262401E+03  0.643114E+05
  0.679648E+00  0.624676E+05  0.616984E+05  0.000000E+00  0.000000E+00  0.233951E+03  0.609908E+05
  0.702684E+00  0.592405E+05  0.585114E+05  0.000000E+00  0.000000E+00  0.208545E+03  0.578398E+05
  0.726502E+00  0.561712E+05  0.554799E+05  0.000000E+00  0.000000E+00  0.185841E+03  0.548428E+05
  0.751127E+00  0.532520E+05  0.525965E+05  0.000000E+00  0.000000E+00  0.165554E+03  0.519924E+05
  0.776587E+00  0.504794E+05  0.498581E+05  0.000000E+00  0.000000E+00  0.147443E+03  0.492851E+05
  0.802909E+00  0.478437E+05  0.472549E+05  0.000000E+00  0.000000E+00  0.131276E+03  0.467116E+05
  0.830124E+00  0.453399E+05  0.447820E+05  0.000000E+00  0.000000E+00  0.116848E+03  0.442669E+05
  0.858261E+00  0.429619E+05  0.424332E+05  0.000000E+00  0.000000E+00  0.103981E+03  0.419450E+05
  0.887352E+00  0.407032E+05  0.402024E+05  0.000000E+00  0.000000E+00  0.925055E+02  0.397397E+05
  0.917428E+00  0.385590E+05  0.380846E+05  0.000000E+00  0.000000E+00  0.822763E+02  0.376461E+05
  0.948525E+00  0.365232E+05  0.360738E+05  0.000000E+00  0.000000E+00  0.731583E+02  0.356584E+05
  0.980675E+00  0.345908E+05  0.341652E+05  0.000000E+00  0.000000E+00  0.650370E+02  0.337717E+05
  0.101392E+01  0.327566E+05  0.323536E+05  0.000000E+00  0.000000E+00  0.578018E+02  0.319808E+05
  0.104828E+01  0.310159E+05  0.306344E+05  0.000000E+00  0.000000E+00  0.513594E+02  0.302813E+05
  0.108381E+01  0.293643E+05  0.290031E+05  0.000000E+00  0.000000E+00  0.456253E+02  0.286688E+05
  0.112055E+01  0.277975E+05  0.274555E+05  0.000000E+00  0.000000E+00  0.405211E+02  0.271390E+05
  0.115853E+01  0.263114E+05  0.259878E+05  0.000000E+00  0.000000E+00  0.359807E+02  0.256881E+05
  0.119780E+01  0.249022E+05  0.245959E+05  0.000000E+00  0.000000E+00  0.319423E+02  0.243122E+05
  0.123840E+01  0.235659E+05  0.232760E+05  0.000000E+00  0.000000E+00  0.283507E+02  0.230075E+05
  0.128038E+01  0.222989E+05  0.220246E+05  0.000000E+00  0.000000E+00  0.251585E+02  0.217705E+05
  0.132377E+01  0.210978E+05  0.208383E+05  0.000000E+00  0.000000E+00  0.223209E+02  0.205978E+05
  0.136864E+01  0.199593E+05  0.197139E+05  0.000000E+00  0.000000E+00  0.197989E+02  0.194863E+05
  0.141503E+01  0.188804E+05  0.186482E+05  0.000000E+00  0.000000E+00  0.175595E+02  0.184330E+05
  0.146300E+01  0.178580E+05  0.176384E+05  0.000000E+00  0.000000E+00  0.155702E+02  0.174347E+05
  0.151258E+01  0.168892E+05  0.166815E+05  0.000000E+00  0.000000E+00  0.138033E+02  0.164889E+05
  0.156385E+01  0.159714E+05  0.157750E+05  0.000000E+00  0.000000E+00  0.122348E+02  0.155929E+05
  0.161686E+01  0.151021E+05  0.149164E+05  0.000000E+00  0.000000E+00  0.108429E+02  0.147442E+05
  0.167166E+01  0.142789E+05  0.141033E+05  0.000000E+00  0.000000E+00  0.960737E+01  0.139404E+05
  0.172833E+01  0.134992E+05  0.133332E+05  0.000000E+00  0.000000E+00  0.851145E+01  0.131792E+05
  0.178691E+01  0.127609E+05  0.126040E+05  0.000000E+00  0.000000E+00  0.753939E+01  0.124584E+05
  0.184748E+01  0.120619E+05  0.119136E+05  0.000000E+00  0.000000E+00  0.667715E+01  0.117759E+05
  0.191009E+01  0.114002E+05  0.112600E+05  0.000000E+00  0.000000E+00  0.591253E+01  0.111299E+05
  0.197484E+01  0.107738E+05  0.106413E+05  0.000000E+00  0.000000E+00  0.523494E+01  0.105183E+05
  0.204177E+01  0.101809E+05  0.100557E+05  0.000000E+00  0.000000E+00  0.463396E+01  0.993954E+04
  0.211098E+01  0.961989E+04  0.950160E+04  0.000000E+00  0.000000E+00  0.410155E+01  0.939180E+04
  0.218253E+01  0.908903E+04  0.897727E+04  0.000000E+00  0.000000E+00  0.362979E+01  0.887352E+04
  0.225651E+01  0.858674E+04  0.848116E+04  0.000000E+00  0.000000E+00  0.321185E+01  0.838314E+04
  0.233299E+01  0.811157E+04  0.801183E+04  0.000000E+00  0.000000E+00  0.284167E+01  0.791923E+04
  0.241207E+01  0.766205E+04  0.756784E+04  0.000000E+00  0.000000E+00  0.251381E+01  0.748036E+04
  0.249383E+01  0.723686E+04  0.714787E+04  0.000000E+00  0.000000E+00  0.222349E+01  0.706525E+04
  0.257836E+01  0.683472E+04  0.675068E+04  0.000000E+00  0.000000E+00  0.196639E+01  0.667264E+04
  0.266575E+01  0.645444E+04  0.637507E+04  0.000000E+00  0.000000E+00  0.173880E+01  0.630138E+04
  0.275611E+01  0.609487E+04  0.601992E+04  0.000000E+00  0.000000E+00  0.153747E+01  0.595033E+04
  0.284953E+01  0.575490E+04  0.568413E+04  0.000000E+00  0.000000E+00  0.135921E+01  0.561842E+04
  0.294611E+01  0.543349E+04  0.536667E+04  0.000000E+00  0.000000E+00  0.120152E+01  0.530464E+04
  0.304597E+01  0.512964E+04  0.506656E+04  0.000000E+00  0.000000E+00  0.106198E+01  0.500799E+04
  0.314921E+01  0.484243E+04  0.478288E+04  0.000000E+00  0.000000E+00  0.938540E+00  0.472759E+04
  0.325596E+01  0.457098E+04  0.451476E+04  0.000000E+00  0.000000E+00  0.829373E+00  0.446257E+04
  0.336632E+01  0.431446E+04  0.426139E+04  0.000000E+00  0.000000E+00  0.732809E+00  0.421213E+04
  0.348042E+01  0.407205E+04  0.402196E+04  0.000000E+00  0.000000E+00  0.647427E+00  0.397547E+04
  0.359839E+01  0.384300E+04  0.379573E+04  0.000000E+00  0.000000E+00  0.571987E+00  0.375185E+04
  0.372036E+01  0.362658E+04  0.358197E+04  0.000000E+00  0.000000E+00  0.505219E+00  0.354056E+04
  0.384646E+01  0.342211E+04  0.338002E+04  0.000000E+00  0.000000E+00  0.446235E+00  0.334095E+04
  0.397683E+01  0.322897E+04  0.318924E+04  0.000000E+00  0.000000E+00  0.394087E+00  0.315238E+04
  0.411163E+01  0.304654E+04  0.300905E+04  0.000000E+00  0.000000E+00  0.348015E+00  0.297428E+04
  0.425099E+01  0.287422E+04  0.283886E+04  0.000000E+00  0.000000E+00  0.307290E+00  0.280605E+04
  0.439508E+01  0.271149E+04  0.267812E+04  0.000000E+00  0.000000E+00  0.271313E+00  0.264717E+04
  0.454405E+01  0.255780E+04  0.252632E+04  0.000000E+00  0.000000E+00  0.239521E+00  0.249713E+04
  0.469808E+01  0.241267E+04  0.238298E+04  0.000000E+00  0.000000E+00  0.211446E+00  0.235544E+04
  0.485732E+01  0.227565E+04  0.224764E+04  0.000000E+00  0.000000E+00  0.186643E+00  0.222167E+04
  0.502196E+01  0.214628E+04  0.211986E+04  0.000000E+00  0.000000E+00  0.164735E+00  0.209537E+04
  0.519217E+01  0.202415E+04  0.199923E+04  0.000000E+00  0.000000E+00  0.145389E+00  0.197613E+04
  0.536817E+01  0.190884E+04  0.188534E+04  0.000000E+00  0.000000E+00  0.128299E+00  0.186356E+04
  0.555012E+01  0.180001E+04  0.177784E+04  0.000000E+00  0.000000E+00  0.113222E+00  0.175731E+04
  0.573824E+01  0.169728E+04  0.167638E+04  0.000000E+00  0.000000E+00  0.998947E-01  0.165702E+04
  0.593274E+01  0.160033E+04  0.158062E+04  0.000000E+00  0.000000E+00  0.881360E-01  0.156237E+04
  0.613383E+01  0.150883E+04  0.149024E+04  0.000000E+00  0.000000E+00  0.777546E-01  0.147304E+04
  0.634174E+01  0.142249E+04  0.140496E+04  0.000000E+00  0.000000E+00  0.685979E-01  0.138874E+04
  0.655669E+01  0.134101E+04  0.132448E+04  0.000000E+00  0.000000E+00  0.605134E-01  0.130920E+04
  0.677893E+01  0.126414E+04  0.124855E+04  0.000000E+00  0.000000E+00  0.533756E-01  0.123415E+04
  0.700870E+01  0.119160E+04  0.117691E+04  0.000000E+00  0.000000E+00  0.470769E-01  0.116333E+04
  0.724626E+01  0.112317E+04  0.110932E+04  0.000000E+00  0.000000E+00  0.415168E-01  0.109652E+04
  0.749188E+01  0.105861E+04  0.104555E+04  0.000000E+00  0.000000E+00  0.366129E-01  0.103350E+04
  0.774582E+01  0.997721E+03  0.985408E+03  0.000000E+00  0.000000E+00  0.322877E-01  0.974048E+03
  0.800836E+01  0.940281E+03  0.928674E+03  0.000000E+00  0.000000E+00  0.284710E-01  0.917971E+03
  0.827981E+01  0.886101E+03  0.875159E+03  0.000000E+00  0.000000E+00  0.251002E-01  0.865076E+03
  0.856045E+01  0.835006E+03  0.824691E+03  0.000000E+00  0.000000E+00  0.221338E-01  0.815192E+03
  0.885061E+01  0.786818E+03  0.777095E+03  0.000000E+00  0.000000E+00  0.195108E-01  0.768147E+03
  0.915060E+01  0.741375E+03  0.732209E+03  0.000000E+00  0.000000E+00  0.172015E-01  0.723781E+03
  0.946076E+01  0.698521E+03  0.689882E+03  0.000000E+00  0.000000E+00  0.151641E-01  0.681945E+03
  0.978143E+01  0.658118E+03  0.649974E+03  0.000000E+00  0.000000E+00  0.133668E-01  0.642499E+03
  0.101130E+02  0.620020E+03  0.612344E+03  0.000000E+00  0.000000E+00  0.117824E-01  0.605305E+03
  0.104558E+02  0.584100E+03  0.576866E+03  0.000000E+00  0.000000E+00  0.103852E-01  0.570237E+03
  0.108102E+02  0.550238E+03  0.543418E+03  0.000000E+00  0.000000E+00  0.915210E-02  0.537177E+03
  0.111766E+02  0.518316E+03  0.511888E+03  0.000000E+00  0.000000E+00  0.806713E-02  0.506012E+03
  0.115554E+02  0.488222E+03  0.482163E+03  0.000000E+00  0.000000E+00  0.710878E-02  0.476632E+03
  0.119471E+02  0.459857E+03  0.454146E+03  0.000000E+00  0.000000E+00  0.626375E-02  0.448940E+03
  0.123520E+02  0.433120E+03  0.427738E+03  0.000000E+00  0.000000E+00  0.551986E-02  0.422838E+03
  0.127707E+02  0.407920E+03  0.402847E+03  0.000000E+00  0.000000E+00  0.486345E-02  0.398235E+03
  0.132036E+02  0.384171E+03  0.379389E+03  0.000000E+00  0.000000E+00  0.428541E-02  0.375049E+03
  0.136511E+02  0.361789E+03  0.357281E+03  0.000000E+00  0.000000E+00  0.377492E-02  0.353197E+03
  0.141138E+02  0.340696E+03  0.336447E+03  0.000000E+00  0.000000E+00  0.332608E-02  0.332605E+03
  0.145922E+02  0.320820E+03  0.316815E+03  0.000000E+00  0.000000E+00  0.292986E-02  0.313200E+03
  0.150868E+02  0.302092E+03  0.298316E+03  0.000000E+00  0.000000E+00  0.258148E-02  0.294916E+03
  0.155982E+02  0.284444E+03  0.280885E+03  0.000000E+00  0.000000E+00  0.227395E-02  0.277687E+03
  0.161269E+02  0.267818E+03  0.264463E+03  0.000000E+00  0.000000E+00  0.200313E-02  0.261455E+03
  0.166735E+02  0.252153E+03  0.248990E+03  0.000000E+00  0.000000E+00  0.176434E-02  0.246161E+03
  0.172386E+02  0.237395E+03  0.234412E+03  0.000000E+00  0.000000E+00  0.155404E-02  0.231753E+03
  0.178229E+02  0.223492E+03  0.220680E+03  0.000000E+00  0.000000E+00  0.136896E-02  0.218180E+03
  0.184270E+02  0.210395E+03  0.207743E+03  0.000000E+00  0.000000E+00  0.120529E-02  0.205394E+03
  0.190516E+02  0.198058E+03  0.195558E+03  0.000000E+00  0.000000E+00  0.106169E-02  0.193350E+03
  0.196974E+02  0.186438E+03  0.184080E+03  0.000000E+00  0.000000E+00  0.934781E-03  0.182005E+03
  0.203650E+02  0.175492E+03  0.173268E+03  0.000000E+00  0.000000E+00  0.823392E-03  0.171319E+03
  0.210553E+02  0.165184E+03  0.163085E+03  0.000000E+00  0.000000E+00  0.724776E-03  0.161254E+03
  0.217690E+02  0.155474E+03  0.153495E+03  0.000000E+00  0.000000E+00  0.638299E-03  0.151775E+03
  0.225069E+02  0.146331E+03  0.144463E+03  0.000000E+00  0.000000E+00  0.562092E-03  0.142849E+03
  0.232697E+02  0.137720E+03  0.135958E+03  0.000000E+00  0.000000E+00  0.494823E-03  0.134442E+03
  0.240585E+02  0.129611E+03  0.127948E+03  0.000000E+00  0.000000E+00  0.435786E-03  0.126525E+03
  0.248739E+02  0.121975E+03  0.120405E+03  0.000000E+00  0.000000E+00  0.383676E-03  0.119070E+03
  0.257170E+02  0.114785E+03  0.113303E+03  0.000000E+00  0.000000E+00  0.337759E-03  0.112051E+03
  0.265887E+02  0.108015E+03  0.106616E+03  0.000000E+00  0.000000E+00  0.297333E-03  0.105441E+03
  0.274899E+02  0.101641E+03  0.100319E+03  0.000000E+00  0.000000E+00  0.261752E-03  0.992178E+02
  0.284217E+02  0.956393E+02  0.943914E+02  0.000000E+00  0.000000E+00  0.230299E-03  0.933587E+02
  0.293851E+02  0.899889E+02  0.888100E+02  0.000000E+00  0.000000E+00  0.202821E-03  0.878423E+02
  0.303811E+02  0.846697E+02  0.835556E+02  0.000000E+00  0.000000E+00  0.178539E-03  0.826492E+02
  0.314108E+02  0.796619E+02  0.786090E+02  0.000000E+00  0.000000E+00  0.157086E-03  0.777601E+02
  0.324755E+02  0.749480E+02  0.739525E+02  0.000000E+00  0.000000E+00  0.138266E-03  0.731579E+02
  0.335763E+02  0.705104E+02  0.695690E+02  0.000000E+00  0.000000E+00  0.121748E-03  0.688255E+02
  0.347144E+02  0.663333E+02  0.654427E+02  0.000000E+00  0.000000E+00  0.107086E-03  0.647474E+02
  0.358910E+02  0.624017E+02  0.615590E+02  0.000000E+00  0.000000E+00  0.942938E-04  0.609090E+02
  0.371075E+02  0.587010E+02  0.579033E+02  0.000000E+00  0.000000E+00  0.829218E-04  0.572959E+02
  0.383653E+02  0.552180E+02  0.544627E+02  0.000000E+00  0.000000E+00  0.729785E-04  0.538955E+02
  0.396657E+02  0.519398E+02  0.512244E+02  0.000000E+00  0.000000E+00  0.642349E-04  0.506950E+02
  0.410101E+02  0.488547E+02  0.481768E+02  0.000000E+00  0.000000E+00  0.565455E-04  0.476830E+02
  0.424002E+02  0.459512E+02  0.453085E+02  0.000000E+00  0.000000E+00  0.497377E-04  0.448483E+02
  0.438373E+02  0.432189E+02  0.426093E+02  0.000000E+00  0.000000E+00  0.437307E-04  0.421807E+02
  0.453232E+02  0.406476E+02  0.400692E+02  0.000000E+00  0.000000E+00  0.384719E-04  0.396704E+02
  0.468594E+02  0.382281E+02  0.376789E+02  0.000000E+00  0.000000E+00  0.338972E-04  0.373081E+02
  0.484478E+02  0.359512E+02  0.354297E+02  0.000000E+00  0.000000E+00  0.298031E-04  0.350852E+02
  0.500899E+02  0.338090E+02  0.333133E+02  0.000000E+00  0.000000E+00  0.262134E-04  0.329937E+02
  0.517877E+02  0.317931E+02  0.313219E+02  0.000000E+00  0.000000E+00  0.230490E-04  0.310256E+02
  0.535430E+02  0.298966E+02  0.294482E+02  0.000000E+00  0.000000E+00  0.202716E-04  0.291740E+02
  0.553579E+02  0.281121E+02  0.276852E+02  0.000000E+00  0.000000E+00  0.178604E-04  0.274317E+02
  0.572343E+02  0.264332E+02  0.260265E+02  0.000000E+00  0.000000E+00  0.156901E-04  0.257926E+02
  0.591742E+02  0.248537E+02  0.244661E+02  0.000000E+00  0.000000E+00  0.138082E-04  0.242505E+02
  0.611800E+02  0.233678E+02  0.229980E+02  0.000000E+00  0.000000E+00  0.121443E-04  0.227997E+02
  0.632536E+02  0.219699E+02  0.216169E+02  0.000000E+00  0.000000E+00  0.106771E-04  0.214350E+02
  0.653977E+02  0.206548E+02  0.203176E+02  0.000000E+00  0.000000E+00  0.937098E-05  0.201510E+02
  0.676143E+02  0.194178E+02  0.190954E+02  0.000000E+00  0.000000E+00  0.827161E-05  0.189433E+02
  0.699061E+02  0.182541E+02  0.179456E+02  0.000000E+00  0.000000E+00  0.726104E-05  0.178071E+02
  0.722756E+02  0.171596E+02  0.168641E+02  0.000000E+00  0.000000E+00  0.640035E-05  0.167385E+02
  0.747254E+02  0.161300E+02  0.158468E+02  0.000000E+00  0.000000E+00  0.561600E-05  0.157333E+02
  0.772582E+02  0.151616E+02  0.148900E+02  0.000000E+00  0.000000E+00  0.492904E-05  0.147878E+02
  0.798769E+02  0.142508E+02  0.139900E+02  0.000000E+00  0.000000E+00  0.434953E-05  0.138985E+02
  0.825843E+02  0.133941E+02  0.131435E+02  0.000000E+00  0.000000E+00  0.382051E-05  0.130621E+02
  0.853835E+02  0.125884E+02  0.123473E+02  0.000000E+00  0.000000E+00  0.336148E-05  0.122754E+02
  0.882775E+02  0.118306E+02  0.115985E+02  0.000000E+00  0.000000E+00  0.296370E-05  0.115356E+02
  0.912698E+02  0.111180E+02  0.108943E+02  0.000000E+00  0.000000E+00  0.259610E-05  0.108398E+02
  0.943633E+02  0.104478E+02  0.102320E+02  0.000000E+00  0.000000E+00  0.228213E-05  0.101854E+02
  0.975619E+02  0.981753E+01  0.960919E+01  0.000000E+00  0.000000E+00  0.200759E-05  0.957006E+01
  0.100869E+03  0.922486E+01  0.902350E+01  0.000000E+00  0.000000E+00  0.176027E-05  0.899139E+01
  0.104288E+03  0.866754E+01  0.847272E+01  0.000000E+00  0.000000E+00  0.154636E-05  0.844724E+01
  0.107822E+03  0.814346E+01  0.795480E+01  0.000000E+00  0.000000E+00  0.136238E-05  0.793555E+01
  0.111477E+03  0.765064E+01  0.746777E+01  0.000000E+00  0.000000E+00  0.119628E-05  0.745437E+01
  0.115256E+03  0.718728E+01  0.700983E+01  0.000000E+00  0.000000E+00  0.104812E-05  0.700195E+01
  0.119162E+03  0.675159E+01  0.657925E+01  0.000000E+00  0.000000E+00  0.931387E-06  0.657656E+01
  0.123201E+03  0.634195E+01  0.617440E+01  0.000000E+00  0.000000E+00  0.812384E-06  0.617659E+01
  0.127377E+03  0.595677E+01  0.579373E+01  0.000000E+00  0.000000E+00  0.717330E-06  0.580051E+01
  0.131695E+03  0.559465E+01  0.543585E+01  0.000000E+00  0.000000E+00  0.626833E-06  0.544694E+01
  0.136158E+03  0.525419E+01  0.509938E+01  0.000000E+00  0.000000E+00  0.547449E-06  0.511453E+01
  0.140773E+03  0.493412E+01  0.478307E+01  0.000000E+00  0.000000E+00  0.483132E-06  0.480202E+01
  0.145545E+03  0.463319E+01  0.448568E+01  0.000000E+00  0.000000E+00  0.424773E-06  0.450821E+01
  0.150478E+03  0.435032E+01  0.420615E+01  0.000000E+00  0.000000E+00  0.368285E-06  0.423202E+01
  0.155579E+03  0.408440E+01  0.394337E+01  0.000000E+00  0.000000E+00  0.329975E-06  0.397238E+01
  0.160852E+03  0.383441E+01  0.369636E+01  0.000000E+00  0.000000E+00  0.289328E-06  0.372831E+01
  0.166304E+03  0.359943E+01  0.346420E+01  0.000000E+00  0.000000E+00  0.250417E-06  0.349889E+01
  0.171941E+03  0.337856E+01  0.324599E+01  0.000000E+00  0.000000E+00  0.220724E-06  0.328325E+01
  0.177769E+03  0.317095E+01  0.304091E+01  0.000000E+00  0.000000E+00  0.194649E-06  0.308056E+01
  0.183795E+03  0.297580E+01  0.284817E+01  0.000000E+00  0.000000E+00  0.171444E-06  0.289004E+01
  0.190025E+03  0.279240E+01  0.266705E+01  0.000000E+00  0.000000E+00  0.151081E-06  0.271099E+01
  0.196465E+03  0.262002E+01  0.249687E+01  0.000000E+00  0.000000E+00  0.133694E-06  0.254272E+01
  0.203124E+03  0.245803E+01  0.233696E+01  0.000000E+00  0.000000E+00  0.115767E-06  0.238458E+01
