  0.106192E-04  0.155333E+08  0.155333E+08  0.207018E+08  0.207018E+08  0.155227E+08  0.155330E+08
  0.109791E-04  0.155333E+08  0.155333E+08  0.207012E+08  0.207012E+08  0.155227E+08  0.155330E+08
  0.113513E-04  0.155333E+08  0.155333E+08  0.207005E+08  0.207005E+08  0.155227E+08  0.155330E+08
  0.117360E-04  0.155333E+08  0.155333E+08  0.206998E+08  0.206997E+08  0.155227E+08  0.155330E+08
  0.121338E-04  0.155333E+08  0.155333E+08  0.206990E+08  0.206990E+08  0.155227E+08  0.155330E+08
  0.125451E-04  0.155333E+08  0.155333E+08  0.206982E+08  0.206981E+08  0.155227E+08  0.155330E+08
  0.129703E-04  0.155333E+08  0.155333E+08  0.206973E+08  0.206972E+08  0.155227E+08  0.155330E+08
  0.134099E-04  0.155332E+08  0.155332E+08  0.206963E+08  0.206963E+08  0.155227E+08  0.155330E+08
  0.138645E-04  0.155332E+08  0.155332E+08  0.206953E+08  0.206953E+08  0.155227E+08  0.155330E+08
  0.143344E-04  0.155332E+08  0.155332E+08  0.206942E+08  0.206942E+08  0.155227E+08  0.155330E+08
  0.148203E-04  0.155332E+08  0.155332E+08  0.206931E+08  0.206930E+08  0.155227E+08  0.155330E+08
  0.153226E-04  0.155332E+08  0.155332E+08  0.206918E+08  0.206918E+08  0.155227E+08  0.155330E+08
  0.158420E-04  0.155332E+08  0.155332E+08  0.206905E+08  0.206905E+08  0.155227E+08  0.155330E+08
  0.163789E-04  0.155332E+08  0.155332E+08  0.206891E+08  0.206890E+08  0.155227E+08  0.155330E+08
  0.169341E-04  0.155332E+08  0.155332E+08  0.206876E+08  0.206875E+08  0.155227E+08  0.155330E+08
  0.175081E-04  0.155332E+08  0.155332E+08  0.206860E+08  0.206859E+08  0.155227E+08  0.155330E+08
  0.181015E-04  0.155332E+08  0.155332E+08  0.206842E+08  0.206842E+08  0.155227E+08  0.155330E+08
  0.187151E-04  0.155332E+08  0.155332E+08  0.206824E+08  0.206823E+08  0.155227E+08  0.155330E+08
  0.193494E-04  0.155332E+08  0.155332E+08  0.206804E+08  0.206804E+08  0.155227E+08  0.155330E+08
  0.200053E-04  0.155332E+08  0.155332E+08  0.206783E+08  0.206782E+08  0.155226E+08  0.155330E+08
  0.206834E-04  0.155332E+08  0.155332E+08  0.206760E+08  0.206760E+08  0.155226E+08  0.155330E+08
  0.213844E-04  0.155332E+08  0.155332E+08  0.206736E+08  0.206736E+08  0.155226E+08  0.155330E+08
  0.221093E-04  0.155332E+08  0.155332E+08  0.206711E+08  0.206710E+08  0.155226E+08  0.155330E+08
  0.228587E-04  0.155332E+08  0.155332E+08  0.206683E+08  0.206682E+08  0.155226E+08  0.155330E+08
  0.236335E-04  0.155332E+08  0.155332E+08  0.206654E+08  0.206653E+08  0.155226E+08  0.155330E+08
  0.244345E-04  0.155332E+08  0.155332E+08  0.206622E+08  0.206621E+08  0.155226E+08  0.155330E+08
  0.252627E-04  0.155332E+08  0.155332E+08  0.206589E+08  0.206588E+08  0.155226E+08  0.155330E+08
  0.261190E-04  0.155332E+08  0.155332E+08  0.206553E+08  0.206552E+08  0.155226E+08  0.155329E+08
  0.270043E-04  0.155332E+08  0.155332E+08  0.206514E+08  0.206513E+08  0.155226E+08  0.155329E+08
  0.279196E-04  0.155332E+08  0.155332E+08  0.206473E+08  0.206472E+08  0.155225E+08  0.155329E+08
  0.288660E-04  0.155332E+08  0.155332E+08  0.206429E+08  0.206428E+08  0.155225E+08  0.155329E+08
  0.298444E-04  0.155331E+08  0.155331E+08  0.206383E+08  0.206381E+08  0.155225E+08  0.155329E+08
  0.308560E-04  0.155331E+08  0.155331E+08  0.206332E+08  0.206331E+08  0.155225E+08  0.155329E+08
  0.319018E-04  0.155331E+08  0.155331E+08  0.206279E+08  0.206277E+08  0.155225E+08  0.155329E+08
  0.329831E-04  0.155331E+08  0.155331E+08  0.206222E+08  0.206220E+08  0.155224E+08  0.155329E+08
  0.341011E-04  0.155331E+08  0.155331E+08  0.206161E+08  0.206159E+08  0.155224E+08  0.155329E+08
  0.352570E-04  0.155331E+08  0.155331E+08  0.206095E+08  0.206093E+08  0.155224E+08  0.155329E+08
  0.364520E-04  0.155331E+08  0.155331E+08  0.206025E+08  0.206023E+08  0.155224E+08  0.155328E+08
  0.376876E-04  0.155331E+08  0.155331E+08  0.205951E+08  0.205949E+08  0.155223E+08  0.155328E+08
  0.389650E-04  0.155330E+08  0.155330E+08  0.205871E+08  0.205869E+08  0.155223E+08  0.155328E+08
  0.402857E-04  0.155330E+08  0.155330E+08  0.205786E+08  0.205783E+08  0.155223E+08  0.155328E+08
  0.416512E-04  0.155330E+08  0.155330E+08  0.205695E+08  0.205692E+08  0.155223E+08  0.155328E+08
  0.430630E-04  0.155330E+08  0.155330E+08  0.205598E+08  0.205595E+08  0.155222E+08  0.155328E+08
  0.445226E-04  0.155330E+08  0.155330E+08  0.205494E+08  0.205491E+08  0.155222E+08  0.155327E+08
  0.460317E-04  0.155330E+08  0.155330E+08  0.205383E+08  0.205379E+08  0.155221E+08  0.155327E+08
  0.475919E-04  0.155329E+08  0.155329E+08  0.205264E+08  0.205261E+08  0.155221E+08  0.155327E+08
  0.492051E-04  0.155329E+08  0.155329E+08  0.205137E+08  0.205134E+08  0.155221E+08  0.155327E+08
  0.508729E-04  0.155329E+08  0.155329E+08  0.205002E+08  0.204998E+08  0.155220E+08  0.155326E+08
  0.525972E-04  0.155329E+08  0.155329E+08  0.204857E+08  0.204853E+08  0.155220E+08  0.155326E+08
  0.543800E-04  0.155328E+08  0.155328E+08  0.204703E+08  0.204698E+08  0.155219E+08  0.155326E+08
  0.562232E-04  0.155328E+08  0.155328E+08  0.204538E+08  0.204533E+08  0.155218E+08  0.155326E+08
  0.581289E-04  0.155328E+08  0.155328E+08  0.204362E+08  0.204356E+08  0.155218E+08  0.155325E+08
  0.600992E-04  0.155327E+08  0.155327E+08  0.204174E+08  0.204168E+08  0.155217E+08  0.155325E+08
  0.621363E-04  0.155327E+08  0.155327E+08  0.203972E+08  0.203966E+08  0.155216E+08  0.155324E+08
  0.642424E-04  0.155326E+08  0.155326E+08  0.203758E+08  0.203751E+08  0.155215E+08  0.155324E+08
  0.664199E-04  0.155326E+08  0.155326E+08  0.203529E+08  0.203522E+08  0.155215E+08  0.155324E+08
  0.686712E-04  0.155326E+08  0.155326E+08  0.203284E+08  0.203276E+08  0.155214E+08  0.155323E+08
  0.709988E-04  0.155325E+08  0.155325E+08  0.203022E+08  0.203014E+08  0.155213E+08  0.155323E+08
  0.734053E-04  0.155325E+08  0.155325E+08  0.202743E+08  0.202735E+08  0.155212E+08  0.155322E+08
  0.758934E-04  0.155324E+08  0.155324E+08  0.202445E+08  0.202436E+08  0.155211E+08  0.155322E+08
  0.784658E-04  0.155323E+08  0.155323E+08  0.202127E+08  0.202118E+08  0.155210E+08  0.155321E+08
  0.811254E-04  0.155323E+08  0.155323E+08  0.201788E+08  0.201778E+08  0.155208E+08  0.155320E+08
  0.838752E-04  0.155322E+08  0.155322E+08  0.201426E+08  0.201415E+08  0.155207E+08  0.155320E+08
  0.867182E-04  0.155321E+08  0.155321E+08  0.201039E+08  0.201028E+08  0.155205E+08  0.155319E+08
  0.896575E-04  0.155321E+08  0.155321E+08  0.200627E+08  0.200615E+08  0.155204E+08  0.155318E+08
  0.926964E-04  0.155320E+08  0.155320E+08  0.200187E+08  0.200174E+08  0.155202E+08  0.155317E+08
  0.958384E-04  0.155319E+08  0.155319E+08  0.199718E+08  0.199704E+08  0.155201E+08  0.155316E+08
  0.990869E-04  0.155318E+08  0.155318E+08  0.199217E+08  0.199202E+08  0.155199E+08  0.155315E+08
  0.102445E-03  0.155317E+08  0.155317E+08  0.198684E+08  0.198667E+08  0.155197E+08  0.155314E+08
  0.105918E-03  0.155316E+08  0.155316E+08  0.198115E+08  0.198097E+08  0.155195E+08  0.155313E+08
  0.109508E-03  0.155315E+08  0.155315E+08  0.197508E+08  0.197490E+08  0.155192E+08  0.155312E+08
  0.113220E-03  0.155313E+08  0.155313E+08  0.196861E+08  0.196842E+08  0.155190E+08  0.155311E+08
  0.117057E-03  0.155312E+08  0.155312E+08  0.196173E+08  0.196152E+08  0.155187E+08  0.155309E+08
  0.121025E-03  0.155311E+08  0.155311E+08  0.195439E+08  0.195416E+08  0.155184E+08  0.155308E+08
  0.125127E-03  0.155309E+08  0.155309E+08  0.194657E+08  0.194633E+08  0.155182E+08  0.155306E+08
  0.129368E-03  0.155307E+08  0.155307E+08  0.193825E+08  0.193800E+08  0.155178E+08  0.155305E+08
  0.133753E-03  0.155306E+08  0.155306E+08  0.192939E+08  0.192912E+08  0.155175E+08  0.155303E+08
  0.138287E-03  0.155304E+08  0.155304E+08  0.191996E+08  0.191967E+08  0.155171E+08  0.155301E+08
  0.142974E-03  0.155302E+08  0.155302E+08  0.190992E+08  0.190962E+08  0.155167E+08  0.155299E+08
  0.147820E-03  0.155300E+08  0.155300E+08  0.189926E+08  0.189893E+08  0.155163E+08  0.155297E+08
  0.152831E-03  0.155297E+08  0.155297E+08  0.188791E+08  0.188757E+08  0.155159E+08  0.155294E+08
  0.158011E-03  0.155295E+08  0.155295E+08  0.187586E+08  0.187549E+08  0.155154E+08  0.155292E+08
  0.163367E-03  0.155292E+08  0.155292E+08  0.186305E+08  0.186266E+08  0.155149E+08  0.155289E+08
  0.168904E-03  0.155290E+08  0.155290E+08  0.184945E+08  0.184903E+08  0.155144E+08  0.155286E+08
  0.174629E-03  0.155287E+08  0.155287E+08  0.183501E+08  0.183457E+08  0.155138E+08  0.155283E+08
  0.180548E-03  0.155283E+08  0.155283E+08  0.181970E+08  0.181923E+08  0.155132E+08  0.155280E+08
  0.186668E-03  0.155280E+08  0.155280E+08  0.180346E+08  0.180297E+08  0.155125E+08  0.155277E+08
  0.192995E-03  0.155276E+08  0.155276E+08  0.178625E+08  0.178573E+08  0.155118E+08  0.155273E+08
  0.199536E-03  0.155273E+08  0.155273E+08  0.176803E+08  0.176747E+08  0.155111E+08  0.155269E+08
  0.206300E-03  0.155268E+08  0.155268E+08  0.174874E+08  0.174815E+08  0.155103E+08  0.155265E+08
  0.213292E-03  0.155264E+08  0.155264E+08  0.172834E+08  0.172772E+08  0.155094E+08  0.155260E+08
  0.220522E-03  0.155259E+08  0.155259E+08  0.170678E+08  0.170612E+08  0.155085E+08  0.155256E+08
  0.227996E-03  0.155254E+08  0.155254E+08  0.168402E+08  0.168332E+08  0.155075E+08  0.155250E+08
  0.235724E-03  0.155249E+08  0.155249E+08  0.166000E+08  0.165926E+08  0.155065E+08  0.155245E+08
  0.243714E-03  0.155243E+08  0.155243E+08  0.163468E+08  0.163390E+08  0.155054E+08  0.155239E+08
  0.251975E-03  0.155237E+08  0.155237E+08  0.160801E+08  0.160719E+08  0.155042E+08  0.155233E+08
  0.260516E-03  0.155231E+08  0.155231E+08  0.157997E+08  0.157910E+08  0.155029E+08  0.155226E+08
  0.269346E-03  0.155224E+08  0.155224E+08  0.155049E+08  0.154958E+08  0.155015E+08  0.155219E+08
  0.278475E-03  0.155216E+08  0.155216E+08  0.151956E+08  0.151861E+08  0.155001E+08  0.155212E+08
  0.287914E-03  0.155208E+08  0.155208E+08  0.148715E+08  0.148614E+08  0.154985E+08  0.155204E+08
  0.297673E-03  0.155200E+08  0.155200E+08  0.145322E+08  0.145216E+08  0.154969E+08  0.155195E+08
  0.307763E-03  0.155191E+08  0.155191E+08  0.141777E+08  0.141666E+08  0.154951E+08  0.155186E+08
  0.318195E-03  0.155181E+08  0.155181E+08  0.138078E+08  0.137962E+08  0.154932E+08  0.155176E+08
  0.328980E-03  0.155171E+08  0.155171E+08  0.134227E+08  0.134105E+08  0.154912E+08  0.155166E+08
  0.340131E-03  0.155160E+08  0.155160E+08  0.130223E+08  0.130095E+08  0.154891E+08  0.155154E+08
  0.351659E-03  0.155149E+08  0.155149E+08  0.126069E+08  0.125936E+08  0.154868E+08  0.155143E+08
  0.363579E-03  0.155136E+08  0.155136E+08  0.121770E+08  0.121632E+08  0.154843E+08  0.155130E+08
  0.375903E-03  0.155123E+08  0.155123E+08  0.117331E+08  0.117187E+08  0.154817E+08  0.155116E+08
  0.388644E-03  0.155109E+08  0.155109E+08  0.112759E+08  0.112609E+08  0.154790E+08  0.155102E+08
  0.401817E-03  0.155094E+08  0.155094E+08  0.108063E+08  0.107907E+08  0.154760E+08  0.155087E+08
  0.415437E-03  0.155078E+08  0.155078E+08  0.103254E+08  0.103092E+08  0.154728E+08  0.155071E+08
  0.429518E-03  0.155061E+08  0.155061E+08  0.983459E+07  0.981785E+07  0.154695E+08  0.155053E+08
  0.444076E-03  0.155043E+08  0.155043E+08  0.933537E+07  0.931805E+07  0.154659E+08  0.155035E+08
  0.459128E-03  0.155024E+08  0.155024E+08  0.882953E+07  0.881165E+07  0.154620E+08  0.155015E+08
  0.474691E-03  0.155003E+08  0.155003E+08  0.831912E+07  0.830067E+07  0.154580E+08  0.154994E+08
  0.490780E-03  0.154982E+08  0.154981E+08  0.780639E+07  0.778739E+07  0.154536E+08  0.154972E+08
  0.507415E-03  0.154958E+08  0.154958E+08  0.729387E+07  0.727431E+07  0.154490E+08  0.154948E+08
  0.524614E-03  0.154934E+08  0.154933E+08  0.678428E+07  0.676418E+07  0.154440E+08  0.154923E+08
  0.542396E-03  0.154908E+08  0.154907E+08  0.628056E+07  0.625991E+07  0.154388E+08  0.154896E+08
  0.560781E-03  0.154880E+08  0.154879E+08  0.578581E+07  0.576461E+07  0.154332E+08  0.154868E+08
  0.579788E-03  0.154850E+08  0.154850E+08  0.530327E+07  0.528152E+07  0.154272E+08  0.154838E+08
  0.599440E-03  0.154819E+08  0.154818E+08  0.483626E+07  0.481393E+07  0.154209E+08  0.154806E+08
  0.619759E-03  0.154786E+08  0.154785E+08  0.438809E+07  0.436517E+07  0.154141E+08  0.154772E+08
  0.640765E-03  0.154750E+08  0.154750E+08  0.396204E+07  0.393849E+07  0.154070E+08  0.154735E+08
  0.662484E-03  0.154713E+08  0.154712E+08  0.356119E+07  0.353699E+07  0.153993E+08  0.154697E+08
  0.684939E-03  0.154673E+08  0.154673E+08  0.318840E+07  0.316350E+07  0.153912E+08  0.154656E+08
  0.708155E-03  0.154631E+08  0.154630E+08  0.284615E+07  0.282049E+07  0.153826E+08  0.154613E+08
  0.732158E-03  0.154586E+08  0.154586E+08  0.253643E+07  0.250996E+07  0.153734E+08  0.154568E+08
  0.756975E-03  0.154539E+08  0.154538E+08  0.226065E+07  0.223332E+07  0.153637E+08  0.154519E+08
  0.782633E-03  0.154489E+08  0.154488E+08  0.201952E+07  0.199126E+07  0.153533E+08  0.154468E+08
  0.809160E-03  0.154436E+08  0.154435E+08  0.181292E+07  0.178368E+07  0.153424E+08  0.154414E+08
  0.836587E-03  0.154380E+08  0.154379E+08  0.163988E+07  0.160963E+07  0.153307E+08  0.154356E+08
  0.864943E-03  0.154321E+08  0.154320E+08  0.149851E+07  0.146724E+07  0.153183E+08  0.154296E+08
  0.894260E-03  0.154258E+08  0.154257E+08  0.138600E+07  0.135374E+07  0.153052E+08  0.154232E+08
  0.924571E-03  0.154192E+08  0.154191E+08  0.129869E+07  0.126551E+07  0.152913E+08  0.154164E+08
  0.955910E-03  0.154121E+08  0.154120E+08  0.123217E+07  0.119819E+07  0.152765E+08  0.154092E+08
  0.988310E-03  0.154047E+08  0.154046E+08  0.118144E+07  0.114686E+07  0.152609E+08  0.154016E+08
  0.102181E-02  0.153969E+08  0.153968E+08  0.114119E+07  0.110630E+07  0.152443E+08  0.153936E+08
  0.105644E-02  0.153887E+08  0.153885E+08  0.110611E+07  0.107125E+07  0.152268E+08  0.153851E+08
  0.109225E-02  0.153800E+08  0.153798E+08  0.107117E+07  0.103678E+07  0.152082E+08  0.153762E+08
  0.112927E-02  0.153708E+08  0.153706E+08  0.103208E+07  0.998656E+06  0.151886E+08  0.153668E+08
  0.116755E-02  0.153611E+08  0.153609E+08  0.985580E+06  0.953669E+06  0.151678E+08  0.153569E+08
  0.120713E-02  0.153509E+08  0.153507E+08  0.929767E+06  0.899938E+06  0.151458E+08  0.153464E+08
  0.124804E-02  0.153401E+08  0.153399E+08  0.864315E+06  0.837110E+06  0.151226E+08  0.153353E+08
  0.129034E-02  0.153287E+08  0.153285E+08  0.790521E+06  0.766406E+06  0.150980E+08  0.153237E+08
  0.133408E-02  0.153167E+08  0.153165E+08  0.711189E+06  0.690499E+06  0.150721E+08  0.153114E+08
  0.137930E-02  0.153041E+08  0.153039E+08  0.630305E+06  0.613191E+06  0.150447E+08  0.152985E+08
  0.142605E-02  0.152909E+08  0.152906E+08  0.552513E+06  0.538896E+06  0.150158E+08  0.152849E+08
  0.147439E-02  0.152769E+08  0.152766E+08  0.482436E+06  0.471982E+06  0.149854E+08  0.152705E+08
  0.152436E-02  0.152621E+08  0.152619E+08  0.423919E+06  0.416043E+06  0.149533E+08  0.152554E+08
  0.157603E-02  0.152467E+08  0.152464E+08  0.379319E+06  0.373227E+06  0.149194E+08  0.152395E+08
  0.162945E-02  0.152304E+08  0.152301E+08  0.348979E+06  0.343744E+06  0.148838E+08  0.152228E+08
  0.168468E-02  0.152132E+08  0.152129E+08  0.331036E+06  0.325714E+06  0.148464E+08  0.152052E+08
  0.174178E-02  0.151952E+08  0.151949E+08  0.000000E+00  0.000000E+00  0.148070E+08  0.151867E+08
  0.180082E-02  0.151763E+08  0.151759E+08  0.000000E+00  0.000000E+00  0.147656E+08  0.151673E+08
  0.186186E-02  0.151564E+08  0.151560E+08  0.000000E+00  0.000000E+00  0.147222E+08  0.151469E+08
  0.192497E-02  0.151355E+08  0.151351E+08  0.000000E+00  0.000000E+00  0.146766E+08  0.151255E+08
  0.199021E-02  0.151136E+08  0.151131E+08  0.000000E+00  0.000000E+00  0.146289E+08  0.151030E+08
  0.205767E-02  0.150905E+08  0.150901E+08  0.000000E+00  0.000000E+00  0.145788E+08  0.150794E+08
  0.212742E-02  0.150664E+08  0.150659E+08  0.000000E+00  0.000000E+00  0.145265E+08  0.150546E+08
  0.219953E-02  0.150411E+08  0.150405E+08  0.000000E+00  0.000000E+00  0.144717E+08  0.150286E+08
  0.227408E-02  0.150145E+08  0.150140E+08  0.000000E+00  0.000000E+00  0.144146E+08  0.150014E+08
  0.235116E-02  0.149867E+08  0.149861E+08  0.000000E+00  0.000000E+00  0.143549E+08  0.149730E+08
  0.243085E-02  0.149576E+08  0.149570E+08  0.000000E+00  0.000000E+00  0.142927E+08  0.149431E+08
  0.251324E-02  0.149272E+08  0.149265E+08  0.000000E+00  0.000000E+00  0.142279E+08  0.149119E+08
  0.259843E-02  0.148953E+08  0.148946E+08  0.000000E+00  0.000000E+00  0.141605E+08  0.148793E+08
  0.268651E-02  0.148620E+08  0.148612E+08  0.000000E+00  0.000000E+00  0.140905E+08  0.148452E+08
  0.277757E-02  0.148272E+08  0.148263E+08  0.000000E+00  0.000000E+00  0.140177E+08  0.148095E+08
  0.287171E-02  0.147908E+08  0.147899E+08  0.000000E+00  0.000000E+00  0.139423E+08  0.147723E+08
  0.296905E-02  0.147529E+08  0.147519E+08  0.000000E+00  0.000000E+00  0.138641E+08  0.147335E+08
  0.306968E-02  0.147133E+08  0.147123E+08  0.000000E+00  0.000000E+00  0.137832E+08  0.146930E+08
  0.317373E-02  0.146721E+08  0.146709E+08  0.000000E+00  0.000000E+00  0.136995E+08  0.146508E+08
  0.328131E-02  0.146291E+08  0.146279E+08  0.000000E+00  0.000000E+00  0.136131E+08  0.146069E+08
  0.339253E-02  0.145843E+08  0.145831E+08  0.000000E+00  0.000000E+00  0.135239E+08  0.145611E+08
  0.350752E-02  0.145378E+08  0.145364E+08  0.000000E+00  0.000000E+00  0.134320E+08  0.145136E+08
  0.362640E-02  0.144894E+08  0.144879E+08  0.000000E+00  0.000000E+00  0.133372E+08  0.144642E+08
  0.374932E-02  0.144391E+08  0.144375E+08  0.000000E+00  0.000000E+00  0.132397E+08  0.144128E+08
  0.387641E-02  0.143869E+08  0.143852E+08  0.000000E+00  0.000000E+00  0.131394E+08  0.143595E+08
  0.400780E-02  0.143327E+08  0.143309E+08  0.000000E+00  0.000000E+00  0.130362E+08  0.143043E+08
  0.414364E-02  0.142765E+08  0.142746E+08  0.000000E+00  0.000000E+00  0.129303E+08  0.142470E+08
  0.428409E-02  0.142183E+08  0.142163E+08  0.000000E+00  0.000000E+00  0.128215E+08  0.141877E+08
  0.442930E-02  0.141580E+08  0.141558E+08  0.000000E+00  0.000000E+00  0.127098E+08  0.141262E+08
  0.457943E-02  0.140956E+08  0.140933E+08  0.000000E+00  0.000000E+00  0.125952E+08  0.140627E+08
  0.473465E-02  0.140311E+08  0.140286E+08  0.000000E+00  0.000000E+00  0.124777E+08  0.139970E+08
  0.489513E-02  0.139644E+08  0.139618E+08  0.000000E+00  0.000000E+00  0.123573E+08  0.139291E+08
  0.506105E-02  0.138955E+08  0.138927E+08  0.000000E+00  0.000000E+00  0.122338E+08  0.138590E+08
  0.523260E-02  0.138244E+08  0.138215E+08  0.000000E+00  0.000000E+00  0.121073E+08  0.137867E+08
  0.540996E-02  0.137510E+08  0.137479E+08  0.000000E+00  0.000000E+00  0.119777E+08  0.137121E+08
  0.559333E-02  0.136754E+08  0.136721E+08  0.000000E+00  0.000000E+00  0.118450E+08  0.136352E+08
  0.578292E-02  0.135975E+08  0.135939E+08  0.000000E+00  0.000000E+00  0.117092E+08  0.135560E+08
  0.597893E-02  0.135172E+08  0.135134E+08  0.000000E+00  0.000000E+00  0.115702E+08  0.134743E+08
  0.618159E-02  0.134345E+08  0.134305E+08  0.000000E+00  0.000000E+00  0.114281E+08  0.133903E+08
  0.639111E-02  0.133494E+08  0.133451E+08  0.000000E+00  0.000000E+00  0.112828E+08  0.133039E+08
  0.660774E-02  0.132619E+08  0.132574E+08  0.000000E+00  0.000000E+00  0.111343E+08  0.132150E+08
  0.683171E-02  0.131719E+08  0.131671E+08  0.000000E+00  0.000000E+00  0.109828E+08  0.131237E+08
  0.706327E-02  0.130794E+08  0.130743E+08  0.000000E+00  0.000000E+00  0.108282E+08  0.130298E+08
  0.730268E-02  0.129844E+08  0.129789E+08  0.000000E+00  0.000000E+00  0.106705E+08  0.129333E+08
  0.755020E-02  0.128868E+08  0.128810E+08  0.000000E+00  0.000000E+00  0.105099E+08  0.128343E+08
  0.780612E-02  0.127866E+08  0.127804E+08  0.000000E+00  0.000000E+00  0.103464E+08  0.127327E+08
  0.807071E-02  0.126838E+08  0.126772E+08  0.000000E+00  0.000000E+00  0.101801E+08  0.126284E+08
  0.834427E-02  0.125783E+08  0.125713E+08  0.000000E+00  0.000000E+00  0.100110E+08  0.125215E+08
  0.862710E-02  0.124701E+08  0.124627E+08  0.000000E+00  0.000000E+00  0.983932E+07  0.124119E+08
  0.891952E-02  0.123592E+08  0.123513E+08  0.000000E+00  0.000000E+00  0.966507E+07  0.122995E+08
  0.922184E-02  0.122455E+08  0.122371E+08  0.000000E+00  0.000000E+00  0.948838E+07  0.121843E+08
  0.953442E-02  0.121290E+08  0.121201E+08  0.000000E+00  0.000000E+00  0.930934E+07  0.120664E+08
  0.985759E-02  0.120097E+08  0.120003E+08  0.000000E+00  0.000000E+00  0.912807E+07  0.119457E+08
  0.101917E-01  0.118875E+08  0.118775E+08  0.000000E+00  0.000000E+00  0.894468E+07  0.118221E+08
  0.105372E-01  0.117624E+08  0.117519E+08  0.000000E+00  0.000000E+00  0.875929E+07  0.116956E+08
  0.108943E-01  0.116345E+08  0.116232E+08  0.000000E+00  0.000000E+00  0.857203E+07  0.115662E+08
  0.112636E-01  0.115035E+08  0.114916E+08  0.000000E+00  0.000000E+00  0.838302E+07  0.114339E+08
  0.116454E-01  0.113696E+08  0.113570E+08  0.000000E+00  0.000000E+00  0.819242E+07  0.112987E+08
  0.120401E-01  0.112327E+08  0.112194E+08  0.000000E+00  0.000000E+00  0.800034E+07  0.111605E+08
  0.124482E-01  0.110928E+08  0.110787E+08  0.000000E+00  0.000000E+00  0.780696E+07  0.110192E+08
  0.128701E-01  0.109498E+08  0.109349E+08  0.000000E+00  0.000000E+00  0.761241E+07  0.108750E+08
  0.133063E-01  0.108037E+08  0.107880E+08  0.000000E+00  0.000000E+00  0.741686E+07  0.107277E+08
  0.137574E-01  0.106546E+08  0.106380E+08  0.000000E+00  0.000000E+00  0.722047E+07  0.105774E+08
  0.142237E-01  0.105024E+08  0.104849E+08  0.000000E+00  0.000000E+00  0.702342E+07  0.104241E+08
  0.147058E-01  0.103471E+08  0.103286E+08  0.000000E+00  0.000000E+00  0.682587E+07  0.102677E+08
  0.152042E-01  0.101886E+08  0.101692E+08  0.000000E+00  0.000000E+00  0.662802E+07  0.101082E+08
  0.157196E-01  0.100271E+08  0.100066E+08  0.000000E+00  0.000000E+00  0.643005E+07  0.994574E+07
  0.162524E-01  0.986249E+07  0.984094E+07  0.000000E+00  0.000000E+00  0.623216E+07  0.978024E+07
  0.168033E-01  0.969484E+07  0.967218E+07  0.000000E+00  0.000000E+00  0.603455E+07  0.961175E+07
  0.173728E-01  0.952416E+07  0.950038E+07  0.000000E+00  0.000000E+00  0.583744E+07  0.944032E+07
  0.179617E-01  0.935053E+07  0.932558E+07  0.000000E+00  0.000000E+00  0.564104E+07  0.926599E+07
  0.185705E-01  0.917399E+07  0.914786E+07  0.000000E+00  0.000000E+00  0.544558E+07  0.908885E+07
  0.192000E-01  0.899463E+07  0.896729E+07  0.000000E+00  0.000000E+00  0.525130E+07  0.890897E+07
  0.198507E-01  0.881256E+07  0.878399E+07  0.000000E+00  0.000000E+00  0.505842E+07  0.872646E+07
  0.205236E-01  0.862789E+07  0.859808E+07  0.000000E+00  0.000000E+00  0.486718E+07  0.854144E+07
  0.212192E-01  0.844078E+07  0.840971E+07  0.000000E+00  0.000000E+00  0.467781E+07  0.835406E+07
  0.219385E-01  0.825138E+07  0.821906E+07  0.000000E+00  0.000000E+00  0.449055E+07  0.816451E+07
  0.226821E-01  0.805990E+07  0.802634E+07  0.000000E+00  0.000000E+00  0.430564E+07  0.797296E+07
  0.234509E-01  0.786657E+07  0.783177E+07  0.000000E+00  0.000000E+00  0.412334E+07  0.777966E+07
  0.242458E-01  0.767163E+07  0.763562E+07  0.000000E+00  0.000000E+00  0.394392E+07  0.758486E+07
  0.250676E-01  0.747539E+07  0.743821E+07  0.000000E+00  0.000000E+00  0.376765E+07  0.738885E+07
  0.259172E-01  0.727817E+07  0.723987E+07  0.000000E+00  0.000000E+00  0.359482E+07  0.719198E+07
  0.267957E-01  0.708034E+07  0.704098E+07  0.000000E+00  0.000000E+00  0.342568E+07  0.699459E+07
  0.277039E-01  0.688230E+07  0.684196E+07  0.000000E+00  0.000000E+00  0.326048E+07  0.679710E+07
  0.286430E-01  0.668451E+07  0.664326E+07  0.000000E+00  0.000000E+00  0.309945E+07  0.659995E+07
  0.296138E-01  0.648743E+07  0.644539E+07  0.000000E+00  0.000000E+00  0.294283E+07  0.640362E+07
  0.306176E-01  0.629159E+07  0.624888E+07  0.000000E+00  0.000000E+00  0.279090E+07  0.620862E+07
  0.316554E-01  0.609754E+07  0.605430E+07  0.000000E+00  0.000000E+00  0.264390E+07  0.601550E+07
  0.327283E-01  0.590587E+07  0.586225E+07  0.000000E+00  0.000000E+00  0.250204E+07  0.582485E+07
  0.338377E-01  0.574276E+07  0.569892E+07  0.000000E+00  0.000000E+00  0.231005E+07  0.566107E+07
  0.349846E-01  0.555872E+07  0.551487E+07  0.000000E+00  0.000000E+00  0.217973E+07  0.547820E+07
  0.361704E-01  0.537888E+07  0.533521E+07  0.000000E+00  0.000000E+00  0.205514E+07  0.529958E+07
  0.373964E-01  0.520195E+07  0.515867E+07  0.000000E+00  0.000000E+00  0.193565E+07  0.512397E+07
  0.386640E-01  0.502970E+07  0.498703E+07  0.000000E+00  0.000000E+00  0.182178E+07  0.495308E+07
  0.399745E-01  0.486334E+07  0.482151E+07  0.000000E+00  0.000000E+00  0.171383E+07  0.478813E+07
  0.413294E-01  0.470351E+07  0.466276E+07  0.000000E+00  0.000000E+00  0.161184E+07  0.462973E+07
  0.427303E-01  0.455076E+07  0.451131E+07  0.000000E+00  0.000000E+00  0.151578E+07  0.447842E+07
  0.441786E-01  0.438903E+07  0.435112E+07  0.000000E+00  0.000000E+00  0.144299E+07  0.431888E+07
  0.456761E-01  0.425080E+07  0.421462E+07  0.000000E+00  0.000000E+00  0.135829E+07  0.418210E+07
  0.472243E-01  0.412012E+07  0.408588E+07  0.000000E+00  0.000000E+00  0.127897E+07  0.405286E+07
  0.488249E-01  0.399674E+07  0.396459E+07  0.000000E+00  0.000000E+00  0.120473E+07  0.393089E+07
  0.504799E-01  0.388018E+07  0.385024E+07  0.000000E+00  0.000000E+00  0.113520E+07  0.381571E+07
  0.521909E-01  0.376988E+07  0.374223E+07  0.000000E+00  0.000000E+00  0.107001E+07  0.370677E+07
  0.539599E-01  0.367457E+07  0.364925E+07  0.000000E+00  0.000000E+00  0.100170E+07  0.361244E+07
  0.557889E-01  0.357451E+07  0.355149E+07  0.000000E+00  0.000000E+00  0.943902E+06  0.351367E+07
  0.576799E-01  0.347817E+07  0.345738E+07  0.000000E+00  0.000000E+00  0.889258E+06  0.341861E+07
  0.596349E-01  0.338459E+07  0.336589E+07  0.000000E+00  0.000000E+00  0.837398E+06  0.332629E+07
  0.616562E-01  0.329275E+07  0.327594E+07  0.000000E+00  0.000000E+00  0.787993E+06  0.323568E+07
  0.637461E-01  0.319494E+07  0.317976E+07  0.000000E+00  0.000000E+00  0.744358E+06  0.313931E+07
  0.659068E-01  0.310301E+07  0.308916E+07  0.000000E+00  0.000000E+00  0.698888E+06  0.304861E+07
  0.681407E-01  0.300934E+07  0.299649E+07  0.000000E+00  0.000000E+00  0.654918E+06  0.295619E+07
  0.704503E-01  0.291292E+07  0.290070E+07  0.000000E+00  0.000000E+00  0.612243E+06  0.286103E+07
  0.728383E-01  0.281488E+07  0.280293E+07  0.000000E+00  0.000000E+00  0.569292E+06  0.276423E+07
  0.753071E-01  0.271157E+07  0.269956E+07  0.000000E+00  0.000000E+00  0.529013E+06  0.266228E+07
  0.778597E-01  0.260502E+07  0.259264E+07  0.000000E+00  0.000000E+00  0.490018E+06  0.255713E+07
  0.804987E-01  0.249606E+07  0.248310E+07  0.000000E+00  0.000000E+00  0.452472E+06  0.244962E+07
  0.832272E-01  0.238593E+07  0.237224E+07  0.000000E+00  0.000000E+00  0.416613E+06  0.234098E+07
  0.860483E-01  0.227616E+07  0.226172E+07  0.000000E+00  0.000000E+00  0.382650E+06  0.223273E+07
  0.889648E-01  0.216845E+07  0.215333E+07  0.000000E+00  0.000000E+00  0.350813E+06  0.212655E+07
  0.919804E-01  0.206463E+07  0.204902E+07  0.000000E+00  0.000000E+00  0.321285E+06  0.202425E+07
  0.950980E-01  0.196665E+07  0.195084E+07  0.000000E+00  0.000000E+00  0.294253E+06  0.192778E+07
  0.983214E-01  0.187646E+07  0.186080E+07  0.000000E+00  0.000000E+00  0.269825E+06  0.183904E+07
  0.101654E+00  0.179566E+07  0.178054E+07  0.000000E+00  0.000000E+00  0.248054E+06  0.175961E+07
  0.105100E+00  0.172499E+07  0.171079E+07  0.000000E+00  0.000000E+00  0.228828E+06  0.169021E+07
  0.108662E+00  0.166392E+07  0.165095E+07  0.000000E+00  0.000000E+00  0.211877E+06  0.163029E+07
  0.112345E+00  0.161057E+07  0.159903E+07  0.000000E+00  0.000000E+00  0.196782E+06  0.157801E+07
  0.116153E+00  0.156221E+07  0.155217E+07  0.000000E+00  0.000000E+00  0.183067E+06  0.153066E+07
  0.120090E+00  0.151588E+07  0.150723E+07  0.000000E+00  0.000000E+00  0.170299E+06  0.148529E+07
  0.124160E+00  0.146890E+07  0.146138E+07  0.000000E+00  0.000000E+00  0.158133E+06  0.143924E+07
  0.128369E+00  0.141902E+07  0.141226E+07  0.000000E+00  0.000000E+00  0.146318E+06  0.139032E+07
  0.132720E+00  0.136458E+07  0.135817E+07  0.000000E+00  0.000000E+00  0.134705E+06  0.133687E+07
  0.137219E+00  0.130492E+07  0.129845E+07  0.000000E+00  0.000000E+00  0.123264E+06  0.127824E+07
  0.141870E+00  0.124094E+07  0.123411E+07  0.000000E+00  0.000000E+00  0.112117E+06  0.121534E+07
  0.146678E+00  0.117523E+07  0.116792E+07  0.000000E+00  0.000000E+00  0.101513E+06  0.115075E+07
  0.151650E+00  0.111137E+07  0.110363E+07  0.000000E+00  0.000000E+00  0.917383E+05  0.108799E+07
  0.156790E+00  0.105271E+07  0.104478E+07  0.000000E+00  0.000000E+00  0.830108E+05  0.103038E+07
  0.162105E+00  0.100151E+07  0.993729E+06  0.000000E+00  0.000000E+00  0.754163E+05  0.980144E+06
  0.167599E+00  0.958589E+06  0.951325E+06  0.000000E+00  0.000000E+00  0.689106E+05  0.938101E+06
  0.173280E+00  0.923111E+06  0.916626E+06  0.000000E+00  0.000000E+00  0.633304E+05  0.903401E+06
  0.179153E+00  0.892445E+06  0.886829E+06  0.000000E+00  0.000000E+00  0.584106E+05  0.873438E+06
  0.185226E+00  0.862761E+06  0.857897E+06  0.000000E+00  0.000000E+00  0.538489E+05  0.844424E+06
  0.191504E+00  0.830491E+06  0.826103E+06  0.000000E+00  0.000000E+00  0.494098E+05  0.812835E+06
  0.197995E+00  0.793825E+06  0.789580E+06  0.000000E+00  0.000000E+00  0.449988E+05  0.776892E+06
  0.204706E+00  0.753422E+06  0.749055E+06  0.000000E+00  0.000000E+00  0.406748E+05  0.737251E+06
  0.211645E+00  0.712044E+06  0.707462E+06  0.000000E+00  0.000000E+00  0.365958E+05  0.696645E+06
  0.218818E+00  0.673228E+06  0.668534E+06  0.000000E+00  0.000000E+00  0.329289E+05  0.658572E+06
  0.226235E+00  0.639646E+06  0.635074E+06  0.000000E+00  0.000000E+00  0.297657E+05  0.625669E+06
  0.233903E+00  0.612020E+06  0.607809E+06  0.000000E+00  0.000000E+00  0.270885E+05  0.598644E+06
  0.241832E+00  0.588578E+06  0.584842E+06  0.000000E+00  0.000000E+00  0.247706E+05  0.575739E+06
  0.250029E+00  0.565972E+06  0.562648E+06  0.000000E+00  0.000000E+00  0.226405E+05  0.553646E+06
  0.258503E+00  0.541586E+06  0.538484E+06  0.000000E+00  0.000000E+00  0.205848E+05  0.529781E+06
  0.267265E+00  0.514707E+06  0.511633E+06  0.000000E+00  0.000000E+00  0.185804E+05  0.503445E+06
  0.276324E+00  0.486983E+06  0.483862E+06  0.000000E+00  0.000000E+00  0.166905E+05  0.476273E+06
  0.285690E+00  0.461362E+06  0.458266E+06  0.000000E+00  0.000000E+00  0.150081E+05  0.451175E+06
  0.295374E+00  0.439404E+06  0.436477E+06  0.000000E+00  0.000000E+00  0.135633E+05  0.429689E+06
  0.305386E+00  0.420489E+06  0.417821E+06  0.000000E+00  0.000000E+00  0.123127E+05  0.411200E+06
  0.315736E+00  0.402444E+06  0.400006E+06  0.000000E+00  0.000000E+00  0.111755E+05  0.393560E+06
  0.326438E+00  0.383486E+06  0.381167E+06  0.000000E+00  0.000000E+00  0.100953E+05  0.375009E+06
  0.337503E+00  0.363737E+06  0.361454E+06  0.000000E+00  0.000000E+00  0.907446E+04  0.355672E+06
  0.348943E+00  0.344811E+06  0.342575E+06  0.000000E+00  0.000000E+00  0.814980E+04  0.337144E+06
  0.360770E+00  0.328008E+06  0.325889E+06  0.000000E+00  0.000000E+00  0.734302E+04  0.320707E+06
  0.372999E+00  0.312945E+06  0.310982E+06  0.000000E+00  0.000000E+00  0.663390E+04  0.305981E+06
  0.385642E+00  0.298257E+06  0.296418E+06  0.000000E+00  0.000000E+00  0.598513E+04  0.291618E+06
  0.398713E+00  0.283316E+06  0.281546E+06  0.000000E+00  0.000000E+00  0.538025E+04  0.276999E+06
  0.412227E+00  0.268765E+06  0.267052E+06  0.000000E+00  0.000000E+00  0.482865E+04  0.262761E+06
  0.426200E+00  0.255416E+06  0.253791E+06  0.000000E+00  0.000000E+00  0.434028E+04  0.249705E+06
  0.440646E+00  0.243122E+06  0.241598E+06  0.000000E+00  0.000000E+00  0.390660E+04  0.237685E+06
  0.455581E+00  0.231160E+06  0.229717E+06  0.000000E+00  0.000000E+00  0.351136E+04  0.225987E+06
  0.471024E+00  0.219407E+06  0.218024E+06  0.000000E+00  0.000000E+00  0.314979E+04  0.214491E+06
  0.486989E+00  0.208293E+06  0.206974E+06  0.000000E+00  0.000000E+00  0.282531E+04  0.203621E+06
  0.503496E+00  0.197946E+06  0.196701E+06  0.000000E+00  0.000000E+00  0.253626E+04  0.193504E+06
  0.520561E+00  0.188038E+06  0.186859E+06  0.000000E+00  0.000000E+00  0.227531E+04  0.183816E+06
  0.538206E+00  0.178453E+06  0.177329E+06  0.000000E+00  0.000000E+00  0.203872E+04  0.174443E+06
  0.556448E+00  0.169376E+06  0.168308E+06  0.000000E+00  0.000000E+00  0.182652E+04  0.165568E+06
  0.575309E+00  0.160811E+06  0.159800E+06  0.000000E+00  0.000000E+00  0.163653E+04  0.157194E+06
  0.594809E+00  0.152607E+06  0.151648E+06  0.000000E+00  0.000000E+00  0.146528E+04  0.149173E+06
  0.614971E+00  0.144777E+06  0.143865E+06  0.000000E+00  0.000000E+00  0.131123E+04  0.141516E+06
  0.635816E+00  0.137363E+06  0.136499E+06  0.000000E+00  0.000000E+00  0.117326E+04  0.134268E+06
  0.657366E+00  0.130305E+06  0.129486E+06  0.000000E+00  0.000000E+00  0.104937E+04  0.127368E+06
  0.679648E+00  0.123577E+06  0.122800E+06  0.000000E+00  0.000000E+00  0.938126E+03  0.120791E+06
  0.702684E+00  0.117193E+06  0.116456E+06  0.000000E+00  0.000000E+00  0.838467E+03  0.114549E+06
  0.726502E+00  0.111121E+06  0.110422E+06  0.000000E+00  0.000000E+00  0.749121E+03  0.108613E+06
  0.751127E+00  0.105346E+06  0.104683E+06  0.000000E+00  0.000000E+00  0.669048E+03  0.102967E+06
  0.776587E+00  0.998608E+05  0.992327E+05  0.000000E+00  0.000000E+00  0.597354E+03  0.976053E+05
  0.802909E+00  0.946466E+05  0.940514E+05  0.000000E+00  0.000000E+00  0.533156E+03  0.925082E+05
  0.830124E+00  0.896934E+05  0.891293E+05  0.000000E+00  0.000000E+00  0.475705E+03  0.876662E+05
  0.858261E+00  0.849889E+05  0.844545E+05  0.000000E+00  0.000000E+00  0.424315E+03  0.830676E+05
  0.887352E+00  0.805206E+05  0.800143E+05  0.000000E+00  0.000000E+00  0.378356E+03  0.786998E+05
  0.917428E+00  0.762787E+05  0.757991E+05  0.000000E+00  0.000000E+00  0.337277E+03  0.745533E+05
  0.948525E+00  0.722513E+05  0.717970E+05  0.000000E+00  0.000000E+00  0.300567E+03  0.706166E+05
  0.980675E+00  0.684285E+05  0.679983E+05  0.000000E+00  0.000000E+00  0.267776E+03  0.668799E+05
  0.101392E+01  0.648000E+05  0.643926E+05  0.000000E+00  0.000000E+00  0.238492E+03  0.633333E+05
  0.104828E+01  0.613565E+05  0.609708E+05  0.000000E+00  0.000000E+00  0.212350E+03  0.599674E+05
  0.108381E+01  0.580892E+05  0.577240E+05  0.000000E+00  0.000000E+00  0.189021E+03  0.567738E+05
  0.112055E+01  0.549896E+05  0.546439E+05  0.000000E+00  0.000000E+00  0.168209E+03  0.537442E+05
  0.115853E+01  0.520499E+05  0.517227E+05  0.000000E+00  0.000000E+00  0.149650E+03  0.508708E+05
  0.119780E+01  0.492619E+05  0.489523E+05  0.000000E+00  0.000000E+00  0.133103E+03  0.481458E+05
  0.123840E+01  0.466184E+05  0.463254E+05  0.000000E+00  0.000000E+00  0.118357E+03  0.455621E+05
  0.128038E+01  0.441120E+05  0.438347E+05  0.000000E+00  0.000000E+00  0.105217E+03  0.431123E+05
  0.132377E+01  0.417360E+05  0.414736E+05  0.000000E+00  0.000000E+00  0.935133E+02  0.407900E+05
  0.136864E+01  0.394838E+05  0.392357E+05  0.000000E+00  0.000000E+00  0.830916E+02  0.385888E+05
  0.141503E+01  0.373495E+05  0.371148E+05  0.000000E+00  0.000000E+00  0.738142E+02  0.365027E+05
  0.146300E+01  0.353269E+05  0.351049E+05  0.000000E+00  0.000000E+00  0.655572E+02  0.345259E+05
  0.151258E+01  0.334105E+05  0.332005E+05  0.000000E+00  0.000000E+00  0.582106E+02  0.326528E+05
  0.156385E+01  0.315949E+05  0.313963E+05  0.000000E+00  0.000000E+00  0.516757E+02  0.308783E+05
  0.161686E+01  0.298752E+05  0.296875E+05  0.000000E+00  0.000000E+00  0.458648E+02  0.291976E+05
  0.167166E+01  0.282466E+05  0.280690E+05  0.000000E+00  0.000000E+00  0.406987E+02  0.276058E+05
  0.172833E+01  0.267042E+05  0.265364E+05  0.000000E+00  0.000000E+00  0.361070E+02  0.260984E+05
  0.178691E+01  0.252437E+05  0.250851E+05  0.000000E+00  0.000000E+00  0.320271E+02  0.246710E+05
  0.184748E+01  0.238610E+05  0.237110E+05  0.000000E+00  0.000000E+00  0.284023E+02  0.233196E+05
  0.191009E+01  0.225519E+05  0.224102E+05  0.000000E+00  0.000000E+00  0.251830E+02  0.220402E+05
  0.197484E+01  0.213128E+05  0.211788E+05  0.000000E+00  0.000000E+00  0.223241E+02  0.208291E+05
  0.204177E+01  0.201400E+05  0.200134E+05  0.000000E+00  0.000000E+00  0.197862E+02  0.196829E+05
  0.211098E+01  0.190301E+05  0.189105E+05  0.000000E+00  0.000000E+00  0.175336E+02  0.185982E+05
  0.218253E+01  0.179800E+05  0.178670E+05  0.000000E+00  0.000000E+00  0.155348E+02  0.175719E+05
  0.225651E+01  0.169863E+05  0.168796E+05  0.000000E+00  0.000000E+00  0.137615E+02  0.166008E+05
  0.233299E+01  0.160463E+05  0.159455E+05  0.000000E+00  0.000000E+00  0.121885E+02  0.156821E+05
  0.241207E+01  0.151571E+05  0.150618E+05  0.000000E+00  0.000000E+00  0.107935E+02  0.148130E+05
  0.249383E+01  0.143160E+05  0.142260E+05  0.000000E+00  0.000000E+00  0.955659E+01  0.139910E+05
  0.257836E+01  0.135205E+05  0.134355E+05  0.000000E+00  0.000000E+00  0.846003E+01  0.132135E+05
  0.266575E+01  0.127682E+05  0.126879E+05  0.000000E+00  0.000000E+00  0.748817E+01  0.124783E+05
  0.275611E+01  0.120569E+05  0.119811E+05  0.000000E+00  0.000000E+00  0.662697E+01  0.117831E+05
  0.284953E+01  0.113843E+05  0.113128E+05  0.000000E+00  0.000000E+00  0.586398E+01  0.111259E+05
  0.294611E+01  0.107485E+05  0.106810E+05  0.000000E+00  0.000000E+00  0.518804E+01  0.105045E+05
  0.304597E+01  0.101475E+05  0.100837E+05  0.000000E+00  0.000000E+00  0.458939E+01  0.991706E+04
  0.314921E+01  0.957930E+04  0.951909E+04  0.000000E+00  0.000000E+00  0.405922E+01  0.936180E+04
  0.325596E+01  0.904231E+04  0.898546E+04  0.000000E+00  0.000000E+00  0.358980E+01  0.883699E+04
  0.336632E+01  0.853485E+04  0.848120E+04  0.000000E+00  0.000000E+00  0.317428E+01  0.834105E+04
  0.348042E+01  0.805532E+04  0.800468E+04  0.000000E+00  0.000000E+00  0.280648E+01  0.787240E+04
  0.359839E+01  0.760222E+04  0.755442E+04  0.000000E+00  0.000000E+00  0.248101E+01  0.742958E+04
  0.372036E+01  0.717409E+04  0.712898E+04  0.000000E+00  0.000000E+00  0.219298E+01  0.701117E+04
  0.384646E+01  0.676962E+04  0.672705E+04  0.000000E+00  0.000000E+00  0.193818E+01  0.661589E+04
  0.397683E+01  0.638753E+04  0.634736E+04  0.000000E+00  0.000000E+00  0.171276E+01  0.624247E+04
  0.411163E+01  0.602665E+04  0.598874E+04  0.000000E+00  0.000000E+00  0.151340E+01  0.588978E+04
  0.425099E+01  0.568578E+04  0.565002E+04  0.000000E+00  0.000000E+00  0.133709E+01  0.555666E+04
  0.439508E+01  0.536386E+04  0.533011E+04  0.000000E+00  0.000000E+00  0.118119E+01  0.524204E+04
  0.454405E+01  0.505982E+04  0.502799E+04  0.000000E+00  0.000000E+00  0.104335E+01  0.494491E+04
  0.469808E+01  0.477273E+04  0.474270E+04  0.000000E+00  0.000000E+00  0.921507E+00  0.466434E+04
  0.485732E+01  0.450168E+04  0.447335E+04  0.000000E+00  0.000000E+00  0.813809E+00  0.439944E+04
  0.502196E+01  0.424576E+04  0.421904E+04  0.000000E+00  0.000000E+00  0.718632E+00  0.414933E+04
  0.519217E+01  0.400416E+04  0.397895E+04  0.000000E+00  0.000000E+00  0.634515E+00  0.391321E+04
  0.536817E+01  0.377606E+04  0.375229E+04  0.000000E+00  0.000000E+00  0.560191E+00  0.369029E+04
  0.555012E+01  0.356077E+04  0.353834E+04  0.000000E+00  0.000000E+00  0.494530E+00  0.347989E+04
  0.573824E+01  0.335756E+04  0.333641E+04  0.000000E+00  0.000000E+00  0.436528E+00  0.328129E+04
  0.593274E+01  0.316577E+04  0.314583E+04  0.000000E+00  0.000000E+00  0.385287E+00  0.309386E+04
  0.613383E+01  0.298476E+04  0.296596E+04  0.000000E+00  0.000000E+00  0.340037E+00  0.291697E+04
  0.634174E+01  0.281395E+04  0.279622E+04  0.000000E+00  0.000000E+00  0.300075E+00  0.275003E+04
  0.655669E+01  0.265278E+04  0.263605E+04  0.000000E+00  0.000000E+00  0.264788E+00  0.259252E+04
  0.677893E+01  0.250071E+04  0.248494E+04  0.000000E+00  0.000000E+00  0.233630E+00  0.244390E+04
  0.700870E+01  0.235722E+04  0.234235E+04  0.000000E+00  0.000000E+00  0.206122E+00  0.230367E+04
  0.724626E+01  0.222185E+04  0.220783E+04  0.000000E+00  0.000000E+00  0.181841E+00  0.217137E+04
  0.749188E+01  0.209414E+04  0.208092E+04  0.000000E+00  0.000000E+00  0.160405E+00  0.204657E+04
  0.774582E+01  0.197368E+04  0.196122E+04  0.000000E+00  0.000000E+00  0.141488E+00  0.192884E+04
  0.800836E+01  0.186005E+04  0.184830E+04  0.000000E+00  0.000000E+00  0.124794E+00  0.181780E+04
  0.827981E+01  0.175288E+04  0.174180E+04  0.000000E+00  0.000000E+00  0.110059E+00  0.171305E+04
  0.856045E+01  0.165180E+04  0.164136E+04  0.000000E+00  0.000000E+00  0.970568E-01  0.161427E+04
  0.885061E+01  0.155647E+04  0.154663E+04  0.000000E+00  0.000000E+00  0.855869E-01  0.152111E+04
  0.915060E+01  0.146658E+04  0.145730E+04  0.000000E+00  0.000000E+00  0.754680E-01  0.143326E+04
  0.946076E+01  0.138181E+04  0.137306E+04  0.000000E+00  0.000000E+00  0.665390E-01  0.135041E+04
  0.978143E+01  0.130188E+04  0.129363E+04  0.000000E+00  0.000000E+00  0.586640E-01  0.127230E+04
  0.101130E+02  0.122651E+04  0.121874E+04  0.000000E+00  0.000000E+00  0.517175E-01  0.119864E+04
  0.104558E+02  0.115546E+04  0.114813E+04  0.000000E+00  0.000000E+00  0.455901E-01  0.112920E+04
  0.108102E+02  0.108847E+04  0.108156E+04  0.000000E+00  0.000000E+00  0.401875E-01  0.106374E+04
  0.111766E+02  0.102532E+04  0.101881E+04  0.000000E+00  0.000000E+00  0.354229E-01  0.100202E+04
  0.115554E+02  0.965791E+03  0.959648E+03  0.000000E+00  0.000000E+00  0.312209E-01  0.943841E+03
  0.119471E+02  0.909679E+03  0.903888E+03  0.000000E+00  0.000000E+00  0.275163E-01  0.889004E+03
  0.123520E+02  0.856789E+03  0.851330E+03  0.000000E+00  0.000000E+00  0.242495E-01  0.837315E+03
  0.127707E+02  0.806937E+03  0.801791E+03  0.000000E+00  0.000000E+00  0.213695E-01  0.788596E+03
  0.132036E+02  0.759957E+03  0.755104E+03  0.000000E+00  0.000000E+00  0.188302E-01  0.742682E+03
  0.136511E+02  0.715680E+03  0.711106E+03  0.000000E+00  0.000000E+00  0.165922E-01  0.699411E+03
  0.141138E+02  0.673955E+03  0.669641E+03  0.000000E+00  0.000000E+00  0.146193E-01  0.658633E+03
  0.145922E+02  0.634636E+03  0.630569E+03  0.000000E+00  0.000000E+00  0.128803E-01  0.620208E+03
  0.150868E+02  0.597588E+03  0.593753E+03  0.000000E+00  0.000000E+00  0.113480E-01  0.584001E+03
  0.155982E+02  0.562677E+03  0.559061E+03  0.000000E+00  0.000000E+00  0.999705E-02  0.549883E+03
  0.161269E+02  0.529788E+03  0.526377E+03  0.000000E+00  0.000000E+00  0.880693E-02  0.517740E+03
  0.166735E+02  0.498799E+03  0.495582E+03  0.000000E+00  0.000000E+00  0.775769E-02  0.487455E+03
  0.172386E+02  0.469604E+03  0.466570E+03  0.000000E+00  0.000000E+00  0.683304E-02  0.458924E+03
  0.178229E+02  0.442102E+03  0.439240E+03  0.000000E+00  0.000000E+00  0.601878E-02  0.432046E+03
  0.184270E+02  0.416194E+03  0.413494E+03  0.000000E+00  0.000000E+00  0.530105E-02  0.406726E+03
  0.190516E+02  0.391789E+03  0.389241E+03  0.000000E+00  0.000000E+00  0.466891E-02  0.382875E+03
  0.196974E+02  0.368801E+03  0.366398E+03  0.000000E+00  0.000000E+00  0.411175E-02  0.360410E+03
  0.203650E+02  0.347149E+03  0.344880E+03  0.000000E+00  0.000000E+00  0.362113E-02  0.339249E+03
  0.210553E+02  0.326756E+03  0.324615E+03  0.000000E+00  0.000000E+00  0.318866E-02  0.319319E+03
  0.217690E+02  0.307549E+03  0.305528E+03  0.000000E+00  0.000000E+00  0.280785E-02  0.300549E+03
  0.225069E+02  0.289461E+03  0.287553E+03  0.000000E+00  0.000000E+00  0.247245E-02  0.282871E+03
  0.232697E+02  0.272427E+03  0.270625E+03  0.000000E+00  0.000000E+00  0.217701E-02  0.266224E+03
  0.240585E+02  0.256386E+03  0.254684E+03  0.000000E+00  0.000000E+00  0.191685E-02  0.250547E+03
  0.248739E+02  0.241281E+03  0.239673E+03  0.000000E+00  0.000000E+00  0.168758E-02  0.235785E+03
  0.257170E+02  0.227057E+03  0.225539E+03  0.000000E+00  0.000000E+00  0.148581E-02  0.221884E+03
  0.265887E+02  0.213665E+03  0.212230E+03  0.000000E+00  0.000000E+00  0.130809E-02  0.208796E+03
  0.274899E+02  0.201055E+03  0.199698E+03  0.000000E+00  0.000000E+00  0.115144E-02  0.196472E+03
  0.284217E+02  0.189183E+03  0.187900E+03  0.000000E+00  0.000000E+00  0.101368E-02  0.184870E+03
  0.293851E+02  0.178005E+03  0.176792E+03  0.000000E+00  0.000000E+00  0.892320E-03  0.173946E+03
  0.303811E+02  0.167483E+03  0.166335E+03  0.000000E+00  0.000000E+00  0.785427E-03  0.163663E+03
  0.314108E+02  0.157576E+03  0.156491E+03  0.000000E+00  0.000000E+00  0.691364E-03  0.153981E+03
  0.324755E+02  0.148251E+03  0.147223E+03  0.000000E+00  0.000000E+00  0.608523E-03  0.144868E+03
  0.335763E+02  0.139473E+03  0.138499E+03  0.000000E+00  0.000000E+00  0.535506E-03  0.136288E+03
  0.347144E+02  0.131209E+03  0.130288E+03  0.000000E+00  0.000000E+00  0.471303E-03  0.128213E+03
  0.358910E+02  0.123432E+03  0.122558E+03  0.000000E+00  0.000000E+00  0.414801E-03  0.120612E+03
  0.371075E+02  0.116111E+03  0.115283E+03  0.000000E+00  0.000000E+00  0.365055E-03  0.113457E+03
  0.383653E+02  0.109221E+03  0.108436E+03  0.000000E+00  0.000000E+00  0.321222E-03  0.106724E+03
  0.396657E+02  0.102736E+03  0.101991E+03  0.000000E+00  0.000000E+00  0.282687E-03  0.100386E+03
  0.410101E+02  0.966330E+02  0.959255E+02  0.000000E+00  0.000000E+00  0.248707E-03  0.944213E+02
  0.424002E+02  0.908893E+02  0.902173E+02  0.000000E+00  0.000000E+00  0.218900E-03  0.888079E+02
  0.438373E+02  0.854841E+02  0.848455E+02  0.000000E+00  0.000000E+00  0.192565E-03  0.835255E+02
  0.453232E+02  0.803976E+02  0.797903E+02  0.000000E+00  0.000000E+00  0.169457E-03  0.785544E+02
  0.468594E+02  0.756111E+02  0.750334E+02  0.000000E+00  0.000000E+00  0.149076E-03  0.738765E+02
  0.484478E+02  0.711071E+02  0.705571E+02  0.000000E+00  0.000000E+00  0.131166E-03  0.694747E+02
  0.500899E+02  0.668691E+02  0.663452E+02  0.000000E+00  0.000000E+00  0.115393E-03  0.653329E+02
  0.517877E+02  0.628814E+02  0.623820E+02  0.000000E+00  0.000000E+00  0.101502E-03  0.614357E+02
  0.535430E+02  0.591295E+02  0.586531E+02  0.000000E+00  0.000000E+00  0.892824E-04  0.577689E+02
  0.553579E+02  0.555994E+02  0.551447E+02  0.000000E+00  0.000000E+00  0.785406E-04  0.543190E+02
  0.572343E+02  0.522782E+02  0.518438E+02  0.000000E+00  0.000000E+00  0.690905E-04  0.510730E+02
  0.591742E+02  0.491536E+02  0.487383E+02  0.000000E+00  0.000000E+00  0.607799E-04  0.480194E+02
  0.611800E+02  0.462140E+02  0.458167E+02  0.000000E+00  0.000000E+00  0.534490E-04  0.451465E+02
  0.632536E+02  0.434487E+02  0.430682E+02  0.000000E+00  0.000000E+00  0.470181E-04  0.424439E+02
  0.653977E+02  0.408472E+02  0.404825E+02  0.000000E+00  0.000000E+00  0.413491E-04  0.399014E+02
  0.676143E+02  0.384001E+02  0.380503E+02  0.000000E+00  0.000000E+00  0.363665E-04  0.375097E+02
  0.699061E+02  0.360981E+02  0.357622E+02  0.000000E+00  0.000000E+00  0.319671E-04  0.352599E+02
  0.722756E+02  0.339328E+02  0.336100E+02  0.000000E+00  0.000000E+00  0.281173E-04  0.331437E+02
  0.747254E+02  0.318960E+02  0.315856E+02  0.000000E+00  0.000000E+00  0.247157E-04  0.311531E+02
  0.772582E+02  0.299803E+02  0.296814E+02  0.000000E+00  0.000000E+00  0.217381E-04  0.292809E+02
  0.798769E+02  0.281784E+02  0.278904E+02  0.000000E+00  0.000000E+00  0.191171E-04  0.275198E+02
  0.825843E+02  0.264837E+02  0.262059E+02  0.000000E+00  0.000000E+00  0.168068E-04  0.258635E+02
  0.853835E+02  0.248898E+02  0.246215E+02  0.000000E+00  0.000000E+00  0.147781E-04  0.243058E+02
  0.882775E+02  0.233907E+02  0.231314E+02  0.000000E+00  0.000000E+00  0.129844E-04  0.228407E+02
  0.912698E+02  0.219809E+02  0.217300E+02  0.000000E+00  0.000000E+00  0.114105E-04  0.214628E+02
  0.943633E+02  0.206551E+02  0.204122E+02  0.000000E+00  0.000000E+00  0.100435E-04  0.201671E+02
  0.975619E+02  0.194083E+02  0.191727E+02  0.000000E+00  0.000000E+00  0.881964E-05  0.189485E+02
  0.100869E+03  0.182358E+02  0.180072E+02  0.000000E+00  0.000000E+00  0.776089E-05  0.178026E+02
  0.104288E+03  0.171333E+02  0.169112E+02  0.000000E+00  0.000000E+00  0.681937E-05  0.167250E+02
  0.107822E+03  0.160965E+02  0.158806E+02  0.000000E+00  0.000000E+00  0.599378E-05  0.157117E+02
  0.111477E+03  0.151216E+02  0.149114E+02  0.000000E+00  0.000000E+00  0.526376E-05  0.147589E+02
  0.115256E+03  0.142049E+02  0.140002E+02  0.000000E+00  0.000000E+00  0.462536E-05  0.138630E+02
  0.119162E+03  0.133430E+02  0.131433E+02  0.000000E+00  0.000000E+00  0.406314E-05  0.130206E+02
  0.123201E+03  0.125326E+02  0.123377E+02  0.000000E+00  0.000000E+00  0.357246E-05  0.122286E+02
  0.127377E+03  0.117706E+02  0.115802E+02  0.000000E+00  0.000000E+00  0.313539E-05  0.114838E+02
  0.131695E+03  0.110542E+02  0.108681E+02  0.000000E+00  0.000000E+00  0.275765E-05  0.107837E+02
  0.136158E+03  0.103807E+02  0.101985E+02  0.000000E+00  0.000000E+00  0.241927E-05  0.101254E+02
  0.140773E+03  0.974751E+01  0.956906E+01  0.000000E+00  0.000000E+00  0.212714E-05  0.950657E+01
  0.145545E+03  0.915220E+01  0.897728E+01  0.000000E+00  0.000000E+00  0.186724E-05  0.892474E+01
  0.150478E+03  0.859260E+01  0.842100E+01  0.000000E+00  0.000000E+00  0.164099E-05  0.837782E+01
  0.155579E+03  0.806653E+01  0.789808E+01  0.000000E+00  0.000000E+00  0.143864E-05  0.786368E+01
  0.160852E+03  0.757199E+01  0.740651E+01  0.000000E+00  0.000000E+00  0.126399E-05  0.738035E+01
  0.166304E+03  0.710715E+01  0.694448E+01  0.000000E+00  0.000000E+00  0.111012E-05  0.692604E+01
  0.171941E+03  0.667021E+01  0.651022E+01  0.000000E+00  0.000000E+00  0.975914E-06  0.649902E+01
  0.177769E+03  0.625951E+01  0.610206E+01  0.000000E+00  0.000000E+00  0.855442E-06  0.609764E+01
  0.183795E+03  0.587348E+01  0.571845E+01  0.000000E+00  0.000000E+00  0.749934E-06  0.572038E+01
  0.190025E+03  0.551067E+01  0.535795E+01  0.000000E+00  0.000000E+00  0.659447E-06  0.536582E+01
  0.196465E+03  0.516970E+01  0.501919E+01  0.000000E+00  0.000000E+00  0.578369E-06  0.503260E+01
  0.203124E+03  0.484925E+01  0.470087E+01  0.000000E+00  0.000000E+00  0.508560E-06  0.471945E+01
