  0.106157E-04  0.255559E+06  0.255559E+06  0.340743E+06  0.340743E+06  0.261373E+06  0.255820E+06
  0.109755E-04  0.255559E+06  0.255559E+06  0.340743E+06  0.340743E+06  0.261373E+06  0.255820E+06
  0.113475E-04  0.255559E+06  0.255559E+06  0.340743E+06  0.340743E+06  0.261373E+06  0.255820E+06
  0.117321E-04  0.255559E+06  0.255559E+06  0.340743E+06  0.340742E+06  0.261373E+06  0.255820E+06
  0.121298E-04  0.255559E+06  0.255559E+06  0.340742E+06  0.340742E+06  0.261373E+06  0.255820E+06
  0.125409E-04  0.255559E+06  0.255559E+06  0.340742E+06  0.340742E+06  0.261373E+06  0.255820E+06
  0.129660E-04  0.255559E+06  0.255559E+06  0.340742E+06  0.340742E+06  0.261373E+06  0.255820E+06
  0.134055E-04  0.255559E+06  0.255559E+06  0.340742E+06  0.340742E+06  0.261373E+06  0.255820E+06
  0.138599E-04  0.255559E+06  0.255559E+06  0.340742E+06  0.340741E+06  0.261373E+06  0.255820E+06
  0.143296E-04  0.255559E+06  0.255558E+06  0.340742E+06  0.340741E+06  0.261373E+06  0.255820E+06
  0.148154E-04  0.255558E+06  0.255558E+06  0.340741E+06  0.340741E+06  0.261373E+06  0.255820E+06
  0.153175E-04  0.255558E+06  0.255558E+06  0.340741E+06  0.340741E+06  0.261373E+06  0.255820E+06
  0.158367E-04  0.255558E+06  0.255558E+06  0.340741E+06  0.340740E+06  0.261373E+06  0.255820E+06
  0.163735E-04  0.255558E+06  0.255558E+06  0.340740E+06  0.340740E+06  0.261373E+06  0.255820E+06
  0.169285E-04  0.255558E+06  0.255558E+06  0.340740E+06  0.340740E+06  0.261372E+06  0.255820E+06
  0.175023E-04  0.255558E+06  0.255558E+06  0.340740E+06  0.340739E+06  0.261372E+06  0.255820E+06
  0.180955E-04  0.255558E+06  0.255558E+06  0.340740E+06  0.340739E+06  0.261372E+06  0.255820E+06
  0.187089E-04  0.255558E+06  0.255558E+06  0.340739E+06  0.340738E+06  0.261372E+06  0.255820E+06
  0.193430E-04  0.255558E+06  0.255558E+06  0.340739E+06  0.340738E+06  0.261372E+06  0.255820E+06
  0.199986E-04  0.255558E+06  0.255558E+06  0.340738E+06  0.340738E+06  0.261372E+06  0.255820E+06
  0.206765E-04  0.255558E+06  0.255558E+06  0.340738E+06  0.340737E+06  0.261372E+06  0.255819E+06
  0.213773E-04  0.255558E+06  0.255558E+06  0.340737E+06  0.340737E+06  0.261372E+06  0.255819E+06
  0.221019E-04  0.255558E+06  0.255558E+06  0.340737E+06  0.340736E+06  0.261372E+06  0.255819E+06
  0.228511E-04  0.255558E+06  0.255558E+06  0.340736E+06  0.340735E+06  0.261371E+06  0.255819E+06
  0.236256E-04  0.255558E+06  0.255558E+06  0.340736E+06  0.340735E+06  0.261371E+06  0.255819E+06
  0.244264E-04  0.255558E+06  0.255558E+06  0.340735E+06  0.340734E+06  0.261371E+06  0.255819E+06
  0.252543E-04  0.255558E+06  0.255558E+06  0.340734E+06  0.340733E+06  0.261371E+06  0.255819E+06
  0.261103E-04  0.255558E+06  0.255558E+06  0.340734E+06  0.340732E+06  0.261371E+06  0.255819E+06
  0.269953E-04  0.255558E+06  0.255558E+06  0.340733E+06  0.340732E+06  0.261370E+06  0.255819E+06
  0.279103E-04  0.255558E+06  0.255558E+06  0.340732E+06  0.340731E+06  0.261370E+06  0.255819E+06
  0.288564E-04  0.255558E+06  0.255558E+06  0.340731E+06  0.340730E+06  0.261370E+06  0.255819E+06
  0.298345E-04  0.255558E+06  0.255558E+06  0.340730E+06  0.340729E+06  0.261370E+06  0.255819E+06
  0.308457E-04  0.255558E+06  0.255558E+06  0.340729E+06  0.340728E+06  0.261369E+06  0.255819E+06
  0.318912E-04  0.255558E+06  0.255558E+06  0.340728E+06  0.340726E+06  0.261369E+06  0.255819E+06
  0.329722E-04  0.255558E+06  0.255558E+06  0.340727E+06  0.340725E+06  0.261369E+06  0.255819E+06
  0.340898E-04  0.255558E+06  0.255558E+06  0.340726E+06  0.340724E+06  0.261368E+06  0.255819E+06
  0.352452E-04  0.255558E+06  0.255558E+06  0.340724E+06  0.340722E+06  0.261368E+06  0.255819E+06
  0.364399E-04  0.255558E+06  0.255558E+06  0.340723E+06  0.340721E+06  0.261368E+06  0.255819E+06
  0.376750E-04  0.255558E+06  0.255558E+06  0.340722E+06  0.340719E+06  0.261367E+06  0.255819E+06
  0.389520E-04  0.255558E+06  0.255558E+06  0.340720E+06  0.340717E+06  0.261367E+06  0.255819E+06
  0.402723E-04  0.255558E+06  0.255558E+06  0.340718E+06  0.340715E+06  0.261366E+06  0.255818E+06
  0.416373E-04  0.255558E+06  0.255557E+06  0.340716E+06  0.340713E+06  0.261366E+06  0.255818E+06
  0.430486E-04  0.255557E+06  0.255557E+06  0.340714E+06  0.340711E+06  0.261365E+06  0.255818E+06
  0.445078E-04  0.255557E+06  0.255557E+06  0.340712E+06  0.340709E+06  0.261365E+06  0.255818E+06
  0.460164E-04  0.255557E+06  0.255557E+06  0.340710E+06  0.340706E+06  0.261364E+06  0.255818E+06
  0.475761E-04  0.255557E+06  0.255557E+06  0.340708E+06  0.340704E+06  0.261363E+06  0.255818E+06
  0.491887E-04  0.255557E+06  0.255557E+06  0.340705E+06  0.340701E+06  0.261363E+06  0.255818E+06
  0.508560E-04  0.255557E+06  0.255557E+06  0.340702E+06  0.340698E+06  0.261362E+06  0.255818E+06
  0.525797E-04  0.255557E+06  0.255557E+06  0.340700E+06  0.340695E+06  0.261361E+06  0.255818E+06
  0.543619E-04  0.255557E+06  0.255557E+06  0.340696E+06  0.340691E+06  0.261360E+06  0.255817E+06
  0.562045E-04  0.255557E+06  0.255556E+06  0.340693E+06  0.340688E+06  0.261359E+06  0.255817E+06
  0.581096E-04  0.255557E+06  0.255556E+06  0.340689E+06  0.340684E+06  0.261358E+06  0.255817E+06
  0.600792E-04  0.255556E+06  0.255556E+06  0.340686E+06  0.340679E+06  0.261357E+06  0.255817E+06
  0.621156E-04  0.255556E+06  0.255556E+06  0.340682E+06  0.340675E+06  0.261356E+06  0.255817E+06
  0.642210E-04  0.255556E+06  0.255556E+06  0.340677E+06  0.340670E+06  0.261355E+06  0.255816E+06
  0.663978E-04  0.255556E+06  0.255556E+06  0.340673E+06  0.340665E+06  0.261353E+06  0.255816E+06
  0.686484E-04  0.255556E+06  0.255555E+06  0.340668E+06  0.340659E+06  0.261352E+06  0.255816E+06
  0.709752E-04  0.255556E+06  0.255555E+06  0.340662E+06  0.340654E+06  0.261350E+06  0.255816E+06
  0.733809E-04  0.255555E+06  0.255555E+06  0.340657E+06  0.340647E+06  0.261349E+06  0.255815E+06
  0.758682E-04  0.255555E+06  0.255555E+06  0.340650E+06  0.340640E+06  0.261347E+06  0.255815E+06
  0.784397E-04  0.255555E+06  0.255554E+06  0.340644E+06  0.340633E+06  0.261345E+06  0.255815E+06
  0.810985E-04  0.255555E+06  0.255554E+06  0.340637E+06  0.340626E+06  0.261343E+06  0.255814E+06
  0.838473E-04  0.255554E+06  0.255554E+06  0.340630E+06  0.340617E+06  0.261341E+06  0.255814E+06
  0.866893E-04  0.255554E+06  0.255553E+06  0.340622E+06  0.340609E+06  0.261339E+06  0.255814E+06
  0.896277E-04  0.255554E+06  0.255553E+06  0.340613E+06  0.340599E+06  0.261336E+06  0.255813E+06
  0.926656E-04  0.255553E+06  0.255553E+06  0.340604E+06  0.340589E+06  0.261334E+06  0.255813E+06
  0.958065E-04  0.255553E+06  0.255552E+06  0.340594E+06  0.340578E+06  0.261331E+06  0.255812E+06
  0.990539E-04  0.255553E+06  0.255552E+06  0.340584E+06  0.340567E+06  0.261328E+06  0.255812E+06
  0.102411E-03  0.255552E+06  0.255551E+06  0.340573E+06  0.340555E+06  0.261325E+06  0.255811E+06
  0.105883E-03  0.255552E+06  0.255551E+06  0.340561E+06  0.340542E+06  0.261322E+06  0.255811E+06
  0.109471E-03  0.255551E+06  0.255550E+06  0.340548E+06  0.340528E+06  0.261318E+06  0.255810E+06
  0.113182E-03  0.255551E+06  0.255550E+06  0.340535E+06  0.340513E+06  0.261314E+06  0.255809E+06
  0.117018E-03  0.255550E+06  0.255549E+06  0.340520E+06  0.340497E+06  0.261310E+06  0.255809E+06
  0.120985E-03  0.255550E+06  0.255548E+06  0.340505E+06  0.340480E+06  0.261306E+06  0.255808E+06
  0.125085E-03  0.255549E+06  0.255548E+06  0.340488E+06  0.340461E+06  0.261301E+06  0.255807E+06
  0.129325E-03  0.255548E+06  0.255547E+06  0.340471E+06  0.340442E+06  0.261296E+06  0.255806E+06
  0.133709E-03  0.255547E+06  0.255546E+06  0.340452E+06  0.340421E+06  0.261291E+06  0.255805E+06
  0.138241E-03  0.255547E+06  0.255545E+06  0.340431E+06  0.340398E+06  0.261285E+06  0.255804E+06
  0.142927E-03  0.255546E+06  0.255544E+06  0.340410E+06  0.340375E+06  0.261279E+06  0.255803E+06
  0.147771E-03  0.255545E+06  0.255543E+06  0.340387E+06  0.340349E+06  0.261272E+06  0.255802E+06
  0.152780E-03  0.255544E+06  0.255542E+06  0.340362E+06  0.340322E+06  0.261265E+06  0.255801E+06
  0.157958E-03  0.255543E+06  0.255541E+06  0.340336E+06  0.340293E+06  0.261258E+06  0.255799E+06
  0.163312E-03  0.255542E+06  0.255540E+06  0.340308E+06  0.340262E+06  0.261250E+06  0.255798E+06
  0.168848E-03  0.255541E+06  0.255539E+06  0.340277E+06  0.340228E+06  0.261241E+06  0.255796E+06
  0.174571E-03  0.255540E+06  0.255537E+06  0.340245E+06  0.340193E+06  0.261232E+06  0.255795E+06
  0.180488E-03  0.255538E+06  0.255536E+06  0.340211E+06  0.340155E+06  0.261222E+06  0.255793E+06
  0.186606E-03  0.255537E+06  0.255534E+06  0.340174E+06  0.340114E+06  0.261212E+06  0.255791E+06
  0.192931E-03  0.255535E+06  0.255532E+06  0.340135E+06  0.340071E+06  0.261201E+06  0.255789E+06
  0.199470E-03  0.255534E+06  0.255531E+06  0.340093E+06  0.340024E+06  0.261189E+06  0.255787E+06
  0.206231E-03  0.255532E+06  0.255529E+06  0.340048E+06  0.339974E+06  0.261176E+06  0.255785E+06
  0.213221E-03  0.255530E+06  0.255527E+06  0.340000E+06  0.339921E+06  0.261162E+06  0.255783E+06
  0.220448E-03  0.255528E+06  0.255524E+06  0.339948E+06  0.339865E+06  0.261148E+06  0.255780E+06
  0.227921E-03  0.255526E+06  0.255522E+06  0.339894E+06  0.339804E+06  0.261132E+06  0.255777E+06
  0.235646E-03  0.255524E+06  0.255520E+06  0.339835E+06  0.339739E+06  0.261116E+06  0.255774E+06
  0.243633E-03  0.255522E+06  0.255517E+06  0.339772E+06  0.339670E+06  0.261098E+06  0.255771E+06
  0.251891E-03  0.255519E+06  0.255514E+06  0.339705E+06  0.339596E+06  0.261079E+06  0.255768E+06
  0.260429E-03  0.255516E+06  0.255511E+06  0.339634E+06  0.339517E+06  0.261059E+06  0.255764E+06
  0.269256E-03  0.255513E+06  0.255508E+06  0.339557E+06  0.339433E+06  0.261037E+06  0.255761E+06
  0.278383E-03  0.255510E+06  0.255504E+06  0.339476E+06  0.339342E+06  0.261014E+06  0.255756E+06
  0.287819E-03  0.255507E+06  0.255500E+06  0.339388E+06  0.339246E+06  0.260989E+06  0.255752E+06
  0.297574E-03  0.255503E+06  0.255496E+06  0.339295E+06  0.339143E+06  0.260962E+06  0.255747E+06
  0.307661E-03  0.255500E+06  0.255492E+06  0.339195E+06  0.339032E+06  0.260934E+06  0.255742E+06
  0.318089E-03  0.255496E+06  0.255487E+06  0.339088E+06  0.338915E+06  0.260904E+06  0.255737E+06
  0.328871E-03  0.255491E+06  0.255482E+06  0.338975E+06  0.338789E+06  0.260871E+06  0.255731E+06
  0.340018E-03  0.255487E+06  0.255477E+06  0.338853E+06  0.338654E+06  0.260837E+06  0.255725E+06
  0.351543E-03  0.255482E+06  0.255472E+06  0.338723E+06  0.338511E+06  0.260800E+06  0.255719E+06
  0.363458E-03  0.255476E+06  0.255466E+06  0.338584E+06  0.338357E+06  0.260760E+06  0.255712E+06
  0.375778E-03  0.255471E+06  0.255459E+06  0.338435E+06  0.338193E+06  0.260718E+06  0.255704E+06
  0.388515E-03  0.255464E+06  0.255452E+06  0.338276E+06  0.338018E+06  0.260673E+06  0.255696E+06
  0.401683E-03  0.255458E+06  0.255445E+06  0.338107E+06  0.337831E+06  0.260625E+06  0.255688E+06
  0.415298E-03  0.255451E+06  0.255437E+06  0.337926E+06  0.337630E+06  0.260573E+06  0.255679E+06
  0.429375E-03  0.255444E+06  0.255429E+06  0.337732E+06  0.337417E+06  0.260518E+06  0.255669E+06
  0.443929E-03  0.255436E+06  0.255420E+06  0.337525E+06  0.337188E+06  0.260459E+06  0.255659E+06
  0.458976E-03  0.255427E+06  0.255410E+06  0.337304E+06  0.336944E+06  0.260396E+06  0.255648E+06
  0.474533E-03  0.255418E+06  0.255400E+06  0.337068E+06  0.336684E+06  0.260329E+06  0.255636E+06
  0.490617E-03  0.255409E+06  0.255389E+06  0.336816E+06  0.336405E+06  0.260257E+06  0.255623E+06
  0.507247E-03  0.255398E+06  0.255377E+06  0.336546E+06  0.336108E+06  0.260181E+06  0.255610E+06
  0.524440E-03  0.255387E+06  0.255365E+06  0.336259E+06  0.335791E+06  0.260099E+06  0.255595E+06
  0.542216E-03  0.255375E+06  0.255352E+06  0.335951E+06  0.335451E+06  0.260011E+06  0.255580E+06
  0.560594E-03  0.255363E+06  0.255337E+06  0.335623E+06  0.335089E+06  0.259918E+06  0.255563E+06
  0.579596E-03  0.255349E+06  0.255322E+06  0.335272E+06  0.334703E+06  0.259818E+06  0.255545E+06
  0.599241E-03  0.255335E+06  0.255306E+06  0.334898E+06  0.334290E+06  0.259711E+06  0.255527E+06
  0.619552E-03  0.255319E+06  0.255288E+06  0.334498E+06  0.333849E+06  0.259597E+06  0.255506E+06
  0.640552E-03  0.255303E+06  0.255270E+06  0.334071E+06  0.333378E+06  0.259475E+06  0.255485E+06
  0.662264E-03  0.255285E+06  0.255250E+06  0.333615E+06  0.332875E+06  0.259344E+06  0.255462E+06
  0.684711E-03  0.255267E+06  0.255229E+06  0.333129E+06  0.332339E+06  0.259205E+06  0.255437E+06
  0.707920E-03  0.255247E+06  0.255206E+06  0.332609E+06  0.331766E+06  0.259057E+06  0.255411E+06
  0.731915E-03  0.255225E+06  0.255182E+06  0.332054E+06  0.331155E+06  0.258898E+06  0.255383E+06
  0.756723E-03  0.255202E+06  0.255156E+06  0.331462E+06  0.330503E+06  0.258728E+06  0.255353E+06
  0.782372E-03  0.255178E+06  0.255128E+06  0.330831E+06  0.329808E+06  0.258547E+06  0.255321E+06
  0.808891E-03  0.255152E+06  0.255099E+06  0.330156E+06  0.329065E+06  0.258354E+06  0.255287E+06
  0.836308E-03  0.255124E+06  0.255067E+06  0.329437E+06  0.328274E+06  0.258147E+06  0.255250E+06
  0.864655E-03  0.255094E+06  0.255033E+06  0.328670E+06  0.327429E+06  0.257927E+06  0.255211E+06
  0.893963E-03  0.255062E+06  0.254997E+06  0.327851E+06  0.326529E+06  0.257691E+06  0.255169E+06
  0.924264E-03  0.255028E+06  0.254959E+06  0.326978E+06  0.325569E+06  0.257440E+06  0.255124E+06
  0.955592E-03  0.254991E+06  0.254918E+06  0.326047E+06  0.324546E+06  0.257172E+06  0.255077E+06
  0.987981E-03  0.254952E+06  0.254874E+06  0.325055E+06  0.323455E+06  0.256885E+06  0.255026E+06
  0.102147E-02  0.254911E+06  0.254826E+06  0.323996E+06  0.322293E+06  0.256580E+06  0.254972E+06
  0.105609E-02  0.254866E+06  0.254776E+06  0.322869E+06  0.321054E+06  0.256254E+06  0.254914E+06
  0.109189E-02  0.254819E+06  0.254723E+06  0.321667E+06  0.319736E+06  0.255905E+06  0.254852E+06
  0.112890E-02  0.254768E+06  0.254665E+06  0.320387E+06  0.318331E+06  0.255534E+06  0.254785E+06
  0.116716E-02  0.254714E+06  0.254604E+06  0.319023E+06  0.316836E+06  0.255138E+06  0.254715E+06
  0.120672E-02  0.254656E+06  0.254539E+06  0.317571E+06  0.315246E+06  0.254715E+06  0.254639E+06
  0.124763E-02  0.254594E+06  0.254469E+06  0.316025E+06  0.313553E+06  0.254264E+06  0.254559E+06
  0.128991E-02  0.254528E+06  0.254394E+06  0.314380E+06  0.311753E+06  0.253784E+06  0.254473E+06
  0.133364E-02  0.254458E+06  0.254315E+06  0.312629E+06  0.309838E+06  0.253271E+06  0.254381E+06
  0.137884E-02  0.254383E+06  0.254230E+06  0.310768E+06  0.307804E+06  0.252725E+06  0.254283E+06
  0.142558E-02  0.254303E+06  0.254139E+06  0.308788E+06  0.305643E+06  0.252143E+06  0.254178E+06
  0.147390E-02  0.254217E+06  0.254042E+06  0.306685E+06  0.303348E+06  0.251522E+06  0.254067E+06
  0.152385E-02  0.254125E+06  0.253938E+06  0.304450E+06  0.300912E+06  0.250861E+06  0.253948E+06
  0.157550E-02  0.254028E+06  0.253828E+06  0.302076E+06  0.298328E+06  0.250157E+06  0.253821E+06
  0.162891E-02  0.253924E+06  0.253710E+06  0.299557E+06  0.295588E+06  0.249408E+06  0.253685E+06
  0.168412E-02  0.253812E+06  0.253584E+06  0.296885E+06  0.292684E+06  0.248610E+06  0.253541E+06
  0.174120E-02  0.253694E+06  0.253450E+06  0.294051E+06  0.289609E+06  0.247760E+06  0.253387E+06
  0.180022E-02  0.253567E+06  0.253307E+06  0.291048E+06  0.286354E+06  0.246857E+06  0.253222E+06
  0.186124E-02  0.253432E+06  0.253154E+06  0.287867E+06  0.282911E+06  0.245896E+06  0.253047E+06
  0.192432E-02  0.253288E+06  0.252991E+06  0.284501E+06  0.279273E+06  0.244874E+06  0.252861E+06
  0.198955E-02  0.253135E+06  0.252817E+06  0.280940E+06  0.275430E+06  0.243788E+06  0.252662E+06
  0.205699E-02  0.252971E+06  0.252631E+06  0.277177E+06  0.271376E+06  0.242635E+06  0.252450E+06
  0.212671E-02  0.252797E+06  0.252433E+06  0.273203E+06  0.267102E+06  0.241410E+06  0.252225E+06
  0.219879E-02  0.252610E+06  0.252222E+06  0.269010E+06  0.262602E+06  0.240109E+06  0.251984E+06
  0.227332E-02  0.252412E+06  0.251998E+06  0.264590E+06  0.257867E+06  0.238730E+06  0.251729E+06
  0.235038E-02  0.252201E+06  0.251758E+06  0.259935E+06  0.252892E+06  0.237267E+06  0.251457E+06
  0.243004E-02  0.251976E+06  0.251503E+06  0.255039E+06  0.247671E+06  0.235717E+06  0.251167E+06
  0.251241E-02  0.251737E+06  0.251231E+06  0.249894E+06  0.242199E+06  0.234075E+06  0.250859E+06
  0.259757E-02  0.251481E+06  0.250941E+06  0.244494E+06  0.236471E+06  0.232337E+06  0.250532E+06
  0.268561E-02  0.251210E+06  0.250633E+06  0.238835E+06  0.230486E+06  0.230498E+06  0.250184E+06
  0.277664E-02  0.250921E+06  0.250304E+06  0.232913E+06  0.224241E+06  0.228555E+06  0.249814E+06
  0.287076E-02  0.250614E+06  0.249955E+06  0.226724E+06  0.217738E+06  0.226503E+06  0.249421E+06
  0.296806E-02  0.250287E+06  0.249583E+06  0.220268E+06  0.210977E+06  0.224337E+06  0.249004E+06
  0.306866E-02  0.249940E+06  0.249188E+06  0.213546E+06  0.203963E+06  0.222054E+06  0.248562E+06
  0.317268E-02  0.249570E+06  0.248768E+06  0.206558E+06  0.196704E+06  0.219648E+06  0.248093E+06
  0.328021E-02  0.249178E+06  0.248321E+06  0.199311E+06  0.189207E+06  0.217117E+06  0.247595E+06
  0.339140E-02  0.248762E+06  0.247846E+06  0.191812E+06  0.181486E+06  0.214456E+06  0.247069E+06
  0.350635E-02  0.248320E+06  0.247342E+06  0.184070E+06  0.173556E+06  0.211662E+06  0.246511E+06
  0.362520E-02  0.247851E+06  0.246806E+06  0.176100E+06  0.165435E+06  0.208733E+06  0.245920E+06
  0.374807E-02  0.247354E+06  0.246238E+06  0.167917E+06  0.157145E+06  0.205665E+06  0.245296E+06
  0.387512E-02  0.246827E+06  0.245636E+06  0.159542E+06  0.148714E+06  0.202456E+06  0.244636E+06
  0.400646E-02  0.246268E+06  0.244997E+06  0.150999E+06  0.140172E+06  0.199105E+06  0.243939E+06
  0.414226E-02  0.245677E+06  0.244320E+06  0.142317E+06  0.131553E+06  0.195612E+06  0.243203E+06
  0.428266E-02  0.245052E+06  0.243604E+06  0.133529E+06  0.122896E+06  0.191977E+06  0.242427E+06
  0.442783E-02  0.244391E+06  0.242845E+06  0.124673E+06  0.114243E+06  0.188201E+06  0.241610E+06
  0.457791E-02  0.243692E+06  0.242042E+06  0.115790E+06  0.105641E+06  0.184285E+06  0.240750E+06
  0.473308E-02  0.242955E+06  0.241194E+06  0.106927E+06  0.971397E+05  0.180234E+06  0.239845E+06
  0.489350E-02  0.242176E+06  0.240298E+06  0.981355E+05  0.887929E+05  0.176052E+06  0.238894E+06
  0.505937E-02  0.241356E+06  0.239351E+06  0.894696E+05  0.806554E+05  0.171745E+06  0.237896E+06
  0.523086E-02  0.240492E+06  0.238353E+06  0.809877E+05  0.727841E+05  0.167321E+06  0.236849E+06
  0.540816E-02  0.239582E+06  0.237301E+06  0.727510E+05  0.652359E+05  0.162788E+06  0.235753E+06
  0.559147E-02  0.238625E+06  0.236192E+06  0.648224E+05  0.580669E+05  0.158158E+06  0.234606E+06
  0.578099E-02  0.237620E+06  0.235026E+06  0.572652E+05  0.513306E+05  0.153442E+06  0.233408E+06
  0.597694E-02  0.236565E+06  0.233799E+06  0.501421E+05  0.450762E+05  0.148655E+06  0.232156E+06
  0.617953E-02  0.235459E+06  0.232511E+06  0.435131E+05  0.393468E+05  0.143811E+06  0.230852E+06
  0.638899E-02  0.234300E+06  0.231158E+06  0.374338E+05  0.341774E+05  0.138929E+06  0.229494E+06
  0.660554E-02  0.233088E+06  0.229739E+06  0.319534E+05  0.295931E+05  0.134027E+06  0.228081E+06
  0.682944E-02  0.231821E+06  0.228253E+06  0.271118E+05  0.256068E+05  0.129123E+06  0.226615E+06
  0.706092E-02  0.230498E+06  0.226698E+06  0.229382E+05  0.222179E+05  0.124240E+06  0.225093E+06
  0.730025E-02  0.229118E+06  0.225071E+06  0.194479E+05  0.194109E+05  0.119398E+06  0.223517E+06
  0.754769E-02  0.227682E+06  0.223373E+06  0.166404E+05  0.171546E+05  0.114618E+06  0.221886E+06
  0.780352E-02  0.226187E+06  0.221600E+06  0.144980E+05  0.154021E+05  0.109922E+06  0.220202E+06
  0.806802E-02  0.224633E+06  0.219752E+06  0.129839E+05  0.140916E+05  0.105331E+06  0.218463E+06
  0.834149E-02  0.223021E+06  0.217828E+06  0.120419E+05  0.131483E+05  0.100863E+06  0.216671E+06
  0.862423E-02  0.221350E+06  0.215827E+06  0.115968E+05  0.124876E+05  0.965361E+05  0.214825E+06
  0.891655E-02  0.219620E+06  0.213747E+06  0.115562E+05  0.120188E+05  0.923654E+05  0.212927E+06
  0.921878E-02  0.217830E+06  0.211588E+06  0.118131E+05  0.116509E+05  0.883626E+05  0.210977E+06
  0.953125E-02  0.215982E+06  0.209348E+06  0.122504E+05  0.112983E+05  0.845361E+05  0.208974E+06
  0.985431E-02  0.214074E+06  0.207028E+06  0.127468E+05  0.108872E+05  0.808905E+05  0.206920E+06
  0.101883E-01  0.212108E+06  0.204626E+06  0.131839E+05  0.103621E+05  0.774261E+05  0.204814E+06
  0.105337E-01  0.210083E+06  0.202141E+06  0.134542E+05  0.969119E+04  0.741389E+05  0.202656E+06
  0.108907E-01  0.208000E+06  0.199574E+06  0.134693E+05  0.887007E+04  0.710210E+05  0.200446E+06
  0.112598E-01  0.205859E+06  0.196923E+06  0.131684E+05  0.792305E+04  0.680605E+05  0.198183E+06
  0.116415E-01  0.203659E+06  0.194188E+06  0.125249E+05  0.690111E+04  0.652428E+05  0.195867E+06
  0.120361E-01  0.201402E+06  0.191368E+06  0.115504E+05  0.587633E+04  0.625510E+05  0.193496E+06
  0.124440E-01  0.199088E+06  0.188463E+06  0.102963E+05  0.493250E+04  0.599673E+05  0.191072E+06
  0.128658E-01  0.196716E+06  0.185471E+06  0.884980E+04  0.415277E+04  0.574739E+05  0.188591E+06
  0.133019E-01  0.194287E+06  0.182394E+06  0.732591E+04  0.360574E+04  0.550548E+05  0.186055E+06
  0.137528E-01  0.191801E+06  0.179229E+06  0.585422E+04  0.333180E+04  0.526966E+05  0.183461E+06
  0.142189E-01  0.189257E+06  0.175978E+06  0.456208E+04  0.333272E+04  0.503896E+05  0.180810E+06
  0.147009E-01  0.186656E+06  0.172641E+06  0.355560E+04  0.356691E+04  0.481286E+05  0.178102E+06
  0.151992E-01  0.183999E+06  0.169217E+06  0.290173E+04  0.395270E+04  0.459126E+05  0.175337E+06
  0.157144E-01  0.181283E+06  0.165705E+06  0.000000E+00  0.000000E+00  0.437433E+05  0.172514E+06
  0.162470E-01  0.178511E+06  0.162109E+06  0.000000E+00  0.000000E+00  0.416284E+05  0.169634E+06
  0.167977E-01  0.175684E+06  0.158430E+06  0.000000E+00  0.000000E+00  0.395764E+05  0.166700E+06
  0.173671E-01  0.172803E+06  0.154670E+06  0.000000E+00  0.000000E+00  0.375955E+05  0.163713E+06
  0.179557E-01  0.169868E+06  0.150832E+06  0.000000E+00  0.000000E+00  0.356918E+05  0.160674E+06
  0.185643E-01  0.166880E+06  0.146919E+06  0.000000E+00  0.000000E+00  0.338688E+05  0.157584E+06
  0.191936E-01  0.163841E+06  0.142934E+06  0.000000E+00  0.000000E+00  0.321260E+05  0.154446E+06
  0.198441E-01  0.160752E+06  0.138884E+06  0.000000E+00  0.000000E+00  0.304592E+05  0.151261E+06
  0.205168E-01  0.157615E+06  0.134772E+06  0.000000E+00  0.000000E+00  0.288614E+05  0.148031E+06
  0.212122E-01  0.154432E+06  0.130607E+06  0.000000E+00  0.000000E+00  0.273242E+05  0.144759E+06
  0.219312E-01  0.151206E+06  0.126395E+06  0.000000E+00  0.000000E+00  0.258392E+05  0.141447E+06
  0.226745E-01  0.147940E+06  0.122145E+06  0.000000E+00  0.000000E+00  0.244000E+05  0.138099E+06
  0.234431E-01  0.144636E+06  0.117867E+06  0.000000E+00  0.000000E+00  0.230027E+05  0.134719E+06
  0.242377E-01  0.141299E+06  0.113573E+06  0.000000E+00  0.000000E+00  0.216461E+05  0.131312E+06
  0.250592E-01  0.137933E+06  0.109275E+06  0.000000E+00  0.000000E+00  0.203313E+05  0.127883E+06
  0.259086E-01  0.134542E+06  0.104986E+06  0.000000E+00  0.000000E+00  0.190597E+05  0.124438E+06
  0.267868E-01  0.131133E+06  0.100722E+06  0.000000E+00  0.000000E+00  0.178330E+05  0.120984E+06
  0.276947E-01  0.127709E+06  0.964988E+05  0.000000E+00  0.000000E+00  0.166518E+05  0.117528E+06
  0.286334E-01  0.124279E+06  0.923350E+05  0.000000E+00  0.000000E+00  0.155168E+05  0.114079E+06
  0.296040E-01  0.120849E+06  0.882493E+05  0.000000E+00  0.000000E+00  0.144292E+05  0.110645E+06
  0.306074E-01  0.117426E+06  0.842618E+05  0.000000E+00  0.000000E+00  0.133917E+05  0.107235E+06
  0.316449E-01  0.114018E+06  0.803934E+05  0.000000E+00  0.000000E+00  0.124081E+05  0.103860E+06
  0.327175E-01  0.110635E+06  0.766659E+05  0.000000E+00  0.000000E+00  0.114830E+05  0.100530E+06
  0.338264E-01  0.107779E+06  0.735856E+05  0.000000E+00  0.000000E+00  0.987268E+04  0.976924E+05
  0.349730E-01  0.104491E+06  0.702213E+05  0.000000E+00  0.000000E+00  0.911552E+04  0.945047E+05
  0.361584E-01  0.101254E+06  0.670615E+05  0.000000E+00  0.000000E+00  0.841242E+04  0.913946E+05
  0.373840E-01  0.980383E+05  0.640842E+05  0.000000E+00  0.000000E+00  0.775798E+04  0.883337E+05
  0.386511E-01  0.948871E+05  0.613414E+05  0.000000E+00  0.000000E+00  0.715205E+04  0.853649E+05
  0.399612E-01  0.918155E+05  0.588542E+05  0.000000E+00  0.000000E+00  0.659134E+04  0.825033E+05
  0.413157E-01  0.888346E+05  0.566364E+05  0.000000E+00  0.000000E+00  0.607170E+04  0.797599E+05
  0.427161E-01  0.859539E+05  0.546969E+05  0.000000E+00  0.000000E+00  0.558917E+04  0.771435E+05
  0.441639E-01  0.828738E+05  0.527363E+05  0.000000E+00  0.000000E+00  0.542596E+04  0.743807E+05
  0.456609E-01  0.802023E+05  0.513434E+05  0.000000E+00  0.000000E+00  0.499466E+04  0.720225E+05
  0.472086E-01  0.776433E+05  0.502118E+05  0.000000E+00  0.000000E+00  0.460118E+04  0.697983E+05
  0.488087E-01  0.751951E+05  0.493193E+05  0.000000E+00  0.000000E+00  0.424652E+04  0.677030E+05
  0.504631E-01  0.728530E+05  0.486354E+05  0.000000E+00  0.000000E+00  0.392820E+04  0.657277E+05
  0.521736E-01  0.706118E+05  0.481235E+05  0.000000E+00  0.000000E+00  0.363990E+04  0.638620E+05
  0.539420E-01  0.686394E+05  0.479113E+05  0.000000E+00  0.000000E+00  0.327585E+04  0.622547E+05
  0.557704E-01  0.665770E+05  0.476051E+05  0.000000E+00  0.000000E+00  0.302191E+04  0.605657E+05
  0.576607E-01  0.645885E+05  0.473224E+05  0.000000E+00  0.000000E+00  0.278231E+04  0.589396E+05
  0.596151E-01  0.626637E+05  0.470072E+05  0.000000E+00  0.000000E+00  0.256302E+04  0.573593E+05
  0.616357E-01  0.607910E+05  0.466027E+05  0.000000E+00  0.000000E+00  0.236779E+04  0.558062E+05
  0.637249E-01  0.588352E+05  0.459337E+05  0.000000E+00  0.000000E+00  0.225591E+04  0.541473E+05
  0.658849E-01  0.570203E+05  0.451838E+05  0.000000E+00  0.000000E+00  0.208216E+04  0.525833E+05
  0.681181E-01  0.552114E+05  0.441913E+05  0.000000E+00  0.000000E+00  0.190898E+04  0.509837E+05
  0.704269E-01  0.533927E+05  0.429240E+05  0.000000E+00  0.000000E+00  0.174442E+04  0.493311E+05
  0.728140E-01  0.515877E+05  0.414012E+05  0.000000E+00  0.000000E+00  0.158270E+04  0.476468E+05
  0.752820E-01  0.497268E+05  0.395707E+05  0.000000E+00  0.000000E+00  0.144934E+04  0.458686E+05
  0.778338E-01  0.478434E+05  0.374962E+05  0.000000E+00  0.000000E+00  0.131680E+04  0.440320E+05
  0.804719E-01  0.459458E+05  0.352351E+05  0.000000E+00  0.000000E+00  0.118902E+04  0.421534E+05
  0.831996E-01  0.440467E+05  0.328649E+05  0.000000E+00  0.000000E+00  0.107759E+04  0.402563E+05
  0.860197E-01  0.421619E+05  0.304781E+05  0.000000E+00  0.000000E+00  0.979501E+03  0.383682E+05
  0.889353E-01  0.403092E+05  0.281752E+05  0.000000E+00  0.000000E+00  0.882907E+03  0.365194E+05
  0.919498E-01  0.385091E+05  0.260584E+05  0.000000E+00  0.000000E+00  0.791897E+03  0.347434E+05
  0.950664E-01  0.367861E+05  0.242236E+05  0.000000E+00  0.000000E+00  0.714485E+03  0.330757E+05
  0.982887E-01  0.351666E+05  0.227500E+05  0.000000E+00  0.000000E+00  0.644172E+03  0.315501E+05
  0.101620E+00  0.336744E+05  0.216861E+05  0.000000E+00  0.000000E+00  0.580600E+03  0.301933E+05
  0.105065E+00  0.323215E+05  0.210351E+05  0.000000E+00  0.000000E+00  0.528218E+03  0.290156E+05
  0.108626E+00  0.311027E+05  0.207454E+05  0.000000E+00  0.000000E+00  0.482157E+03  0.280040E+05
  0.112308E+00  0.299945E+05  0.207138E+05  0.000000E+00  0.000000E+00  0.442487E+03  0.271230E+05
  0.116114E+00  0.289638E+05  0.208006E+05  0.000000E+00  0.000000E+00  0.404504E+03  0.263228E+05
  0.120050E+00  0.279759E+05  0.208540E+05  0.000000E+00  0.000000E+00  0.370414E+03  0.255510E+05
  0.124119E+00  0.270008E+05  0.207334E+05  0.000000E+00  0.000000E+00  0.340420E+03  0.247605E+05
  0.128326E+00  0.260122E+05  0.203290E+05  0.000000E+00  0.000000E+00  0.308131E+03  0.239120E+05
  0.132676E+00  0.249874E+05  0.195798E+05  0.000000E+00  0.000000E+00  0.280075E+03  0.229779E+05
  0.137173E+00  0.239143E+05  0.184919E+05  0.000000E+00  0.000000E+00  0.251510E+03  0.219493E+05
  0.141822E+00  0.228011E+05  0.171495E+05  0.000000E+00  0.000000E+00  0.227611E+03  0.208469E+05
  0.146629E+00  0.216787E+05  0.157044E+05  0.000000E+00  0.000000E+00  0.201289E+03  0.197200E+05
  0.151600E+00  0.205895E+05  0.143398E+05  0.000000E+00  0.000000E+00  0.180335E+03  0.186330E+05
  0.156738E+00  0.195722E+05  0.132212E+05  0.000000E+00  0.000000E+00  0.160109E+03  0.176435E+05
  0.162051E+00  0.186522E+05  0.124524E+05  0.000000E+00  0.000000E+00  0.143765E+03  0.167893E+05
  0.167543E+00  0.178405E+05  0.120502E+05  0.000000E+00  0.000000E+00  0.129888E+03  0.160816E+05
  0.173222E+00  0.171294E+05  0.119346E+05  0.000000E+00  0.000000E+00  0.118736E+03  0.155010E+05
  0.179094E+00  0.164885E+05  0.119447E+05  0.000000E+00  0.000000E+00  0.106746E+03  0.149967E+05
  0.185164E+00  0.158711E+05  0.118859E+05  0.000000E+00  0.000000E+00  0.976857E+02  0.144996E+05
  0.191440E+00  0.152335E+05  0.116008E+05  0.000000E+00  0.000000E+00  0.885416E+02  0.139489E+05
  0.197929E+00  0.145540E+05  0.110313E+05  0.000000E+00  0.000000E+00  0.797479E+02  0.133178E+05
  0.204638E+00  0.138407E+05  0.102423E+05  0.000000E+00  0.000000E+00  0.708127E+02  0.126235E+05
  0.211574E+00  0.131265E+05  0.939359E+04  0.000000E+00  0.000000E+00  0.630344E+02  0.119186E+05
  0.218745E+00  0.124522E+05  0.866725E+04  0.000000E+00  0.000000E+00  0.564044E+02  0.112657E+05
  0.226160E+00  0.118486E+05  0.818377E+04  0.000000E+00  0.000000E+00  0.497521E+02  0.107089E+05
  0.233826E+00  0.113242E+05  0.794725E+04  0.000000E+00  0.000000E+00  0.451181E+02  0.102557E+05
  0.241751E+00  0.108567E+05  0.784111E+04  0.000000E+00  0.000000E+00  0.410211E+02  0.986916E+04
  0.249945E+00  0.104057E+05  0.769603E+04  0.000000E+00  0.000000E+00  0.368864E+02  0.948916E+04
  0.258417E+00  0.994152E+04  0.739528E+04  0.000000E+00  0.000000E+00  0.329849E+02  0.907281E+04
  0.267176E+00  0.945486E+04  0.693580E+04  0.000000E+00  0.000000E+00  0.297726E+02  0.861239E+04
  0.276232E+00  0.896651E+04  0.642795E+04  0.000000E+00  0.000000E+00  0.263835E+02  0.814257E+04
  0.285595E+00  0.851194E+04  0.601311E+04  0.000000E+00  0.000000E+00  0.235114E+02  0.771490E+04
  0.295275E+00  0.810745E+04  0.575185E+04  0.000000E+00  0.000000E+00  0.206810E+02  0.735229E+04
  0.305284E+00  0.774460E+04  0.559080E+04  0.000000E+00  0.000000E+00  0.187775E+02  0.703923E+04
  0.315631E+00  0.739686E+04  0.541488E+04  0.000000E+00  0.000000E+00  0.167813E+02  0.673560E+04
  0.326330E+00  0.704364E+04  0.515164E+04  0.000000E+00  0.000000E+00  0.151965E+02  0.641315E+04
  0.337391E+00  0.668743E+04  0.483000E+04  0.000000E+00  0.000000E+00  0.134167E+02  0.607861E+04
  0.348827E+00  0.634755E+04  0.453838E+04  0.000000E+00  0.000000E+00  0.120172E+02  0.576197E+04
  0.360650E+00  0.603877E+04  0.432865E+04  0.000000E+00  0.000000E+00  0.106791E+02  0.548348E+04
  0.372875E+00  0.575471E+04  0.416657E+04  0.000000E+00  0.000000E+00  0.955107E+01  0.523241E+04
  0.385513E+00  0.547913E+04  0.398530E+04  0.000000E+00  0.000000E+00  0.855039E+01  0.498486E+04
  0.398580E+00  0.520519E+04  0.376715E+04  0.000000E+00  0.000000E+00  0.756222E+01  0.473246E+04
  0.412090E+00  0.494114E+04  0.355417E+04  0.000000E+00  0.000000E+00  0.682214E+01  0.448874E+04
  0.426058E+00  0.469595E+04  0.338160E+04  0.000000E+00  0.000000E+00  0.610053E+01  0.426661E+04
  0.440499E+00  0.446689E+04  0.323284E+04  0.000000E+00  0.000000E+00  0.533138E+01  0.406117E+04
  0.455430E+00  0.424523E+04  0.307457E+04  0.000000E+00  0.000000E+00  0.483405E+01  0.385999E+04
  0.470867E+00  0.403008E+04  0.290897E+04  0.000000E+00  0.000000E+00  0.431434E+01  0.366272E+04
  0.486827E+00  0.382645E+04  0.275944E+04  0.000000E+00  0.000000E+00  0.379386E+01  0.347722E+04
  0.503328E+00  0.363519E+04  0.262751E+04  0.000000E+00  0.000000E+00  0.339349E+01  0.330441E+04
  0.520388E+00  0.345216E+04  0.249670E+04  0.000000E+00  0.000000E+00  0.304639E+01  0.313827E+04
  0.538027E+00  0.327624E+04  0.236594E+04  0.000000E+00  0.000000E+00  0.270646E+01  0.297774E+04
  0.556263E+00  0.310949E+04  0.224540E+04  0.000000E+00  0.000000E+00  0.239327E+01  0.282616E+04
  0.575118E+00  0.295156E+04  0.213344E+04  0.000000E+00  0.000000E+00  0.211453E+01  0.268296E+04
  0.594612E+00  0.280058E+04  0.202378E+04  0.000000E+00  0.000000E+00  0.191307E+01  0.254563E+04
  0.614766E+00  0.265675E+04  0.191906E+04  0.000000E+00  0.000000E+00  0.168618E+01  0.241476E+04
  0.635604E+00  0.252036E+04  0.182126E+04  0.000000E+00  0.000000E+00  0.151243E+01  0.229090E+04
  0.657148E+00  0.239051E+04  0.172749E+04  0.000000E+00  0.000000E+00  0.132258E+01  0.217288E+04
  0.679422E+00  0.226690E+04  0.163786E+04  0.000000E+00  0.000000E+00  0.119304E+01  0.206047E+04
  0.702451E+00  0.214952E+04  0.155330E+04  0.000000E+00  0.000000E+00  0.105955E+01  0.195382E+04
  0.726261E+00  0.203791E+04  0.147265E+04  0.000000E+00  0.000000E+00  0.941880E+00  0.185237E+04
  0.750877E+00  0.193180E+04  0.139593E+04  0.000000E+00  0.000000E+00  0.844015E+00  0.175591E+04
  0.776328E+00  0.183101E+04  0.132319E+04  0.000000E+00  0.000000E+00  0.739807E+00  0.166431E+04
  0.802642E+00  0.173522E+04  0.125395E+04  0.000000E+00  0.000000E+00  0.658043E+00  0.157724E+04
  0.829848E+00  0.164424E+04  0.118823E+04  0.000000E+00  0.000000E+00  0.588364E+00  0.149454E+04
  0.857975E+00  0.155784E+04  0.112581E+04  0.000000E+00  0.000000E+00  0.516476E+00  0.141601E+04
  0.887057E+00  0.147579E+04  0.106652E+04  0.000000E+00  0.000000E+00  0.458289E+00  0.134143E+04
  0.917123E+00  0.139790E+04  0.101026E+04  0.000000E+00  0.000000E+00  0.409874E+00  0.127063E+04
  0.948209E+00  0.132397E+04  0.956832E+03  0.000000E+00  0.000000E+00  0.361434E+00  0.120343E+04
  0.980349E+00  0.125380E+04  0.906132E+03  0.000000E+00  0.000000E+00  0.319137E+00  0.113965E+04
  0.101358E+01  0.118720E+04  0.858012E+03  0.000000E+00  0.000000E+00  0.285503E+00  0.107912E+04
  0.104793E+01  0.112401E+04  0.812350E+03  0.000000E+00  0.000000E+00  0.257477E+00  0.102168E+04
  0.108345E+01  0.106405E+04  0.769030E+03  0.000000E+00  0.000000E+00  0.221998E+00  0.967182E+03
  0.112018E+01  0.100718E+04  0.727937E+03  0.000000E+00  0.000000E+00  0.197241E+00  0.915492E+03
  0.115815E+01  0.953255E+03  0.688968E+03  0.000000E+00  0.000000E+00  0.174774E+00  0.866473E+03
  0.119740E+01  0.902117E+03  0.652015E+03  0.000000E+00  0.000000E+00  0.155625E+00  0.819992E+03
  0.123799E+01  0.853634E+03  0.616979E+03  0.000000E+00  0.000000E+00  0.137972E+00  0.775923E+03
  0.127995E+01  0.807669E+03  0.583763E+03  0.000000E+00  0.000000E+00  0.121586E+00  0.734143E+03
  0.132333E+01  0.764102E+03  0.552279E+03  0.000000E+00  0.000000E+00  0.107963E+00  0.694542E+03
  0.136819E+01  0.722810E+03  0.522439E+03  0.000000E+00  0.000000E+00  0.973862E-01  0.657010E+03
  0.141456E+01  0.683682E+03  0.494163E+03  0.000000E+00  0.000000E+00  0.865329E-01  0.621445E+03
  0.146251E+01  0.646606E+03  0.467369E+03  0.000000E+00  0.000000E+00  0.757783E-01  0.587744E+03
  0.151208E+01  0.611480E+03  0.441983E+03  0.000000E+00  0.000000E+00  0.665627E-01  0.555816E+03
  0.156333E+01  0.578206E+03  0.417936E+03  0.000000E+00  0.000000E+00  0.595817E-01  0.525572E+03
  0.161632E+01  0.546694E+03  0.395161E+03  0.000000E+00  0.000000E+00  0.514717E-01  0.496928E+03
  0.167111E+01  0.516852E+03  0.373594E+03  0.000000E+00  0.000000E+00  0.456902E-01  0.469803E+03
  0.172775E+01  0.488593E+03  0.353170E+03  0.000000E+00  0.000000E+00  0.415890E-01  0.444117E+03
  0.178631E+01  0.461838E+03  0.333833E+03  0.000000E+00  0.000000E+00  0.365840E-01  0.419798E+03
  0.184686E+01  0.436509E+03  0.315527E+03  0.000000E+00  0.000000E+00  0.315854E-01  0.396774E+03
  0.190946E+01  0.412532E+03  0.298198E+03  0.000000E+00  0.000000E+00  0.280985E-01  0.374981E+03
  0.197418E+01  0.389837E+03  0.281794E+03  0.000000E+00  0.000000E+00  0.247663E-01  0.354352E+03
  0.204110E+01  0.368360E+03  0.266271E+03  0.000000E+00  0.000000E+00  0.221886E-01  0.334830E+03
  0.211028E+01  0.348037E+03  0.251582E+03  0.000000E+00  0.000000E+00  0.192889E-01  0.316357E+03
  0.218181E+01  0.328809E+03  0.237685E+03  0.000000E+00  0.000000E+00  0.172515E-01  0.298879E+03
  0.225576E+01  0.310618E+03  0.224536E+03  0.000000E+00  0.000000E+00  0.150732E-01  0.282344E+03
  0.233222E+01  0.293410E+03  0.212098E+03  0.000000E+00  0.000000E+00  0.135304E-01  0.266702E+03
  0.241127E+01  0.277132E+03  0.200332E+03  0.000000E+00  0.000000E+00  0.120394E-01  0.251906E+03
  0.249300E+01  0.261736E+03  0.189204E+03  0.000000E+00  0.000000E+00  0.107960E-01  0.237912E+03
  0.257750E+01  0.247176E+03  0.178680E+03  0.000000E+00  0.000000E+00  0.932462E-02  0.224678E+03
  0.266486E+01  0.233409E+03  0.168729E+03  0.000000E+00  0.000000E+00  0.839113E-02  0.212164E+03
  0.275519E+01  0.220393E+03  0.159320E+03  0.000000E+00  0.000000E+00  0.732989E-02  0.200333E+03
  0.284858E+01  0.208087E+03  0.150425E+03  0.000000E+00  0.000000E+00  0.633682E-02  0.189147E+03
  0.294513E+01  0.196454E+03  0.142016E+03  0.000000E+00  0.000000E+00  0.568070E-02  0.178573E+03
  0.304496E+01  0.185457E+03  0.134067E+03  0.000000E+00  0.000000E+00  0.504910E-02  0.168577E+03
  0.314817E+01  0.175063E+03  0.126554E+03  0.000000E+00  0.000000E+00  0.442129E-02  0.159129E+03
  0.325487E+01  0.165240E+03  0.119454E+03  0.000000E+00  0.000000E+00  0.384620E-02  0.150200E+03
  0.336520E+01  0.155959E+03  0.112744E+03  0.000000E+00  0.000000E+00  0.356871E-02  0.141763E+03
  0.347926E+01  0.147188E+03  0.106404E+03  0.000000E+00  0.000000E+00  0.306738E-02  0.133791E+03
  0.359719E+01  0.138901E+03  0.100414E+03  0.000000E+00  0.000000E+00  0.278436E-02  0.126259E+03
  0.371912E+01  0.131072E+03  0.947541E+02  0.000000E+00  0.000000E+00  0.233985E-02  0.119142E+03
  0.384518E+01  0.123676E+03  0.894075E+02  0.000000E+00  0.000000E+00  0.209366E-02  0.112419E+03
  0.397551E+01  0.116689E+03  0.843571E+02  0.000000E+00  0.000000E+00  0.179884E-02  0.106069E+03
  0.411026E+01  0.110091E+03  0.795872E+02  0.000000E+00  0.000000E+00  0.164824E-02  0.100071E+03
  0.424958E+01  0.103859E+03  0.750822E+02  0.000000E+00  0.000000E+00  0.139950E-02  0.944061E+02
  0.439362E+01  0.979737E+02  0.708277E+02  0.000000E+00  0.000000E+00  0.123100E-02  0.890565E+02
  0.454254E+01  0.924159E+02  0.668099E+02  0.000000E+00  0.000000E+00  0.120321E-02  0.840045E+02
  0.469651E+01  0.871681E+02  0.630162E+02  0.000000E+00  0.000000E+00  0.985117E-03  0.792344E+02
  0.485570E+01  0.822138E+02  0.594346E+02  0.000000E+00  0.000000E+00  0.864249E-03  0.747310E+02
  0.502029E+01  0.775364E+02  0.560532E+02  0.000000E+00  0.000000E+00  0.712153E-03  0.704793E+02
  0.519045E+01  0.731208E+02  0.528611E+02  0.000000E+00  0.000000E+00  0.725801E-03  0.664656E+02
  0.536638E+01  0.689523E+02  0.498476E+02  0.000000E+00  0.000000E+00  0.633052E-03  0.626766E+02
  0.554827E+01  0.650181E+02  0.470034E+02  0.000000E+00  0.000000E+00  0.517065E-03  0.591004E+02
  0.573633E+01  0.613049E+02  0.443191E+02  0.000000E+00  0.000000E+00  0.474630E-03  0.557252E+02
  0.593077E+01  0.578007E+02  0.417857E+02  0.000000E+00  0.000000E+00  0.422374E-03  0.525399E+02
  0.613179E+01  0.544935E+02  0.393948E+02  0.000000E+00  0.000000E+00  0.362859E-03  0.495337E+02
  0.633963E+01  0.513728E+02  0.371387E+02  0.000000E+00  0.000000E+00  0.320408E-03  0.466970E+02
  0.655451E+01  0.484283E+02  0.350100E+02  0.000000E+00  0.000000E+00  0.297634E-03  0.440205E+02
  0.677667E+01  0.456503E+02  0.330016E+02  0.000000E+00  0.000000E+00  0.253569E-03  0.414953E+02
  0.700637E+01  0.430292E+02  0.311067E+02  0.000000E+00  0.000000E+00  0.230743E-03  0.391128E+02
  0.724385E+01  0.405565E+02  0.293190E+02  0.000000E+00  0.000000E+00  0.193351E-03  0.368651E+02
  0.748939E+01  0.382240E+02  0.276327E+02  0.000000E+00  0.000000E+00  0.179847E-03  0.347449E+02
  0.774324E+01  0.360239E+02  0.260421E+02  0.000000E+00  0.000000E+00  0.160851E-03  0.327450E+02
  0.800570E+01  0.339487E+02  0.245417E+02  0.000000E+00  0.000000E+00  0.144025E-03  0.308587E+02
  0.827705E+01  0.319913E+02  0.231266E+02  0.000000E+00  0.000000E+00  0.130398E-03  0.290795E+02
  0.855760E+01  0.301455E+02  0.217922E+02  0.000000E+00  0.000000E+00  0.113288E-03  0.274017E+02
  0.884767E+01  0.284048E+02  0.205337E+02  0.000000E+00  0.000000E+00  0.872050E-04  0.258194E+02
  0.914755E+01  0.267633E+02  0.193469E+02  0.000000E+00  0.000000E+00  0.815115E-04  0.243273E+02
  0.945762E+01  0.252155E+02  0.182278E+02  0.000000E+00  0.000000E+00  0.722541E-04  0.229203E+02
  0.977818E+01  0.237562E+02  0.171727E+02  0.000000E+00  0.000000E+00  0.611285E-04  0.215938E+02
  0.101096E+02  0.223802E+02  0.161779E+02  0.000000E+00  0.000000E+00  0.577419E-04  0.203430E+02
  0.104523E+02  0.210830E+02  0.152400E+02  0.000000E+00  0.000000E+00  0.503646E-04  0.191639E+02
  0.108066E+02  0.198601E+02  0.143559E+02  0.000000E+00  0.000000E+00  0.458072E-04  0.180523E+02
  0.111728E+02  0.187074E+02  0.135224E+02  0.000000E+00  0.000000E+00  0.423646E-04  0.170044E+02
  0.115516E+02  0.176207E+02  0.127367E+02  0.000000E+00  0.000000E+00  0.349601E-04  0.160166E+02
  0.119431E+02  0.165964E+02  0.119962E+02  0.000000E+00  0.000000E+00  0.334632E-04  0.150856E+02
  0.123479E+02  0.156311E+02  0.112982E+02  0.000000E+00  0.000000E+00  0.290913E-04  0.142081E+02
  0.127664E+02  0.147212E+02  0.106403E+02  0.000000E+00  0.000000E+00  0.250771E-04  0.133810E+02
  0.131992E+02  0.138637E+02  0.100204E+02  0.000000E+00  0.000000E+00  0.200210E-04  0.126016E+02
  0.136466E+02  0.130557E+02  0.943612E+01  0.000000E+00  0.000000E+00  0.188049E-04  0.118670E+02
  0.141091E+02  0.122942E+02  0.888555E+01  0.000000E+00  0.000000E+00  0.145732E-04  0.111749E+02
  0.145873E+02  0.115767E+02  0.836675E+01  0.000000E+00  0.000000E+00  0.149137E-04  0.105226E+02
  0.150818E+02  0.109006E+02  0.787793E+01  0.000000E+00  0.000000E+00  0.126116E-04  0.990809E+01
  0.155930E+02  0.102636E+02  0.741733E+01  0.000000E+00  0.000000E+00  0.102753E-04  0.932904E+01
  0.161215E+02  0.966348E+01  0.698340E+01  0.000000E+00  0.000000E+00  0.950876E-05  0.878352E+01
  0.166679E+02  0.909806E+01  0.657457E+01  0.000000E+00  0.000000E+00  0.102181E-04  0.826955E+01
  0.172329E+02  0.856540E+01  0.618942E+01  0.000000E+00  0.000000E+00  0.796656E-05  0.778535E+01
  0.178170E+02  0.806363E+01  0.582661E+01  0.000000E+00  0.000000E+00  0.698840E-05  0.732924E+01
  0.184209E+02  0.759097E+01  0.548484E+01  0.000000E+00  0.000000E+00  0.570745E-05  0.689958E+01
  0.190453E+02  0.714574E+01  0.516291E+01  0.000000E+00  0.000000E+00  0.556451E-05  0.649487E+01
  0.196908E+02  0.672639E+01  0.485968E+01  0.000000E+00  0.000000E+00  0.434806E-05  0.611368E+01
  0.203583E+02  0.633141E+01  0.457407E+01  0.000000E+00  0.000000E+00  0.387800E-05  0.575463E+01
  0.210483E+02  0.595942E+01  0.430509E+01  0.000000E+00  0.000000E+00  0.288894E-05  0.541649E+01
  0.217617E+02  0.560908E+01  0.405175E+01  0.000000E+00  0.000000E+00  0.301816E-05  0.509802E+01
  0.224994E+02  0.527915E+01  0.381318E+01  0.000000E+00  0.000000E+00  0.247021E-05  0.479812E+01
  0.232620E+02  0.496846E+01  0.358852E+01  0.000000E+00  0.000000E+00  0.295152E-05  0.451569E+01
  0.240505E+02  0.467589E+01  0.337695E+01  0.000000E+00  0.000000E+00  0.235390E-05  0.424974E+01
  0.248656E+02  0.440040E+01  0.317774E+01  0.000000E+00  0.000000E+00  0.220724E-05  0.399932E+01
  0.257085E+02  0.414100E+01  0.299016E+01  0.000000E+00  0.000000E+00  0.164135E-05  0.376352E+01
  0.265798E+02  0.389676E+01  0.281354E+01  0.000000E+00  0.000000E+00  0.165898E-05  0.354150E+01
  0.274808E+02  0.366680E+01  0.264725E+01  0.000000E+00  0.000000E+00  0.136231E-05  0.333247E+01
  0.284122E+02  0.345031E+01  0.249069E+01  0.000000E+00  0.000000E+00  0.124828E-05  0.313567E+01
  0.293753E+02  0.324649E+01  0.234329E+01  0.000000E+00  0.000000E+00  0.858067E-06  0.295039E+01
  0.303709E+02  0.305462E+01  0.220454E+01  0.000000E+00  0.000000E+00  0.705070E-06  0.277597E+01
  0.314004E+02  0.287399E+01  0.207391E+01  0.000000E+00  0.000000E+00  0.895765E-06  0.261178E+01
  0.324647E+02  0.270396E+01  0.195094E+01  0.000000E+00  0.000000E+00  0.793223E-06  0.245722E+01
  0.335651E+02  0.254390E+01  0.183519E+01  0.000000E+00  0.000000E+00  0.415584E-06  0.231172E+01
  0.347028E+02  0.239325E+01  0.172623E+01  0.000000E+00  0.000000E+00  0.667631E-06  0.217477E+01
  0.358790E+02  0.225145E+01  0.162369E+01  0.000000E+00  0.000000E+00  0.606581E-06  0.204587E+01
  0.370952E+02  0.211799E+01  0.152716E+01  0.000000E+00  0.000000E+00  0.279872E-06  0.192455E+01
  0.383525E+02  0.199238E+01  0.143631E+01  0.000000E+00  0.000000E+00  0.306043E-06  0.181037E+01
  0.396525E+02  0.187416E+01  0.135081E+01  0.000000E+00  0.000000E+00  0.414369E-06  0.170290E+01
  0.409965E+02  0.176291E+01  0.127034E+01  0.000000E+00  0.000000E+00  0.144387E-06  0.160177E+01
  0.423861E+02  0.165821E+01  0.119462E+01  0.000000E+00  0.000000E+00  0.227979E-06  0.150660E+01
  0.438228E+02  0.155969E+01  0.112335E+01  0.000000E+00  0.000000E+00  0.244639E-06  0.141703E+01
  0.453082E+02  0.146697E+01  0.105629E+01  0.000000E+00  0.000000E+00  0.139499E-06  0.133275E+01
  0.468439E+02  0.137973E+01  0.993187E+00  0.000000E+00  0.000000E+00  0.188688E-06  0.125344E+01
  0.484317E+02  0.129764E+01  0.933806E+00  0.000000E+00  0.000000E+00  0.768822E-07  0.117882E+01
  0.500732E+02  0.122040E+01  0.877934E+00  0.000000E+00  0.000000E+00  0.179814E-06  0.110861E+01
  0.517705E+02  0.114773E+01  0.825361E+00  0.000000E+00  0.000000E+00  0.969569E-07  0.104254E+01
  0.535252E+02  0.107935E+01  0.775897E+00  0.000000E+00  0.000000E+00  0.158312E-06  0.980381E+00
  0.553395E+02  0.101502E+01  0.729358E+00  0.000000E+00  0.000000E+00  0.769151E-07  0.921899E+00
  0.572153E+02  0.954496E+00  0.685572E+00  0.000000E+00  0.000000E+00  0.802861E-07  0.866879E+00
  0.591545E+02  0.897559E+00  0.644379E+00  0.000000E+00  0.000000E+00  0.164255E-06  0.815119E+00
  0.611596E+02  0.843994E+00  0.605625E+00  0.000000E+00  0.000000E+00  0.776977E-07  0.766424E+00
  0.632326E+02  0.793607E+00  0.569167E+00  0.000000E+00  0.000000E+00  0.563245E-07  0.720618E+00
  0.653759E+02  0.746206E+00  0.534870E+00  0.000000E+00  0.000000E+00 -0.448020E-07  0.677526E+00
  0.675918E+02  0.701619E+00  0.502608E+00  0.000000E+00  0.000000E+00  0.904138E-07  0.636993E+00
  0.698829E+02  0.659677E+00  0.472258E+00  0.000000E+00  0.000000E+00  0.844413E-07  0.598864E+00
  0.722515E+02  0.620228E+00  0.443711E+00  0.000000E+00  0.000000E+00  0.697212E-07  0.563000E+00
  0.747005E+02  0.583122E+00  0.416858E+00  0.000000E+00  0.000000E+00  0.109378E-08  0.529267E+00
  0.772325E+02  0.548223E+00  0.391601E+00  0.000000E+00  0.000000E+00  0.556929E-08  0.497539E+00
  0.798503E+02  0.515398E+00  0.367844E+00  0.000000E+00  0.000000E+00  0.142497E-07  0.467698E+00
  0.825568E+02  0.484527E+00  0.345500E+00  0.000000E+00  0.000000E+00  0.478251E-07  0.439632E+00
  0.853551E+02  0.455493E+00  0.324484E+00  0.000000E+00  0.000000E+00  0.475560E-07  0.413236E+00
  0.882482E+02  0.428189E+00  0.304719E+00  0.000000E+00  0.000000E+00  0.426558E-07  0.388413E+00
  0.912394E+02  0.402510E+00  0.286130E+00  0.000000E+00  0.000000E+00  0.748301E-08  0.365067E+00
  0.943319E+02  0.378363E+00  0.268648E+00  0.000000E+00  0.000000E+00  0.815287E-08  0.343113E+00
  0.975294E+02  0.355653E+00  0.252207E+00  0.000000E+00  0.000000E+00  0.413994E-09  0.322467E+00
  0.100835E+03  0.334300E+00  0.236746E+00  0.000000E+00  0.000000E+00  0.206283E-07  0.303053E+00
  0.104253E+03  0.314221E+00  0.222207E+00  0.000000E+00  0.000000E+00  0.321144E-08  0.284798E+00
  0.107787E+03  0.295340E+00  0.208535E+00  0.000000E+00  0.000000E+00  0.277559E-07  0.267632E+00
  0.111440E+03  0.277586E+00  0.195678E+00  0.000000E+00  0.000000E+00  0.275636E-08  0.251490E+00
  0.115217E+03  0.260894E+00  0.183589E+00  0.000000E+00  0.000000E+00  0.389363E-08  0.236313E+00
  0.119123E+03  0.245199E+00  0.172221E+00  0.000000E+00  0.000000E+00  0.384623E-08  0.222043E+00
  0.123160E+03  0.230443E+00  0.161533E+00  0.000000E+00  0.000000E+00  0.112596E-07  0.208627E+00
  0.127335E+03  0.216568E+00  0.151482E+00  0.000000E+00  0.000000E+00 -0.110040E-07  0.196011E+00
  0.131651E+03  0.203524E+00  0.142033E+00  0.000000E+00  0.000000E+00  0.201143E-07  0.184152E+00
  0.136113E+03  0.191261E+00  0.133149E+00  0.000000E+00  0.000000E+00  0.719428E-08  0.173001E+00
  0.140727E+03  0.179733E+00  0.124796E+00  0.000000E+00  0.000000E+00  0.332487E-08  0.162519E+00
  0.145497E+03  0.168894E+00  0.116943E+00  0.000000E+00  0.000000E+00  0.106083E-07  0.152664E+00
  0.150428E+03  0.158705E+00  0.109560E+00  0.000000E+00  0.000000E+00  0.652503E-08  0.143400E+00
  0.155527E+03  0.149127E+00  0.102620E+00  0.000000E+00  0.000000E+00  0.914861E-08  0.134691E+00
  0.160799E+03  0.140123E+00  0.960954E-01  0.000000E+00  0.000000E+00 -0.205217E-09  0.126504E+00
  0.166249E+03  0.131660E+00  0.899625E-01  0.000000E+00  0.000000E+00  0.926134E-08  0.118808E+00
  0.171884E+03  0.123704E+00  0.841976E-01  0.000000E+00  0.000000E+00  0.753644E-08  0.111574E+00
  0.177710E+03  0.116226E+00  0.787788E-01  0.000000E+00  0.000000E+00  0.500409E-08  0.104775E+00
  0.183734E+03  0.109197E+00  0.736854E-01  0.000000E+00  0.000000E+00 -0.716295E-08  0.983833E-01
  0.189961E+03  0.102590E+00  0.688986E-01  0.000000E+00  0.000000E+00 -0.277919E-08  0.923761E-01
  0.196400E+03  0.963800E-01  0.643999E-01  0.000000E+00  0.000000E+00  0.778960E-08  0.867300E-01
  0.203057E+03  0.905436E-01  0.601722E-01  0.000000E+00  0.000000E+00  0.591567E-08  0.814233E-01
