  0.106157E-04  0.289402E+06  0.289402E+06  0.385866E+06  0.385866E+06  0.294660E+06  0.289636E+06
  0.109755E-04  0.289402E+06  0.289402E+06  0.385866E+06  0.385866E+06  0.294660E+06  0.289636E+06
  0.113475E-04  0.289402E+06  0.289402E+06  0.385866E+06  0.385866E+06  0.294660E+06  0.289636E+06
  0.117321E-04  0.289402E+06  0.289402E+06  0.385866E+06  0.385866E+06  0.294660E+06  0.289636E+06
  0.121298E-04  0.289402E+06  0.289402E+06  0.385866E+06  0.385865E+06  0.294660E+06  0.289636E+06
  0.125409E-04  0.289402E+06  0.289402E+06  0.385865E+06  0.385865E+06  0.294660E+06  0.289636E+06
  0.129660E-04  0.289402E+06  0.289402E+06  0.385865E+06  0.385865E+06  0.294660E+06  0.289636E+06
  0.134055E-04  0.289402E+06  0.289401E+06  0.385865E+06  0.385865E+06  0.294659E+06  0.289636E+06
  0.138599E-04  0.289401E+06  0.289401E+06  0.385865E+06  0.385864E+06  0.294659E+06  0.289636E+06
  0.143296E-04  0.289401E+06  0.289401E+06  0.385864E+06  0.385864E+06  0.294659E+06  0.289636E+06
  0.148154E-04  0.289401E+06  0.289401E+06  0.385864E+06  0.385864E+06  0.294659E+06  0.289636E+06
  0.153175E-04  0.289401E+06  0.289401E+06  0.385864E+06  0.385863E+06  0.294659E+06  0.289636E+06
  0.158367E-04  0.289401E+06  0.289401E+06  0.385863E+06  0.385863E+06  0.294659E+06  0.289636E+06
  0.163735E-04  0.289401E+06  0.289401E+06  0.385863E+06  0.385863E+06  0.294659E+06  0.289636E+06
  0.169285E-04  0.289401E+06  0.289401E+06  0.385863E+06  0.385862E+06  0.294659E+06  0.289636E+06
  0.175023E-04  0.289401E+06  0.289401E+06  0.385862E+06  0.385862E+06  0.294659E+06  0.289636E+06
  0.180955E-04  0.289401E+06  0.289401E+06  0.385862E+06  0.385861E+06  0.294659E+06  0.289636E+06
  0.187089E-04  0.289401E+06  0.289401E+06  0.385861E+06  0.385861E+06  0.294659E+06  0.289636E+06
  0.193430E-04  0.289401E+06  0.289401E+06  0.385861E+06  0.385860E+06  0.294658E+06  0.289636E+06
  0.199986E-04  0.289401E+06  0.289401E+06  0.385860E+06  0.385859E+06  0.294658E+06  0.289636E+06
  0.206765E-04  0.289401E+06  0.289401E+06  0.385860E+06  0.385859E+06  0.294658E+06  0.289636E+06
  0.213773E-04  0.289401E+06  0.289401E+06  0.385859E+06  0.385858E+06  0.294658E+06  0.289636E+06
  0.221019E-04  0.289401E+06  0.289401E+06  0.385858E+06  0.385857E+06  0.294658E+06  0.289636E+06
  0.228511E-04  0.289401E+06  0.289401E+06  0.385858E+06  0.385857E+06  0.294658E+06  0.289636E+06
  0.236256E-04  0.289401E+06  0.289401E+06  0.385857E+06  0.385856E+06  0.294657E+06  0.289636E+06
  0.244264E-04  0.289401E+06  0.289401E+06  0.385856E+06  0.385855E+06  0.294657E+06  0.289636E+06
  0.252543E-04  0.289401E+06  0.289401E+06  0.385855E+06  0.385854E+06  0.294657E+06  0.289635E+06
  0.261103E-04  0.289401E+06  0.289401E+06  0.385854E+06  0.385853E+06  0.294657E+06  0.289635E+06
  0.269953E-04  0.289401E+06  0.289401E+06  0.385853E+06  0.385852E+06  0.294656E+06  0.289635E+06
  0.279103E-04  0.289401E+06  0.289401E+06  0.385852E+06  0.385850E+06  0.294656E+06  0.289635E+06
  0.288564E-04  0.289401E+06  0.289401E+06  0.385851E+06  0.385849E+06  0.294656E+06  0.289635E+06
  0.298345E-04  0.289401E+06  0.289401E+06  0.385850E+06  0.385848E+06  0.294656E+06  0.289635E+06
  0.308457E-04  0.289401E+06  0.289401E+06  0.385848E+06  0.385846E+06  0.294655E+06  0.289635E+06
  0.318912E-04  0.289401E+06  0.289401E+06  0.385847E+06  0.385845E+06  0.294655E+06  0.289635E+06
  0.329722E-04  0.289401E+06  0.289401E+06  0.385845E+06  0.385843E+06  0.294655E+06  0.289635E+06
  0.340898E-04  0.289401E+06  0.289401E+06  0.385844E+06  0.385841E+06  0.294654E+06  0.289635E+06
  0.352452E-04  0.289401E+06  0.289401E+06  0.385842E+06  0.385840E+06  0.294654E+06  0.289635E+06
  0.364399E-04  0.289401E+06  0.289400E+06  0.385840E+06  0.385838E+06  0.294653E+06  0.289635E+06
  0.376750E-04  0.289401E+06  0.289400E+06  0.385838E+06  0.385835E+06  0.294653E+06  0.289635E+06
  0.389520E-04  0.289400E+06  0.289400E+06  0.385836E+06  0.385833E+06  0.294652E+06  0.289635E+06
  0.402723E-04  0.289400E+06  0.289400E+06  0.385834E+06  0.385831E+06  0.294652E+06  0.289635E+06
  0.416373E-04  0.289400E+06  0.289400E+06  0.385832E+06  0.385828E+06  0.294651E+06  0.289634E+06
  0.430486E-04  0.289400E+06  0.289400E+06  0.385829E+06  0.385825E+06  0.294650E+06  0.289634E+06
  0.445078E-04  0.289400E+06  0.289400E+06  0.385826E+06  0.385822E+06  0.294650E+06  0.289634E+06
  0.460164E-04  0.289400E+06  0.289400E+06  0.385823E+06  0.385819E+06  0.294649E+06  0.289634E+06
  0.475761E-04  0.289400E+06  0.289400E+06  0.385820E+06  0.385816E+06  0.294648E+06  0.289634E+06
  0.491887E-04  0.289400E+06  0.289400E+06  0.385817E+06  0.385812E+06  0.294647E+06  0.289634E+06
  0.508560E-04  0.289400E+06  0.289399E+06  0.385813E+06  0.385808E+06  0.294647E+06  0.289634E+06
  0.525797E-04  0.289400E+06  0.289399E+06  0.385809E+06  0.385804E+06  0.294646E+06  0.289633E+06
  0.543619E-04  0.289399E+06  0.289399E+06  0.385805E+06  0.385799E+06  0.294645E+06  0.289633E+06
  0.562045E-04  0.289399E+06  0.289399E+06  0.385801E+06  0.385794E+06  0.294644E+06  0.289633E+06
  0.581096E-04  0.289399E+06  0.289399E+06  0.385796E+06  0.385789E+06  0.294642E+06  0.289633E+06
  0.600792E-04  0.289399E+06  0.289399E+06  0.385791E+06  0.385784E+06  0.294641E+06  0.289633E+06
  0.621156E-04  0.289399E+06  0.289398E+06  0.385786E+06  0.385778E+06  0.294640E+06  0.289632E+06
  0.642210E-04  0.289398E+06  0.289398E+06  0.385780E+06  0.385772E+06  0.294638E+06  0.289632E+06
  0.663978E-04  0.289398E+06  0.289398E+06  0.385774E+06  0.385765E+06  0.294637E+06  0.289632E+06
  0.686484E-04  0.289398E+06  0.289398E+06  0.385767E+06  0.385758E+06  0.294635E+06  0.289632E+06
  0.709752E-04  0.289398E+06  0.289397E+06  0.385760E+06  0.385750E+06  0.294633E+06  0.289631E+06
  0.733809E-04  0.289398E+06  0.289397E+06  0.385753E+06  0.385742E+06  0.294632E+06  0.289631E+06
  0.758682E-04  0.289397E+06  0.289397E+06  0.385745E+06  0.385733E+06  0.294630E+06  0.289630E+06
  0.784397E-04  0.289397E+06  0.289396E+06  0.385736E+06  0.385724E+06  0.294627E+06  0.289630E+06
  0.810985E-04  0.289397E+06  0.289396E+06  0.385727E+06  0.385714E+06  0.294625E+06  0.289630E+06
  0.838473E-04  0.289396E+06  0.289396E+06  0.385718E+06  0.385703E+06  0.294623E+06  0.289629E+06
  0.866893E-04  0.289396E+06  0.289395E+06  0.385707E+06  0.385692E+06  0.294620E+06  0.289629E+06
  0.896277E-04  0.289396E+06  0.289395E+06  0.385696E+06  0.385680E+06  0.294617E+06  0.289628E+06
  0.926656E-04  0.289395E+06  0.289394E+06  0.385684E+06  0.385667E+06  0.294614E+06  0.289628E+06
  0.958065E-04  0.289395E+06  0.289394E+06  0.385671E+06  0.385653E+06  0.294611E+06  0.289627E+06
  0.990539E-04  0.289394E+06  0.289393E+06  0.385658E+06  0.385638E+06  0.294608E+06  0.289627E+06
  0.102411E-03  0.289394E+06  0.289393E+06  0.385643E+06  0.385622E+06  0.294604E+06  0.289626E+06
  0.105883E-03  0.289393E+06  0.289392E+06  0.385628E+06  0.385605E+06  0.294600E+06  0.289625E+06
  0.109471E-03  0.289393E+06  0.289392E+06  0.385611E+06  0.385587E+06  0.294596E+06  0.289624E+06
  0.113182E-03  0.289392E+06  0.289391E+06  0.385593E+06  0.385567E+06  0.294592E+06  0.289624E+06
  0.117018E-03  0.289391E+06  0.289390E+06  0.385574E+06  0.385547E+06  0.294587E+06  0.289623E+06
  0.120985E-03  0.289391E+06  0.289389E+06  0.385554E+06  0.385524E+06  0.294582E+06  0.289622E+06
  0.125085E-03  0.289390E+06  0.289388E+06  0.385532E+06  0.385501E+06  0.294577E+06  0.289621E+06
  0.129325E-03  0.289389E+06  0.289388E+06  0.385509E+06  0.385475E+06  0.294571E+06  0.289620E+06
  0.133709E-03  0.289388E+06  0.289387E+06  0.385484E+06  0.385448E+06  0.294565E+06  0.289619E+06
  0.138241E-03  0.289387E+06  0.289386E+06  0.385458E+06  0.385419E+06  0.294558E+06  0.289617E+06
  0.142927E-03  0.289386E+06  0.289384E+06  0.385429E+06  0.385388E+06  0.294551E+06  0.289616E+06
  0.147771E-03  0.289385E+06  0.289383E+06  0.385399E+06  0.385355E+06  0.294543E+06  0.289615E+06
  0.152780E-03  0.289384E+06  0.289382E+06  0.385367E+06  0.385320E+06  0.294535E+06  0.289613E+06
  0.157958E-03  0.289383E+06  0.289381E+06  0.385332E+06  0.385282E+06  0.294527E+06  0.289612E+06
  0.163312E-03  0.289381E+06  0.289379E+06  0.385295E+06  0.385242E+06  0.294518E+06  0.289610E+06
  0.168848E-03  0.289380E+06  0.289378E+06  0.385255E+06  0.385198E+06  0.294508E+06  0.289608E+06
  0.174571E-03  0.289379E+06  0.289376E+06  0.385213E+06  0.385152E+06  0.294497E+06  0.289606E+06
  0.180488E-03  0.289377E+06  0.289374E+06  0.385168E+06  0.385103E+06  0.294486E+06  0.289604E+06
  0.186606E-03  0.289375E+06  0.289372E+06  0.385120E+06  0.385050E+06  0.294474E+06  0.289602E+06
  0.192931E-03  0.289373E+06  0.289370E+06  0.385068E+06  0.384994E+06  0.294461E+06  0.289600E+06
  0.199470E-03  0.289371E+06  0.289368E+06  0.385013E+06  0.384933E+06  0.294447E+06  0.289597E+06
  0.206231E-03  0.289369E+06  0.289366E+06  0.384954E+06  0.384869E+06  0.294433E+06  0.289595E+06
  0.213221E-03  0.289367E+06  0.289363E+06  0.384891E+06  0.384800E+06  0.294417E+06  0.289592E+06
  0.220448E-03  0.289365E+06  0.289361E+06  0.384824E+06  0.384726E+06  0.294400E+06  0.289589E+06
  0.227921E-03  0.289362E+06  0.289358E+06  0.384752E+06  0.384648E+06  0.294382E+06  0.289585E+06
  0.235646E-03  0.289360E+06  0.289355E+06  0.384675E+06  0.384564E+06  0.294363E+06  0.289582E+06
  0.243633E-03  0.289357E+06  0.289352E+06  0.384593E+06  0.384474E+06  0.294342E+06  0.289578E+06
  0.251891E-03  0.289354E+06  0.289348E+06  0.384505E+06  0.384378E+06  0.294321E+06  0.289574E+06
  0.260429E-03  0.289350E+06  0.289345E+06  0.384411E+06  0.384275E+06  0.294297E+06  0.289570E+06
  0.269256E-03  0.289347E+06  0.289341E+06  0.384311E+06  0.384166E+06  0.294272E+06  0.289565E+06
  0.278383E-03  0.289343E+06  0.289336E+06  0.384204E+06  0.384049E+06  0.294245E+06  0.289560E+06
  0.287819E-03  0.289339E+06  0.289332E+06  0.384089E+06  0.383923E+06  0.294217E+06  0.289555E+06
  0.297574E-03  0.289335E+06  0.289327E+06  0.383967E+06  0.383790E+06  0.294186E+06  0.289550E+06
  0.307661E-03  0.289330E+06  0.289322E+06  0.383836E+06  0.383647E+06  0.294154E+06  0.289544E+06
  0.318089E-03  0.289325E+06  0.289317E+06  0.383696E+06  0.383494E+06  0.294119E+06  0.289537E+06
  0.328871E-03  0.289320E+06  0.289311E+06  0.383546E+06  0.383331E+06  0.294081E+06  0.289531E+06
  0.340018E-03  0.289314E+06  0.289304E+06  0.383387E+06  0.383156E+06  0.294042E+06  0.289523E+06
  0.351543E-03  0.289308E+06  0.289298E+06  0.383216E+06  0.382970E+06  0.293999E+06  0.289516E+06
  0.363458E-03  0.289302E+06  0.289291E+06  0.383034E+06  0.382771E+06  0.293954E+06  0.289507E+06
  0.375778E-03  0.289295E+06  0.289283E+06  0.382839E+06  0.382558E+06  0.293905E+06  0.289498E+06
  0.388515E-03  0.289287E+06  0.289275E+06  0.382631E+06  0.382331E+06  0.293853E+06  0.289489E+06
  0.401683E-03  0.289279E+06  0.289266E+06  0.382409E+06  0.382088E+06  0.293797E+06  0.289479E+06
  0.415298E-03  0.289271E+06  0.289257E+06  0.382171E+06  0.381828E+06  0.293738E+06  0.289468E+06
  0.429375E-03  0.289262E+06  0.289247E+06  0.381917E+06  0.381551E+06  0.293674E+06  0.289456E+06
  0.443929E-03  0.289252E+06  0.289236E+06  0.381646E+06  0.381255E+06  0.293607E+06  0.289444E+06
  0.458976E-03  0.289242E+06  0.289225E+06  0.381357E+06  0.380939E+06  0.293534E+06  0.289431E+06
  0.474533E-03  0.289231E+06  0.289212E+06  0.381047E+06  0.380601E+06  0.293457E+06  0.289416E+06
  0.490617E-03  0.289219E+06  0.289200E+06  0.380717E+06  0.380240E+06  0.293374E+06  0.289401E+06
  0.507247E-03  0.289207E+06  0.289186E+06  0.380364E+06  0.379855E+06  0.293286E+06  0.289385E+06
  0.524440E-03  0.289194E+06  0.289171E+06  0.379987E+06  0.379444E+06  0.293191E+06  0.289368E+06
  0.542216E-03  0.289179E+06  0.289155E+06  0.379584E+06  0.379004E+06  0.293090E+06  0.289350E+06
  0.560594E-03  0.289164E+06  0.289138E+06  0.379155E+06  0.378535E+06  0.292982E+06  0.289330E+06
  0.579596E-03  0.289148E+06  0.289120E+06  0.378695E+06  0.378034E+06  0.292867E+06  0.289309E+06
  0.599241E-03  0.289130E+06  0.289100E+06  0.378205E+06  0.377500E+06  0.292744E+06  0.289286E+06
  0.619552E-03  0.289111E+06  0.289080E+06  0.377682E+06  0.376929E+06  0.292613E+06  0.289262E+06
  0.640552E-03  0.289091E+06  0.289057E+06  0.377123E+06  0.376319E+06  0.292472E+06  0.289236E+06
  0.662264E-03  0.289070E+06  0.289034E+06  0.376527E+06  0.375669E+06  0.292322E+06  0.289209E+06
  0.684711E-03  0.289047E+06  0.289008E+06  0.375890E+06  0.374975E+06  0.292162E+06  0.289180E+06
  0.707920E-03  0.289023E+06  0.288981E+06  0.375210E+06  0.374234E+06  0.291991E+06  0.289148E+06
  0.731915E-03  0.288997E+06  0.288952E+06  0.374485E+06  0.373444E+06  0.291808E+06  0.289115E+06
  0.756723E-03  0.288969E+06  0.288922E+06  0.373711E+06  0.372601E+06  0.291613E+06  0.289079E+06
  0.782372E-03  0.288939E+06  0.288889E+06  0.372886E+06  0.371702E+06  0.291404E+06  0.289041E+06
  0.808891E-03  0.288908E+06  0.288853E+06  0.372005E+06  0.370743E+06  0.291182E+06  0.289000E+06
  0.836308E-03  0.288874E+06  0.288816E+06  0.371065E+06  0.369720E+06  0.290944E+06  0.288956E+06
  0.864655E-03  0.288837E+06  0.288775E+06  0.370063E+06  0.368629E+06  0.290690E+06  0.288910E+06
  0.893963E-03  0.288799E+06  0.288732E+06  0.368995E+06  0.367467E+06  0.290419E+06  0.288860E+06
  0.924264E-03  0.288757E+06  0.288686E+06  0.367856E+06  0.366228E+06  0.290130E+06  0.288807E+06
  0.955592E-03  0.288713E+06  0.288637E+06  0.366641E+06  0.364908E+06  0.289821E+06  0.288750E+06
  0.987981E-03  0.288666E+06  0.288585E+06  0.365347E+06  0.363502E+06  0.289491E+06  0.288689E+06
  0.102147E-02  0.288615E+06  0.288529E+06  0.363968E+06  0.362004E+06  0.289140E+06  0.288624E+06
  0.105609E-02  0.288562E+06  0.288469E+06  0.362499E+06  0.360409E+06  0.288764E+06  0.288555E+06
  0.109189E-02  0.288504E+06  0.288405E+06  0.360935E+06  0.358711E+06  0.288364E+06  0.288481E+06
  0.112890E-02  0.288443E+06  0.288337E+06  0.359269E+06  0.356904E+06  0.287936E+06  0.288402E+06
  0.116716E-02  0.288377E+06  0.288264E+06  0.357496E+06  0.354982E+06  0.287481E+06  0.288318E+06
  0.120672E-02  0.288307E+06  0.288186E+06  0.355608E+06  0.352938E+06  0.286995E+06  0.288228E+06
  0.124763E-02  0.288232E+06  0.288103E+06  0.353601E+06  0.350764E+06  0.286476E+06  0.288132E+06
  0.128991E-02  0.288152E+06  0.288014E+06  0.351466E+06  0.348454E+06  0.285924E+06  0.288030E+06
  0.133364E-02  0.288067E+06  0.287920E+06  0.349196E+06  0.346000E+06  0.285335E+06  0.287920E+06
  0.137884E-02  0.287976E+06  0.287818E+06  0.346784E+06  0.343394E+06  0.284707E+06  0.287804E+06
  0.142558E-02  0.287879E+06  0.287710E+06  0.344222E+06  0.340628E+06  0.284038E+06  0.287679E+06
  0.147390E-02  0.287775E+06  0.287595E+06  0.341502E+06  0.337694E+06  0.283325E+06  0.287546E+06
  0.152385E-02  0.287664E+06  0.287472E+06  0.338615E+06  0.334583E+06  0.282566E+06  0.287405E+06
  0.157550E-02  0.287546E+06  0.287341E+06  0.335552E+06  0.331287E+06  0.281757E+06  0.287254E+06
  0.162891E-02  0.287420E+06  0.287200E+06  0.332305E+06  0.327795E+06  0.280897E+06  0.287092E+06
  0.168412E-02  0.287285E+06  0.287051E+06  0.328865E+06  0.324100E+06  0.279981E+06  0.286921E+06
  0.174120E-02  0.287142E+06  0.286891E+06  0.325222E+06  0.320193E+06  0.279006E+06  0.286737E+06
  0.180022E-02  0.286989E+06  0.286721E+06  0.321367E+06  0.316063E+06  0.277970E+06  0.286542E+06
  0.186124E-02  0.286826E+06  0.286540E+06  0.317290E+06  0.311702E+06  0.276868E+06  0.286334E+06
  0.192432E-02  0.286652E+06  0.286346E+06  0.312983E+06  0.307101E+06  0.275697E+06  0.286112E+06
  0.198955E-02  0.286466E+06  0.286139E+06  0.308435E+06  0.302251E+06  0.274453E+06  0.285876E+06
  0.205699E-02  0.286268E+06  0.285919E+06  0.303638E+06  0.297144E+06  0.273132E+06  0.285624E+06
  0.212671E-02  0.286057E+06  0.285684E+06  0.298582E+06  0.291773E+06  0.271729E+06  0.285356E+06
  0.219879E-02  0.285833E+06  0.285434E+06  0.293260E+06  0.286129E+06  0.270241E+06  0.285071E+06
  0.227332E-02  0.285594E+06  0.285168E+06  0.287663E+06  0.280206E+06  0.268663E+06  0.284768E+06
  0.235038E-02  0.285339E+06  0.284884E+06  0.281784E+06  0.273999E+06  0.266991E+06  0.284445E+06
  0.243004E-02  0.285068E+06  0.284582E+06  0.275616E+06  0.267503E+06  0.265219E+06  0.284102E+06
  0.251241E-02  0.284779E+06  0.284260E+06  0.269154E+06  0.260716E+06  0.263344E+06  0.283737E+06
  0.259757E-02  0.284472E+06  0.283917E+06  0.262395E+06  0.253636E+06  0.261361E+06  0.283349E+06
  0.268561E-02  0.284145E+06  0.283552E+06  0.255335E+06  0.246263E+06  0.259264E+06  0.282937E+06
  0.277664E-02  0.283797E+06  0.283164E+06  0.247973E+06  0.238600E+06  0.257050E+06  0.282499E+06
  0.287076E-02  0.283428E+06  0.282751E+06  0.240311E+06  0.230652E+06  0.254713E+06  0.282035E+06
  0.296806E-02  0.283035E+06  0.282313E+06  0.232352E+06  0.222426E+06  0.252248E+06  0.281542E+06
  0.306866E-02  0.282618E+06  0.281846E+06  0.224103E+06  0.213934E+06  0.249652E+06  0.281019E+06
  0.317268E-02  0.282175E+06  0.281350E+06  0.215572E+06  0.205189E+06  0.246920E+06  0.280466E+06
  0.328021E-02  0.281704E+06  0.280824E+06  0.206771E+06  0.196209E+06  0.244047E+06  0.279879E+06
  0.339140E-02  0.281205E+06  0.280265E+06  0.197717E+06  0.187016E+06  0.241031E+06  0.279258E+06
  0.350635E-02  0.280676E+06  0.279672E+06  0.188429E+06  0.177634E+06  0.237867E+06  0.278600E+06
  0.362520E-02  0.280115E+06  0.279043E+06  0.178932E+06  0.168096E+06  0.234554E+06  0.277905E+06
  0.374807E-02  0.279521E+06  0.278376E+06  0.169254E+06  0.158434E+06  0.231088E+06  0.277171E+06
  0.387512E-02  0.278891E+06  0.277670E+06  0.159429E+06  0.148689E+06  0.227468E+06  0.276395E+06
  0.400646E-02  0.278226E+06  0.276921E+06  0.149495E+06  0.138904E+06  0.223694E+06  0.275577E+06
  0.414226E-02  0.277521E+06  0.276129E+06  0.139497E+06  0.129129E+06  0.219765E+06  0.274714E+06
  0.428266E-02  0.276777E+06  0.275291E+06  0.129482E+06  0.119415E+06  0.215682E+06  0.273806E+06
  0.442783E-02  0.275991E+06  0.274405E+06  0.119504E+06  0.109821E+06  0.211447E+06  0.272849E+06
  0.457791E-02  0.275162E+06  0.273469E+06  0.109622E+06  0.100405E+06  0.207065E+06  0.271844E+06
  0.473308E-02  0.274287E+06  0.272481E+06  0.998995E+05  0.912310E+05  0.202539E+06  0.270787E+06
  0.489350E-02  0.273366E+06  0.271438E+06  0.904019E+05  0.823630E+05  0.197876E+06  0.269679E+06
  0.505937E-02  0.272395E+06  0.270339E+06  0.811987E+05  0.738652E+05  0.193084E+06  0.268517E+06
  0.523086E-02  0.271375E+06  0.269181E+06  0.723608E+05  0.658009E+05  0.188171E+06  0.267300E+06
  0.540816E-02  0.270302E+06  0.267963E+06  0.639593E+05  0.582301E+05  0.183149E+06  0.266027E+06
  0.559147E-02  0.269176E+06  0.266681E+06  0.560638E+05  0.512079E+05  0.178032E+06  0.264697E+06
  0.578099E-02  0.267995E+06  0.265335E+06  0.487406E+05  0.447825E+05  0.172832E+06  0.263309E+06
  0.597694E-02  0.266757E+06  0.263921E+06  0.420501E+05  0.389925E+05  0.167567E+06  0.261863E+06
  0.617953E-02  0.265462E+06  0.262439E+06  0.360446E+05  0.338651E+05  0.162254E+06  0.260357E+06
  0.638899E-02  0.264107E+06  0.260886E+06  0.307656E+05  0.294137E+05  0.156912E+06  0.258791E+06
  0.660554E-02  0.262692E+06  0.259260E+06  0.262414E+05  0.256363E+05  0.151563E+06  0.257166E+06
  0.682944E-02  0.261216E+06  0.257560E+06  0.224841E+05  0.225138E+05  0.146226E+06  0.255481E+06
  0.706092E-02  0.259678E+06  0.255784E+06  0.194876E+05  0.200094E+05  0.140926E+06  0.253735E+06
  0.730025E-02  0.258077E+06  0.253930E+06  0.172256E+05  0.180685E+05  0.135683E+06  0.251929E+06
  0.754769E-02  0.256412E+06  0.251997E+06  0.156505E+05  0.166200E+05  0.130520E+06  0.250064E+06
  0.780352E-02  0.254684E+06  0.249984E+06  0.146926E+05  0.155781E+05  0.125459E+06  0.248140E+06
  0.806802E-02  0.252891E+06  0.247890E+06  0.142619E+05  0.148461E+05  0.120519E+06  0.246156E+06
  0.834149E-02  0.251033E+06  0.245713E+06  0.142492E+05  0.143212E+05  0.115719E+06  0.244114E+06
  0.862423E-02  0.249110E+06  0.243453E+06  0.145311E+05  0.139005E+05  0.111074E+06  0.242014E+06
  0.891655E-02  0.247123E+06  0.241108E+06  0.149742E+05  0.134878E+05  0.106596E+06  0.239856E+06
  0.921878E-02  0.245070E+06  0.238678E+06  0.154433E+05  0.130008E+05  0.102295E+06  0.237640E+06
  0.953125E-02  0.242953E+06  0.236161E+06  0.158087E+05  0.123787E+05  0.981762E+05  0.235367E+06
  0.985431E-02  0.240771E+06  0.233557E+06  0.159562E+05  0.115875E+05  0.942394E+05  0.233037E+06
  0.101883E-01  0.238525E+06  0.230865E+06  0.157963E+05  0.106248E+05  0.904811E+05  0.230649E+06
  0.105337E-01  0.236214E+06  0.228085E+06  0.152726E+05  0.952031E+04  0.868938E+05  0.228203E+06
  0.108907E-01  0.233839E+06  0.225215E+06  0.143690E+05  0.833397E+04  0.834661E+05  0.225699E+06
  0.112598E-01  0.231399E+06  0.222255E+06  0.131136E+05  0.714873E+04  0.801836E+05  0.223135E+06
  0.116415E-01  0.228896E+06  0.219204E+06  0.115777E+05  0.605993E+04  0.770298E+05  0.220511E+06
  0.120361E-01  0.226328E+06  0.216061E+06  0.987100E+04  0.516106E+04  0.739873E+05  0.217827E+06
  0.124440E-01  0.223697E+06  0.212826E+06  0.812969E+04  0.452800E+04  0.710391E+05  0.215081E+06
  0.128658E-01  0.221001E+06  0.209497E+06  0.650065E+04  0.420375E+04  0.681695E+05  0.212272E+06
  0.133019E-01  0.218241E+06  0.206076E+06  0.512123E+04  0.418705E+04  0.653659E+05  0.209400E+06
  0.137528E-01  0.215418E+06  0.202560E+06  0.409786E+04  0.442766E+04  0.626191E+05  0.206465E+06
  0.142189E-01  0.212530E+06  0.198950E+06  0.348683E+04  0.483085E+04  0.599241E+05  0.203466E+06
  0.147009E-01  0.209577E+06  0.195245E+06  0.000000E+00  0.000000E+00  0.572785E+05  0.200401E+06
  0.151992E-01  0.206561E+06  0.191446E+06  0.000000E+00  0.000000E+00  0.546873E+05  0.197273E+06
  0.157144E-01  0.203482E+06  0.187554E+06  0.000000E+00  0.000000E+00  0.521569E+05  0.194084E+06
  0.162470E-01  0.200341E+06  0.183572E+06  0.000000E+00  0.000000E+00  0.496947E+05  0.190832E+06
  0.167977E-01  0.197137E+06  0.179499E+06  0.000000E+00  0.000000E+00  0.473082E+05  0.187521E+06
  0.173671E-01  0.193873E+06  0.175339E+06  0.000000E+00  0.000000E+00  0.450034E+05  0.184150E+06
  0.179557E-01  0.190549E+06  0.171093E+06  0.000000E+00  0.000000E+00  0.427832E+05  0.180722E+06
  0.185643E-01  0.187166E+06  0.166767E+06  0.000000E+00  0.000000E+00  0.406476E+05  0.177238E+06
  0.191936E-01  0.183726E+06  0.162362E+06  0.000000E+00  0.000000E+00  0.385930E+05  0.173699E+06
  0.198441E-01  0.180230E+06  0.157886E+06  0.000000E+00  0.000000E+00  0.366135E+05  0.170107E+06
  0.205168E-01  0.176680E+06  0.153343E+06  0.000000E+00  0.000000E+00  0.347022E+05  0.166465E+06
  0.212122E-01  0.173080E+06  0.148741E+06  0.000000E+00  0.000000E+00  0.328521E+05  0.162776E+06
  0.219312E-01  0.169431E+06  0.144088E+06  0.000000E+00  0.000000E+00  0.310583E+05  0.159043E+06
  0.226745E-01  0.165737E+06  0.139393E+06  0.000000E+00  0.000000E+00  0.293176E+05  0.155270E+06
  0.234431E-01  0.162003E+06  0.134666E+06  0.000000E+00  0.000000E+00  0.276291E+05  0.151461E+06
  0.242377E-01  0.158232E+06  0.129920E+06  0.000000E+00  0.000000E+00  0.259934E+05  0.147623E+06
  0.250592E-01  0.154428E+06  0.125169E+06  0.000000E+00  0.000000E+00  0.244117E+05  0.143761E+06
  0.259086E-01  0.150598E+06  0.120425E+06  0.000000E+00  0.000000E+00  0.228849E+05  0.139882E+06
  0.267868E-01  0.146748E+06  0.115707E+06  0.000000E+00  0.000000E+00  0.214137E+05  0.135993E+06
  0.276947E-01  0.142884E+06  0.111031E+06  0.000000E+00  0.000000E+00  0.199992E+05  0.132103E+06
  0.286334E-01  0.139013E+06  0.106416E+06  0.000000E+00  0.000000E+00  0.186429E+05  0.128221E+06
  0.296040E-01  0.135144E+06  0.101883E+06  0.000000E+00  0.000000E+00  0.173477E+05  0.124356E+06
  0.306074E-01  0.131285E+06  0.974539E+05  0.000000E+00  0.000000E+00  0.161175E+05  0.120519E+06
  0.316449E-01  0.127446E+06  0.931500E+05  0.000000E+00  0.000000E+00  0.149560E+05  0.116722E+06
  0.327175E-01  0.123636E+06  0.889951E+05  0.000000E+00  0.000000E+00  0.138662E+05  0.112976E+06
  0.338264E-01  0.120421E+06  0.855573E+05  0.000000E+00  0.000000E+00  0.119188E+05  0.109780E+06
  0.349730E-01  0.116722E+06  0.817890E+05  0.000000E+00  0.000000E+00  0.110160E+05  0.106195E+06
  0.361584E-01  0.113085E+06  0.782380E+05  0.000000E+00  0.000000E+00  0.101767E+05  0.102696E+06
  0.373840E-01  0.109475E+06  0.748784E+05  0.000000E+00  0.000000E+00  0.939425E+04  0.992538E+05
  0.386511E-01  0.105940E+06  0.717683E+05  0.000000E+00  0.000000E+00  0.866794E+04  0.959148E+05
  0.399612E-01  0.102497E+06  0.689307E+05  0.000000E+00  0.000000E+00  0.799342E+04  0.926966E+05
  0.413157E-01  0.991604E+05  0.663808E+05  0.000000E+00  0.000000E+00  0.736601E+04  0.896114E+05
  0.427161E-01  0.959394E+05  0.641287E+05  0.000000E+00  0.000000E+00  0.678253E+04  0.866693E+05
  0.441639E-01  0.924975E+05  0.618374E+05  0.000000E+00  0.000000E+00  0.658689E+04  0.835636E+05
  0.456609E-01  0.895180E+05  0.601708E+05  0.000000E+00  0.000000E+00  0.607260E+04  0.809126E+05
  0.472086E-01  0.866680E+05  0.587849E+05  0.000000E+00  0.000000E+00  0.560616E+04  0.784126E+05
  0.488087E-01  0.839449E+05  0.576562E+05  0.000000E+00  0.000000E+00  0.518624E+04  0.760576E+05
  0.504631E-01  0.813431E+05  0.567525E+05  0.000000E+00  0.000000E+00  0.480695E+04  0.738375E+05
  0.521736E-01  0.788560E+05  0.560351E+05  0.000000E+00  0.000000E+00  0.445890E+04  0.717404E+05
  0.539420E-01  0.766719E+05  0.556510E+05  0.000000E+00  0.000000E+00  0.399982E+04  0.699327E+05
  0.557704E-01  0.743864E+05  0.551602E+05  0.000000E+00  0.000000E+00  0.368839E+04  0.680340E+05
  0.576607E-01  0.721835E+05  0.546988E+05  0.000000E+00  0.000000E+00  0.339976E+04  0.662063E+05
  0.596151E-01  0.700506E+05  0.542078E+05  0.000000E+00  0.000000E+00  0.314043E+04  0.644302E+05
  0.616357E-01  0.679740E+05  0.536271E+05  0.000000E+00  0.000000E+00  0.290864E+04  0.626849E+05
  0.637249E-01  0.658010E+05  0.527633E+05  0.000000E+00  0.000000E+00  0.277177E+04  0.608206E+05
  0.658849E-01  0.637830E+05  0.518263E+05  0.000000E+00  0.000000E+00  0.255350E+04  0.590627E+05
  0.681181E-01  0.617674E+05  0.506368E+05  0.000000E+00  0.000000E+00  0.234191E+04  0.572651E+05
  0.704269E-01  0.597365E+05  0.491601E+05  0.000000E+00  0.000000E+00  0.214949E+04  0.554084E+05
  0.728140E-01  0.577160E+05  0.474183E+05  0.000000E+00  0.000000E+00  0.195415E+04  0.535157E+05
  0.752820E-01  0.556286E+05  0.453521E+05  0.000000E+00  0.000000E+00  0.178450E+04  0.515174E+05
  0.778338E-01  0.535121E+05  0.430306E+05  0.000000E+00  0.000000E+00  0.161747E+04  0.494536E+05
  0.804719E-01  0.513765E+05  0.405145E+05  0.000000E+00  0.000000E+00  0.146688E+04  0.473432E+05
  0.831996E-01  0.492372E+05  0.378859E+05  0.000000E+00  0.000000E+00  0.133507E+04  0.452120E+05
  0.860197E-01  0.471133E+05  0.352423E+05  0.000000E+00  0.000000E+00  0.120826E+04  0.430906E+05
  0.889353E-01  0.450261E+05  0.326901E+05  0.000000E+00  0.000000E+00  0.108594E+04  0.410136E+05
  0.919498E-01  0.429999E+05  0.303372E+05  0.000000E+00  0.000000E+00  0.978872E+03  0.390186E+05
  0.950664E-01  0.410636E+05  0.282853E+05  0.000000E+00  0.000000E+00  0.882848E+03  0.371452E+05
  0.982887E-01  0.392479E+05  0.266188E+05  0.000000E+00  0.000000E+00  0.794673E+03  0.354313E+05
  0.101620E+00  0.375799E+05  0.253901E+05  0.000000E+00  0.000000E+00  0.719252E+03  0.339074E+05
  0.105065E+00  0.360732E+05  0.246028E+05  0.000000E+00  0.000000E+00  0.653657E+03  0.325847E+05
  0.108626E+00  0.347209E+05  0.242026E+05  0.000000E+00  0.000000E+00  0.598636E+03  0.314487E+05
  0.112308E+00  0.334958E+05  0.240795E+05  0.000000E+00  0.000000E+00  0.547419E+03  0.304594E+05
  0.116114E+00  0.323582E+05  0.240850E+05  0.000000E+00  0.000000E+00  0.500659E+03  0.295607E+05
  0.120050E+00  0.312676E+05  0.240580E+05  0.000000E+00  0.000000E+00  0.461183E+03  0.286940E+05
  0.124119E+00  0.301883E+05  0.238497E+05  0.000000E+00  0.000000E+00  0.419960E+03  0.278060E+05
  0.128326E+00  0.290893E+05  0.233439E+05  0.000000E+00  0.000000E+00  0.383785E+03  0.268531E+05
  0.132676E+00  0.279446E+05  0.224757E+05  0.000000E+00  0.000000E+00  0.346573E+03  0.258038E+05
  0.137173E+00  0.267405E+05  0.212508E+05  0.000000E+00  0.000000E+00  0.314923E+03  0.246485E+05
  0.141822E+00  0.254877E+05  0.197581E+05  0.000000E+00  0.000000E+00  0.281049E+03  0.234101E+05
  0.146629E+00  0.242227E+05  0.181585E+05  0.000000E+00  0.000000E+00  0.251142E+03  0.221445E+05
  0.151600E+00  0.229957E+05  0.166468E+05  0.000000E+00  0.000000E+00  0.223822E+03  0.209236E+05
  0.156738E+00  0.218521E+05  0.153981E+05  0.000000E+00  0.000000E+00  0.198938E+03  0.198124E+05
  0.162051E+00  0.208221E+05  0.145225E+05  0.000000E+00  0.000000E+00  0.179544E+03  0.188531E+05
  0.167543E+00  0.199180E+05  0.140376E+05  0.000000E+00  0.000000E+00  0.162197E+03  0.180584E+05
  0.173222E+00  0.191301E+05  0.138593E+05  0.000000E+00  0.000000E+00  0.146737E+03  0.174064E+05
  0.179094E+00  0.184222E+05  0.138169E+05  0.000000E+00  0.000000E+00  0.133628E+03  0.168402E+05
  0.185164E+00  0.177392E+05  0.137038E+05  0.000000E+00  0.000000E+00  0.121682E+03  0.162820E+05
  0.191440E+00  0.170301E+05  0.133527E+05  0.000000E+00  0.000000E+00  0.110684E+03  0.156636E+05
  0.197929E+00  0.162697E+05  0.127017E+05  0.000000E+00  0.000000E+00  0.992909E+02  0.149548E+05
  0.204638E+00  0.154681E+05  0.118196E+05  0.000000E+00  0.000000E+00  0.885194E+02  0.141750E+05
  0.211574E+00  0.146643E+05  0.108759E+05  0.000000E+00  0.000000E+00  0.786901E+02  0.133834E+05
  0.218745E+00  0.139068E+05  0.100636E+05  0.000000E+00  0.000000E+00  0.700895E+02  0.126502E+05
  0.226160E+00  0.132314E+05  0.951060E+04  0.000000E+00  0.000000E+00  0.625692E+02  0.120249E+05
  0.233826E+00  0.126478E+05  0.922131E+04  0.000000E+00  0.000000E+00  0.564993E+02  0.115161E+05
  0.241751E+00  0.121295E+05  0.907213E+04  0.000000E+00  0.000000E+00  0.509034E+02  0.110820E+05
  0.249945E+00  0.116288E+05  0.888321E+04  0.000000E+00  0.000000E+00  0.461394E+02  0.106554E+05
  0.258417E+00  0.111108E+05  0.853075E+04  0.000000E+00  0.000000E+00  0.416848E+02  0.101878E+05
  0.267176E+00  0.105653E+05  0.801117E+04  0.000000E+00  0.000000E+00  0.370125E+02  0.967075E+04
  0.276232E+00  0.100170E+05  0.744143E+04  0.000000E+00  0.000000E+00  0.330834E+02  0.914314E+04
  0.285595E+00  0.950758E+04  0.697177E+04  0.000000E+00  0.000000E+00  0.291330E+02  0.866288E+04
  0.295275E+00  0.905614E+04  0.666633E+04  0.000000E+00  0.000000E+00  0.262182E+02  0.825574E+04
  0.305284E+00  0.865247E+04  0.646853E+04  0.000000E+00  0.000000E+00  0.235392E+02  0.790422E+04
  0.315631E+00  0.826528E+04  0.625620E+04  0.000000E+00  0.000000E+00  0.213521E+02  0.756329E+04
  0.326330E+00  0.787054E+04  0.595236E+04  0.000000E+00  0.000000E+00  0.189600E+02  0.720118E+04
  0.337391E+00  0.747147E+04  0.558757E+04  0.000000E+00  0.000000E+00  0.168976E+02  0.682552E+04
  0.348827E+00  0.709092E+04  0.525561E+04  0.000000E+00  0.000000E+00  0.150058E+02  0.646994E+04
  0.360650E+00  0.674614E+04  0.501160E+04  0.000000E+00  0.000000E+00  0.134225E+02  0.615724E+04
  0.372875E+00  0.642951E+04  0.481916E+04  0.000000E+00  0.000000E+00  0.121154E+02  0.587534E+04
  0.385513E+00  0.612195E+04  0.460732E+04  0.000000E+00  0.000000E+00  0.106413E+02  0.559735E+04
  0.398580E+00  0.581555E+04  0.435721E+04  0.000000E+00  0.000000E+00  0.961982E+01  0.531394E+04
  0.412090E+00  0.552015E+04  0.411341E+04  0.000000E+00  0.000000E+00  0.857637E+01  0.504025E+04
  0.426058E+00  0.524629E+04  0.391330E+04  0.000000E+00  0.000000E+00  0.758940E+01  0.479083E+04
  0.440499E+00  0.499066E+04  0.373929E+04  0.000000E+00  0.000000E+00  0.676335E+01  0.456015E+04
  0.455430E+00  0.474304E+04  0.355594E+04  0.000000E+00  0.000000E+00  0.608097E+01  0.433424E+04
  0.470867E+00  0.450250E+04  0.336552E+04  0.000000E+00  0.000000E+00  0.535250E+01  0.411273E+04
  0.486827E+00  0.427495E+04  0.319285E+04  0.000000E+00  0.000000E+00  0.477691E+01  0.390444E+04
  0.503328E+00  0.406138E+04  0.303951E+04  0.000000E+00  0.000000E+00  0.430448E+01  0.371039E+04
  0.520388E+00  0.385691E+04  0.288801E+04  0.000000E+00  0.000000E+00  0.380308E+01  0.352384E+04
  0.538027E+00  0.366030E+04  0.273715E+04  0.000000E+00  0.000000E+00  0.338683E+01  0.334359E+04
  0.556263E+00  0.347399E+04  0.259772E+04  0.000000E+00  0.000000E+00  0.300238E+01  0.317338E+04
  0.575118E+00  0.329759E+04  0.246795E+04  0.000000E+00  0.000000E+00  0.269536E+01  0.301259E+04
  0.594612E+00  0.312891E+04  0.234116E+04  0.000000E+00  0.000000E+00  0.236247E+01  0.285838E+04
  0.614766E+00  0.296820E+04  0.222011E+04  0.000000E+00  0.000000E+00  0.211591E+01  0.271143E+04
  0.635604E+00  0.281582E+04  0.210688E+04  0.000000E+00  0.000000E+00  0.187641E+01  0.257236E+04
  0.657148E+00  0.267076E+04  0.199840E+04  0.000000E+00  0.000000E+00  0.168018E+01  0.243984E+04
  0.679422E+00  0.253264E+04  0.189475E+04  0.000000E+00  0.000000E+00  0.149014E+01  0.231361E+04
  0.702451E+00  0.240152E+04  0.179690E+04  0.000000E+00  0.000000E+00  0.132062E+01  0.219386E+04
  0.726261E+00  0.227682E+04  0.170360E+04  0.000000E+00  0.000000E+00  0.117937E+01  0.207994E+04
  0.750877E+00  0.215827E+04  0.161485E+04  0.000000E+00  0.000000E+00  0.103975E+01  0.197163E+04
  0.776328E+00  0.204566E+04  0.153069E+04  0.000000E+00  0.000000E+00  0.928661E+00  0.186878E+04
  0.802642E+00  0.193865E+04  0.145060E+04  0.000000E+00  0.000000E+00  0.821567E+00  0.177101E+04
  0.829848E+00  0.183700E+04  0.137457E+04  0.000000E+00  0.000000E+00  0.727977E+00  0.167815E+04
  0.857975E+00  0.174047E+04  0.130236E+04  0.000000E+00  0.000000E+00  0.648862E+00  0.158997E+04
  0.887057E+00  0.164880E+04  0.123377E+04  0.000000E+00  0.000000E+00  0.573827E+00  0.150623E+04
  0.917123E+00  0.156178E+04  0.116868E+04  0.000000E+00  0.000000E+00  0.511779E+00  0.142674E+04
  0.948209E+00  0.147918E+04  0.110688E+04  0.000000E+00  0.000000E+00  0.449896E+00  0.135128E+04
  0.980349E+00  0.140078E+04  0.104823E+04  0.000000E+00  0.000000E+00  0.407958E+00  0.127966E+04
  0.101358E+01  0.132638E+04  0.992559E+03  0.000000E+00  0.000000E+00  0.358444E+00  0.121169E+04
  0.104793E+01  0.125577E+04  0.939736E+03  0.000000E+00  0.000000E+00  0.316525E+00  0.114719E+04
  0.108345E+01  0.118879E+04  0.889621E+03  0.000000E+00  0.000000E+00  0.278471E+00  0.108600E+04
  0.112018E+01  0.112526E+04  0.842084E+03  0.000000E+00  0.000000E+00  0.249549E+00  0.102796E+04
  0.115815E+01  0.106501E+04  0.797003E+03  0.000000E+00  0.000000E+00  0.221406E+00  0.972921E+03
  0.119740E+01  0.100787E+04  0.754255E+03  0.000000E+00  0.000000E+00  0.193075E+00  0.920729E+03
  0.123799E+01  0.953706E+03  0.713725E+03  0.000000E+00  0.000000E+00  0.172376E+00  0.871246E+03
  0.127995E+01  0.902353E+03  0.675299E+03  0.000000E+00  0.000000E+00  0.154621E+00  0.824334E+03
  0.132333E+01  0.853678E+03  0.638878E+03  0.000000E+00  0.000000E+00  0.136016E+00  0.779867E+03
  0.136819E+01  0.807545E+03  0.604358E+03  0.000000E+00  0.000000E+00  0.121858E+00  0.737724E+03
  0.141456E+01  0.763831E+03  0.571648E+03  0.000000E+00  0.000000E+00  0.107367E+00  0.697790E+03
  0.146251E+01  0.722408E+03  0.540652E+03  0.000000E+00  0.000000E+00  0.933764E-01  0.659949E+03
  0.151208E+01  0.683165E+03  0.511285E+03  0.000000E+00  0.000000E+00  0.838556E-01  0.624099E+03
  0.156333E+01  0.645990E+03  0.483467E+03  0.000000E+00  0.000000E+00  0.736764E-01  0.590138E+03
  0.161632E+01  0.610783E+03  0.457122E+03  0.000000E+00  0.000000E+00  0.660976E-01  0.557976E+03
  0.167111E+01  0.577443E+03  0.432172E+03  0.000000E+00  0.000000E+00  0.576865E-01  0.527518E+03
  0.172775E+01  0.545872E+03  0.408546E+03  0.000000E+00  0.000000E+00  0.520080E-01  0.498677E+03
  0.178631E+01  0.515980E+03  0.386177E+03  0.000000E+00  0.000000E+00  0.453215E-01  0.471370E+03
  0.184686E+01  0.487681E+03  0.364999E+03  0.000000E+00  0.000000E+00  0.397349E-01  0.445518E+03
  0.190946E+01  0.460894E+03  0.344953E+03  0.000000E+00  0.000000E+00  0.357473E-01  0.421047E+03
  0.197418E+01  0.435538E+03  0.325978E+03  0.000000E+00  0.000000E+00  0.312665E-01  0.397884E+03
  0.204110E+01  0.411543E+03  0.308020E+03  0.000000E+00  0.000000E+00  0.279112E-01  0.375963E+03
  0.211028E+01  0.388838E+03  0.291028E+03  0.000000E+00  0.000000E+00  0.246951E-01  0.355221E+03
  0.218181E+01  0.367355E+03  0.274951E+03  0.000000E+00  0.000000E+00  0.217376E-01  0.335596E+03
  0.225576E+01  0.347032E+03  0.259741E+03  0.000000E+00  0.000000E+00  0.191970E-01  0.317030E+03
  0.233222E+01  0.327806E+03  0.245353E+03  0.000000E+00  0.000000E+00  0.166097E-01  0.299467E+03
  0.241127E+01  0.309620E+03  0.231742E+03  0.000000E+00  0.000000E+00  0.148263E-01  0.282853E+03
  0.249300E+01  0.292420E+03  0.218869E+03  0.000000E+00  0.000000E+00  0.131968E-01  0.267140E+03
  0.257750E+01  0.276153E+03  0.206695E+03  0.000000E+00  0.000000E+00  0.117777E-01  0.252279E+03
  0.266486E+01  0.260772E+03  0.195183E+03  0.000000E+00  0.000000E+00  0.104173E-01  0.238228E+03
  0.275519E+01  0.246230E+03  0.184299E+03  0.000000E+00  0.000000E+00  0.922101E-02  0.224943E+03
  0.284858E+01  0.232481E+03  0.174010E+03  0.000000E+00  0.000000E+00  0.807456E-02  0.212383E+03
  0.294513E+01  0.219484E+03  0.164282E+03  0.000000E+00  0.000000E+00  0.724842E-02  0.200510E+03
  0.304496E+01  0.207198E+03  0.155087E+03  0.000000E+00  0.000000E+00  0.630984E-02  0.189286E+03
  0.314817E+01  0.195586E+03  0.146396E+03  0.000000E+00  0.000000E+00  0.575176E-02  0.178678E+03
  0.325487E+01  0.184612E+03  0.138182E+03  0.000000E+00  0.000000E+00  0.484044E-02  0.168652E+03
  0.336520E+01  0.174242E+03  0.130420E+03  0.000000E+00  0.000000E+00  0.446667E-02  0.159179E+03
  0.347926E+01  0.164443E+03  0.123086E+03  0.000000E+00  0.000000E+00  0.378224E-02  0.150227E+03
  0.359719E+01  0.155185E+03  0.116157E+03  0.000000E+00  0.000000E+00  0.345323E-02  0.141769E+03
  0.371912E+01  0.146437E+03  0.109610E+03  0.000000E+00  0.000000E+00  0.306791E-02  0.133778E+03
  0.384518E+01  0.138174E+03  0.103425E+03  0.000000E+00  0.000000E+00  0.262984E-02  0.126230E+03
  0.397551E+01  0.130369E+03  0.975825E+02  0.000000E+00  0.000000E+00  0.230564E-02  0.119099E+03
  0.411026E+01  0.122997E+03  0.920647E+02  0.000000E+00  0.000000E+00  0.211843E-02  0.112364E+03
  0.424958E+01  0.116034E+03  0.868533E+02  0.000000E+00  0.000000E+00  0.184836E-02  0.106004E+03
  0.439362E+01  0.109459E+03  0.819318E+02  0.000000E+00  0.000000E+00  0.162265E-02  0.999969E+02
  0.454254E+01  0.103250E+03  0.772840E+02  0.000000E+00  0.000000E+00  0.138076E-02  0.943243E+02
  0.469651E+01  0.973869E+02  0.728956E+02  0.000000E+00  0.000000E+00  0.125377E-02  0.889682E+02
  0.485570E+01  0.918517E+02  0.687525E+02  0.000000E+00  0.000000E+00  0.106397E-02  0.839115E+02
  0.502029E+01  0.866260E+02  0.648410E+02  0.000000E+00  0.000000E+00  0.994664E-03  0.791375E+02
  0.519045E+01  0.816927E+02  0.611483E+02  0.000000E+00  0.000000E+00  0.868258E-03  0.746307E+02
  0.536638E+01  0.770356E+02  0.576624E+02  0.000000E+00  0.000000E+00  0.786870E-03  0.703762E+02
  0.554827E+01  0.726402E+02  0.543723E+02  0.000000E+00  0.000000E+00  0.702139E-03  0.663607E+02
  0.573633E+01  0.684917E+02  0.512670E+02  0.000000E+00  0.000000E+00  0.611412E-03  0.625709E+02
  0.593077E+01  0.645767E+02  0.483365E+02  0.000000E+00  0.000000E+00  0.552822E-03  0.589942E+02
  0.613179E+01  0.608817E+02  0.455707E+02  0.000000E+00  0.000000E+00  0.456385E-03  0.556187E+02
  0.633963E+01  0.573952E+02  0.429609E+02  0.000000E+00  0.000000E+00  0.420203E-03  0.524336E+02
  0.655451E+01  0.541056E+02  0.404985E+02  0.000000E+00  0.000000E+00  0.372018E-03  0.494283E+02
  0.677667E+01  0.510019E+02  0.381752E+02  0.000000E+00  0.000000E+00  0.323629E-03  0.465929E+02
  0.700637E+01  0.480735E+02  0.359832E+02  0.000000E+00  0.000000E+00  0.276874E-03  0.439176E+02
  0.724385E+01  0.453109E+02  0.339152E+02  0.000000E+00  0.000000E+00  0.247651E-03  0.413938E+02
  0.748939E+01  0.427050E+02  0.319645E+02  0.000000E+00  0.000000E+00  0.214751E-03  0.390132E+02
  0.774324E+01  0.402470E+02  0.301245E+02  0.000000E+00  0.000000E+00  0.197583E-03  0.367676E+02
  0.800570E+01  0.379285E+02  0.283890E+02  0.000000E+00  0.000000E+00  0.164640E-03  0.346495E+02
  0.827705E+01  0.357417E+02  0.267521E+02  0.000000E+00  0.000000E+00  0.148104E-03  0.326518E+02
  0.855760E+01  0.336795E+02  0.252084E+02  0.000000E+00  0.000000E+00  0.131585E-03  0.307678E+02
  0.884767E+01  0.317347E+02  0.237526E+02  0.000000E+00  0.000000E+00  0.119070E-03  0.289911E+02
  0.914755E+01  0.299008E+02  0.223797E+02  0.000000E+00  0.000000E+00  0.109993E-03  0.273157E+02
  0.945762E+01  0.281715E+02  0.210852E+02  0.000000E+00  0.000000E+00  0.911742E-04  0.257359E+02
  0.977818E+01  0.265411E+02  0.198647E+02  0.000000E+00  0.000000E+00  0.773491E-04  0.242465E+02
  0.101096E+02  0.250039E+02  0.187139E+02  0.000000E+00  0.000000E+00  0.704572E-04  0.228421E+02
  0.104523E+02  0.235546E+02  0.176290E+02  0.000000E+00  0.000000E+00  0.594930E-04  0.215180E+02
  0.108066E+02  0.221883E+02  0.166062E+02  0.000000E+00  0.000000E+00  0.527024E-04  0.202699E+02
  0.111728E+02  0.209004E+02  0.156421E+02  0.000000E+00  0.000000E+00  0.449530E-04  0.190933E+02
  0.115516E+02  0.196863E+02  0.147332E+02  0.000000E+00  0.000000E+00  0.449894E-04  0.179841E+02
  0.119431E+02  0.185420E+02  0.138766E+02  0.000000E+00  0.000000E+00  0.385710E-04  0.169387E+02
  0.123479E+02  0.174635E+02  0.130692E+02  0.000000E+00  0.000000E+00  0.348386E-04  0.159534E+02
  0.127664E+02  0.164469E+02  0.123082E+02  0.000000E+00  0.000000E+00  0.299054E-04  0.150247E+02
  0.131992E+02  0.154890E+02  0.115910E+02  0.000000E+00  0.000000E+00  0.264503E-04  0.141495E+02
  0.136466E+02  0.145862E+02  0.109152E+02  0.000000E+00  0.000000E+00  0.218670E-04  0.133248E+02
  0.141091E+02  0.137354E+02  0.102783E+02  0.000000E+00  0.000000E+00  0.225785E-04  0.125476E+02
  0.145873E+02  0.129338E+02  0.967816E+01  0.000000E+00  0.000000E+00  0.193517E-04  0.118152E+02
  0.150818E+02  0.121785E+02  0.911271E+01  0.000000E+00  0.000000E+00  0.183402E-04  0.111252E+02
  0.155930E+02  0.114668E+02  0.857990E+01  0.000000E+00  0.000000E+00  0.153898E-04  0.104750E+02
  0.161215E+02  0.107963E+02  0.807794E+01  0.000000E+00  0.000000E+00  0.121002E-04  0.986246E+01
  0.166679E+02  0.101646E+02  0.760502E+01  0.000000E+00  0.000000E+00  0.118619E-04  0.928535E+01
  0.172329E+02  0.956950E+01  0.715949E+01  0.000000E+00  0.000000E+00  0.913452E-05  0.874168E+01
  0.178170E+02  0.900890E+01  0.673979E+01  0.000000E+00  0.000000E+00  0.844674E-05  0.822953E+01
  0.184209E+02  0.848082E+01  0.634444E+01  0.000000E+00  0.000000E+00  0.700520E-05  0.774709E+01
  0.190453E+02  0.798341E+01  0.597204E+01  0.000000E+00  0.000000E+00  0.637858E-05  0.729266E+01
  0.196908E+02  0.751489E+01  0.562128E+01  0.000000E+00  0.000000E+00  0.571638E-05  0.686464E+01
  0.203583E+02  0.707361E+01  0.529089E+01  0.000000E+00  0.000000E+00  0.543354E-05  0.646148E+01
  0.210483E+02  0.665800E+01  0.497973E+01  0.000000E+00  0.000000E+00  0.451292E-05  0.608180E+01
  0.217617E+02  0.626659E+01  0.468669E+01  0.000000E+00  0.000000E+00  0.384655E-05  0.572421E+01
  0.224994E+02  0.589799E+01  0.441071E+01  0.000000E+00  0.000000E+00  0.351060E-05  0.538746E+01
  0.232620E+02  0.555087E+01  0.415083E+01  0.000000E+00  0.000000E+00  0.307462E-05  0.507034E+01
  0.240505E+02  0.522401E+01  0.390610E+01  0.000000E+00  0.000000E+00  0.298075E-05  0.477172E+01
  0.248656E+02  0.491622E+01  0.367565E+01  0.000000E+00  0.000000E+00  0.212453E-05  0.449053E+01
  0.257085E+02  0.462641E+01  0.345866E+01  0.000000E+00  0.000000E+00  0.243271E-05  0.422576E+01
  0.265798E+02  0.435354E+01  0.325436E+01  0.000000E+00  0.000000E+00  0.179951E-05  0.397647E+01
  0.274808E+02  0.409663E+01  0.306199E+01  0.000000E+00  0.000000E+00  0.168204E-05  0.374176E+01
  0.284122E+02  0.385475E+01  0.288089E+01  0.000000E+00  0.000000E+00  0.170131E-05  0.352078E+01
  0.293753E+02  0.362704E+01  0.271038E+01  0.000000E+00  0.000000E+00  0.135171E-05  0.331274E+01
  0.303709E+02  0.341267E+01  0.254987E+01  0.000000E+00  0.000000E+00  0.144260E-05  0.311690E+01
  0.314004E+02  0.321086E+01  0.239876E+01  0.000000E+00  0.000000E+00  0.886711E-06  0.293253E+01
  0.324647E+02  0.302090E+01  0.225652E+01  0.000000E+00  0.000000E+00  0.749954E-06  0.275898E+01
  0.335651E+02  0.284208E+01  0.212262E+01  0.000000E+00  0.000000E+00  0.940507E-06  0.259561E+01
  0.347028E+02  0.267377E+01  0.199659E+01  0.000000E+00  0.000000E+00  0.506965E-06  0.244183E+01
  0.358790E+02  0.251535E+01  0.187796E+01  0.000000E+00  0.000000E+00  0.664065E-06  0.229710E+01
  0.370952E+02  0.236624E+01  0.176630E+01  0.000000E+00  0.000000E+00  0.581084E-06  0.216087E+01
  0.383525E+02  0.222590E+01  0.166121E+01  0.000000E+00  0.000000E+00  0.478624E-06  0.203267E+01
  0.396525E+02  0.209383E+01  0.156230E+01  0.000000E+00  0.000000E+00  0.444912E-06  0.191200E+01
  0.409965E+02  0.196953E+01  0.146922E+01  0.000000E+00  0.000000E+00  0.355942E-06  0.179844E+01
  0.423861E+02  0.185256E+01  0.138162E+01  0.000000E+00  0.000000E+00  0.288885E-06  0.169157E+01
  0.438228E+02  0.174248E+01  0.129919E+01  0.000000E+00  0.000000E+00  0.251394E-06  0.159101E+01
  0.453082E+02  0.163890E+01  0.122161E+01  0.000000E+00  0.000000E+00  0.243712E-06  0.149637E+01
  0.468439E+02  0.154143E+01  0.114861E+01  0.000000E+00  0.000000E+00  0.218231E-06  0.140732E+01
  0.484317E+02  0.144972E+01  0.107992E+01  0.000000E+00  0.000000E+00  0.242773E-06  0.132353E+01
  0.500732E+02  0.136342E+01  0.101529E+01  0.000000E+00  0.000000E+00  0.170571E-07  0.124469E+01
  0.517705E+02  0.128223E+01  0.954472E+00  0.000000E+00  0.000000E+00  0.140139E-06  0.117050E+01
  0.535252E+02  0.120584E+01  0.897253E+00  0.000000E+00  0.000000E+00  0.153063E-06  0.110071E+01
  0.553395E+02  0.113396E+01  0.843417E+00  0.000000E+00  0.000000E+00  0.147042E-06  0.103504E+01
  0.572153E+02  0.106635E+01  0.792766E+00  0.000000E+00  0.000000E+00  0.192502E-06  0.973263E+00
  0.591545E+02  0.100273E+01  0.745114E+00  0.000000E+00  0.000000E+00  0.635071E-07  0.915144E+00
  0.611596E+02  0.942889E+00  0.700283E+00  0.000000E+00  0.000000E+00  0.101806E-06  0.860466E+00
  0.632326E+02  0.886594E+00  0.658110E+00  0.000000E+00  0.000000E+00  0.307787E-07  0.809032E+00
  0.653759E+02  0.833636E+00  0.618435E+00  0.000000E+00  0.000000E+00  0.220357E-07  0.760646E+00
  0.675918E+02  0.783822E+00  0.581114E+00  0.000000E+00  0.000000E+00  0.742344E-09  0.715133E+00
  0.698829E+02  0.736963E+00  0.546005E+00  0.000000E+00  0.000000E+00  0.557940E-07  0.672319E+00
  0.722515E+02  0.692889E+00  0.512982E+00  0.000000E+00  0.000000E+00  0.344697E-07  0.632050E+00
  0.747005E+02  0.651433E+00  0.481918E+00  0.000000E+00  0.000000E+00  0.143552E-07  0.594172E+00
  0.772325E+02  0.612442E+00  0.452701E+00  0.000000E+00  0.000000E+00 -0.100008E-07  0.558546E+00
  0.798503E+02  0.575769E+00  0.425218E+00  0.000000E+00  0.000000E+00 -0.146471E-08  0.525038E+00
  0.825568E+02  0.541279E+00  0.399371E+00  0.000000E+00  0.000000E+00  0.100691E-07  0.493524E+00
  0.853551E+02  0.508841E+00  0.375060E+00  0.000000E+00  0.000000E+00  0.434038E-07  0.463885E+00
  0.882482E+02  0.478335E+00  0.352195E+00  0.000000E+00  0.000000E+00  0.263063E-07  0.436012E+00
  0.912394E+02  0.449646E+00  0.330691E+00  0.000000E+00  0.000000E+00 -0.223293E-08  0.409798E+00
  0.943319E+02  0.422667E+00  0.310468E+00  0.000000E+00  0.000000E+00  0.288499E-07  0.385146E+00
  0.975294E+02  0.397296E+00  0.291449E+00  0.000000E+00  0.000000E+00  0.698837E-09  0.361963E+00
  0.100835E+03  0.373439E+00  0.273564E+00  0.000000E+00  0.000000E+00 -0.946020E-08  0.340164E+00
  0.104253E+03  0.351006E+00  0.256744E+00  0.000000E+00  0.000000E+00  0.145520E-07  0.319666E+00
  0.107787E+03  0.329912E+00  0.240928E+00  0.000000E+00  0.000000E+00  0.270340E-07  0.300391E+00
  0.111440E+03  0.310076E+00  0.226055E+00  0.000000E+00  0.000000E+00  0.142506E-07  0.282265E+00
  0.115217E+03  0.291427E+00  0.212070E+00  0.000000E+00  0.000000E+00  0.636887E-08  0.265224E+00
  0.119123E+03  0.273892E+00  0.198920E+00  0.000000E+00  0.000000E+00  0.788080E-08  0.249201E+00
  0.123160E+03  0.257405E+00  0.186555E+00  0.000000E+00  0.000000E+00  0.465149E-08  0.234135E+00
  0.127335E+03  0.241904E+00  0.174929E+00  0.000000E+00  0.000000E+00  0.577388E-08  0.219970E+00
  0.131651E+03  0.227331E+00  0.163998E+00  0.000000E+00  0.000000E+00  0.789411E-08  0.206653E+00
  0.136113E+03  0.213630E+00  0.153721E+00  0.000000E+00  0.000000E+00  0.281530E-08  0.194133E+00
  0.140727E+03  0.200749E+00  0.144058E+00  0.000000E+00  0.000000E+00 -0.205626E-08  0.182362E+00
  0.145497E+03  0.188640E+00  0.134974E+00  0.000000E+00  0.000000E+00 -0.424280E-08  0.171296E+00
  0.150428E+03  0.177257E+00  0.126434E+00  0.000000E+00  0.000000E+00 -0.495015E-08  0.160894E+00
  0.155527E+03  0.166556E+00  0.118406E+00  0.000000E+00  0.000000E+00  0.556057E-08  0.151115E+00
  0.160799E+03  0.156496E+00  0.110858E+00  0.000000E+00  0.000000E+00  0.124263E-07  0.141922E+00
  0.166249E+03  0.147040E+00  0.103764E+00  0.000000E+00  0.000000E+00  0.323876E-08  0.133281E+00
  0.171884E+03  0.138152E+00  0.970959E-01  0.000000E+00  0.000000E+00  0.105271E-07  0.125158E+00
  0.177710E+03  0.129797E+00  0.908281E-01  0.000000E+00  0.000000E+00 -0.664519E-09  0.117523E+00
  0.183734E+03  0.121943E+00  0.849368E-01  0.000000E+00  0.000000E+00  0.102876E-07  0.110346E+00
  0.189961E+03  0.114562E+00  0.794003E-01  0.000000E+00  0.000000E+00  0.366212E-08  0.103601E+00
  0.196400E+03  0.107624E+00  0.741972E-01  0.000000E+00  0.000000E+00  0.553645E-08  0.972614E-01
  0.203057E+03  0.101103E+00  0.693078E-01  0.000000E+00  0.000000E+00 -0.178317E-08  0.913029E-01
