  0.106157E-04  0.165939E+07  0.165939E+07  0.221243E+07  0.221243E+07  0.165932E+07  0.165939E+07
  0.109755E-04  0.165939E+07  0.165939E+07  0.221242E+07  0.221242E+07  0.165932E+07  0.165939E+07
  0.113475E-04  0.165939E+07  0.165939E+07  0.221241E+07  0.221241E+07  0.165932E+07  0.165939E+07
  0.117321E-04  0.165939E+07  0.165939E+07  0.221241E+07  0.221240E+07  0.165932E+07  0.165939E+07
  0.121298E-04  0.165939E+07  0.165939E+07  0.221240E+07  0.221240E+07  0.165932E+07  0.165939E+07
  0.125409E-04  0.165939E+07  0.165939E+07  0.221239E+07  0.221239E+07  0.165932E+07  0.165939E+07
  0.129660E-04  0.165939E+07  0.165939E+07  0.221238E+07  0.221238E+07  0.165932E+07  0.165939E+07
  0.134055E-04  0.165939E+07  0.165939E+07  0.221237E+07  0.221237E+07  0.165932E+07  0.165939E+07
  0.138599E-04  0.165939E+07  0.165939E+07  0.221236E+07  0.221236E+07  0.165932E+07  0.165939E+07
  0.143296E-04  0.165939E+07  0.165939E+07  0.221235E+07  0.221235E+07  0.165932E+07  0.165939E+07
  0.148154E-04  0.165939E+07  0.165939E+07  0.221234E+07  0.221233E+07  0.165932E+07  0.165939E+07
  0.153175E-04  0.165939E+07  0.165939E+07  0.221232E+07  0.221232E+07  0.165932E+07  0.165939E+07
  0.158367E-04  0.165939E+07  0.165939E+07  0.221231E+07  0.221231E+07  0.165932E+07  0.165939E+07
  0.163735E-04  0.165939E+07  0.165939E+07  0.221230E+07  0.221229E+07  0.165932E+07  0.165939E+07
  0.169285E-04  0.165939E+07  0.165939E+07  0.221228E+07  0.221228E+07  0.165932E+07  0.165939E+07
  0.175023E-04  0.165939E+07  0.165939E+07  0.221226E+07  0.221226E+07  0.165932E+07  0.165939E+07
  0.180955E-04  0.165939E+07  0.165939E+07  0.221225E+07  0.221224E+07  0.165932E+07  0.165939E+07
  0.187089E-04  0.165939E+07  0.165939E+07  0.221223E+07  0.221222E+07  0.165932E+07  0.165939E+07
  0.193430E-04  0.165939E+07  0.165939E+07  0.221221E+07  0.221220E+07  0.165932E+07  0.165939E+07
  0.199986E-04  0.165939E+07  0.165939E+07  0.221218E+07  0.221218E+07  0.165932E+07  0.165939E+07
  0.206765E-04  0.165939E+07  0.165939E+07  0.221216E+07  0.221215E+07  0.165932E+07  0.165938E+07
  0.213773E-04  0.165939E+07  0.165939E+07  0.221214E+07  0.221213E+07  0.165932E+07  0.165938E+07
  0.221019E-04  0.165939E+07  0.165939E+07  0.221211E+07  0.221210E+07  0.165931E+07  0.165938E+07
  0.228511E-04  0.165939E+07  0.165939E+07  0.221208E+07  0.221207E+07  0.165931E+07  0.165938E+07
  0.236256E-04  0.165939E+07  0.165939E+07  0.221205E+07  0.221204E+07  0.165931E+07  0.165938E+07
  0.244264E-04  0.165939E+07  0.165939E+07  0.221202E+07  0.221201E+07  0.165931E+07  0.165938E+07
  0.252543E-04  0.165939E+07  0.165939E+07  0.221198E+07  0.221197E+07  0.165931E+07  0.165938E+07
  0.261103E-04  0.165939E+07  0.165939E+07  0.221195E+07  0.221194E+07  0.165931E+07  0.165938E+07
  0.269953E-04  0.165939E+07  0.165939E+07  0.221191E+07  0.221190E+07  0.165931E+07  0.165938E+07
  0.279103E-04  0.165938E+07  0.165938E+07  0.221186E+07  0.221185E+07  0.165931E+07  0.165938E+07
  0.288564E-04  0.165938E+07  0.165938E+07  0.221182E+07  0.221181E+07  0.165931E+07  0.165938E+07
  0.298345E-04  0.165938E+07  0.165938E+07  0.221177E+07  0.221176E+07  0.165930E+07  0.165938E+07
  0.308457E-04  0.165938E+07  0.165938E+07  0.221172E+07  0.221170E+07  0.165930E+07  0.165938E+07
  0.318912E-04  0.165938E+07  0.165938E+07  0.221166E+07  0.221165E+07  0.165930E+07  0.165938E+07
  0.329722E-04  0.165938E+07  0.165938E+07  0.221160E+07  0.221159E+07  0.165930E+07  0.165938E+07
  0.340898E-04  0.165938E+07  0.165938E+07  0.221154E+07  0.221152E+07  0.165930E+07  0.165938E+07
  0.352452E-04  0.165938E+07  0.165938E+07  0.221147E+07  0.221145E+07  0.165929E+07  0.165938E+07
  0.364399E-04  0.165938E+07  0.165938E+07  0.221140E+07  0.221138E+07  0.165929E+07  0.165938E+07
  0.376750E-04  0.165938E+07  0.165938E+07  0.221132E+07  0.221130E+07  0.165929E+07  0.165938E+07
  0.389520E-04  0.165938E+07  0.165938E+07  0.221124E+07  0.221122E+07  0.165929E+07  0.165937E+07
  0.402723E-04  0.165938E+07  0.165938E+07  0.221115E+07  0.221113E+07  0.165928E+07  0.165937E+07
  0.416373E-04  0.165938E+07  0.165938E+07  0.221106E+07  0.221103E+07  0.165928E+07  0.165937E+07
  0.430486E-04  0.165938E+07  0.165937E+07  0.221095E+07  0.221093E+07  0.165928E+07  0.165937E+07
  0.445078E-04  0.165937E+07  0.165937E+07  0.221085E+07  0.221082E+07  0.165927E+07  0.165937E+07
  0.460164E-04  0.165937E+07  0.165937E+07  0.221073E+07  0.221070E+07  0.165927E+07  0.165937E+07
  0.475761E-04  0.165937E+07  0.165937E+07  0.221061E+07  0.221057E+07  0.165927E+07  0.165937E+07
  0.491887E-04  0.165937E+07  0.165937E+07  0.221048E+07  0.221044E+07  0.165926E+07  0.165937E+07
  0.508560E-04  0.165937E+07  0.165937E+07  0.221033E+07  0.221030E+07  0.165926E+07  0.165936E+07
  0.525797E-04  0.165937E+07  0.165937E+07  0.221018E+07  0.221014E+07  0.165925E+07  0.165936E+07
  0.543619E-04  0.165936E+07  0.165936E+07  0.221002E+07  0.220998E+07  0.165925E+07  0.165936E+07
  0.562045E-04  0.165936E+07  0.165936E+07  0.220985E+07  0.220980E+07  0.165924E+07  0.165936E+07
  0.581096E-04  0.165936E+07  0.165936E+07  0.220967E+07  0.220962E+07  0.165924E+07  0.165936E+07
  0.600792E-04  0.165936E+07  0.165936E+07  0.220947E+07  0.220942E+07  0.165923E+07  0.165935E+07
  0.621156E-04  0.165936E+07  0.165936E+07  0.220926E+07  0.220920E+07  0.165922E+07  0.165935E+07
  0.642210E-04  0.165935E+07  0.165935E+07  0.220903E+07  0.220897E+07  0.165922E+07  0.165935E+07
  0.663978E-04  0.165935E+07  0.165935E+07  0.220879E+07  0.220873E+07  0.165921E+07  0.165935E+07
  0.686484E-04  0.165935E+07  0.165935E+07  0.220854E+07  0.220847E+07  0.165920E+07  0.165934E+07
  0.709752E-04  0.165935E+07  0.165935E+07  0.220826E+07  0.220819E+07  0.165919E+07  0.165934E+07
  0.733809E-04  0.165934E+07  0.165934E+07  0.220797E+07  0.220789E+07  0.165918E+07  0.165934E+07
  0.758682E-04  0.165934E+07  0.165934E+07  0.220766E+07  0.220757E+07  0.165917E+07  0.165933E+07
  0.784397E-04  0.165934E+07  0.165934E+07  0.220732E+07  0.220723E+07  0.165916E+07  0.165933E+07
  0.810985E-04  0.165933E+07  0.165933E+07  0.220696E+07  0.220687E+07  0.165915E+07  0.165932E+07
  0.838473E-04  0.165933E+07  0.165933E+07  0.220658E+07  0.220648E+07  0.165914E+07  0.165932E+07
  0.866893E-04  0.165932E+07  0.165932E+07  0.220617E+07  0.220606E+07  0.165913E+07  0.165931E+07
  0.896277E-04  0.165932E+07  0.165932E+07  0.220573E+07  0.220561E+07  0.165911E+07  0.165931E+07
  0.926656E-04  0.165931E+07  0.165931E+07  0.220527E+07  0.220514E+07  0.165910E+07  0.165930E+07
  0.958065E-04  0.165931E+07  0.165931E+07  0.220477E+07  0.220463E+07  0.165908E+07  0.165930E+07
  0.990539E-04  0.165930E+07  0.165930E+07  0.220423E+07  0.220409E+07  0.165907E+07  0.165929E+07
  0.102411E-03  0.165930E+07  0.165930E+07  0.220366E+07  0.220351E+07  0.165905E+07  0.165929E+07
  0.105883E-03  0.165929E+07  0.165929E+07  0.220305E+07  0.220289E+07  0.165903E+07  0.165928E+07
  0.109471E-03  0.165928E+07  0.165928E+07  0.220240E+07  0.220222E+07  0.165901E+07  0.165927E+07
  0.113182E-03  0.165928E+07  0.165927E+07  0.220170E+07  0.220152E+07  0.165899E+07  0.165926E+07
  0.117018E-03  0.165927E+07  0.165927E+07  0.220096E+07  0.220076E+07  0.165896E+07  0.165925E+07
  0.120985E-03  0.165926E+07  0.165926E+07  0.220017E+07  0.219995E+07  0.165894E+07  0.165924E+07
  0.125085E-03  0.165925E+07  0.165925E+07  0.219932E+07  0.219909E+07  0.165891E+07  0.165923E+07
  0.129325E-03  0.165924E+07  0.165924E+07  0.219841E+07  0.219816E+07  0.165888E+07  0.165922E+07
  0.133709E-03  0.165923E+07  0.165923E+07  0.219744E+07  0.219718E+07  0.165885E+07  0.165921E+07
  0.138241E-03  0.165922E+07  0.165922E+07  0.219640E+07  0.219612E+07  0.165882E+07  0.165920E+07
  0.142927E-03  0.165921E+07  0.165920E+07  0.219529E+07  0.219500E+07  0.165878E+07  0.165919E+07
  0.147771E-03  0.165919E+07  0.165919E+07  0.219411E+07  0.219379E+07  0.165875E+07  0.165917E+07
  0.152780E-03  0.165918E+07  0.165918E+07  0.219285E+07  0.219251E+07  0.165871E+07  0.165916E+07
  0.157958E-03  0.165916E+07  0.165916E+07  0.219150E+07  0.219113E+07  0.165866E+07  0.165914E+07
  0.163312E-03  0.165915E+07  0.165915E+07  0.219005E+07  0.218966E+07  0.165862E+07  0.165913E+07
  0.168848E-03  0.165913E+07  0.165913E+07  0.218851E+07  0.218810E+07  0.165857E+07  0.165911E+07
  0.174571E-03  0.165911E+07  0.165911E+07  0.218687E+07  0.218642E+07  0.165852E+07  0.165909E+07
  0.180488E-03  0.165910E+07  0.165909E+07  0.218511E+07  0.218463E+07  0.165846E+07  0.165907E+07
  0.186606E-03  0.165908E+07  0.165907E+07  0.218323E+07  0.218272E+07  0.165840E+07  0.165905E+07
  0.192931E-03  0.165905E+07  0.165905E+07  0.218122E+07  0.218068E+07  0.165834E+07  0.165902E+07
  0.199470E-03  0.165903E+07  0.165903E+07  0.217908E+07  0.217850E+07  0.165827E+07  0.165900E+07
  0.206231E-03  0.165901E+07  0.165900E+07  0.217679E+07  0.217618E+07  0.165819E+07  0.165897E+07
  0.213221E-03  0.165898E+07  0.165897E+07  0.217435E+07  0.217369E+07  0.165812E+07  0.165894E+07
  0.220448E-03  0.165895E+07  0.165895E+07  0.217174E+07  0.217104E+07  0.165803E+07  0.165891E+07
  0.227921E-03  0.165892E+07  0.165891E+07  0.216896E+07  0.216820E+07  0.165794E+07  0.165888E+07
  0.235646E-03  0.165889E+07  0.165888E+07  0.216598E+07  0.216518E+07  0.165785E+07  0.165884E+07
  0.243633E-03  0.165885E+07  0.165885E+07  0.216281E+07  0.216195E+07  0.165775E+07  0.165880E+07
  0.251891E-03  0.165882E+07  0.165881E+07  0.215942E+07  0.215850E+07  0.165764E+07  0.165876E+07
  0.260429E-03  0.165878E+07  0.165877E+07  0.215580E+07  0.215482E+07  0.165752E+07  0.165872E+07
  0.269256E-03  0.165873E+07  0.165873E+07  0.215194E+07  0.215090E+07  0.165740E+07  0.165867E+07
  0.278383E-03  0.165869E+07  0.165868E+07  0.214782E+07  0.214671E+07  0.165726E+07  0.165862E+07
  0.287819E-03  0.165864E+07  0.165863E+07  0.214342E+07  0.214224E+07  0.165712E+07  0.165857E+07
  0.297574E-03  0.165859E+07  0.165858E+07  0.213873E+07  0.213747E+07  0.165697E+07  0.165852E+07
  0.307661E-03  0.165853E+07  0.165852E+07  0.213373E+07  0.213239E+07  0.165681E+07  0.165846E+07
  0.318089E-03  0.165847E+07  0.165846E+07  0.212840E+07  0.212696E+07  0.165663E+07  0.165839E+07
  0.328871E-03  0.165841E+07  0.165840E+07  0.212271E+07  0.212118E+07  0.165645E+07  0.165832E+07
  0.340018E-03  0.165834E+07  0.165833E+07  0.211664E+07  0.211502E+07  0.165625E+07  0.165825E+07
  0.351543E-03  0.165827E+07  0.165826E+07  0.211017E+07  0.210844E+07  0.165604E+07  0.165817E+07
  0.363458E-03  0.165819E+07  0.165818E+07  0.210328E+07  0.210144E+07  0.165581E+07  0.165809E+07
  0.375778E-03  0.165811E+07  0.165810E+07  0.209594E+07  0.209397E+07  0.165557E+07  0.165800E+07
  0.388515E-03  0.165802E+07  0.165801E+07  0.208811E+07  0.208602E+07  0.165531E+07  0.165790E+07
  0.401683E-03  0.165793E+07  0.165791E+07  0.207978E+07  0.207756E+07  0.165504E+07  0.165780E+07
  0.415298E-03  0.165783E+07  0.165781E+07  0.207091E+07  0.206854E+07  0.165474E+07  0.165769E+07
  0.429375E-03  0.165772E+07  0.165770E+07  0.206146E+07  0.205894E+07  0.165443E+07  0.165758E+07
  0.443929E-03  0.165761E+07  0.165759E+07  0.205140E+07  0.204873E+07  0.165409E+07  0.165745E+07
  0.458976E-03  0.165749E+07  0.165746E+07  0.204071E+07  0.203787E+07  0.165373E+07  0.165732E+07
  0.474533E-03  0.165736E+07  0.165733E+07  0.202933E+07  0.202631E+07  0.165335E+07  0.165718E+07
  0.490617E-03  0.165722E+07  0.165719E+07  0.201723E+07  0.201403E+07  0.165294E+07  0.165703E+07
  0.507247E-03  0.165707E+07  0.165704E+07  0.200437E+07  0.200098E+07  0.165250E+07  0.165686E+07
  0.524440E-03  0.165691E+07  0.165688E+07  0.199071E+07  0.198711E+07  0.165204E+07  0.165669E+07
  0.542216E-03  0.165674E+07  0.165671E+07  0.197620E+07  0.197239E+07  0.165154E+07  0.165651E+07
  0.560594E-03  0.165656E+07  0.165652E+07  0.196081E+07  0.195677E+07  0.165100E+07  0.165631E+07
  0.579596E-03  0.165636E+07  0.165633E+07  0.194447E+07  0.194019E+07  0.165043E+07  0.165610E+07
  0.599241E-03  0.165616E+07  0.165612E+07  0.192715E+07  0.192262E+07  0.164983E+07  0.165588E+07
  0.619552E-03  0.165594E+07  0.165590E+07  0.190879E+07  0.190401E+07  0.164918E+07  0.165564E+07
  0.640552E-03  0.165570E+07  0.165566E+07  0.188934E+07  0.188429E+07  0.164848E+07  0.165538E+07
  0.662264E-03  0.165545E+07  0.165540E+07  0.186876E+07  0.186343E+07  0.164774E+07  0.165511E+07
  0.684711E-03  0.165518E+07  0.165513E+07  0.184699E+07  0.184138E+07  0.164695E+07  0.165482E+07
  0.707920E-03  0.165489E+07  0.165484E+07  0.182398E+07  0.181807E+07  0.164611E+07  0.165450E+07
  0.731915E-03  0.165459E+07  0.165453E+07  0.179968E+07  0.179346E+07  0.164521E+07  0.165417E+07
  0.756723E-03  0.165426E+07  0.165420E+07  0.177404E+07  0.176750E+07  0.164425E+07  0.165382E+07
  0.782372E-03  0.165391E+07  0.165385E+07  0.174701E+07  0.174015E+07  0.164323E+07  0.165344E+07
  0.808891E-03  0.165354E+07  0.165347E+07  0.171854E+07  0.171135E+07  0.164214E+07  0.165304E+07
  0.836308E-03  0.165315E+07  0.165307E+07  0.168859E+07  0.168106E+07  0.164097E+07  0.165261E+07
  0.864655E-03  0.165273E+07  0.165265E+07  0.165712E+07  0.164925E+07  0.163973E+07  0.165215E+07
  0.893963E-03  0.165228E+07  0.165219E+07  0.162408E+07  0.161587E+07  0.163840E+07  0.165166E+07
  0.924264E-03  0.165180E+07  0.165171E+07  0.158945E+07  0.158090E+07  0.163699E+07  0.165114E+07
  0.955592E-03  0.165129E+07  0.165119E+07  0.155321E+07  0.154432E+07  0.163548E+07  0.165058E+07
  0.987981E-03  0.165074E+07  0.165064E+07  0.151532E+07  0.150610E+07  0.163387E+07  0.164999E+07
  0.102147E-02  0.165016E+07  0.165005E+07  0.147580E+07  0.146625E+07  0.163216E+07  0.164936E+07
  0.105609E-02  0.164954E+07  0.164943E+07  0.143462E+07  0.142476E+07  0.163034E+07  0.164869E+07
  0.109189E-02  0.164889E+07  0.164876E+07  0.139182E+07  0.138166E+07  0.162839E+07  0.164798E+07
  0.112890E-02  0.164819E+07  0.164805E+07  0.134741E+07  0.133698E+07  0.162633E+07  0.164722E+07
  0.116716E-02  0.164744E+07  0.164730E+07  0.130144E+07  0.129075E+07  0.162412E+07  0.164641E+07
  0.120672E-02  0.164665E+07  0.164649E+07  0.125396E+07  0.124305E+07  0.162178E+07  0.164554E+07
  0.124763E-02  0.164580E+07  0.164564E+07  0.120505E+07  0.119395E+07  0.161928E+07  0.164463E+07
  0.128991E-02  0.164491E+07  0.164473E+07  0.115481E+07  0.114356E+07  0.161663E+07  0.164365E+07
  0.133364E-02  0.164395E+07  0.164377E+07  0.110335E+07  0.109201E+07  0.161380E+07  0.164261E+07
  0.137884E-02  0.164294E+07  0.164274E+07  0.105083E+07  0.103943E+07  0.161080E+07  0.164151E+07
  0.142558E-02  0.164186E+07  0.164165E+07  0.997397E+06  0.986002E+06  0.160761E+07  0.164034E+07
  0.147390E-02  0.164072E+07  0.164049E+07  0.943256E+06  0.931924E+06  0.160422E+07  0.163910E+07
  0.152385E-02  0.163951E+07  0.163926E+07  0.888623E+06  0.877418E+06  0.160062E+07  0.163778E+07
  0.157550E-02  0.163822E+07  0.163796E+07  0.833744E+06  0.822733E+06  0.159680E+07  0.163638E+07
  0.162891E-02  0.163686E+07  0.163658E+07  0.778892E+06  0.768145E+06  0.159275E+07  0.163490E+07
  0.168412E-02  0.163541E+07  0.163511E+07  0.724362E+06  0.713950E+06  0.158845E+07  0.163332E+07
  0.174120E-02  0.163387E+07  0.163356E+07  0.670477E+06  0.660467E+06  0.158390E+07  0.163165E+07
  0.180022E-02  0.163225E+07  0.163191E+07  0.617573E+06  0.608032E+06  0.157907E+07  0.162989E+07
  0.186124E-02  0.163053E+07  0.163017E+07  0.566007E+06  0.556995E+06  0.157396E+07  0.162802E+07
  0.192432E-02  0.162871E+07  0.162832E+07  0.516142E+06  0.507709E+06  0.156855E+07  0.162604E+07
  0.198955E-02  0.162679E+07  0.162637E+07  0.468343E+06  0.460531E+06  0.156283E+07  0.162394E+07
  0.205699E-02  0.162475E+07  0.162431E+07  0.422974E+06  0.415805E+06  0.155679E+07  0.162173E+07
  0.212671E-02  0.162261E+07  0.162213E+07  0.380376E+06  0.373859E+06  0.155041E+07  0.161940E+07
  0.219879E-02  0.162034E+07  0.161984E+07  0.340870E+06  0.334987E+06  0.154367E+07  0.161693E+07
  0.227332E-02  0.161795E+07  0.161741E+07  0.304732E+06  0.299444E+06  0.153657E+07  0.161433E+07
  0.235038E-02  0.161543E+07  0.161485E+07  0.272188E+06  0.267429E+06  0.152909E+07  0.161159E+07
  0.243004E-02  0.161277E+07  0.161216E+07  0.243401E+06  0.239074E+06  0.152121E+07  0.160870E+07
  0.251241E-02  0.160997E+07  0.160932E+07  0.218452E+06  0.214435E+06  0.151293E+07  0.160565E+07
  0.259757E-02  0.160703E+07  0.160633E+07  0.197335E+06  0.193476E+06  0.150423E+07  0.160245E+07
  0.268561E-02  0.160393E+07  0.160318E+07  0.179944E+06  0.176070E+06  0.149510E+07  0.159909E+07
  0.277664E-02  0.160068E+07  0.159988E+07  0.166069E+06  0.161989E+06  0.148552E+07  0.159555E+07
  0.287076E-02  0.159726E+07  0.159641E+07  0.155393E+06  0.150909E+06  0.147549E+07  0.159183E+07
  0.296806E-02  0.159367E+07  0.159276E+07  0.147499E+06  0.142415E+06  0.146500E+07  0.158794E+07
  0.306866E-02  0.158991E+07  0.158894E+07  0.141878E+06  0.136016E+06  0.145404E+07  0.158385E+07
  0.317268E-02  0.158596E+07  0.158493E+07  0.137950E+06  0.131166E+06  0.144260E+07  0.157957E+07
  0.328021E-02  0.158183E+07  0.158073E+07  0.135092E+06  0.127294E+06  0.143067E+07  0.157509E+07
  0.339140E-02  0.157750E+07  0.157633E+07  0.132670E+06  0.123833E+06  0.141826E+07  0.157040E+07
  0.350635E-02  0.157298E+07  0.157172E+07  0.130077E+06  0.120262E+06  0.140537E+07  0.156550E+07
  0.362520E-02  0.156825E+07  0.156690E+07  0.126784E+06  0.116146E+06  0.139198E+07  0.156038E+07
  0.374807E-02  0.156330E+07  0.156187E+07  0.122378E+06  0.111173E+06  0.137812E+07  0.155503E+07
  0.387512E-02  0.155813E+07  0.155661E+07  0.116607E+06  0.105184E+06  0.136377E+07  0.154945E+07
  0.400646E-02  0.155274E+07  0.155111E+07  0.109404E+06  0.981923E+05  0.134895E+07  0.154363E+07
  0.414226E-02  0.154712E+07  0.154538E+07  0.100909E+06  0.903879E+05  0.133368E+07  0.153757E+07
  0.428266E-02  0.154125E+07  0.153940E+07  0.914560E+05  0.821152E+05  0.131795E+07  0.153126E+07
  0.442783E-02  0.153514E+07  0.153317E+07  0.815463E+05  0.738338E+05  0.130180E+07  0.152469E+07
  0.457791E-02  0.152878E+07  0.152668E+07  0.717880E+05  0.660556E+05  0.128523E+07  0.151787E+07
  0.473308E-02  0.152217E+07  0.151992E+07  0.628173E+05  0.592669E+05  0.126827E+07  0.151078E+07
  0.489350E-02  0.151529E+07  0.151289E+07  0.552028E+05  0.538448E+05  0.125093E+07  0.150342E+07
  0.505937E-02  0.150814E+07  0.150558E+07  0.493478E+05  0.499815E+05  0.123326E+07  0.149579E+07
  0.523086E-02  0.150071E+07  0.149799E+07  0.454084E+05  0.476333E+05  0.121526E+07  0.148788E+07
  0.540816E-02  0.149301E+07  0.149011E+07  0.432455E+05  0.465094E+05  0.119697E+07  0.147969E+07
  0.559147E-02  0.148503E+07  0.148194E+07  0.000000E+00  0.000000E+00  0.117841E+07  0.147121E+07
  0.578099E-02  0.147675E+07  0.147347E+07  0.000000E+00  0.000000E+00  0.115962E+07  0.146245E+07
  0.597694E-02  0.146819E+07  0.146469E+07  0.000000E+00  0.000000E+00  0.114062E+07  0.145340E+07
  0.617953E-02  0.145934E+07  0.145561E+07  0.000000E+00  0.000000E+00  0.112143E+07  0.144406E+07
  0.638899E-02  0.145018E+07  0.144621E+07  0.000000E+00  0.000000E+00  0.110208E+07  0.143442E+07
  0.660554E-02  0.144073E+07  0.143650E+07  0.000000E+00  0.000000E+00  0.108259E+07  0.142449E+07
  0.682944E-02  0.143098E+07  0.142648E+07  0.000000E+00  0.000000E+00  0.106298E+07  0.141427E+07
  0.706092E-02  0.142092E+07  0.141613E+07  0.000000E+00  0.000000E+00  0.104327E+07  0.140374E+07
  0.730025E-02  0.141056E+07  0.140546E+07  0.000000E+00  0.000000E+00  0.102346E+07  0.139292E+07
  0.754769E-02  0.139989E+07  0.139447E+07  0.000000E+00  0.000000E+00  0.100356E+07  0.138179E+07
  0.780352E-02  0.138891E+07  0.138315E+07  0.000000E+00  0.000000E+00  0.983577E+06  0.137037E+07
  0.806802E-02  0.137762E+07  0.137149E+07  0.000000E+00  0.000000E+00  0.963515E+06  0.135864E+07
  0.834149E-02  0.136602E+07  0.135951E+07  0.000000E+00  0.000000E+00  0.943372E+06  0.134660E+07
  0.862423E-02  0.135411E+07  0.134719E+07  0.000000E+00  0.000000E+00  0.923146E+06  0.133426E+07
  0.891655E-02  0.134188E+07  0.133453E+07  0.000000E+00  0.000000E+00  0.902835E+06  0.132161E+07
  0.921878E-02  0.132934E+07  0.132154E+07  0.000000E+00  0.000000E+00  0.882438E+06  0.130866E+07
  0.953125E-02  0.131648E+07  0.130820E+07  0.000000E+00  0.000000E+00  0.861955E+06  0.129539E+07
  0.985431E-02  0.130331E+07  0.129452E+07  0.000000E+00  0.000000E+00  0.841387E+06  0.128181E+07
  0.101883E-01  0.128982E+07  0.128049E+07  0.000000E+00  0.000000E+00  0.820739E+06  0.126792E+07
  0.105337E-01  0.127600E+07  0.126611E+07  0.000000E+00  0.000000E+00  0.800019E+06  0.125371E+07
  0.108907E-01  0.126187E+07  0.125138E+07  0.000000E+00  0.000000E+00  0.779237E+06  0.123918E+07
  0.112598E-01  0.124740E+07  0.123629E+07  0.000000E+00  0.000000E+00  0.758409E+06  0.122434E+07
  0.116415E-01  0.123262E+07  0.122085E+07  0.000000E+00  0.000000E+00  0.737550E+06  0.120918E+07
  0.120361E-01  0.121750E+07  0.120505E+07  0.000000E+00  0.000000E+00  0.716679E+06  0.119370E+07
  0.124440E-01  0.120206E+07  0.118888E+07  0.000000E+00  0.000000E+00  0.695817E+06  0.117790E+07
  0.128658E-01  0.118628E+07  0.117235E+07  0.000000E+00  0.000000E+00  0.674984E+06  0.116178E+07
  0.133019E-01  0.117017E+07  0.115545E+07  0.000000E+00  0.000000E+00  0.654203E+06  0.114534E+07
  0.137528E-01  0.115373E+07  0.113818E+07  0.000000E+00  0.000000E+00  0.633494E+06  0.112858E+07
  0.142189E-01  0.113696E+07  0.112055E+07  0.000000E+00  0.000000E+00  0.612879E+06  0.111149E+07
  0.147009E-01  0.111986E+07  0.110255E+07  0.000000E+00  0.000000E+00  0.592378E+06  0.109409E+07
  0.151992E-01  0.110242E+07  0.108418E+07  0.000000E+00  0.000000E+00  0.572013E+06  0.107637E+07
  0.157144E-01  0.108466E+07  0.106545E+07  0.000000E+00  0.000000E+00  0.551802E+06  0.105834E+07
  0.162470E-01  0.106657E+07  0.104636E+07  0.000000E+00  0.000000E+00  0.531767E+06  0.104000E+07
  0.167977E-01  0.104815E+07  0.102691E+07  0.000000E+00  0.000000E+00  0.511926E+06  0.102135E+07
  0.173671E-01  0.102942E+07  0.100712E+07  0.000000E+00  0.000000E+00  0.492300E+06  0.100241E+07
  0.179557E-01  0.101038E+07  0.986984E+06  0.000000E+00  0.000000E+00  0.472910E+06  0.983166E+06
  0.185643E-01  0.991031E+06  0.966521E+06  0.000000E+00  0.000000E+00  0.453774E+06  0.963642E+06
  0.191936E-01  0.971389E+06  0.945741E+06  0.000000E+00  0.000000E+00  0.434913E+06  0.943845E+06
  0.198441E-01  0.951465E+06  0.924660E+06  0.000000E+00  0.000000E+00  0.416348E+06  0.923787E+06
  0.205168E-01  0.931272E+06  0.903297E+06  0.000000E+00  0.000000E+00  0.398098E+06  0.903483E+06
  0.212122E-01  0.910824E+06  0.881672E+06  0.000000E+00  0.000000E+00  0.380184E+06  0.882949E+06
  0.219312E-01  0.890142E+06  0.859812E+06  0.000000E+00  0.000000E+00  0.362624E+06  0.862206E+06
  0.226745E-01  0.869247E+06  0.837744E+06  0.000000E+00  0.000000E+00  0.345439E+06  0.841277E+06
  0.234431E-01  0.848162E+06  0.815501E+06  0.000000E+00  0.000000E+00  0.328647E+06  0.820185E+06
  0.242377E-01  0.826916E+06  0.793121E+06  0.000000E+00  0.000000E+00  0.312266E+06  0.798961E+06
  0.250592E-01  0.805541E+06  0.770645E+06  0.000000E+00  0.000000E+00  0.296314E+06  0.777638E+06
  0.259086E-01  0.784071E+06  0.748120E+06  0.000000E+00  0.000000E+00  0.280809E+06  0.756251E+06
  0.267868E-01  0.762546E+06  0.725597E+06  0.000000E+00  0.000000E+00  0.265769E+06  0.734840E+06
  0.276947E-01  0.741008E+06  0.703133E+06  0.000000E+00  0.000000E+00  0.251210E+06  0.713451E+06
  0.286334E-01  0.719506E+06  0.680789E+06  0.000000E+00  0.000000E+00  0.237150E+06  0.692131E+06
  0.296040E-01  0.698091E+06  0.658630E+06  0.000000E+00  0.000000E+00  0.223605E+06  0.670934E+06
  0.306074E-01  0.676818E+06  0.636729E+06  0.000000E+00  0.000000E+00  0.210587E+06  0.649914E+06
  0.316449E-01  0.655746E+06  0.615160E+06  0.000000E+00  0.000000E+00  0.198108E+06  0.629132E+06
  0.327175E-01  0.634937E+06  0.594000E+06  0.000000E+00  0.000000E+00  0.186174E+06  0.608650E+06
  0.338264E-01  0.617136E+06  0.575996E+06  0.000000E+00  0.000000E+00  0.167609E+06  0.590782E+06
  0.349730E-01  0.597165E+06  0.556008E+06  0.000000E+00  0.000000E+00  0.156934E+06  0.571211E+06
  0.361584E-01  0.577651E+06  0.536666E+06  0.000000E+00  0.000000E+00  0.146807E+06  0.552133E+06
  0.373840E-01  0.558409E+06  0.517794E+06  0.000000E+00  0.000000E+00  0.137165E+06  0.533369E+06
  0.386511E-01  0.539709E+06  0.499674E+06  0.000000E+00  0.000000E+00  0.128068E+06  0.515182E+06
  0.399612E-01  0.521647E+06  0.482407E+06  0.000000E+00  0.000000E+00  0.119529E+06  0.497666E+06
  0.413157E-01  0.504293E+06  0.466064E+06  0.000000E+00  0.000000E+00  0.111547E+06  0.480886E+06
  0.427161E-01  0.487702E+06  0.450701E+06  0.000000E+00  0.000000E+00  0.104104E+06  0.464897E+06
  0.441639E-01  0.470168E+06  0.434611E+06  0.000000E+00  0.000000E+00  0.996480E+05  0.448170E+06
  0.456609E-01  0.455138E+06  0.421213E+06  0.000000E+00  0.000000E+00  0.931406E+05  0.433782E+06
  0.472086E-01  0.440917E+06  0.408801E+06  0.000000E+00  0.000000E+00  0.870744E+05  0.420217E+06
  0.488087E-01  0.427477E+06  0.397318E+06  0.000000E+00  0.000000E+00  0.814432E+05  0.407442E+06
  0.504631E-01  0.414766E+06  0.386679E+06  0.000000E+00  0.000000E+00  0.762272E+05  0.395401E+06
  0.521736E-01  0.402727E+06  0.376788E+06  0.000000E+00  0.000000E+00  0.713779E+05  0.384031E+06
  0.539420E-01  0.392291E+06  0.368525E+06  0.000000E+00  0.000000E+00  0.658055E+05  0.374169E+06
  0.557704E-01  0.381357E+06  0.359745E+06  0.000000E+00  0.000000E+00  0.615502E+05  0.363884E+06
  0.576607E-01  0.370832E+06  0.351297E+06  0.000000E+00  0.000000E+00  0.575764E+05  0.353989E+06
  0.596151E-01  0.360616E+06  0.343026E+06  0.000000E+00  0.000000E+00  0.538428E+05  0.344378E+06
  0.616357E-01  0.350603E+06  0.334768E+06  0.000000E+00  0.000000E+00  0.502957E+05  0.334938E+06
  0.637249E-01  0.339971E+06  0.325655E+06  0.000000E+00  0.000000E+00  0.474835E+05  0.324899E+06
  0.658849E-01  0.329987E+06  0.316903E+06  0.000000E+00  0.000000E+00  0.442853E+05  0.315414E+06
  0.681181E-01  0.319840E+06  0.307671E+06  0.000000E+00  0.000000E+00  0.412129E+05  0.305726E+06
  0.704269E-01  0.309422E+06  0.297835E+06  0.000000E+00  0.000000E+00  0.382549E+05  0.295729E+06
  0.728140E-01  0.298858E+06  0.287517E+06  0.000000E+00  0.000000E+00  0.351934E+05  0.285531E+06
  0.752820E-01  0.287768E+06  0.276362E+06  0.000000E+00  0.000000E+00  0.324601E+05  0.274793E+06
  0.778338E-01  0.276365E+06  0.264625E+06  0.000000E+00  0.000000E+00  0.298481E+05  0.263716E+06
  0.804719E-01  0.264740E+06  0.252460E+06  0.000000E+00  0.000000E+00  0.273530E+05  0.252397E+06
  0.831996E-01  0.253020E+06  0.240079E+06  0.000000E+00  0.000000E+00  0.249942E+05  0.240973E+06
  0.860197E-01  0.241362E+06  0.227737E+06  0.000000E+00  0.000000E+00  0.227770E+05  0.229610E+06
  0.889353E-01  0.229939E+06  0.215710E+06  0.000000E+00  0.000000E+00  0.207280E+05  0.218493E+06
  0.919498E-01  0.218938E+06  0.204288E+06  0.000000E+00  0.000000E+00  0.188460E+05  0.207818E+06
  0.950664E-01  0.208565E+06  0.193764E+06  0.000000E+00  0.000000E+00  0.171408E+05  0.197795E+06
  0.982887E-01  0.199021E+06  0.184401E+06  0.000000E+00  0.000000E+00  0.156079E+05  0.188629E+06
  0.101620E+00  0.190470E+06  0.176391E+06  0.000000E+00  0.000000E+00  0.142549E+05  0.180480E+06
  0.105065E+00  0.182978E+06  0.169784E+06  0.000000E+00  0.000000E+00  0.130723E+05  0.173409E+06
  0.108626E+00  0.176474E+06  0.164446E+06  0.000000E+00  0.000000E+00  0.120296E+05  0.167337E+06
  0.112308E+00  0.170754E+06  0.160068E+06  0.000000E+00  0.000000E+00  0.111102E+05  0.162048E+06
  0.116114E+00  0.165529E+06  0.156224E+06  0.000000E+00  0.000000E+00  0.102725E+05  0.157244E+06
  0.120050E+00  0.160498E+06  0.152466E+06  0.000000E+00  0.000000E+00  0.949976E+04  0.152610E+06
  0.124119E+00  0.155392E+06  0.148385E+06  0.000000E+00  0.000000E+00  0.876484E+04  0.147864E+06
  0.128326E+00  0.149987E+06  0.143657E+06  0.000000E+00  0.000000E+00  0.805581E+04  0.142776E+06
  0.132676E+00  0.144115E+06  0.138071E+06  0.000000E+00  0.000000E+00  0.736783E+04  0.137177E+06
  0.137173E+00  0.137719E+06  0.131597E+06  0.000000E+00  0.000000E+00  0.669211E+04  0.131015E+06
  0.141822E+00  0.130907E+06  0.124446E+06  0.000000E+00  0.000000E+00  0.604353E+04  0.124414E+06
  0.146629E+00  0.123963E+06  0.117057E+06  0.000000E+00  0.000000E+00  0.543266E+04  0.117671E+06
  0.151600E+00  0.117256E+06  0.109978E+06  0.000000E+00  0.000000E+00  0.487901E+04  0.111169E+06
  0.156738E+00  0.111119E+06  0.103700E+06  0.000000E+00  0.000000E+00  0.438645E+04  0.105253E+06
  0.162051E+00  0.105768E+06  0.985328E+05  0.000000E+00  0.000000E+00  0.396343E+04  0.100146E+06
  0.167543E+00  0.101273E+06  0.945480E+05  0.000000E+00  0.000000E+00  0.360324E+04  0.959155E+05
  0.173222E+00  0.975293E+05  0.915453E+05  0.000000E+00  0.000000E+00  0.329577E+04  0.924446E+05
  0.179094E+00  0.942514E+05  0.890694E+05  0.000000E+00  0.000000E+00  0.302486E+04  0.894309E+05
  0.185164E+00  0.910392E+05  0.865335E+05  0.000000E+00  0.000000E+00  0.277257E+04  0.864597E+05
  0.191440E+00  0.875385E+05  0.834429E+05  0.000000E+00  0.000000E+00  0.252785E+04  0.831686E+05
  0.197929E+00  0.835894E+05  0.795974E+05  0.000000E+00  0.000000E+00  0.228751E+04  0.793977E+05
  0.204638E+00  0.792868E+05  0.751691E+05  0.000000E+00  0.000000E+00  0.205409E+04  0.752506E+05
  0.211574E+00  0.749304E+05  0.706211E+05  0.000000E+00  0.000000E+00  0.183659E+04  0.710417E+05
  0.218745E+00  0.708789E+05  0.664904E+05  0.000000E+00  0.000000E+00  0.164360E+04  0.671444E+05
  0.226160E+00  0.673880E+05  0.631426E+05  0.000000E+00  0.000000E+00  0.147891E+04  0.638216E+05
  0.233826E+00  0.645060E+05  0.606148E+05  0.000000E+00  0.000000E+00  0.134006E+04  0.611177E+05
  0.241751E+00  0.620236E+05  0.585747E+05  0.000000E+00  0.000000E+00  0.121984E+04  0.588115E+05
  0.249945E+00  0.595945E+05  0.565125E+05  0.000000E+00  0.000000E+00  0.110912E+04  0.565440E+05
  0.258417E+00  0.569705E+05  0.540730E+05  0.000000E+00  0.000000E+00  0.100266E+04  0.540600E+05
  0.267176E+00  0.541011E+05  0.512181E+05  0.000000E+00  0.000000E+00  0.899361E+03  0.513130E+05
  0.276232E+00  0.511826E+05  0.482601E+05  0.000000E+00  0.000000E+00  0.803383E+03  0.485104E+05
  0.285595E+00  0.485137E+05  0.456311E+05  0.000000E+00  0.000000E+00  0.719264E+03  0.459602E+05
  0.295275E+00  0.462272E+05  0.435166E+05  0.000000E+00  0.000000E+00  0.647429E+03  0.437984E+05
  0.305284E+00  0.442365E+05  0.417699E+05  0.000000E+00  0.000000E+00  0.585137E+03  0.419321E+05
  0.315631E+00  0.423114E+05  0.400483E+05  0.000000E+00  0.000000E+00  0.528546E+03  0.401219E+05
  0.326330E+00  0.402869E+05  0.381231E+05  0.000000E+00  0.000000E+00  0.474938E+03  0.381994E+05
  0.337391E+00  0.381989E+05  0.360668E+05  0.000000E+00  0.000000E+00  0.424646E+03  0.362051E+05
  0.348827E+00  0.362189E+05  0.341385E+05  0.000000E+00  0.000000E+00  0.379789E+03  0.343177E+05
  0.360650E+00  0.344655E+05  0.325020E+05  0.000000E+00  0.000000E+00  0.340778E+03  0.326581E+05
  0.372875E+00  0.328780E+05  0.310593E+05  0.000000E+00  0.000000E+00  0.306612E+03  0.311621E+05
  0.385513E+00  0.313183E+05  0.296086E+05  0.000000E+00  0.000000E+00  0.275371E+03  0.296869E+05
  0.398580E+00  0.297367E+05  0.280880E+05  0.000000E+00  0.000000E+00  0.246361E+03  0.281828E+05
  0.412090E+00  0.282099E+05  0.266178E+05  0.000000E+00  0.000000E+00  0.220144E+03  0.267305E+05
  0.426058E+00  0.268129E+05  0.253052E+05  0.000000E+00  0.000000E+00  0.197163E+03  0.254072E+05
  0.440499E+00  0.255181E+05  0.241044E+05  0.000000E+00  0.000000E+00  0.176771E+03  0.241833E+05
  0.455430E+00  0.242534E+05  0.229121E+05  0.000000E+00  0.000000E+00  0.158204E+03  0.229847E+05
  0.470867E+00  0.230160E+05  0.217303E+05  0.000000E+00  0.000000E+00  0.141330E+03  0.218096E+05
  0.486827E+00  0.218508E+05  0.206272E+05  0.000000E+00  0.000000E+00  0.126284E+03  0.207046E+05
  0.503328E+00  0.207634E+05  0.196086E+05  0.000000E+00  0.000000E+00  0.112950E+03  0.196752E+05
  0.520388E+00  0.197191E+05  0.186241E+05  0.000000E+00  0.000000E+00  0.100917E+03  0.186857E+05
  0.538027E+00  0.187112E+05  0.176675E+05  0.000000E+00  0.000000E+00  0.900904E+02  0.177296E+05
  0.556263E+00  0.177586E+05  0.167681E+05  0.000000E+00  0.000000E+00  0.804167E+02  0.168267E+05
  0.575118E+00  0.168583E+05  0.159207E+05  0.000000E+00  0.000000E+00  0.718024E+02  0.159739E+05
  0.594612E+00  0.159955E+05  0.151051E+05  0.000000E+00  0.000000E+00  0.640680E+02  0.151561E+05
  0.614766E+00  0.151733E+05  0.143277E+05  0.000000E+00  0.000000E+00  0.571237E+02  0.143767E+05
  0.635604E+00  0.143948E+05  0.135935E+05  0.000000E+00  0.000000E+00  0.509500E+02  0.136391E+05
  0.657148E+00  0.136532E+05  0.128933E+05  0.000000E+00  0.000000E+00  0.454173E+02  0.129363E+05
  0.679422E+00  0.129469E+05  0.122259E+05  0.000000E+00  0.000000E+00  0.404669E+02  0.122669E+05
  0.702451E+00  0.122767E+05  0.115934E+05  0.000000E+00  0.000000E+00  0.360452E+02  0.116319E+05
  0.726261E+00  0.116392E+05  0.109913E+05  0.000000E+00  0.000000E+00  0.321064E+02  0.110277E+05
  0.750877E+00  0.110331E+05  0.104189E+05  0.000000E+00  0.000000E+00  0.285868E+02  0.104534E+05
  0.776328E+00  0.104575E+05  0.987548E+04  0.000000E+00  0.000000E+00  0.254453E+02  0.990799E+04
  0.802642E+00  0.991036E+04  0.935880E+04  0.000000E+00  0.000000E+00  0.226471E+02  0.938956E+04
  0.829848E+00  0.939074E+04  0.886814E+04  0.000000E+00  0.000000E+00  0.201429E+02  0.889719E+04
  0.857975E+00  0.889725E+04  0.840214E+04  0.000000E+00  0.000000E+00  0.179191E+02  0.842960E+04
  0.887057E+00  0.842863E+04  0.795961E+04  0.000000E+00  0.000000E+00  0.159348E+02  0.798556E+04
  0.917123E+00  0.798380E+04  0.753956E+04  0.000000E+00  0.000000E+00  0.141626E+02  0.756408E+04
  0.948209E+00  0.756152E+04  0.714079E+04  0.000000E+00  0.000000E+00  0.125884E+02  0.716397E+04
  0.980349E+00  0.716075E+04  0.676234E+04  0.000000E+00  0.000000E+00  0.111846E+02  0.678424E+04
  0.101358E+01  0.678039E+04  0.640316E+04  0.000000E+00  0.000000E+00  0.993617E+01  0.642385E+04
  0.104793E+01  0.641947E+04  0.606233E+04  0.000000E+00  0.000000E+00  0.882433E+01  0.608189E+04
  0.108345E+01  0.607706E+04  0.573898E+04  0.000000E+00  0.000000E+00  0.783631E+01  0.575746E+04
  0.112018E+01  0.575227E+04  0.543227E+04  0.000000E+00  0.000000E+00  0.695710E+01  0.544974E+04
  0.115815E+01  0.544426E+04  0.514142E+04  0.000000E+00  0.000000E+00  0.617511E+01  0.515792E+04
  0.119740E+01  0.515220E+04  0.486561E+04  0.000000E+00  0.000000E+00  0.547983E+01  0.488120E+04
  0.123799E+01  0.487530E+04  0.460412E+04  0.000000E+00  0.000000E+00  0.486155E+01  0.461885E+04
  0.127995E+01  0.461279E+04  0.435621E+04  0.000000E+00  0.000000E+00  0.431328E+01  0.437013E+04
  0.132333E+01  0.436396E+04  0.412123E+04  0.000000E+00  0.000000E+00  0.382470E+01  0.413438E+04
  0.136819E+01  0.412813E+04  0.389853E+04  0.000000E+00  0.000000E+00  0.339082E+01  0.391096E+04
  0.141456E+01  0.390466E+04  0.368750E+04  0.000000E+00  0.000000E+00  0.300643E+01  0.369924E+04
  0.146251E+01  0.369291E+04  0.348753E+04  0.000000E+00  0.000000E+00  0.266530E+01  0.349862E+04
  0.151208E+01  0.349230E+04  0.329808E+04  0.000000E+00  0.000000E+00  0.236200E+01  0.330856E+04
  0.156333E+01  0.330226E+04  0.311862E+04  0.000000E+00  0.000000E+00  0.209351E+01  0.312851E+04
  0.161632E+01  0.312229E+04  0.294866E+04  0.000000E+00  0.000000E+00  0.185452E+01  0.295800E+04
  0.167111E+01  0.295185E+04  0.278770E+04  0.000000E+00  0.000000E+00  0.164255E+01  0.279653E+04
  0.172775E+01  0.279046E+04  0.263529E+04  0.000000E+00  0.000000E+00  0.145505E+01  0.264363E+04
  0.178631E+01  0.263766E+04  0.249099E+04  0.000000E+00  0.000000E+00  0.128830E+01  0.249886E+04
  0.184686E+01  0.249300E+04  0.235437E+04  0.000000E+00  0.000000E+00  0.114066E+01  0.236181E+04
  0.190946E+01  0.235606E+04  0.222505E+04  0.000000E+00  0.000000E+00  0.100969E+01  0.223208E+04
  0.197418E+01  0.222645E+04  0.210265E+04  0.000000E+00  0.000000E+00  0.893798E+00  0.210928E+04
  0.204110E+01  0.210378E+04  0.198681E+04  0.000000E+00  0.000000E+00  0.791050E+00  0.199307E+04
  0.211028E+01  0.198772E+04  0.187719E+04  0.000000E+00  0.000000E+00  0.699972E+00  0.188311E+04
  0.218181E+01  0.187790E+04  0.177349E+04  0.000000E+00  0.000000E+00  0.619368E+00  0.177907E+04
  0.225576E+01  0.177401E+04  0.167537E+04  0.000000E+00  0.000000E+00  0.547714E+00  0.168064E+04
  0.233222E+01  0.167573E+04  0.158256E+04  0.000000E+00  0.000000E+00  0.484724E+00  0.158754E+04
  0.241127E+01  0.158276E+04  0.149476E+04  0.000000E+00  0.000000E+00  0.428653E+00  0.149946E+04
  0.249300E+01  0.149483E+04  0.141172E+04  0.000000E+00  0.000000E+00  0.379038E+00  0.141616E+04
  0.257750E+01  0.141168E+04  0.133319E+04  0.000000E+00  0.000000E+00  0.335129E+00  0.133738E+04
  0.266486E+01  0.133305E+04  0.125894E+04  0.000000E+00  0.000000E+00  0.296302E+00  0.126289E+04
  0.275519E+01  0.125871E+04  0.118873E+04  0.000000E+00  0.000000E+00  0.261898E+00  0.119246E+04
  0.284858E+01  0.118843E+04  0.112236E+04  0.000000E+00  0.000000E+00  0.231487E+00  0.112588E+04
  0.294513E+01  0.112199E+04  0.105961E+04  0.000000E+00  0.000000E+00  0.204653E+00  0.106294E+04
  0.304496E+01  0.105919E+04  0.100030E+04  0.000000E+00  0.000000E+00  0.180817E+00  0.100344E+04
  0.314817E+01  0.999826E+03  0.944237E+03  0.000000E+00  0.000000E+00  0.159790E+00  0.947201E+03
  0.325487E+01  0.943725E+03  0.891254E+03  0.000000E+00  0.000000E+00  0.141210E+00  0.894052E+03
  0.336520E+01  0.890714E+03  0.841190E+03  0.000000E+00  0.000000E+00  0.124786E+00  0.843831E+03
  0.347926E+01  0.840623E+03  0.793884E+03  0.000000E+00  0.000000E+00  0.110156E+00  0.796376E+03
  0.359719E+01  0.793296E+03  0.749188E+03  0.000000E+00  0.000000E+00  0.973292E-01  0.751540E+03
  0.371912E+01  0.748580E+03  0.706958E+03  0.000000E+00  0.000000E+00  0.859294E-01  0.709177E+03
  0.384518E+01  0.706339E+03  0.667065E+03  0.000000E+00  0.000000E+00  0.759107E-01  0.669159E+03
  0.397551E+01  0.666438E+03  0.629382E+03  0.000000E+00  0.000000E+00  0.670250E-01  0.631358E+03
  0.411026E+01  0.628753E+03  0.593792E+03  0.000000E+00  0.000000E+00  0.591939E-01  0.595657E+03
  0.424958E+01  0.593161E+03  0.560178E+03  0.000000E+00  0.000000E+00  0.522477E-01  0.561938E+03
  0.439362E+01  0.559549E+03  0.528434E+03  0.000000E+00  0.000000E+00  0.461302E-01  0.530095E+03
  0.454254E+01  0.527807E+03  0.498456E+03  0.000000E+00  0.000000E+00  0.407399E-01  0.500023E+03
  0.469651E+01  0.497836E+03  0.470151E+03  0.000000E+00  0.000000E+00  0.359627E-01  0.471630E+03
  0.485570E+01  0.469540E+03  0.443428E+03  0.000000E+00  0.000000E+00  0.317206E-01  0.444823E+03
  0.502029E+01  0.442826E+03  0.418199E+03  0.000000E+00  0.000000E+00  0.280053E-01  0.419516E+03
  0.519045E+01  0.417608E+03  0.394381E+03  0.000000E+00  0.000000E+00  0.247061E-01  0.395624E+03
  0.536638E+01  0.393801E+03  0.371897E+03  0.000000E+00  0.000000E+00  0.218036E-01  0.373070E+03
  0.554827E+01  0.371331E+03  0.350677E+03  0.000000E+00  0.000000E+00  0.192440E-01  0.351783E+03
  0.573633E+01  0.350125E+03  0.330648E+03  0.000000E+00  0.000000E+00  0.169672E-01  0.331693E+03
  0.593077E+01  0.330111E+03  0.311747E+03  0.000000E+00  0.000000E+00  0.149768E-01  0.312732E+03
  0.613179E+01  0.311223E+03  0.293908E+03  0.000000E+00  0.000000E+00  0.132161E-01  0.294838E+03
  0.633963E+01  0.293400E+03  0.277075E+03  0.000000E+00  0.000000E+00  0.116509E-01  0.277953E+03
  0.655451E+01  0.276583E+03  0.261193E+03  0.000000E+00  0.000000E+00  0.102814E-01  0.262022E+03
  0.677667E+01  0.260717E+03  0.246209E+03  0.000000E+00  0.000000E+00  0.907139E-02  0.246991E+03
  0.700637E+01  0.245747E+03  0.232071E+03  0.000000E+00  0.000000E+00  0.799544E-02  0.232809E+03
  0.724385E+01  0.231625E+03  0.218733E+03  0.000000E+00  0.000000E+00  0.704977E-02  0.219430E+03
  0.748939E+01  0.218304E+03  0.206152E+03  0.000000E+00  0.000000E+00  0.621852E-02  0.206810E+03
  0.774324E+01  0.205738E+03  0.194284E+03  0.000000E+00  0.000000E+00  0.548248E-02  0.194906E+03
  0.800570E+01  0.193886E+03  0.183091E+03  0.000000E+00  0.000000E+00  0.483459E-02  0.183677E+03
  0.827705E+01  0.182707E+03  0.172533E+03  0.000000E+00  0.000000E+00  0.426336E-02  0.173087E+03
  0.855760E+01  0.172165E+03  0.162577E+03  0.000000E+00  0.000000E+00  0.376074E-02  0.163100E+03
  0.884767E+01  0.162224E+03  0.153187E+03  0.000000E+00  0.000000E+00  0.331363E-02  0.153681E+03
  0.914755E+01  0.152849E+03  0.144333E+03  0.000000E+00  0.000000E+00  0.291874E-02  0.144800E+03
  0.945762E+01  0.144009E+03  0.135984E+03  0.000000E+00  0.000000E+00  0.257534E-02  0.136425E+03
  0.977818E+01  0.135674E+03  0.128112E+03  0.000000E+00  0.000000E+00  0.226878E-02  0.128529E+03
  0.101096E+02  0.127815E+03  0.120690E+03  0.000000E+00  0.000000E+00  0.200043E-02  0.121084E+03
  0.104523E+02  0.120407E+03  0.113693E+03  0.000000E+00  0.000000E+00  0.176346E-02  0.114065E+03
  0.108066E+02  0.113422E+03  0.107096E+03  0.000000E+00  0.000000E+00  0.155198E-02  0.107448E+03
  0.111728E+02  0.106839E+03  0.100878E+03  0.000000E+00  0.000000E+00  0.136961E-02  0.101211E+03
  0.115516E+02  0.100632E+03  0.950164E+02  0.000000E+00  0.000000E+00  0.120641E-02  0.953314E+02
  0.119431E+02  0.947826E+02  0.894916E+02  0.000000E+00  0.000000E+00  0.106320E-02  0.897896E+02
  0.123479E+02  0.892690E+02  0.842843E+02  0.000000E+00  0.000000E+00  0.937161E-03  0.845663E+02
  0.127664E+02  0.840724E+02  0.793762E+02  0.000000E+00  0.000000E+00  0.825504E-03  0.796432E+02
  0.131992E+02  0.791753E+02  0.747510E+02  0.000000E+00  0.000000E+00  0.726890E-03  0.750037E+02
  0.136466E+02  0.745603E+02  0.703922E+02  0.000000E+00  0.000000E+00  0.641131E-03  0.706316E+02
  0.141091E+02  0.702112E+02  0.662846E+02  0.000000E+00  0.000000E+00  0.564808E-03  0.665114E+02
  0.145873E+02  0.661133E+02  0.624141E+02  0.000000E+00  0.000000E+00  0.497032E-03  0.626291E+02
  0.150818E+02  0.622521E+02  0.587673E+02  0.000000E+00  0.000000E+00  0.438012E-03  0.589711E+02
  0.155930E+02  0.586138E+02  0.553310E+02  0.000000E+00  0.000000E+00  0.385863E-03  0.555244E+02
  0.161215E+02  0.551863E+02  0.520937E+02  0.000000E+00  0.000000E+00  0.340131E-03  0.522772E+02
  0.166679E+02  0.519570E+02  0.490436E+02  0.000000E+00  0.000000E+00  0.299281E-03  0.492178E+02
  0.172329E+02  0.489148E+02  0.461702E+02  0.000000E+00  0.000000E+00  0.263567E-03  0.463357E+02
  0.178170E+02  0.460490E+02  0.434634E+02  0.000000E+00  0.000000E+00  0.232498E-03  0.436207E+02
  0.184209E+02  0.433494E+02  0.409137E+02  0.000000E+00  0.000000E+00  0.204172E-03  0.410632E+02
  0.190453E+02  0.408066E+02  0.385119E+02  0.000000E+00  0.000000E+00  0.180153E-03  0.386542E+02
  0.196908E+02  0.384115E+02  0.362497E+02  0.000000E+00  0.000000E+00  0.158609E-03  0.363852E+02
  0.203583E+02  0.361557E+02  0.341190E+02  0.000000E+00  0.000000E+00  0.139564E-03  0.342480E+02
  0.210483E+02  0.340311E+02  0.321122E+02  0.000000E+00  0.000000E+00  0.123256E-03  0.322352E+02
  0.217617E+02  0.320301E+02  0.302223E+02  0.000000E+00  0.000000E+00  0.108486E-03  0.303395E+02
  0.224994E+02  0.301458E+02  0.284424E+02  0.000000E+00  0.000000E+00  0.952730E-04  0.285544E+02
  0.232620E+02  0.283713E+02  0.267664E+02  0.000000E+00  0.000000E+00  0.841646E-04  0.268732E+02
  0.240505E+02  0.267003E+02  0.251880E+02  0.000000E+00  0.000000E+00  0.739475E-04  0.252902E+02
  0.248656E+02  0.251269E+02  0.237018E+02  0.000000E+00  0.000000E+00  0.651377E-04  0.237995E+02
  0.257085E+02  0.236454E+02  0.223024E+02  0.000000E+00  0.000000E+00  0.574311E-04  0.223959E+02
  0.265798E+02  0.222504E+02  0.209848E+02  0.000000E+00  0.000000E+00  0.504948E-04  0.210744E+02
  0.274808E+02  0.209370E+02  0.197442E+02  0.000000E+00  0.000000E+00  0.442279E-04  0.198301E+02
  0.284122E+02  0.197006E+02  0.185762E+02  0.000000E+00  0.000000E+00  0.390853E-04  0.186587E+02
  0.293753E+02  0.185364E+02  0.174766E+02  0.000000E+00  0.000000E+00  0.343487E-04  0.175558E+02
  0.303709E+02  0.174406E+02  0.164414E+02  0.000000E+00  0.000000E+00  0.302844E-04  0.165176E+02
  0.314004E+02  0.164089E+02  0.154668E+02  0.000000E+00  0.000000E+00  0.266637E-04  0.155402E+02
  0.324647E+02  0.154378E+02  0.145495E+02  0.000000E+00  0.000000E+00  0.235434E-04  0.146201E+02
  0.335651E+02  0.145236E+02  0.136860E+02  0.000000E+00  0.000000E+00  0.206468E-04  0.137541E+02
  0.347028E+02  0.136632E+02  0.128731E+02  0.000000E+00  0.000000E+00  0.181641E-04  0.129389E+02
  0.358790E+02  0.128533E+02  0.121081E+02  0.000000E+00  0.000000E+00  0.160654E-04  0.121716E+02
  0.370952E+02  0.120910E+02  0.113879E+02  0.000000E+00  0.000000E+00  0.140610E-04  0.114494E+02
  0.383525E+02  0.113736E+02  0.107102E+02  0.000000E+00  0.000000E+00  0.123785E-04  0.107697E+02
  0.396525E+02  0.106984E+02  0.100723E+02  0.000000E+00  0.000000E+00  0.108791E-04  0.101300E+02
  0.409965E+02  0.100630E+02  0.947202E+01  0.000000E+00  0.000000E+00  0.959706E-05  0.952801E+01
  0.423861E+02  0.946498E+01  0.890707E+01  0.000000E+00  0.000000E+00  0.842927E-05  0.896145E+01
  0.438228E+02  0.890224E+01  0.837542E+01  0.000000E+00  0.000000E+00  0.747107E-05  0.842831E+01
  0.453082E+02  0.837269E+01  0.787512E+01  0.000000E+00  0.000000E+00  0.650315E-05  0.792660E+01
  0.468439E+02  0.787441E+01  0.740434E+01  0.000000E+00  0.000000E+00  0.578421E-05  0.745451E+01
  0.484317E+02  0.740553E+01  0.696133E+01  0.000000E+00  0.000000E+00  0.506375E-05  0.701029E+01
  0.500732E+02  0.696437E+01  0.654451E+01  0.000000E+00  0.000000E+00  0.438828E-05  0.659232E+01
  0.517705E+02  0.654927E+01  0.615230E+01  0.000000E+00  0.000000E+00  0.395009E-05  0.619903E+01
  0.535252E+02  0.615872E+01  0.578328E+01  0.000000E+00  0.000000E+00  0.347019E-05  0.582902E+01
  0.553395E+02  0.579128E+01  0.543608E+01  0.000000E+00  0.000000E+00  0.305155E-05  0.548089E+01
  0.572153E+02  0.544558E+01  0.510942E+01  0.000000E+00  0.000000E+00  0.267872E-05  0.515336E+01
  0.591545E+02  0.512037E+01  0.480211E+01  0.000000E+00  0.000000E+00  0.238029E-05  0.484523E+01
  0.611596E+02  0.481441E+01  0.451299E+01  0.000000E+00  0.000000E+00  0.208408E-05  0.455535E+01
  0.632326E+02  0.452661E+01  0.424101E+01  0.000000E+00  0.000000E+00  0.182086E-05  0.428267E+01
  0.653759E+02  0.425586E+01  0.398514E+01  0.000000E+00  0.000000E+00  0.158640E-05  0.402614E+01
  0.675918E+02  0.400118E+01  0.374445E+01  0.000000E+00  0.000000E+00  0.139629E-05  0.378484E+01
  0.698829E+02  0.376161E+01  0.351803E+01  0.000000E+00  0.000000E+00  0.121978E-05  0.355786E+01
  0.722515E+02  0.353628E+01  0.330506E+01  0.000000E+00  0.000000E+00  0.108403E-05  0.334436E+01
  0.747005E+02  0.332433E+01  0.310473E+01  0.000000E+00  0.000000E+00  0.966781E-06  0.314354E+01
  0.772325E+02  0.312498E+01  0.291631E+01  0.000000E+00  0.000000E+00  0.840783E-06  0.295465E+01
  0.798503E+02  0.293748E+01  0.273907E+01  0.000000E+00  0.000000E+00  0.740124E-06  0.277700E+01
  0.825568E+02  0.276114E+01  0.257239E+01  0.000000E+00  0.000000E+00  0.646760E-06  0.260992E+01
  0.853551E+02  0.259529E+01  0.241561E+01  0.000000E+00  0.000000E+00  0.576884E-06  0.245277E+01
  0.882482E+02  0.243932E+01  0.226816E+01  0.000000E+00  0.000000E+00  0.503947E-06  0.230499E+01
  0.912394E+02  0.229263E+01  0.212949E+01  0.000000E+00  0.000000E+00  0.428660E-06  0.216600E+01
  0.943319E+02  0.215470E+01  0.199907E+01  0.000000E+00  0.000000E+00  0.392914E-06  0.203530E+01
  0.975294E+02  0.202497E+01  0.187643E+01  0.000000E+00  0.000000E+00  0.346455E-06  0.191238E+01
  0.100835E+03  0.190299E+01  0.176109E+01  0.000000E+00  0.000000E+00  0.287325E-06  0.179680E+01
  0.104253E+03  0.178829E+01  0.165264E+01  0.000000E+00  0.000000E+00  0.270302E-06  0.168812E+01
  0.107787E+03  0.168043E+01  0.155066E+01  0.000000E+00  0.000000E+00  0.223530E-06  0.158592E+01
  0.111440E+03  0.157901E+01  0.145475E+01  0.000000E+00  0.000000E+00  0.202768E-06  0.148981E+01
  0.115217E+03  0.148365E+01  0.136458E+01  0.000000E+00  0.000000E+00  0.170299E-06  0.139946E+01
  0.119123E+03  0.139400E+01  0.127980E+01  0.000000E+00  0.000000E+00  0.163266E-06  0.131450E+01
  0.123160E+03  0.130970E+01  0.120008E+01  0.000000E+00  0.000000E+00  0.142788E-06  0.123462E+01
  0.127335E+03  0.123043E+01  0.112513E+01  0.000000E+00  0.000000E+00  0.125469E-06  0.115951E+01
  0.131651E+03  0.115592E+01  0.105466E+01  0.000000E+00  0.000000E+00  0.105766E-06  0.108890E+01
  0.136113E+03  0.108586E+01  0.988412E+00  0.000000E+00  0.000000E+00  0.951163E-07  0.102252E+01
  0.140727E+03  0.102000E+01  0.926134E+00  0.000000E+00  0.000000E+00  0.793373E-07  0.960114E+00
  0.145497E+03  0.958080E+00  0.867585E+00  0.000000E+00  0.000000E+00  0.704696E-07  0.901441E+00
  0.150428E+03  0.899874E+00  0.812551E+00  0.000000E+00  0.000000E+00  0.663639E-07  0.846289E+00
  0.155527E+03  0.845157E+00  0.760821E+00  0.000000E+00  0.000000E+00  0.537458E-07  0.794443E+00
  0.160799E+03  0.793718E+00  0.712196E+00  0.000000E+00  0.000000E+00  0.519813E-07  0.745704E+00
  0.166249E+03  0.745369E+00  0.666497E+00  0.000000E+00  0.000000E+00  0.460953E-07  0.699894E+00
  0.171884E+03  0.699921E+00  0.623549E+00  0.000000E+00  0.000000E+00  0.338369E-07  0.656834E+00
  0.177710E+03  0.657202E+00  0.583189E+00  0.000000E+00  0.000000E+00  0.340606E-07  0.616361E+00
  0.183734E+03  0.617048E+00  0.545262E+00  0.000000E+00  0.000000E+00  0.258706E-07  0.578319E+00
  0.189961E+03  0.579308E+00  0.509627E+00  0.000000E+00  0.000000E+00  0.268113E-07  0.542568E+00
  0.196400E+03  0.543838E+00  0.476148E+00  0.000000E+00  0.000000E+00  0.208083E-07  0.508968E+00
  0.203057E+03  0.510501E+00  0.444697E+00  0.000000E+00  0.000000E+00  0.183706E-07  0.477391E+00
