  0.106157E-04  0.268591E+07  0.268591E+07  0.358096E+07  0.358095E+07  0.268470E+07  0.268585E+07
  0.109755E-04  0.268591E+07  0.268591E+07  0.358094E+07  0.358093E+07  0.268470E+07  0.268585E+07
  0.113475E-04  0.268591E+07  0.268591E+07  0.358092E+07  0.358092E+07  0.268470E+07  0.268585E+07
  0.117321E-04  0.268591E+07  0.268591E+07  0.358090E+07  0.358090E+07  0.268470E+07  0.268585E+07
  0.121298E-04  0.268590E+07  0.268590E+07  0.358088E+07  0.358087E+07  0.268470E+07  0.268585E+07
  0.125409E-04  0.268590E+07  0.268590E+07  0.358085E+07  0.358085E+07  0.268470E+07  0.268585E+07
  0.129660E-04  0.268590E+07  0.268590E+07  0.358083E+07  0.358083E+07  0.268470E+07  0.268585E+07
  0.134055E-04  0.268590E+07  0.268590E+07  0.358080E+07  0.358080E+07  0.268470E+07  0.268585E+07
  0.138599E-04  0.268590E+07  0.268590E+07  0.358078E+07  0.358077E+07  0.268470E+07  0.268585E+07
  0.143296E-04  0.268590E+07  0.268590E+07  0.358075E+07  0.358074E+07  0.268470E+07  0.268585E+07
  0.148154E-04  0.268590E+07  0.268590E+07  0.358071E+07  0.358071E+07  0.268470E+07  0.268585E+07
  0.153175E-04  0.268590E+07  0.268590E+07  0.358068E+07  0.358067E+07  0.268470E+07  0.268585E+07
  0.158367E-04  0.268590E+07  0.268590E+07  0.358064E+07  0.358064E+07  0.268470E+07  0.268585E+07
  0.163735E-04  0.268590E+07  0.268590E+07  0.358060E+07  0.358060E+07  0.268470E+07  0.268585E+07
  0.169285E-04  0.268590E+07  0.268590E+07  0.358056E+07  0.358055E+07  0.268470E+07  0.268585E+07
  0.175023E-04  0.268590E+07  0.268590E+07  0.358052E+07  0.358051E+07  0.268470E+07  0.268585E+07
  0.180955E-04  0.268590E+07  0.268590E+07  0.358047E+07  0.358046E+07  0.268469E+07  0.268585E+07
  0.187089E-04  0.268590E+07  0.268590E+07  0.358042E+07  0.358041E+07  0.268469E+07  0.268585E+07
  0.193430E-04  0.268590E+07  0.268590E+07  0.358036E+07  0.358035E+07  0.268469E+07  0.268585E+07
  0.199986E-04  0.268590E+07  0.268590E+07  0.358031E+07  0.358030E+07  0.268469E+07  0.268585E+07
  0.206765E-04  0.268590E+07  0.268590E+07  0.358024E+07  0.358023E+07  0.268469E+07  0.268585E+07
  0.213773E-04  0.268590E+07  0.268590E+07  0.358018E+07  0.358016E+07  0.268469E+07  0.268585E+07
  0.221019E-04  0.268590E+07  0.268590E+07  0.358010E+07  0.358009E+07  0.268469E+07  0.268585E+07
  0.228511E-04  0.268590E+07  0.268590E+07  0.358003E+07  0.358002E+07  0.268469E+07  0.268585E+07
  0.236256E-04  0.268590E+07  0.268590E+07  0.357995E+07  0.357993E+07  0.268469E+07  0.268585E+07
  0.244264E-04  0.268590E+07  0.268590E+07  0.357986E+07  0.357985E+07  0.268468E+07  0.268584E+07
  0.252543E-04  0.268590E+07  0.268590E+07  0.357977E+07  0.357975E+07  0.268468E+07  0.268584E+07
  0.261103E-04  0.268590E+07  0.268590E+07  0.357967E+07  0.357965E+07  0.268468E+07  0.268584E+07
  0.269953E-04  0.268590E+07  0.268590E+07  0.357956E+07  0.357954E+07  0.268468E+07  0.268584E+07
  0.279103E-04  0.268589E+07  0.268589E+07  0.357945E+07  0.357943E+07  0.268468E+07  0.268584E+07
  0.288564E-04  0.268589E+07  0.268589E+07  0.357933E+07  0.357931E+07  0.268468E+07  0.268584E+07
  0.298345E-04  0.268589E+07  0.268589E+07  0.357920E+07  0.357917E+07  0.268467E+07  0.268584E+07
  0.308457E-04  0.268589E+07  0.268589E+07  0.357906E+07  0.357903E+07  0.268467E+07  0.268584E+07
  0.318912E-04  0.268589E+07  0.268589E+07  0.357891E+07  0.357888E+07  0.268467E+07  0.268584E+07
  0.329722E-04  0.268589E+07  0.268589E+07  0.357875E+07  0.357872E+07  0.268466E+07  0.268584E+07
  0.340898E-04  0.268589E+07  0.268589E+07  0.357858E+07  0.357855E+07  0.268466E+07  0.268583E+07
  0.352452E-04  0.268589E+07  0.268589E+07  0.357840E+07  0.357837E+07  0.268466E+07  0.268583E+07
  0.364399E-04  0.268588E+07  0.268588E+07  0.357821E+07  0.357817E+07  0.268466E+07  0.268583E+07
  0.376750E-04  0.268588E+07  0.268588E+07  0.357800E+07  0.357796E+07  0.268465E+07  0.268583E+07
  0.389520E-04  0.268588E+07  0.268588E+07  0.357778E+07  0.357774E+07  0.268465E+07  0.268583E+07
  0.402723E-04  0.268588E+07  0.268588E+07  0.357754E+07  0.357750E+07  0.268464E+07  0.268583E+07
  0.416373E-04  0.268588E+07  0.268588E+07  0.357729E+07  0.357725E+07  0.268464E+07  0.268582E+07
  0.430486E-04  0.268588E+07  0.268588E+07  0.357702E+07  0.357697E+07  0.268463E+07  0.268582E+07
  0.445078E-04  0.268587E+07  0.268587E+07  0.357673E+07  0.357668E+07  0.268463E+07  0.268582E+07
  0.460164E-04  0.268587E+07  0.268587E+07  0.357642E+07  0.357637E+07  0.268462E+07  0.268582E+07
  0.475761E-04  0.268587E+07  0.268587E+07  0.357609E+07  0.357604E+07  0.268462E+07  0.268581E+07
  0.491887E-04  0.268587E+07  0.268587E+07  0.357574E+07  0.357568E+07  0.268461E+07  0.268581E+07
  0.508560E-04  0.268586E+07  0.268586E+07  0.357536E+07  0.357530E+07  0.268461E+07  0.268581E+07
  0.525797E-04  0.268586E+07  0.268586E+07  0.357496E+07  0.357489E+07  0.268460E+07  0.268581E+07
  0.543619E-04  0.268586E+07  0.268586E+07  0.357453E+07  0.357446E+07  0.268459E+07  0.268580E+07
  0.562045E-04  0.268585E+07  0.268585E+07  0.357407E+07  0.357399E+07  0.268458E+07  0.268580E+07
  0.581096E-04  0.268585E+07  0.268585E+07  0.357358E+07  0.357349E+07  0.268457E+07  0.268579E+07
  0.600792E-04  0.268585E+07  0.268585E+07  0.357305E+07  0.357296E+07  0.268457E+07  0.268579E+07
  0.621156E-04  0.268584E+07  0.268584E+07  0.357249E+07  0.357239E+07  0.268456E+07  0.268579E+07
  0.642210E-04  0.268584E+07  0.268584E+07  0.357189E+07  0.357179E+07  0.268455E+07  0.268578E+07
  0.663978E-04  0.268583E+07  0.268583E+07  0.357125E+07  0.357114E+07  0.268453E+07  0.268578E+07
  0.686484E-04  0.268583E+07  0.268583E+07  0.357056E+07  0.357045E+07  0.268452E+07  0.268577E+07
  0.709752E-04  0.268582E+07  0.268582E+07  0.356983E+07  0.356970E+07  0.268451E+07  0.268576E+07
  0.733809E-04  0.268582E+07  0.268582E+07  0.356905E+07  0.356891E+07  0.268450E+07  0.268576E+07
  0.758682E-04  0.268581E+07  0.268581E+07  0.356821E+07  0.356807E+07  0.268448E+07  0.268575E+07
  0.784397E-04  0.268580E+07  0.268580E+07  0.356731E+07  0.356716E+07  0.268447E+07  0.268574E+07
  0.810985E-04  0.268580E+07  0.268580E+07  0.356636E+07  0.356620E+07  0.268445E+07  0.268574E+07
  0.838473E-04  0.268579E+07  0.268579E+07  0.356534E+07  0.356516E+07  0.268443E+07  0.268573E+07
  0.866893E-04  0.268578E+07  0.268578E+07  0.356424E+07  0.356406E+07  0.268441E+07  0.268572E+07
  0.896277E-04  0.268577E+07  0.268577E+07  0.356308E+07  0.356288E+07  0.268439E+07  0.268571E+07
  0.926656E-04  0.268576E+07  0.268576E+07  0.356183E+07  0.356162E+07  0.268437E+07  0.268570E+07
  0.958065E-04  0.268575E+07  0.268575E+07  0.356050E+07  0.356027E+07  0.268435E+07  0.268569E+07
  0.990539E-04  0.268574E+07  0.268574E+07  0.355907E+07  0.355883E+07  0.268432E+07  0.268568E+07
  0.102411E-03  0.268573E+07  0.268573E+07  0.355755E+07  0.355729E+07  0.268429E+07  0.268567E+07
  0.105883E-03  0.268572E+07  0.268572E+07  0.355593E+07  0.355565E+07  0.268427E+07  0.268565E+07
  0.109471E-03  0.268570E+07  0.268570E+07  0.355419E+07  0.355389E+07  0.268424E+07  0.268564E+07
  0.113182E-03  0.268569E+07  0.268569E+07  0.355234E+07  0.355202E+07  0.268420E+07  0.268563E+07
  0.117018E-03  0.268568E+07  0.268567E+07  0.355035E+07  0.355001E+07  0.268417E+07  0.268561E+07
  0.120985E-03  0.268566E+07  0.268566E+07  0.354823E+07  0.354787E+07  0.268413E+07  0.268559E+07
  0.125085E-03  0.268564E+07  0.268564E+07  0.354597E+07  0.354559E+07  0.268409E+07  0.268557E+07
  0.129325E-03  0.268562E+07  0.268562E+07  0.354355E+07  0.354314E+07  0.268405E+07  0.268556E+07
  0.133709E-03  0.268560E+07  0.268560E+07  0.354097E+07  0.354053E+07  0.268400E+07  0.268553E+07
  0.138241E-03  0.268558E+07  0.268558E+07  0.353821E+07  0.353774E+07  0.268396E+07  0.268551E+07
  0.142927E-03  0.268556E+07  0.268556E+07  0.353527E+07  0.353477E+07  0.268390E+07  0.268549E+07
  0.147771E-03  0.268554E+07  0.268553E+07  0.353212E+07  0.353158E+07  0.268385E+07  0.268546E+07
  0.152780E-03  0.268551E+07  0.268551E+07  0.352876E+07  0.352819E+07  0.268379E+07  0.268544E+07
  0.157958E-03  0.268548E+07  0.268548E+07  0.352517E+07  0.352456E+07  0.268372E+07  0.268541E+07
  0.163312E-03  0.268546E+07  0.268545E+07  0.352134E+07  0.352068E+07  0.268366E+07  0.268538E+07
  0.168848E-03  0.268542E+07  0.268542E+07  0.351724E+07  0.351655E+07  0.268358E+07  0.268534E+07
  0.174571E-03  0.268539E+07  0.268539E+07  0.351287E+07  0.351213E+07  0.268351E+07  0.268531E+07
  0.180488E-03  0.268536E+07  0.268535E+07  0.350821E+07  0.350741E+07  0.268342E+07  0.268527E+07
  0.186606E-03  0.268532E+07  0.268531E+07  0.350323E+07  0.350238E+07  0.268334E+07  0.268523E+07
  0.192931E-03  0.268528E+07  0.268527E+07  0.349791E+07  0.349700E+07  0.268324E+07  0.268519E+07
  0.199470E-03  0.268523E+07  0.268523E+07  0.349223E+07  0.349127E+07  0.268314E+07  0.268514E+07
  0.206231E-03  0.268519E+07  0.268518E+07  0.348617E+07  0.348515E+07  0.268303E+07  0.268509E+07
  0.213221E-03  0.268514E+07  0.268513E+07  0.347971E+07  0.347861E+07  0.268292E+07  0.268504E+07
  0.220448E-03  0.268508E+07  0.268508E+07  0.347281E+07  0.347164E+07  0.268280E+07  0.268498E+07
  0.227921E-03  0.268503E+07  0.268502E+07  0.346545E+07  0.346421E+07  0.268266E+07  0.268492E+07
  0.235646E-03  0.268497E+07  0.268496E+07  0.345760E+07  0.345627E+07  0.268252E+07  0.268486E+07
  0.243633E-03  0.268490E+07  0.268490E+07  0.344923E+07  0.344781E+07  0.268237E+07  0.268479E+07
  0.251891E-03  0.268483E+07  0.268483E+07  0.344030E+07  0.343879E+07  0.268221E+07  0.268472E+07
  0.260429E-03  0.268476E+07  0.268475E+07  0.343078E+07  0.342917E+07  0.268204E+07  0.268464E+07
  0.269256E-03  0.268468E+07  0.268467E+07  0.342063E+07  0.341891E+07  0.268186E+07  0.268456E+07
  0.278383E-03  0.268460E+07  0.268459E+07  0.340981E+07  0.340798E+07  0.268166E+07  0.268447E+07
  0.287819E-03  0.268451E+07  0.268450E+07  0.339828E+07  0.339634E+07  0.268145E+07  0.268437E+07
  0.297574E-03  0.268441E+07  0.268440E+07  0.338599E+07  0.338392E+07  0.268123E+07  0.268427E+07
  0.307661E-03  0.268431E+07  0.268430E+07  0.337291E+07  0.337071E+07  0.268099E+07  0.268416E+07
  0.318089E-03  0.268420E+07  0.268418E+07  0.335897E+07  0.335663E+07  0.268073E+07  0.268404E+07
  0.328871E-03  0.268408E+07  0.268407E+07  0.334414E+07  0.334164E+07  0.268046E+07  0.268392E+07
  0.340018E-03  0.268395E+07  0.268394E+07  0.332834E+07  0.332570E+07  0.268017E+07  0.268379E+07
  0.351543E-03  0.268382E+07  0.268381E+07  0.331154E+07  0.330872E+07  0.267986E+07  0.268364E+07
  0.363458E-03  0.268368E+07  0.268366E+07  0.329366E+07  0.329068E+07  0.267952E+07  0.268349E+07
  0.375778E-03  0.268352E+07  0.268351E+07  0.327466E+07  0.327148E+07  0.267917E+07  0.268333E+07
  0.388515E-03  0.268336E+07  0.268334E+07  0.325445E+07  0.325108E+07  0.267879E+07  0.268316E+07
  0.401683E-03  0.268319E+07  0.268317E+07  0.323298E+07  0.322941E+07  0.267838E+07  0.268297E+07
  0.415298E-03  0.268300E+07  0.268298E+07  0.321018E+07  0.320639E+07  0.267795E+07  0.268278E+07
  0.429375E-03  0.268280E+07  0.268278E+07  0.318598E+07  0.318196E+07  0.267748E+07  0.268257E+07
  0.443929E-03  0.268259E+07  0.268257E+07  0.316029E+07  0.315604E+07  0.267699E+07  0.268234E+07
  0.458976E-03  0.268236E+07  0.268234E+07  0.313305E+07  0.312855E+07  0.267646E+07  0.268210E+07
  0.474533E-03  0.268212E+07  0.268209E+07  0.310417E+07  0.309941E+07  0.267589E+07  0.268184E+07
  0.490617E-03  0.268186E+07  0.268183E+07  0.307358E+07  0.306855E+07  0.267529E+07  0.268157E+07
  0.507247E-03  0.268158E+07  0.268156E+07  0.304119E+07  0.303588E+07  0.267465E+07  0.268128E+07
  0.524440E-03  0.268129E+07  0.268126E+07  0.300692E+07  0.300132E+07  0.267396E+07  0.268097E+07
  0.542216E-03  0.268097E+07  0.268094E+07  0.297069E+07  0.296480E+07  0.267323E+07  0.268063E+07
  0.560594E-03  0.268064E+07  0.268060E+07  0.293242E+07  0.292621E+07  0.267244E+07  0.268028E+07
  0.579596E-03  0.268028E+07  0.268024E+07  0.289203E+07  0.288550E+07  0.267161E+07  0.267990E+07
  0.599241E-03  0.267990E+07  0.267986E+07  0.284943E+07  0.284257E+07  0.267071E+07  0.267949E+07
  0.619552E-03  0.267949E+07  0.267945E+07  0.280455E+07  0.279735E+07  0.266976E+07  0.267906E+07
  0.640552E-03  0.267906E+07  0.267901E+07  0.275731E+07  0.274977E+07  0.266874E+07  0.267860E+07
  0.662264E-03  0.267859E+07  0.267854E+07  0.270765E+07  0.269976E+07  0.266766E+07  0.267811E+07
  0.684711E-03  0.267810E+07  0.267805E+07  0.265551E+07  0.264726E+07  0.266650E+07  0.267759E+07
  0.707920E-03  0.267757E+07  0.267752E+07  0.260082E+07  0.259222E+07  0.266526E+07  0.267703E+07
  0.731915E-03  0.267701E+07  0.267695E+07  0.254355E+07  0.253460E+07  0.266394E+07  0.267643E+07
  0.756723E-03  0.267641E+07  0.267635E+07  0.248366E+07  0.247436E+07  0.266253E+07  0.267580E+07
  0.782372E-03  0.267577E+07  0.267570E+07  0.242113E+07  0.241149E+07  0.266103E+07  0.267512E+07
  0.808891E-03  0.267509E+07  0.267502E+07  0.235596E+07  0.234598E+07  0.265944E+07  0.267440E+07
  0.836308E-03  0.267437E+07  0.267429E+07  0.228816E+07  0.227786E+07  0.265773E+07  0.267363E+07
  0.864655E-03  0.267359E+07  0.267351E+07  0.221776E+07  0.220715E+07  0.265591E+07  0.267281E+07
  0.893963E-03  0.267277E+07  0.267268E+07  0.214482E+07  0.213393E+07  0.265397E+07  0.267194E+07
  0.924264E-03  0.267190E+07  0.267180E+07  0.206942E+07  0.205827E+07  0.265191E+07  0.267101E+07
  0.955592E-03  0.267097E+07  0.267087E+07  0.199168E+07  0.198030E+07  0.264971E+07  0.267003E+07
  0.987981E-03  0.266997E+07  0.266987E+07  0.191173E+07  0.190016E+07  0.264737E+07  0.266898E+07
  0.102147E-02  0.266892E+07  0.266881E+07  0.182976E+07  0.181803E+07  0.264487E+07  0.266786E+07
  0.105609E-02  0.266780E+07  0.266768E+07  0.174598E+07  0.173413E+07  0.264222E+07  0.266667E+07
  0.109189E-02  0.266661E+07  0.266648E+07  0.166063E+07  0.164873E+07  0.263939E+07  0.266541E+07
  0.112890E-02  0.266534E+07  0.266520E+07  0.157402E+07  0.156211E+07  0.263639E+07  0.266407E+07
  0.116716E-02  0.266400E+07  0.266385E+07  0.148647E+07  0.147461E+07  0.263319E+07  0.266264E+07
  0.120672E-02  0.266257E+07  0.266241E+07  0.139836E+07  0.138661E+07  0.262978E+07  0.266112E+07
  0.124763E-02  0.266106E+07  0.266089E+07  0.131012E+07  0.129854E+07  0.262617E+07  0.265952E+07
  0.128991E-02  0.265945E+07  0.265927E+07  0.122220E+07  0.121086E+07  0.262233E+07  0.265781E+07
  0.133364E-02  0.265774E+07  0.265755E+07  0.113510E+07  0.112406E+07  0.261824E+07  0.265600E+07
  0.137884E-02  0.265594E+07  0.265573E+07  0.104934E+07  0.103866E+07  0.261391E+07  0.265408E+07
  0.142558E-02  0.265402E+07  0.265380E+07  0.965492E+06  0.955224E+06  0.260931E+07  0.265204E+07
  0.147390E-02  0.265199E+07  0.265175E+07  0.884118E+06  0.874310E+06  0.260442E+07  0.264989E+07
  0.152385E-02  0.264984E+07  0.264959E+07  0.805805E+06  0.796492E+06  0.259924E+07  0.264761E+07
  0.157550E-02  0.264757E+07  0.264730E+07  0.731130E+06  0.722333E+06  0.259375E+07  0.264519E+07
  0.162891E-02  0.264516E+07  0.264488E+07  0.660648E+06  0.652374E+06  0.258794E+07  0.264263E+07
  0.168412E-02  0.264262E+07  0.264231E+07  0.594882E+06  0.587114E+06  0.258178E+07  0.263993E+07
  0.174120E-02  0.263994E+07  0.263961E+07  0.534296E+06  0.526997E+06  0.257526E+07  0.263708E+07
  0.180022E-02  0.263710E+07  0.263675E+07  0.479280E+06  0.472388E+06  0.256836E+07  0.263406E+07
  0.186124E-02  0.263411E+07  0.263373E+07  0.430127E+06  0.423552E+06  0.256106E+07  0.263088E+07
  0.192432E-02  0.263095E+07  0.263055E+07  0.387012E+06  0.380642E+06  0.255336E+07  0.262752E+07
  0.198955E-02  0.262762E+07  0.262719E+07  0.349976E+06  0.343672E+06  0.254522E+07  0.262398E+07
  0.205699E-02  0.262411E+07  0.262366E+07  0.318910E+06  0.312514E+06  0.253663E+07  0.262024E+07
  0.212671E-02  0.262042E+07  0.261993E+07  0.293541E+06  0.286880E+06  0.252758E+07  0.261631E+07
  0.219879E-02  0.261653E+07  0.261601E+07  0.273430E+06  0.266326E+06  0.251803E+07  0.261217E+07
  0.227332E-02  0.261244E+07  0.261188E+07  0.257977E+06  0.250256E+06  0.250798E+07  0.260782E+07
  0.235038E-02  0.260814E+07  0.260754E+07  0.246433E+06  0.237942E+06  0.249741E+07  0.260324E+07
  0.243004E-02  0.260362E+07  0.260298E+07  0.237929E+06  0.228550E+06  0.248629E+07  0.259843E+07
  0.251241E-02  0.259887E+07  0.259819E+07  0.231512E+06  0.221179E+06  0.247461E+07  0.259337E+07
  0.259757E-02  0.259389E+07  0.259316E+07  0.226196E+06  0.214912E+06  0.246235E+07  0.258806E+07
  0.268561E-02  0.258866E+07  0.258789E+07  0.221021E+06  0.208873E+06  0.244950E+07  0.258250E+07
  0.277664E-02  0.258317E+07  0.258235E+07  0.215123E+06  0.202291E+06  0.243603E+07  0.257666E+07
  0.287076E-02  0.257742E+07  0.257655E+07  0.207802E+06  0.194566E+06  0.242194E+07  0.257054E+07
  0.296806E-02  0.257140E+07  0.257046E+07  0.198582E+06  0.185316E+06  0.240720E+07  0.256413E+07
  0.306866E-02  0.256509E+07  0.256409E+07  0.187271E+06  0.174424E+06  0.239181E+07  0.255741E+07
  0.317268E-02  0.255849E+07  0.255742E+07  0.173982E+06  0.162053E+06  0.237576E+07  0.255039E+07
  0.328021E-02  0.255158E+07  0.255044E+07  0.159136E+06  0.148632E+06  0.235903E+07  0.254304E+07
  0.339140E-02  0.254435E+07  0.254314E+07  0.143424E+06  0.134806E+06  0.234161E+07  0.253536E+07
  0.350635E-02  0.253680E+07  0.253550E+07  0.127726E+06  0.121358E+06  0.232351E+07  0.252734E+07
  0.362520E-02  0.252891E+07  0.252753E+07  0.113000E+06  0.109088E+06  0.230472E+07  0.251896E+07
  0.374807E-02  0.252067E+07  0.251920E+07  0.100137E+06  0.986916E+05  0.228524E+07  0.251022E+07
  0.387512E-02  0.251208E+07  0.251050E+07  0.898172E+05  0.906254E+05  0.226508E+07  0.250111E+07
  0.400646E-02  0.250311E+07  0.250143E+07  0.823711E+05  0.850102E+05  0.224423E+07  0.249161E+07
  0.414226E-02  0.249376E+07  0.249197E+07  0.776986E+05  0.815800E+05  0.222270E+07  0.248171E+07
  0.428266E-02  0.248402E+07  0.248211E+07  0.752545E+05  0.797068E+05  0.220051E+07  0.247142E+07
  0.442783E-02  0.247389E+07  0.247185E+07  0.000000E+00  0.000000E+00  0.217768E+07  0.246071E+07
  0.457791E-02  0.246334E+07  0.246117E+07  0.000000E+00  0.000000E+00  0.215422E+07  0.244958E+07
  0.473308E-02  0.245238E+07  0.245007E+07  0.000000E+00  0.000000E+00  0.213014E+07  0.243803E+07
  0.489350E-02  0.244099E+07  0.243853E+07  0.000000E+00  0.000000E+00  0.210547E+07  0.242604E+07
  0.505937E-02  0.242917E+07  0.242654E+07  0.000000E+00  0.000000E+00  0.208024E+07  0.241361E+07
  0.523086E-02  0.241691E+07  0.241411E+07  0.000000E+00  0.000000E+00  0.205446E+07  0.240073E+07
  0.540816E-02  0.240419E+07  0.240121E+07  0.000000E+00  0.000000E+00  0.202817E+07  0.238740E+07
  0.559147E-02  0.239103E+07  0.238785E+07  0.000000E+00  0.000000E+00  0.200139E+07  0.237361E+07
  0.578099E-02  0.237740E+07  0.237401E+07  0.000000E+00  0.000000E+00  0.197414E+07  0.235935E+07
  0.597694E-02  0.236330E+07  0.235969E+07  0.000000E+00  0.000000E+00  0.194645E+07  0.234463E+07
  0.617953E-02  0.234873E+07  0.234489E+07  0.000000E+00  0.000000E+00  0.191834E+07  0.232943E+07
  0.638899E-02  0.233368E+07  0.232960E+07  0.000000E+00  0.000000E+00  0.188983E+07  0.231376E+07
  0.660554E-02  0.231816E+07  0.231381E+07  0.000000E+00  0.000000E+00  0.186094E+07  0.229761E+07
  0.682944E-02  0.230215E+07  0.229752E+07  0.000000E+00  0.000000E+00  0.183169E+07  0.228098E+07
  0.706092E-02  0.228566E+07  0.228073E+07  0.000000E+00  0.000000E+00  0.180208E+07  0.226387E+07
  0.730025E-02  0.226867E+07  0.226343E+07  0.000000E+00  0.000000E+00  0.177213E+07  0.224627E+07
  0.754769E-02  0.225120E+07  0.224562E+07  0.000000E+00  0.000000E+00  0.174184E+07  0.222819E+07
  0.780352E-02  0.223323E+07  0.222730E+07  0.000000E+00  0.000000E+00  0.171122E+07  0.220961E+07
  0.806802E-02  0.221477E+07  0.220846E+07  0.000000E+00  0.000000E+00  0.168027E+07  0.219054E+07
  0.834149E-02  0.219580E+07  0.218911E+07  0.000000E+00  0.000000E+00  0.164900E+07  0.217098E+07
  0.862423E-02  0.217634E+07  0.216923E+07  0.000000E+00  0.000000E+00  0.161740E+07  0.215093E+07
  0.891655E-02  0.215638E+07  0.214882E+07  0.000000E+00  0.000000E+00  0.158548E+07  0.213037E+07
  0.921878E-02  0.213592E+07  0.212789E+07  0.000000E+00  0.000000E+00  0.155325E+07  0.210932E+07
  0.953125E-02  0.211494E+07  0.210642E+07  0.000000E+00  0.000000E+00  0.152071E+07  0.208776E+07
  0.985431E-02  0.209346E+07  0.208442E+07  0.000000E+00  0.000000E+00  0.148788E+07  0.206570E+07
  0.101883E-01  0.207147E+07  0.206188E+07  0.000000E+00  0.000000E+00  0.145477E+07  0.204314E+07
  0.105337E-01  0.204896E+07  0.203880E+07  0.000000E+00  0.000000E+00  0.142141E+07  0.202007E+07
  0.108907E-01  0.202594E+07  0.201516E+07  0.000000E+00  0.000000E+00  0.138781E+07  0.199648E+07
  0.112598E-01  0.200240E+07  0.199098E+07  0.000000E+00  0.000000E+00  0.135400E+07  0.197239E+07
  0.116415E-01  0.197833E+07  0.196624E+07  0.000000E+00  0.000000E+00  0.132000E+07  0.194778E+07
  0.120361E-01  0.195374E+07  0.194094E+07  0.000000E+00  0.000000E+00  0.128586E+07  0.192266E+07
  0.124440E-01  0.192863E+07  0.191508E+07  0.000000E+00  0.000000E+00  0.125159E+07  0.189702E+07
  0.128658E-01  0.190298E+07  0.188866E+07  0.000000E+00  0.000000E+00  0.121724E+07  0.187087E+07
  0.133019E-01  0.187680E+07  0.186167E+07  0.000000E+00  0.000000E+00  0.118283E+07  0.184420E+07
  0.137528E-01  0.185010E+07  0.183412E+07  0.000000E+00  0.000000E+00  0.114840E+07  0.181702E+07
  0.142189E-01  0.182286E+07  0.180600E+07  0.000000E+00  0.000000E+00  0.111399E+07  0.178932E+07
  0.147009E-01  0.179509E+07  0.177731E+07  0.000000E+00  0.000000E+00  0.107963E+07  0.176111E+07
  0.151992E-01  0.176679E+07  0.174806E+07  0.000000E+00  0.000000E+00  0.104535E+07  0.173240E+07
  0.157144E-01  0.173797E+07  0.171825E+07  0.000000E+00  0.000000E+00  0.101118E+07  0.170318E+07
  0.162470E-01  0.170864E+07  0.168789E+07  0.000000E+00  0.000000E+00  0.977176E+06  0.167347E+07
  0.167977E-01  0.167878E+07  0.165698E+07  0.000000E+00  0.000000E+00  0.943357E+06  0.164327E+07
  0.173671E-01  0.164843E+07  0.162553E+07  0.000000E+00  0.000000E+00  0.909764E+06  0.161259E+07
  0.179557E-01  0.161758E+07  0.159356E+07  0.000000E+00  0.000000E+00  0.876434E+06  0.158145E+07
  0.185643E-01  0.158624E+07  0.156109E+07  0.000000E+00  0.000000E+00  0.843405E+06  0.154985E+07
  0.191936E-01  0.155445E+07  0.152812E+07  0.000000E+00  0.000000E+00  0.810713E+06  0.151782E+07
  0.198441E-01  0.152220E+07  0.149470E+07  0.000000E+00  0.000000E+00  0.778398E+06  0.148537E+07
  0.205168E-01  0.148953E+07  0.146083E+07  0.000000E+00  0.000000E+00  0.746497E+06  0.145254E+07
  0.212122E-01  0.145647E+07  0.142656E+07  0.000000E+00  0.000000E+00  0.715050E+06  0.141934E+07
  0.219312E-01  0.142303E+07  0.139192E+07  0.000000E+00  0.000000E+00  0.684094E+06  0.138582E+07
  0.226745E-01  0.138927E+07  0.135696E+07  0.000000E+00  0.000000E+00  0.653668E+06  0.135200E+07
  0.234431E-01  0.135521E+07  0.132172E+07  0.000000E+00  0.000000E+00  0.623810E+06  0.131792E+07
  0.242377E-01  0.132091E+07  0.128625E+07  0.000000E+00  0.000000E+00  0.594557E+06  0.128365E+07
  0.250592E-01  0.128641E+07  0.125063E+07  0.000000E+00  0.000000E+00  0.565951E+06  0.124922E+07
  0.259086E-01  0.125178E+07  0.121492E+07  0.000000E+00  0.000000E+00  0.538027E+06  0.121469E+07
  0.267868E-01  0.121707E+07  0.117919E+07  0.000000E+00  0.000000E+00  0.510825E+06  0.118014E+07
  0.276947E-01  0.118236E+07  0.114354E+07  0.000000E+00  0.000000E+00  0.484383E+06  0.114563E+07
  0.286334E-01  0.114772E+07  0.110804E+07  0.000000E+00  0.000000E+00  0.458739E+06  0.111124E+07
  0.296040E-01  0.111324E+07  0.107281E+07  0.000000E+00  0.000000E+00  0.433927E+06  0.107706E+07
  0.306074E-01  0.107901E+07  0.103794E+07  0.000000E+00  0.000000E+00  0.409980E+06  0.104317E+07
  0.316449E-01  0.104513E+07  0.100356E+07  0.000000E+00  0.000000E+00  0.386924E+06  0.100967E+07
  0.327175E-01  0.101169E+07  0.969763E+06  0.000000E+00  0.000000E+00  0.364781E+06  0.976659E+06
  0.338264E-01  0.982924E+06  0.940799E+06  0.000000E+00  0.000000E+00  0.333264E+06  0.947741E+06
  0.349730E-01  0.950878E+06  0.908745E+06  0.000000E+00  0.000000E+00  0.313164E+06  0.916212E+06
  0.361584E-01  0.919590E+06  0.877642E+06  0.000000E+00  0.000000E+00  0.294025E+06  0.885481E+06
  0.373840E-01  0.888764E+06  0.847205E+06  0.000000E+00  0.000000E+00  0.275736E+06  0.855263E+06
  0.386511E-01  0.858834E+06  0.817878E+06  0.000000E+00  0.000000E+00  0.258422E+06  0.825981E+06
  0.399612E-01  0.829954E+06  0.789823E+06  0.000000E+00  0.000000E+00  0.242107E+06  0.797783E+06
  0.413157E-01  0.802233E+06  0.763149E+06  0.000000E+00  0.000000E+00  0.226784E+06  0.770774E+06
  0.427161E-01  0.775761E+06  0.737946E+06  0.000000E+00  0.000000E+00  0.212423E+06  0.745038E+06
  0.441639E-01  0.747868E+06  0.711542E+06  0.000000E+00  0.000000E+00  0.202350E+06  0.718166E+06
  0.456609E-01  0.723943E+06  0.689300E+06  0.000000E+00  0.000000E+00  0.189750E+06  0.695012E+06
  0.472086E-01  0.701335E+06  0.668554E+06  0.000000E+00  0.000000E+00  0.178004E+06  0.673186E+06
  0.488087E-01  0.679994E+06  0.649227E+06  0.000000E+00  0.000000E+00  0.167076E+06  0.652632E+06
  0.504631E-01  0.659836E+06  0.631200E+06  0.000000E+00  0.000000E+00  0.156893E+06  0.633261E+06
  0.521736E-01  0.640762E+06  0.614333E+06  0.000000E+00  0.000000E+00  0.147366E+06  0.614969E+06
  0.539420E-01  0.624232E+06  0.600035E+06  0.000000E+00  0.000000E+00  0.137051E+06  0.599080E+06
  0.557704E-01  0.606934E+06  0.584948E+06  0.000000E+00  0.000000E+00  0.128677E+06  0.582538E+06
  0.576607E-01  0.590285E+06  0.570429E+06  0.000000E+00  0.000000E+00  0.120799E+06  0.566624E+06
  0.596151E-01  0.574121E+06  0.556257E+06  0.000000E+00  0.000000E+00  0.113331E+06  0.551169E+06
  0.616357E-01  0.558266E+06  0.542197E+06  0.000000E+00  0.000000E+00  0.106241E+06  0.535993E+06
  0.637249E-01  0.541416E+06  0.526899E+06  0.000000E+00  0.000000E+00  0.100225E+06  0.519871E+06
  0.658849E-01  0.525562E+06  0.512301E+06  0.000000E+00  0.000000E+00  0.937551E+05  0.504633E+06
  0.681181E-01  0.509420E+06  0.497089E+06  0.000000E+00  0.000000E+00  0.875270E+05  0.489076E+06
  0.704269E-01  0.492816E+06  0.481070E+06  0.000000E+00  0.000000E+00  0.815045E+05  0.473028E+06
  0.728140E-01  0.475943E+06  0.464438E+06  0.000000E+00  0.000000E+00  0.753867E+05  0.456662E+06
  0.752820E-01  0.458208E+06  0.446624E+06  0.000000E+00  0.000000E+00  0.697606E+05  0.439438E+06
  0.778338E-01  0.439950E+06  0.428011E+06  0.000000E+00  0.000000E+00  0.643435E+05  0.421678E+06
  0.804719E-01  0.421318E+06  0.408815E+06  0.000000E+00  0.000000E+00  0.591539E+05  0.403535E+06
  0.831996E-01  0.402527E+06  0.389336E+06  0.000000E+00  0.000000E+00  0.542185E+05  0.385230E+06
  0.860197E-01  0.383834E+06  0.369933E+06  0.000000E+00  0.000000E+00  0.495779E+05  0.367028E+06
  0.889353E-01  0.365526E+06  0.351000E+06  0.000000E+00  0.000000E+00  0.452571E+05  0.349222E+06
  0.919498E-01  0.347913E+06  0.332951E+06  0.000000E+00  0.000000E+00  0.412760E+05  0.332127E+06
  0.950664E-01  0.331330E+06  0.316211E+06  0.000000E+00  0.000000E+00  0.376471E+05  0.316079E+06
  0.982887E-01  0.316104E+06  0.301172E+06  0.000000E+00  0.000000E+00  0.343901E+05  0.301404E+06
  0.101620E+00  0.302500E+06  0.288125E+06  0.000000E+00  0.000000E+00  0.315095E+05  0.288357E+06
  0.105065E+00  0.290621E+06  0.277156E+06  0.000000E+00  0.000000E+00  0.289723E+05  0.277035E+06
  0.108626E+00  0.280349E+06  0.268084E+06  0.000000E+00  0.000000E+00  0.267500E+05  0.267311E+06
  0.112308E+00  0.271345E+06  0.260459E+06  0.000000E+00  0.000000E+00  0.247685E+05  0.258842E+06
  0.116114E+00  0.263136E+06  0.253669E+06  0.000000E+00  0.000000E+00  0.229739E+05  0.251148E+06
  0.120050E+00  0.255227E+06  0.247066E+06  0.000000E+00  0.000000E+00  0.213031E+05  0.243727E+06
  0.124119E+00  0.247176E+06  0.240064E+06  0.000000E+00  0.000000E+00  0.197109E+05  0.236130E+06
  0.128326E+00  0.238613E+06  0.232192E+06  0.000000E+00  0.000000E+00  0.181715E+05  0.227987E+06
  0.132676E+00  0.229270E+06  0.223136E+06  0.000000E+00  0.000000E+00  0.166588E+05  0.219031E+06
  0.137173E+00  0.219054E+06  0.212833E+06  0.000000E+00  0.000000E+00  0.151769E+05  0.209179E+06
  0.141822E+00  0.208150E+06  0.201575E+06  0.000000E+00  0.000000E+00  0.137401E+05  0.198627E+06
  0.146629E+00  0.197026E+06  0.189988E+06  0.000000E+00  0.000000E+00  0.123884E+05  0.187849E+06
  0.151600E+00  0.186287E+06  0.178863E+06  0.000000E+00  0.000000E+00  0.111488E+05  0.177458E+06
  0.156738E+00  0.176481E+06  0.168910E+06  0.000000E+00  0.000000E+00  0.100532E+05  0.168005E+06
  0.162051E+00  0.167961E+06  0.160579E+06  0.000000E+00  0.000000E+00  0.910600E+04  0.159844E+06
  0.167543E+00  0.160838E+06  0.153981E+06  0.000000E+00  0.000000E+00  0.829987E+04  0.153083E+06
  0.173222E+00  0.154938E+06  0.148842E+06  0.000000E+00  0.000000E+00  0.761031E+04  0.147536E+06
  0.179094E+00  0.149787E+06  0.144514E+06  0.000000E+00  0.000000E+00  0.699998E+04  0.142719E+06
  0.185164E+00  0.144729E+06  0.140149E+06  0.000000E+00  0.000000E+00  0.643339E+04  0.137970E+06
  0.191440E+00  0.139184E+06  0.135023E+06  0.000000E+00  0.000000E+00  0.588067E+04  0.132712E+06
  0.197929E+00  0.132895E+06  0.128837E+06  0.000000E+00  0.000000E+00  0.533302E+04  0.126689E+06
  0.204638E+00  0.126020E+06  0.121829E+06  0.000000E+00  0.000000E+00  0.479947E+04  0.120067E+06
  0.211574E+00  0.119053E+06  0.114662E+06  0.000000E+00  0.000000E+00  0.430132E+04  0.113347E+06
  0.218745E+00  0.112583E+06  0.108109E+06  0.000000E+00  0.000000E+00  0.385810E+04  0.107124E+06
  0.226160E+00  0.107029E+06  0.102701E+06  0.000000E+00  0.000000E+00  0.347848E+04  0.101819E+06
  0.233826E+00  0.102467E+06  0.985032E+05  0.000000E+00  0.000000E+00  0.315895E+04  0.975017E+05
  0.241751E+00  0.985516E+05  0.950412E+05  0.000000E+00  0.000000E+00  0.288172E+04  0.938193E+05
  0.249945E+00  0.947136E+05  0.915787E+05  0.000000E+00  0.000000E+00  0.262577E+04  0.901992E+05
  0.258417E+00  0.905471E+05  0.875998E+05  0.000000E+00  0.000000E+00  0.237833E+04  0.862338E+05
  0.267176E+00  0.859727E+05  0.830381E+05  0.000000E+00  0.000000E+00  0.213815E+04  0.818495E+05
  0.276232E+00  0.813149E+05  0.783379E+05  0.000000E+00  0.000000E+00  0.191397E+04  0.773767E+05
  0.285595E+00  0.770627E+05  0.741256E+05  0.000000E+00  0.000000E+00  0.171654E+04  0.733070E+05
  0.295275E+00  0.734334E+05  0.706725E+05  0.000000E+00  0.000000E+00  0.154791E+04  0.698571E+05
  0.305284E+00  0.702831E+05  0.677721E+05  0.000000E+00  0.000000E+00  0.140199E+04  0.668786E+05
  0.315631E+00  0.672334E+05  0.649303E+05  0.000000E+00  0.000000E+00  0.126880E+04  0.639900E+05
  0.326330E+00  0.640150E+05  0.618127E+05  0.000000E+00  0.000000E+00  0.114213E+04  0.609225E+05
  0.337391E+00  0.606888E+05  0.585178E+05  0.000000E+00  0.000000E+00  0.102325E+04  0.577405E+05
  0.348827E+00  0.575369E+05  0.554181E+05  0.000000E+00  0.000000E+00  0.916503E+03  0.547293E+05
  0.360650E+00  0.547527E+05  0.527532E+05  0.000000E+00  0.000000E+00  0.824054E+03  0.520816E+05
  0.372875E+00  0.522356E+05  0.503842E+05  0.000000E+00  0.000000E+00  0.742630E+03  0.496949E+05
  0.385513E+00  0.497596E+05  0.480193E+05  0.000000E+00  0.000000E+00  0.668048E+03  0.473415E+05
  0.398580E+00  0.472440E+05  0.455654E+05  0.000000E+00  0.000000E+00  0.598660E+03  0.449422E+05
  0.412090E+00  0.448153E+05  0.431940E+05  0.000000E+00  0.000000E+00  0.535924E+03  0.426256E+05
  0.426058E+00  0.425962E+05  0.410611E+05  0.000000E+00  0.000000E+00  0.480635E+03  0.405147E+05
  0.440499E+00  0.405411E+05  0.391019E+05  0.000000E+00  0.000000E+00  0.431563E+03  0.385626E+05
  0.455430E+00  0.385319E+05  0.371664E+05  0.000000E+00  0.000000E+00  0.386865E+03  0.366508E+05
  0.470867E+00  0.365647E+05  0.352556E+05  0.000000E+00  0.000000E+00  0.346095E+03  0.347765E+05
  0.486827E+00  0.347131E+05  0.334672E+05  0.000000E+00  0.000000E+00  0.309741E+03  0.330141E+05
  0.503328E+00  0.329863E+05  0.318105E+05  0.000000E+00  0.000000E+00  0.277415E+03  0.313724E+05
  0.520388E+00  0.313272E+05  0.302124E+05  0.000000E+00  0.000000E+00  0.248256E+03  0.297942E+05
  0.538027E+00  0.297254E+05  0.286629E+05  0.000000E+00  0.000000E+00  0.221915E+03  0.282694E+05
  0.556263E+00  0.282120E+05  0.272035E+05  0.000000E+00  0.000000E+00  0.198374E+03  0.268296E+05
  0.575118E+00  0.267819E+05  0.258273E+05  0.000000E+00  0.000000E+00  0.177349E+03  0.254695E+05
  0.594612E+00  0.254111E+05  0.245046E+05  0.000000E+00  0.000000E+00  0.158425E+03  0.241653E+05
  0.614766E+00  0.241047E+05  0.232438E+05  0.000000E+00  0.000000E+00  0.141466E+03  0.229224E+05
  0.635604E+00  0.228680E+05  0.220523E+05  0.000000E+00  0.000000E+00  0.126305E+03  0.217462E+05
  0.657148E+00  0.216898E+05  0.209162E+05  0.000000E+00  0.000000E+00  0.112732E+03  0.206255E+05
  0.679422E+00  0.205677E+05  0.198337E+05  0.000000E+00  0.000000E+00  0.100565E+03  0.195581E+05
  0.702451E+00  0.195030E+05  0.188073E+05  0.000000E+00  0.000000E+00  0.897019E+02  0.185455E+05
  0.726261E+00  0.184902E+05  0.178306E+05  0.000000E+00  0.000000E+00  0.799803E+02  0.175822E+05
  0.750877E+00  0.175273E+05  0.169021E+05  0.000000E+00  0.000000E+00  0.712864E+02  0.166664E+05
  0.776328E+00  0.166129E+05  0.160203E+05  0.000000E+00  0.000000E+00  0.635244E+02  0.157967E+05
  0.802642E+00  0.157437E+05  0.151821E+05  0.000000E+00  0.000000E+00  0.565857E+02  0.149701E+05
  0.829848E+00  0.149182E+05  0.143861E+05  0.000000E+00  0.000000E+00  0.503956E+02  0.141850E+05
  0.857975E+00  0.141342E+05  0.136302E+05  0.000000E+00  0.000000E+00  0.448676E+02  0.134394E+05
  0.887057E+00  0.133897E+05  0.129122E+05  0.000000E+00  0.000000E+00  0.399349E+02  0.127315E+05
  0.917123E+00  0.126831E+05  0.122308E+05  0.000000E+00  0.000000E+00  0.355351E+02  0.120594E+05
  0.948209E+00  0.120122E+05  0.115839E+05  0.000000E+00  0.000000E+00  0.316149E+02  0.114215E+05
  0.980349E+00  0.113755E+05  0.109699E+05  0.000000E+00  0.000000E+00  0.281162E+02  0.108160E+05
  0.101358E+01  0.107713E+05  0.103872E+05  0.000000E+00  0.000000E+00  0.249987E+02  0.102414E+05
  0.104793E+01  0.101979E+05  0.983434E+04  0.000000E+00  0.000000E+00  0.222215E+02  0.969622E+04
  0.108345E+01  0.965397E+04  0.930979E+04  0.000000E+00  0.000000E+00  0.197487E+02  0.917897E+04
  0.112018E+01  0.913800E+04  0.881223E+04  0.000000E+00  0.000000E+00  0.175462E+02  0.868834E+04
  0.115815E+01  0.864871E+04  0.834038E+04  0.000000E+00  0.000000E+00  0.155875E+02  0.822308E+04
  0.119740E+01  0.818473E+04  0.789296E+04  0.000000E+00  0.000000E+00  0.138436E+02  0.778190E+04
  0.123799E+01  0.774485E+04  0.746876E+04  0.000000E+00  0.000000E+00  0.122908E+02  0.736363E+04
  0.127995E+01  0.732781E+04  0.706660E+04  0.000000E+00  0.000000E+00  0.109106E+02  0.696709E+04
  0.132333E+01  0.693252E+04  0.668541E+04  0.000000E+00  0.000000E+00  0.968318E+01  0.659124E+04
  0.136819E+01  0.655789E+04  0.632414E+04  0.000000E+00  0.000000E+00  0.859227E+01  0.623502E+04
  0.141456E+01  0.620289E+04  0.598180E+04  0.000000E+00  0.000000E+00  0.762245E+01  0.589748E+04
  0.146251E+01  0.586650E+04  0.565741E+04  0.000000E+00  0.000000E+00  0.676066E+01  0.557764E+04
  0.151208E+01  0.554781E+04  0.535008E+04  0.000000E+00  0.000000E+00  0.599581E+01  0.527462E+04
  0.156333E+01  0.524592E+04  0.505895E+04  0.000000E+00  0.000000E+00  0.531566E+01  0.498758E+04
  0.161632E+01  0.496001E+04  0.478324E+04  0.000000E+00  0.000000E+00  0.471236E+01  0.471574E+04
  0.167111E+01  0.468926E+04  0.452214E+04  0.000000E+00  0.000000E+00  0.417617E+01  0.445831E+04
  0.172775E+01  0.443288E+04  0.427490E+04  0.000000E+00  0.000000E+00  0.370073E+01  0.421455E+04
  0.178631E+01  0.419013E+04  0.404081E+04  0.000000E+00  0.000000E+00  0.327905E+01  0.398375E+04
  0.184686E+01  0.396032E+04  0.381919E+04  0.000000E+00  0.000000E+00  0.290487E+01  0.376525E+04
  0.190946E+01  0.374279E+04  0.360941E+04  0.000000E+00  0.000000E+00  0.257271E+01  0.355843E+04
  0.197418E+01  0.353689E+04  0.341085E+04  0.000000E+00  0.000000E+00  0.227811E+01  0.336266E+04
  0.204110E+01  0.334203E+04  0.322293E+04  0.000000E+00  0.000000E+00  0.201704E+01  0.317739E+04
  0.211028E+01  0.315764E+04  0.304512E+04  0.000000E+00  0.000000E+00  0.178554E+01  0.300209E+04
  0.218181E+01  0.298319E+04  0.287689E+04  0.000000E+00  0.000000E+00  0.158063E+01  0.283622E+04
  0.225576E+01  0.281815E+04  0.271772E+04  0.000000E+00  0.000000E+00  0.139890E+01  0.267930E+04
  0.233222E+01  0.266202E+04  0.256716E+04  0.000000E+00  0.000000E+00  0.123787E+01  0.253087E+04
  0.241127E+01  0.251434E+04  0.242474E+04  0.000000E+00  0.000000E+00  0.109514E+01  0.239046E+04
  0.249300E+01  0.237466E+04  0.229004E+04  0.000000E+00  0.000000E+00  0.968940E+00  0.225766E+04
  0.257750E+01  0.224256E+04  0.216265E+04  0.000000E+00  0.000000E+00  0.857024E+00  0.213207E+04
  0.266486E+01  0.211766E+04  0.204220E+04  0.000000E+00  0.000000E+00  0.757982E+00  0.201331E+04
  0.275519E+01  0.199956E+04  0.192831E+04  0.000000E+00  0.000000E+00  0.670196E+00  0.190103E+04
  0.284858E+01  0.188791E+04  0.182064E+04  0.000000E+00  0.000000E+00  0.592605E+00  0.179489E+04
  0.294513E+01  0.178237E+04  0.171886E+04  0.000000E+00  0.000000E+00  0.523940E+00  0.169454E+04
  0.304496E+01  0.168260E+04  0.162264E+04  0.000000E+00  0.000000E+00  0.463137E+00  0.159969E+04
  0.314817E+01  0.158830E+04  0.153170E+04  0.000000E+00  0.000000E+00  0.409366E+00  0.151003E+04
  0.325487E+01  0.149918E+04  0.144575E+04  0.000000E+00  0.000000E+00  0.361763E+00  0.142530E+04
  0.336520E+01  0.141496E+04  0.136454E+04  0.000000E+00  0.000000E+00  0.319676E+00  0.134524E+04
  0.347926E+01  0.133539E+04  0.128780E+04  0.000000E+00  0.000000E+00  0.282484E+00  0.126958E+04
  0.359719E+01  0.126021E+04  0.121530E+04  0.000000E+00  0.000000E+00  0.249556E+00  0.119811E+04
  0.371912E+01  0.118917E+04  0.114680E+04  0.000000E+00  0.000000E+00  0.220446E+00  0.113057E+04
  0.384518E+01  0.112207E+04  0.108208E+04  0.000000E+00  0.000000E+00  0.194706E+00  0.106677E+04
  0.397551E+01  0.105869E+04  0.102095E+04  0.000000E+00  0.000000E+00  0.171989E+00  0.100651E+04
  0.411026E+01  0.998821E+03  0.963222E+03  0.000000E+00  0.000000E+00  0.151878E+00  0.949596E+03
  0.424958E+01  0.942280E+03  0.908696E+03  0.000000E+00  0.000000E+00  0.134117E+00  0.895842E+03
  0.439362E+01  0.888885E+03  0.857202E+03  0.000000E+00  0.000000E+00  0.118406E+00  0.845077E+03
  0.454254E+01  0.838460E+03  0.808573E+03  0.000000E+00  0.000000E+00  0.104546E+00  0.797136E+03
  0.469651E+01  0.790848E+03  0.762657E+03  0.000000E+00  0.000000E+00  0.922972E-01  0.751871E+03
  0.485570E+01  0.745899E+03  0.719308E+03  0.000000E+00  0.000000E+00  0.814803E-01  0.709136E+03
  0.502029E+01  0.703462E+03  0.678383E+03  0.000000E+00  0.000000E+00  0.719188E-01  0.668790E+03
  0.519045E+01  0.663400E+03  0.639748E+03  0.000000E+00  0.000000E+00  0.634735E-01  0.630703E+03
  0.536638E+01  0.625581E+03  0.603275E+03  0.000000E+00  0.000000E+00  0.560221E-01  0.594747E+03
  0.554827E+01  0.589886E+03  0.568852E+03  0.000000E+00  0.000000E+00  0.494348E-01  0.560812E+03
  0.573633E+01  0.556198E+03  0.536363E+03  0.000000E+00  0.000000E+00  0.436188E-01  0.528783E+03
  0.593077E+01  0.524405E+03  0.505702E+03  0.000000E+00  0.000000E+00  0.384866E-01  0.498557E+03
  0.613179E+01  0.494399E+03  0.476765E+03  0.000000E+00  0.000000E+00  0.339573E-01  0.470030E+03
  0.633963E+01  0.466086E+03  0.449460E+03  0.000000E+00  0.000000E+00  0.299493E-01  0.443112E+03
  0.655451E+01  0.439371E+03  0.423696E+03  0.000000E+00  0.000000E+00  0.264182E-01  0.417714E+03
  0.677667E+01  0.414167E+03  0.399389E+03  0.000000E+00  0.000000E+00  0.233030E-01  0.393751E+03
  0.700637E+01  0.390386E+03  0.376455E+03  0.000000E+00  0.000000E+00  0.205572E-01  0.371142E+03
  0.724385E+01  0.367952E+03  0.354820E+03  0.000000E+00  0.000000E+00  0.181322E-01  0.349814E+03
  0.748939E+01  0.346790E+03  0.334411E+03  0.000000E+00  0.000000E+00  0.159891E-01  0.329694E+03
  0.774324E+01  0.326829E+03  0.315161E+03  0.000000E+00  0.000000E+00  0.140985E-01  0.310717E+03
  0.800570E+01  0.308001E+03  0.297003E+03  0.000000E+00  0.000000E+00  0.124332E-01  0.292817E+03
  0.827705E+01  0.290242E+03  0.279877E+03  0.000000E+00  0.000000E+00  0.109607E-01  0.275934E+03
  0.855760E+01  0.273496E+03  0.263726E+03  0.000000E+00  0.000000E+00  0.966516E-02  0.260012E+03
  0.884767E+01  0.257703E+03  0.248495E+03  0.000000E+00  0.000000E+00  0.852001E-02  0.244997E+03
  0.914755E+01  0.242810E+03  0.234132E+03  0.000000E+00  0.000000E+00  0.751152E-02  0.230838E+03
  0.945762E+01  0.228767E+03  0.220589E+03  0.000000E+00  0.000000E+00  0.662079E-02  0.217487E+03
  0.977818E+01  0.215527E+03  0.207820E+03  0.000000E+00  0.000000E+00  0.583906E-02  0.204900E+03
  0.101096E+02  0.203043E+03  0.195781E+03  0.000000E+00  0.000000E+00  0.514622E-02  0.193031E+03
  0.104523E+02  0.191273E+03  0.184430E+03  0.000000E+00  0.000000E+00  0.453456E-02  0.181841E+03
  0.108066E+02  0.180178E+03  0.173730E+03  0.000000E+00  0.000000E+00  0.399685E-02  0.171293E+03
  0.111728E+02  0.169719E+03  0.163643E+03  0.000000E+00  0.000000E+00  0.352265E-02  0.161350E+03
  0.115516E+02  0.159860E+03  0.154134E+03  0.000000E+00  0.000000E+00  0.310387E-02  0.151976E+03
  0.119431E+02  0.150567E+03  0.145172E+03  0.000000E+00  0.000000E+00  0.273511E-02  0.143141E+03
  0.123479E+02  0.141809E+03  0.136725E+03  0.000000E+00  0.000000E+00  0.241046E-02  0.134814E+03
  0.127664E+02  0.133553E+03  0.128764E+03  0.000000E+00  0.000000E+00  0.212337E-02  0.126966E+03
  0.131992E+02  0.125774E+03  0.121261E+03  0.000000E+00  0.000000E+00  0.187088E-02  0.119570E+03
  0.136466E+02  0.118443E+03  0.114190E+03  0.000000E+00  0.000000E+00  0.164908E-02  0.112600E+03
  0.141091E+02  0.111534E+03  0.107527E+03  0.000000E+00  0.000000E+00  0.145251E-02  0.106031E+03
  0.145873E+02  0.105024E+03  0.101249E+03  0.000000E+00  0.000000E+00  0.128008E-02  0.998421E+02
  0.150818E+02  0.988901E+02  0.953334E+02  0.000000E+00  0.000000E+00  0.112652E-02  0.940105E+02
  0.155930E+02  0.931104E+02  0.897592E+02  0.000000E+00  0.000000E+00  0.992376E-03  0.885157E+02
  0.161215E+02  0.876655E+02  0.845079E+02  0.000000E+00  0.000000E+00  0.874433E-03  0.833391E+02
  0.166679E+02  0.825355E+02  0.795603E+02  0.000000E+00  0.000000E+00  0.770400E-03  0.784618E+02
  0.172329E+02  0.777027E+02  0.748993E+02  0.000000E+00  0.000000E+00  0.678386E-03  0.738672E+02
  0.178170E+02  0.731502E+02  0.705086E+02  0.000000E+00  0.000000E+00  0.597353E-03  0.695390E+02
  0.184209E+02  0.688617E+02  0.663726E+02  0.000000E+00  0.000000E+00  0.526405E-03  0.654618E+02
  0.190453E+02  0.648222E+02  0.624766E+02  0.000000E+00  0.000000E+00  0.463553E-03  0.616213E+02
  0.196908E+02  0.610175E+02  0.588071E+02  0.000000E+00  0.000000E+00  0.408105E-03  0.580040E+02
  0.203583E+02  0.574338E+02  0.553508E+02  0.000000E+00  0.000000E+00  0.359560E-03  0.545969E+02
  0.210483E+02  0.540587E+02  0.520956E+02  0.000000E+00  0.000000E+00  0.316474E-03  0.513881E+02
  0.217617E+02  0.508801E+02  0.490299E+02  0.000000E+00  0.000000E+00  0.278515E-03  0.483661E+02
  0.224994E+02  0.478867E+02  0.461428E+02  0.000000E+00  0.000000E+00  0.245221E-03  0.455202E+02
  0.232620E+02  0.450677E+02  0.434240E+02  0.000000E+00  0.000000E+00  0.216040E-03  0.428401E+02
  0.240505E+02  0.424132E+02  0.408637E+02  0.000000E+00  0.000000E+00  0.190214E-03  0.403164E+02
  0.248656E+02  0.399137E+02  0.384529E+02  0.000000E+00  0.000000E+00  0.167430E-03  0.379400E+02
  0.257085E+02  0.375601E+02  0.361829E+02  0.000000E+00  0.000000E+00  0.147340E-03  0.357024E+02
  0.265798E+02  0.353442E+02  0.340456E+02  0.000000E+00  0.000000E+00  0.129813E-03  0.335956E+02
  0.274808E+02  0.332577E+02  0.320332E+02  0.000000E+00  0.000000E+00  0.114126E-03  0.316120E+02
  0.284122E+02  0.312935E+02  0.301386E+02  0.000000E+00  0.000000E+00  0.100560E-03  0.297445E+02
  0.293753E+02  0.294442E+02  0.283549E+02  0.000000E+00  0.000000E+00  0.886149E-04  0.279862E+02
  0.303709E+02  0.277033E+02  0.266757E+02  0.000000E+00  0.000000E+00  0.778756E-04  0.263311E+02
  0.314004E+02  0.260644E+02  0.250949E+02  0.000000E+00  0.000000E+00  0.685080E-04  0.247729E+02
  0.324647E+02  0.245217E+02  0.236069E+02  0.000000E+00  0.000000E+00  0.603351E-04  0.233062E+02
  0.335651E+02  0.230695E+02  0.222062E+02  0.000000E+00  0.000000E+00  0.531405E-04  0.219256E+02
  0.347028E+02  0.217025E+02  0.208876E+02  0.000000E+00  0.000000E+00  0.467149E-04  0.206259E+02
  0.358790E+02  0.204160E+02  0.196467E+02  0.000000E+00  0.000000E+00  0.411081E-04  0.194028E+02
  0.370952E+02  0.192050E+02  0.184786E+02  0.000000E+00  0.000000E+00  0.362446E-04  0.182514E+02
  0.383525E+02  0.180654E+02  0.173792E+02  0.000000E+00  0.000000E+00  0.318941E-04  0.171679E+02
  0.396525E+02  0.169927E+02  0.163445E+02  0.000000E+00  0.000000E+00  0.280361E-04  0.161481E+02
  0.409965E+02  0.159833E+02  0.153708E+02  0.000000E+00  0.000000E+00  0.246797E-04  0.151883E+02
  0.423861E+02  0.150333E+02  0.144544E+02  0.000000E+00  0.000000E+00  0.216959E-04  0.142851E+02
  0.438228E+02  0.141393E+02  0.135920E+02  0.000000E+00  0.000000E+00  0.190965E-04  0.134352E+02
  0.453082E+02  0.132981E+02  0.127805E+02  0.000000E+00  0.000000E+00  0.167967E-04  0.126354E+02
  0.468439E+02  0.125065E+02  0.120169E+02  0.000000E+00  0.000000E+00  0.147715E-04  0.118828E+02
  0.484317E+02  0.117617E+02  0.112983E+02  0.000000E+00  0.000000E+00  0.130192E-04  0.111746E+02
  0.500732E+02  0.110608E+02  0.106222E+02  0.000000E+00  0.000000E+00  0.114549E-04  0.105082E+02
  0.517705E+02  0.104014E+02  0.998600E+01  0.000000E+00  0.000000E+00  0.100606E-04  0.988127E+01
  0.535252E+02  0.978097E+01  0.938744E+01  0.000000E+00  0.000000E+00  0.886054E-05  0.929139E+01
  0.553395E+02  0.919724E+01  0.882427E+01  0.000000E+00  0.000000E+00  0.778613E-05  0.873639E+01
  0.572153E+02  0.864806E+01  0.829442E+01  0.000000E+00  0.000000E+00  0.685883E-05  0.821424E+01
  0.591545E+02  0.813142E+01  0.779595E+01  0.000000E+00  0.000000E+00  0.601945E-05  0.772302E+01
  0.611596E+02  0.764538E+01  0.732699E+01  0.000000E+00  0.000000E+00  0.527455E-05  0.726090E+01
  0.632326E+02  0.718816E+01  0.688583E+01  0.000000E+00  0.000000E+00  0.466686E-05  0.682617E+01
  0.653759E+02  0.675804E+01  0.647081E+01  0.000000E+00  0.000000E+00  0.410434E-05  0.641722E+01
  0.675918E+02  0.635346E+01  0.608041E+01  0.000000E+00  0.000000E+00  0.362658E-05  0.603253E+01
  0.698829E+02  0.597287E+01  0.571316E+01  0.000000E+00  0.000000E+00  0.317342E-05  0.567067E+01
  0.722515E+02  0.561490E+01  0.536773E+01  0.000000E+00  0.000000E+00  0.278729E-05  0.533030E+01
  0.747005E+02  0.527819E+01  0.504279E+01  0.000000E+00  0.000000E+00  0.245101E-05  0.501015E+01
  0.772325E+02  0.496149E+01  0.473717E+01  0.000000E+00  0.000000E+00  0.215184E-05  0.470903E+01
  0.798503E+02  0.466363E+01  0.444971E+01  0.000000E+00  0.000000E+00  0.189710E-05  0.442581E+01
  0.825568E+02  0.438349E+01  0.417935E+01  0.000000E+00  0.000000E+00  0.167084E-05  0.415944E+01
  0.853551E+02  0.412001E+01  0.392506E+01  0.000000E+00  0.000000E+00  0.146272E-05  0.390892E+01
  0.882482E+02  0.387223E+01  0.368591E+01  0.000000E+00  0.000000E+00  0.128747E-05  0.367332E+01
  0.912394E+02  0.363920E+01  0.346099E+01  0.000000E+00  0.000000E+00  0.112615E-05  0.345174E+01
  0.943319E+02  0.342006E+01  0.324947E+01  0.000000E+00  0.000000E+00  0.999633E-06  0.324337E+01
  0.975294E+02  0.321397E+01  0.305055E+01  0.000000E+00  0.000000E+00  0.877315E-06  0.304741E+01
  0.100835E+03  0.302019E+01  0.286349E+01  0.000000E+00  0.000000E+00  0.767596E-06  0.286315E+01
  0.104253E+03  0.283797E+01  0.268759E+01  0.000000E+00  0.000000E+00  0.682198E-06  0.268988E+01
  0.107787E+03  0.266662E+01  0.252219E+01  0.000000E+00  0.000000E+00  0.598160E-06  0.252695E+01
  0.111440E+03  0.250549E+01  0.236665E+01  0.000000E+00  0.000000E+00  0.518953E-06  0.237374E+01
  0.115217E+03  0.235400E+01  0.222040E+01  0.000000E+00  0.000000E+00  0.460187E-06  0.222969E+01
  0.119123E+03  0.221156E+01  0.208289E+01  0.000000E+00  0.000000E+00  0.408279E-06  0.209425E+01
  0.123160E+03  0.207764E+01  0.195360E+01  0.000000E+00  0.000000E+00  0.357015E-06  0.196690E+01
  0.127335E+03  0.195172E+01  0.183204E+01  0.000000E+00  0.000000E+00  0.317660E-06  0.184717E+01
  0.131651E+03  0.183334E+01  0.171776E+01  0.000000E+00  0.000000E+00  0.277103E-06  0.173460E+01
  0.136113E+03  0.172204E+01  0.161032E+01  0.000000E+00  0.000000E+00  0.239535E-06  0.162877E+01
  0.140727E+03  0.161741E+01  0.150931E+01  0.000000E+00  0.000000E+00  0.209220E-06  0.152928E+01
  0.145497E+03  0.151904E+01  0.141436E+01  0.000000E+00  0.000000E+00  0.184325E-06  0.143574E+01
  0.150428E+03  0.142657E+01  0.132510E+01  0.000000E+00  0.000000E+00  0.163154E-06  0.134781E+01
  0.155527E+03  0.133964E+01  0.124120E+01  0.000000E+00  0.000000E+00  0.142925E-06  0.126516E+01
  0.160799E+03  0.125792E+01  0.116234E+01  0.000000E+00  0.000000E+00  0.127656E-06  0.118746E+01
  0.166249E+03  0.118111E+01  0.108823E+01  0.000000E+00  0.000000E+00  0.110738E-06  0.111443E+01
  0.171884E+03  0.110891E+01  0.101857E+01  0.000000E+00  0.000000E+00  0.959271E-07  0.104578E+01
  0.177710E+03  0.104105E+01  0.953113E+00  0.000000E+00  0.000000E+00  0.835316E-07  0.981264E+00
  0.183734E+03  0.977259E+00  0.891599E+00  0.000000E+00  0.000000E+00  0.760438E-07  0.920619E+00
  0.189961E+03  0.917307E+00  0.833802E+00  0.000000E+00  0.000000E+00  0.646133E-07  0.863625E+00
  0.196400E+03  0.860960E+00  0.779500E+00  0.000000E+00  0.000000E+00  0.571045E-07  0.810062E+00
  0.203057E+03  0.808005E+00  0.728486E+00  0.000000E+00  0.000000E+00  0.530999E-07  0.759726E+00
