  0.106157E-04  0.682888E+07  0.682888E+07  0.910350E+07  0.910349E+07  0.682436E+07  0.682869E+07
  0.109755E-04  0.682888E+07  0.682888E+07  0.910338E+07  0.910337E+07  0.682436E+07  0.682869E+07
  0.113475E-04  0.682888E+07  0.682888E+07  0.910325E+07  0.910324E+07  0.682436E+07  0.682869E+07
  0.117321E-04  0.682888E+07  0.682888E+07  0.910312E+07  0.910311E+07  0.682436E+07  0.682869E+07
  0.121298E-04  0.682888E+07  0.682888E+07  0.910298E+07  0.910297E+07  0.682436E+07  0.682869E+07
  0.125409E-04  0.682888E+07  0.682888E+07  0.910283E+07  0.910282E+07  0.682436E+07  0.682868E+07
  0.129660E-04  0.682888E+07  0.682888E+07  0.910266E+07  0.910265E+07  0.682436E+07  0.682868E+07
  0.134055E-04  0.682888E+07  0.682888E+07  0.910249E+07  0.910248E+07  0.682435E+07  0.682868E+07
  0.138599E-04  0.682888E+07  0.682888E+07  0.910230E+07  0.910229E+07  0.682435E+07  0.682868E+07
  0.143296E-04  0.682888E+07  0.682888E+07  0.910210E+07  0.910209E+07  0.682435E+07  0.682868E+07
  0.148154E-04  0.682888E+07  0.682888E+07  0.910189E+07  0.910188E+07  0.682435E+07  0.682868E+07
  0.153175E-04  0.682888E+07  0.682888E+07  0.910167E+07  0.910165E+07  0.682435E+07  0.682868E+07
  0.158367E-04  0.682888E+07  0.682888E+07  0.910142E+07  0.910141E+07  0.682435E+07  0.682868E+07
  0.163735E-04  0.682888E+07  0.682888E+07  0.910116E+07  0.910115E+07  0.682435E+07  0.682868E+07
  0.169285E-04  0.682887E+07  0.682887E+07  0.910089E+07  0.910087E+07  0.682434E+07  0.682868E+07
  0.175023E-04  0.682887E+07  0.682887E+07  0.910059E+07  0.910057E+07  0.682434E+07  0.682868E+07
  0.180955E-04  0.682887E+07  0.682887E+07  0.910027E+07  0.910025E+07  0.682434E+07  0.682868E+07
  0.187089E-04  0.682887E+07  0.682887E+07  0.909994E+07  0.909991E+07  0.682434E+07  0.682867E+07
  0.193430E-04  0.682887E+07  0.682887E+07  0.909957E+07  0.909955E+07  0.682434E+07  0.682867E+07
  0.199986E-04  0.682887E+07  0.682887E+07  0.909919E+07  0.909916E+07  0.682434E+07  0.682867E+07
  0.206765E-04  0.682887E+07  0.682887E+07  0.909877E+07  0.909874E+07  0.682433E+07  0.682867E+07
  0.213773E-04  0.682886E+07  0.682886E+07  0.909833E+07  0.909830E+07  0.682433E+07  0.682867E+07
  0.221019E-04  0.682886E+07  0.682886E+07  0.909786E+07  0.909782E+07  0.682433E+07  0.682867E+07
  0.228511E-04  0.682886E+07  0.682886E+07  0.909735E+07  0.909732E+07  0.682432E+07  0.682866E+07
  0.236256E-04  0.682886E+07  0.682886E+07  0.909681E+07  0.909678E+07  0.682432E+07  0.682866E+07
  0.244264E-04  0.682886E+07  0.682886E+07  0.909624E+07  0.909620E+07  0.682432E+07  0.682866E+07
  0.252543E-04  0.682886E+07  0.682886E+07  0.909562E+07  0.909558E+07  0.682431E+07  0.682866E+07
  0.261103E-04  0.682885E+07  0.682885E+07  0.909496E+07  0.909491E+07  0.682431E+07  0.682866E+07
  0.269953E-04  0.682885E+07  0.682885E+07  0.909426E+07  0.909421E+07  0.682431E+07  0.682865E+07
  0.279103E-04  0.682885E+07  0.682885E+07  0.909350E+07  0.909345E+07  0.682430E+07  0.682865E+07
  0.288564E-04  0.682884E+07  0.682884E+07  0.909270E+07  0.909264E+07  0.682430E+07  0.682865E+07
  0.298345E-04  0.682884E+07  0.682884E+07  0.909184E+07  0.909178E+07  0.682429E+07  0.682864E+07
  0.308457E-04  0.682884E+07  0.682884E+07  0.909092E+07  0.909085E+07  0.682429E+07  0.682864E+07
  0.318912E-04  0.682883E+07  0.682883E+07  0.908994E+07  0.908987E+07  0.682428E+07  0.682864E+07
  0.329722E-04  0.682883E+07  0.682883E+07  0.908888E+07  0.908881E+07  0.682428E+07  0.682863E+07
  0.340898E-04  0.682883E+07  0.682883E+07  0.908776E+07  0.908768E+07  0.682427E+07  0.682863E+07
  0.352452E-04  0.682882E+07  0.682882E+07  0.908656E+07  0.908648E+07  0.682426E+07  0.682862E+07
  0.364399E-04  0.682882E+07  0.682882E+07  0.908528E+07  0.908519E+07  0.682425E+07  0.682862E+07
  0.376750E-04  0.682881E+07  0.682881E+07  0.908391E+07  0.908381E+07  0.682425E+07  0.682862E+07
  0.389520E-04  0.682881E+07  0.682881E+07  0.908244E+07  0.908234E+07  0.682424E+07  0.682861E+07
  0.402723E-04  0.682880E+07  0.682880E+07  0.908088E+07  0.908077E+07  0.682423E+07  0.682860E+07
  0.416373E-04  0.682880E+07  0.682880E+07  0.907920E+07  0.907909E+07  0.682422E+07  0.682860E+07
  0.430486E-04  0.682879E+07  0.682879E+07  0.907741E+07  0.907729E+07  0.682421E+07  0.682859E+07
  0.445078E-04  0.682878E+07  0.682878E+07  0.907550E+07  0.907537E+07  0.682420E+07  0.682858E+07
  0.460164E-04  0.682878E+07  0.682877E+07  0.907346E+07  0.907332E+07  0.682419E+07  0.682858E+07
  0.475761E-04  0.682877E+07  0.682877E+07  0.907128E+07  0.907112E+07  0.682417E+07  0.682857E+07
  0.491887E-04  0.682876E+07  0.682876E+07  0.906894E+07  0.906878E+07  0.682416E+07  0.682856E+07
  0.508560E-04  0.682875E+07  0.682875E+07  0.906645E+07  0.906628E+07  0.682414E+07  0.682855E+07
  0.525797E-04  0.682874E+07  0.682874E+07  0.906378E+07  0.906360E+07  0.682413E+07  0.682854E+07
  0.543619E-04  0.682873E+07  0.682873E+07  0.906094E+07  0.906074E+07  0.682411E+07  0.682853E+07
  0.562045E-04  0.682872E+07  0.682872E+07  0.905789E+07  0.905768E+07  0.682410E+07  0.682852E+07
  0.581096E-04  0.682871E+07  0.682871E+07  0.905464E+07  0.905442E+07  0.682408E+07  0.682851E+07
  0.600792E-04  0.682869E+07  0.682869E+07  0.905117E+07  0.905093E+07  0.682406E+07  0.682849E+07
  0.621156E-04  0.682868E+07  0.682868E+07  0.904745E+07  0.904720E+07  0.682403E+07  0.682848E+07
  0.642210E-04  0.682867E+07  0.682867E+07  0.904349E+07  0.904321E+07  0.682401E+07  0.682846E+07
  0.663978E-04  0.682865E+07  0.682865E+07  0.903925E+07  0.903895E+07  0.682399E+07  0.682845E+07
  0.686484E-04  0.682863E+07  0.682863E+07  0.903472E+07  0.903440E+07  0.682396E+07  0.682843E+07
  0.709752E-04  0.682862E+07  0.682862E+07  0.902988E+07  0.902954E+07  0.682393E+07  0.682841E+07
  0.733809E-04  0.682860E+07  0.682860E+07  0.902471E+07  0.902435E+07  0.682390E+07  0.682839E+07
  0.758682E-04  0.682858E+07  0.682858E+07  0.901918E+07  0.901880E+07  0.682387E+07  0.682837E+07
  0.784397E-04  0.682856E+07  0.682856E+07  0.901328E+07  0.901288E+07  0.682384E+07  0.682835E+07
  0.810985E-04  0.682853E+07  0.682853E+07  0.900698E+07  0.900655E+07  0.682380E+07  0.682833E+07
  0.838473E-04  0.682851E+07  0.682851E+07  0.900025E+07  0.899978E+07  0.682376E+07  0.682830E+07
  0.866893E-04  0.682848E+07  0.682848E+07  0.899306E+07  0.899256E+07  0.682372E+07  0.682828E+07
  0.896277E-04  0.682845E+07  0.682845E+07  0.898537E+07  0.898484E+07  0.682367E+07  0.682825E+07
  0.926656E-04  0.682842E+07  0.682842E+07  0.897717E+07  0.897660E+07  0.682362E+07  0.682822E+07
  0.958065E-04  0.682839E+07  0.682839E+07  0.896841E+07  0.896780E+07  0.682357E+07  0.682818E+07
  0.990539E-04  0.682836E+07  0.682836E+07  0.895905E+07  0.895840E+07  0.682352E+07  0.682815E+07
  0.102411E-03  0.682832E+07  0.682832E+07  0.894906E+07  0.894836E+07  0.682346E+07  0.682811E+07
  0.105883E-03  0.682828E+07  0.682828E+07  0.893838E+07  0.893765E+07  0.682340E+07  0.682807E+07
  0.109471E-03  0.682824E+07  0.682824E+07  0.892699E+07  0.892621E+07  0.682333E+07  0.682803E+07
  0.113182E-03  0.682820E+07  0.682819E+07  0.891483E+07  0.891399E+07  0.682326E+07  0.682798E+07
  0.117018E-03  0.682815E+07  0.682815E+07  0.890184E+07  0.890095E+07  0.682318E+07  0.682793E+07
  0.120985E-03  0.682810E+07  0.682810E+07  0.888798E+07  0.888703E+07  0.682310E+07  0.682788E+07
  0.125085E-03  0.682804E+07  0.682804E+07  0.887319E+07  0.887217E+07  0.682301E+07  0.682782E+07
  0.129325E-03  0.682798E+07  0.682798E+07  0.885740E+07  0.885632E+07  0.682292E+07  0.682776E+07
  0.133709E-03  0.682792E+07  0.682792E+07  0.884056E+07  0.883940E+07  0.682282E+07  0.682770E+07
  0.138241E-03  0.682786E+07  0.682785E+07  0.882258E+07  0.882135E+07  0.682271E+07  0.682763E+07
  0.142927E-03  0.682778E+07  0.682778E+07  0.880341E+07  0.880209E+07  0.682260E+07  0.682756E+07
  0.147771E-03  0.682771E+07  0.682771E+07  0.878296E+07  0.878155E+07  0.682247E+07  0.682748E+07
  0.152780E-03  0.682763E+07  0.682762E+07  0.876114E+07  0.875964E+07  0.682234E+07  0.682740E+07
  0.157958E-03  0.682754E+07  0.682754E+07  0.873788E+07  0.873628E+07  0.682220E+07  0.682731E+07
  0.163312E-03  0.682745E+07  0.682744E+07  0.871308E+07  0.871138E+07  0.682206E+07  0.682721E+07
  0.168848E-03  0.682735E+07  0.682734E+07  0.868664E+07  0.868482E+07  0.682190E+07  0.682711E+07
  0.174571E-03  0.682724E+07  0.682724E+07  0.865846E+07  0.865653E+07  0.682173E+07  0.682700E+07
  0.180488E-03  0.682713E+07  0.682713E+07  0.862844E+07  0.862638E+07  0.682154E+07  0.682689E+07
  0.186606E-03  0.682701E+07  0.682700E+07  0.859646E+07  0.859426E+07  0.682135E+07  0.682676E+07
  0.192931E-03  0.682688E+07  0.682687E+07  0.856239E+07  0.856006E+07  0.682114E+07  0.682663E+07
  0.199470E-03  0.682674E+07  0.682674E+07  0.852612E+07  0.852363E+07  0.682092E+07  0.682649E+07
  0.206231E-03  0.682659E+07  0.682659E+07  0.848750E+07  0.848486E+07  0.682068E+07  0.682634E+07
  0.213221E-03  0.682644E+07  0.682643E+07  0.844641E+07  0.844360E+07  0.682043E+07  0.682617E+07
  0.220448E-03  0.682627E+07  0.682626E+07  0.840269E+07  0.839970E+07  0.682016E+07  0.682600E+07
  0.227921E-03  0.682609E+07  0.682608E+07  0.835619E+07  0.835302E+07  0.681987E+07  0.682582E+07
  0.235646E-03  0.682590E+07  0.682589E+07  0.830676E+07  0.830338E+07  0.681956E+07  0.682562E+07
  0.243633E-03  0.682569E+07  0.682568E+07  0.825422E+07  0.825064E+07  0.681923E+07  0.682541E+07
  0.251891E-03  0.682547E+07  0.682546E+07  0.819841E+07  0.819461E+07  0.681888E+07  0.682518E+07
  0.260429E-03  0.682524E+07  0.682523E+07  0.813915E+07  0.813512E+07  0.681850E+07  0.682494E+07
  0.269256E-03  0.682499E+07  0.682498E+07  0.807625E+07  0.807197E+07  0.681810E+07  0.682469E+07
  0.278383E-03  0.682472E+07  0.682471E+07  0.800952E+07  0.800499E+07  0.681767E+07  0.682441E+07
  0.287819E-03  0.682443E+07  0.682442E+07  0.793877E+07  0.793398E+07  0.681721E+07  0.682412E+07
  0.297574E-03  0.682413E+07  0.682412E+07  0.786380E+07  0.785873E+07  0.681672E+07  0.682381E+07
  0.307661E-03  0.682380E+07  0.682379E+07  0.778440E+07  0.777904E+07  0.681619E+07  0.682347E+07
  0.318089E-03  0.682346E+07  0.682345E+07  0.770037E+07  0.769470E+07  0.681563E+07  0.682312E+07
  0.328871E-03  0.682309E+07  0.682307E+07  0.761150E+07  0.760552E+07  0.681504E+07  0.682274E+07
  0.340018E-03  0.682269E+07  0.682268E+07  0.751759E+07  0.751127E+07  0.681440E+07  0.682233E+07
  0.351543E-03  0.682227E+07  0.682225E+07  0.741842E+07  0.741176E+07  0.681372E+07  0.682190E+07
  0.363458E-03  0.682182E+07  0.682180E+07  0.731379E+07  0.730678E+07  0.681299E+07  0.682143E+07
  0.375778E-03  0.682134E+07  0.682132E+07  0.720351E+07  0.719614E+07  0.681221E+07  0.682094E+07
  0.388515E-03  0.682082E+07  0.682081E+07  0.708738E+07  0.707963E+07  0.681138E+07  0.682041E+07
  0.401683E-03  0.682028E+07  0.682026E+07  0.696522E+07  0.695710E+07  0.681049E+07  0.681985E+07
  0.415298E-03  0.681969E+07  0.681967E+07  0.683688E+07  0.682837E+07  0.680955E+07  0.681925E+07
  0.429375E-03  0.681907E+07  0.681905E+07  0.670220E+07  0.669329E+07  0.680854E+07  0.681861E+07
  0.443929E-03  0.681840E+07  0.681838E+07  0.656106E+07  0.655175E+07  0.680746E+07  0.681793E+07
  0.458976E-03  0.681770E+07  0.681767E+07  0.641336E+07  0.640364E+07  0.680631E+07  0.681720E+07
  0.474533E-03  0.681694E+07  0.681691E+07  0.625902E+07  0.624889E+07  0.680509E+07  0.681642E+07
  0.490617E-03  0.681614E+07  0.681611E+07  0.609802E+07  0.608749E+07  0.680378E+07  0.681559E+07
  0.507247E-03  0.681528E+07  0.681525E+07  0.593037E+07  0.591943E+07  0.680238E+07  0.681471E+07
  0.524440E-03  0.681436E+07  0.681433E+07  0.575612E+07  0.574479E+07  0.680090E+07  0.681377E+07
  0.542216E-03  0.681339E+07  0.681335E+07  0.557539E+07  0.556368E+07  0.679931E+07  0.681277E+07
  0.560594E-03  0.681235E+07  0.681231E+07  0.538835E+07  0.537626E+07  0.679762E+07  0.681170E+07
  0.579596E-03  0.681124E+07  0.681120E+07  0.519525E+07  0.518280E+07  0.679581E+07  0.681057E+07
  0.599241E-03  0.681006E+07  0.681002E+07  0.499639E+07  0.498361E+07  0.679389E+07  0.680936E+07
  0.619552E-03  0.680881E+07  0.680877E+07  0.479218E+07  0.477910E+07  0.679184E+07  0.680807E+07
  0.640552E-03  0.680748E+07  0.680743E+07  0.458311E+07  0.456974E+07  0.678965E+07  0.680670E+07
  0.662264E-03  0.680606E+07  0.680601E+07  0.436976E+07  0.435615E+07  0.678733E+07  0.680524E+07
  0.684711E-03  0.680455E+07  0.680450E+07  0.415281E+07  0.413898E+07  0.678485E+07  0.680369E+07
  0.707920E-03  0.680294E+07  0.680289E+07  0.393304E+07  0.391904E+07  0.678221E+07  0.680204E+07
  0.731915E-03  0.680124E+07  0.680118E+07  0.371134E+07  0.369722E+07  0.677940E+07  0.680028E+07
  0.756723E-03  0.679942E+07  0.679936E+07  0.348872E+07  0.347450E+07  0.677641E+07  0.679842E+07
  0.782372E-03  0.679750E+07  0.679743E+07  0.326625E+07  0.325199E+07  0.677322E+07  0.679643E+07
  0.808891E-03  0.679545E+07  0.679538E+07  0.304515E+07  0.303088E+07  0.676984E+07  0.679433E+07
  0.836308E-03  0.679328E+07  0.679320E+07  0.282668E+07  0.281245E+07  0.676623E+07  0.679209E+07
  0.864655E-03  0.679097E+07  0.679089E+07  0.261220E+07  0.259805E+07  0.676240E+07  0.678972E+07
  0.893963E-03  0.678853E+07  0.678844E+07  0.240312E+07  0.238908E+07  0.675833E+07  0.678720E+07
  0.924264E-03  0.678593E+07  0.678584E+07  0.220089E+07  0.218697E+07  0.675400E+07  0.678453E+07
  0.955592E-03  0.678319E+07  0.678308E+07  0.200693E+07  0.199315E+07  0.674940E+07  0.678170E+07
  0.987981E-03  0.678027E+07  0.678016E+07  0.182267E+07  0.180903E+07  0.674452E+07  0.677870E+07
  0.102147E-02  0.677719E+07  0.677707E+07  0.164945E+07  0.163592E+07  0.673933E+07  0.677553E+07
  0.105609E-02  0.677392E+07  0.677379E+07  0.148849E+07  0.147504E+07  0.673382E+07  0.677216E+07
  0.109189E-02  0.677046E+07  0.677033E+07  0.134084E+07  0.132743E+07  0.672798E+07  0.676860E+07
  0.112890E-02  0.676681E+07  0.676666E+07  0.120737E+07  0.119392E+07  0.672178E+07  0.676483E+07
  0.116716E-02  0.676294E+07  0.676278E+07  0.108864E+07  0.107507E+07  0.671521E+07  0.676084E+07
  0.120672E-02  0.675885E+07  0.675869E+07  0.984922E+06  0.971134E+06  0.670825E+07  0.675663E+07
  0.124763E-02  0.675453E+07  0.675436E+07  0.896144E+06  0.882026E+06  0.670086E+07  0.675218E+07
  0.128991E-02  0.674997E+07  0.674978E+07  0.821830E+06  0.807268E+06  0.669304E+07  0.674748E+07
  0.133364E-02  0.674516E+07  0.674496E+07  0.761107E+06  0.745994E+06  0.668476E+07  0.674251E+07
  0.137884E-02  0.674008E+07  0.673986E+07  0.712702E+06  0.696947E+06  0.667600E+07  0.673727E+07
  0.142558E-02  0.673472E+07  0.673449E+07  0.674967E+06  0.658507E+06  0.666673E+07  0.673174E+07
  0.147390E-02  0.672908E+07  0.672883E+07  0.645927E+06  0.628742E+06  0.665692E+07  0.672591E+07
  0.152385E-02  0.672312E+07  0.672286E+07  0.623366E+06  0.605495E+06  0.664655E+07  0.671976E+07
  0.157550E-02  0.671685E+07  0.671657E+07  0.604932E+06  0.586484E+06  0.663559E+07  0.671328E+07
  0.162891E-02  0.671024E+07  0.670994E+07  0.588276E+06  0.569445E+06  0.662400E+07  0.670646E+07
  0.168412E-02  0.670329E+07  0.670297E+07  0.571207E+06  0.552274E+06  0.661177E+07  0.669927E+07
  0.174120E-02  0.669597E+07  0.669562E+07  0.551854E+06  0.533192E+06  0.659886E+07  0.669170E+07
  0.180022E-02  0.668826E+07  0.668790E+07  0.528831E+06  0.510889E+06  0.658524E+07  0.668374E+07
  0.186124E-02  0.668016E+07  0.667977E+07  0.501364E+06  0.484651E+06  0.657086E+07  0.667536E+07
  0.192432E-02  0.667164E+07  0.667122E+07  0.469388E+06  0.454439E+06  0.655571E+07  0.666655E+07
  0.198955E-02  0.666268E+07  0.666224E+07  0.433568E+06  0.420899E+06  0.653974E+07  0.665728E+07
  0.205699E-02  0.665327E+07  0.665279E+07  0.395246E+06  0.385299E+06  0.652292E+07  0.664754E+07
  0.212671E-02  0.664338E+07  0.664287E+07  0.356282E+06  0.349371E+06  0.650521E+07  0.663730E+07
  0.219879E-02  0.663299E+07  0.663244E+07  0.318823E+06  0.315079E+06  0.648657E+07  0.662655E+07
  0.227332E-02  0.662208E+07  0.662150E+07  0.284987E+06  0.284318E+06  0.646697E+07  0.661526E+07
  0.235038E-02  0.661063E+07  0.661001E+07  0.256524E+06  0.258596E+06  0.644637E+07  0.660341E+07
  0.243004E-02  0.659861E+07  0.659795E+07  0.234487E+06  0.238743E+06  0.642472E+07  0.659096E+07
  0.251241E-02  0.658600E+07  0.658530E+07  0.218998E+06  0.224711E+06  0.640200E+07  0.657791E+07
  0.259757E-02  0.657279E+07  0.657203E+07  0.209163E+06  0.215526E+06  0.637815E+07  0.656423E+07
  0.268561E-02  0.655893E+07  0.655812E+07  0.000000E+00  0.000000E+00  0.635316E+07  0.654988E+07
  0.277664E-02  0.654441E+07  0.654355E+07  0.000000E+00  0.000000E+00  0.632697E+07  0.653484E+07
  0.287076E-02  0.652920E+07  0.652829E+07  0.000000E+00  0.000000E+00  0.629956E+07  0.651910E+07
  0.296806E-02  0.651328E+07  0.651230E+07  0.000000E+00  0.000000E+00  0.627089E+07  0.650262E+07
  0.306866E-02  0.649662E+07  0.649558E+07  0.000000E+00  0.000000E+00  0.624092E+07  0.648537E+07
  0.317268E-02  0.647920E+07  0.647808E+07  0.000000E+00  0.000000E+00  0.620963E+07  0.646733E+07
  0.328021E-02  0.646097E+07  0.645978E+07  0.000000E+00  0.000000E+00  0.617698E+07  0.644847E+07
  0.339140E-02  0.644193E+07  0.644066E+07  0.000000E+00  0.000000E+00  0.614296E+07  0.642876E+07
  0.350635E-02  0.642204E+07  0.642068E+07  0.000000E+00  0.000000E+00  0.610753E+07  0.640818E+07
  0.362520E-02  0.640127E+07  0.639983E+07  0.000000E+00  0.000000E+00  0.607068E+07  0.638670E+07
  0.374807E-02  0.637960E+07  0.637806E+07  0.000000E+00  0.000000E+00  0.603238E+07  0.636430E+07
  0.387512E-02  0.635701E+07  0.635537E+07  0.000000E+00  0.000000E+00  0.599262E+07  0.634094E+07
  0.400646E-02  0.633346E+07  0.633171E+07  0.000000E+00  0.000000E+00  0.595140E+07  0.631661E+07
  0.414226E-02  0.630893E+07  0.630706E+07  0.000000E+00  0.000000E+00  0.590870E+07  0.629128E+07
  0.428266E-02  0.628340E+07  0.628141E+07  0.000000E+00  0.000000E+00  0.586451E+07  0.626492E+07
  0.442783E-02  0.625684E+07  0.625472E+07  0.000000E+00  0.000000E+00  0.581884E+07  0.623751E+07
  0.457791E-02  0.622924E+07  0.622697E+07  0.000000E+00  0.000000E+00  0.577169E+07  0.620903E+07
  0.473308E-02  0.620056E+07  0.619815E+07  0.000000E+00  0.000000E+00  0.572307E+07  0.617946E+07
  0.489350E-02  0.617079E+07  0.616822E+07  0.000000E+00  0.000000E+00  0.567297E+07  0.614879E+07
  0.505937E-02  0.613991E+07  0.613717E+07  0.000000E+00  0.000000E+00  0.562142E+07  0.611698E+07
  0.523086E-02  0.610790E+07  0.610498E+07  0.000000E+00  0.000000E+00  0.556841E+07  0.608404E+07
  0.540816E-02  0.607475E+07  0.607164E+07  0.000000E+00  0.000000E+00  0.551397E+07  0.604993E+07
  0.559147E-02  0.604044E+07  0.603713E+07  0.000000E+00  0.000000E+00  0.545811E+07  0.601465E+07
  0.578099E-02  0.600495E+07  0.600143E+07  0.000000E+00  0.000000E+00  0.540084E+07  0.597819E+07
  0.597694E-02  0.596829E+07  0.596453E+07  0.000000E+00  0.000000E+00  0.534217E+07  0.594053E+07
  0.617953E-02  0.593042E+07  0.592643E+07  0.000000E+00  0.000000E+00  0.528212E+07  0.590166E+07
  0.638899E-02  0.589135E+07  0.588710E+07  0.000000E+00  0.000000E+00  0.522069E+07  0.586158E+07
  0.660554E-02  0.585107E+07  0.584654E+07  0.000000E+00  0.000000E+00  0.515789E+07  0.582028E+07
  0.682944E-02  0.580956E+07  0.580475E+07  0.000000E+00  0.000000E+00  0.509374E+07  0.577774E+07
  0.706092E-02  0.576683E+07  0.576171E+07  0.000000E+00  0.000000E+00  0.502823E+07  0.573397E+07
  0.730025E-02  0.572287E+07  0.571742E+07  0.000000E+00  0.000000E+00  0.496138E+07  0.568896E+07
  0.754769E-02  0.567766E+07  0.567187E+07  0.000000E+00  0.000000E+00  0.489320E+07  0.564270E+07
  0.780352E-02  0.563122E+07  0.562506E+07  0.000000E+00  0.000000E+00  0.482368E+07  0.559519E+07
  0.806802E-02  0.558352E+07  0.557697E+07  0.000000E+00  0.000000E+00  0.475283E+07  0.554643E+07
  0.834149E-02  0.553457E+07  0.552761E+07  0.000000E+00  0.000000E+00  0.468067E+07  0.549640E+07
  0.862423E-02  0.548436E+07  0.547697E+07  0.000000E+00  0.000000E+00  0.460721E+07  0.544511E+07
  0.891655E-02  0.543288E+07  0.542503E+07  0.000000E+00  0.000000E+00  0.453246E+07  0.539255E+07
  0.921878E-02  0.538013E+07  0.537180E+07  0.000000E+00  0.000000E+00  0.445645E+07  0.533872E+07
  0.953125E-02  0.532611E+07  0.531727E+07  0.000000E+00  0.000000E+00  0.437921E+07  0.528360E+07
  0.985431E-02  0.527080E+07  0.526142E+07  0.000000E+00  0.000000E+00  0.430075E+07  0.522720E+07
  0.101883E-01  0.521421E+07  0.520426E+07  0.000000E+00  0.000000E+00  0.422113E+07  0.516952E+07
  0.105337E-01  0.515632E+07  0.514577E+07  0.000000E+00  0.000000E+00  0.414038E+07  0.511054E+07
  0.108907E-01  0.509714E+07  0.508595E+07  0.000000E+00  0.000000E+00  0.405854E+07  0.505026E+07
  0.112598E-01  0.503664E+07  0.502480E+07  0.000000E+00  0.000000E+00  0.397568E+07  0.498869E+07
  0.116415E-01  0.497483E+07  0.496229E+07  0.000000E+00  0.000000E+00  0.389184E+07  0.492581E+07
  0.120361E-01  0.491171E+07  0.489844E+07  0.000000E+00  0.000000E+00  0.380708E+07  0.486163E+07
  0.124440E-01  0.484726E+07  0.483323E+07  0.000000E+00  0.000000E+00  0.372147E+07  0.479614E+07
  0.128658E-01  0.478150E+07  0.476666E+07  0.000000E+00  0.000000E+00  0.363507E+07  0.472934E+07
  0.133019E-01  0.471441E+07  0.469873E+07  0.000000E+00  0.000000E+00  0.354794E+07  0.466124E+07
  0.137528E-01  0.464599E+07  0.462943E+07  0.000000E+00  0.000000E+00  0.346017E+07  0.459184E+07
  0.142189E-01  0.457625E+07  0.455878E+07  0.000000E+00  0.000000E+00  0.337181E+07  0.452114E+07
  0.147009E-01  0.450520E+07  0.448678E+07  0.000000E+00  0.000000E+00  0.328296E+07  0.444916E+07
  0.151992E-01  0.443283E+07  0.441342E+07  0.000000E+00  0.000000E+00  0.319369E+07  0.437590E+07
  0.157144E-01  0.435916E+07  0.433873E+07  0.000000E+00  0.000000E+00  0.310408E+07  0.430137E+07
  0.162470E-01  0.428421E+07  0.426272E+07  0.000000E+00  0.000000E+00  0.301422E+07  0.422559E+07
  0.167977E-01  0.420799E+07  0.418541E+07  0.000000E+00  0.000000E+00  0.292420E+07  0.414860E+07
  0.173671E-01  0.413053E+07  0.410682E+07  0.000000E+00  0.000000E+00  0.283412E+07  0.407040E+07
  0.179557E-01  0.405185E+07  0.402699E+07  0.000000E+00  0.000000E+00  0.274407E+07  0.399103E+07
  0.185643E-01  0.397199E+07  0.394595E+07  0.000000E+00  0.000000E+00  0.265415E+07  0.391054E+07
  0.191936E-01  0.389100E+07  0.386375E+07  0.000000E+00  0.000000E+00  0.256448E+07  0.382897E+07
  0.198441E-01  0.380891E+07  0.378045E+07  0.000000E+00  0.000000E+00  0.247516E+07  0.374637E+07
  0.205168E-01  0.372580E+07  0.369610E+07  0.000000E+00  0.000000E+00  0.238630E+07  0.366280E+07
  0.212122E-01  0.364173E+07  0.361078E+07  0.000000E+00  0.000000E+00  0.229803E+07  0.357834E+07
  0.219312E-01  0.355678E+07  0.352459E+07  0.000000E+00  0.000000E+00  0.221046E+07  0.349307E+07
  0.226745E-01  0.347104E+07  0.343761E+07  0.000000E+00  0.000000E+00  0.212371E+07  0.340708E+07
  0.234431E-01  0.338461E+07  0.334996E+07  0.000000E+00  0.000000E+00  0.203792E+07  0.332048E+07
  0.242377E-01  0.329762E+07  0.326178E+07  0.000000E+00  0.000000E+00  0.195322E+07  0.323338E+07
  0.250592E-01  0.321019E+07  0.317319E+07  0.000000E+00  0.000000E+00  0.186974E+07  0.314593E+07
  0.259086E-01  0.312247E+07  0.308437E+07  0.000000E+00  0.000000E+00  0.178762E+07  0.305828E+07
  0.267868E-01  0.303463E+07  0.299549E+07  0.000000E+00  0.000000E+00  0.170701E+07  0.297058E+07
  0.276947E-01  0.294685E+07  0.290674E+07  0.000000E+00  0.000000E+00  0.162803E+07  0.288302E+07
  0.286334E-01  0.285933E+07  0.281833E+07  0.000000E+00  0.000000E+00  0.155085E+07  0.279579E+07
  0.296040E-01  0.277227E+07  0.273050E+07  0.000000E+00  0.000000E+00  0.147559E+07  0.270912E+07
  0.306074E-01  0.268591E+07  0.264349E+07  0.000000E+00  0.000000E+00  0.140239E+07  0.262322E+07
  0.316449E-01  0.260049E+07  0.255756E+07  0.000000E+00  0.000000E+00  0.133138E+07  0.253833E+07
  0.327175E-01  0.251626E+07  0.247298E+07  0.000000E+00  0.000000E+00  0.126267E+07  0.245472E+07
  0.338264E-01  0.244310E+07  0.239962E+07  0.000000E+00  0.000000E+00  0.117974E+07  0.238110E+07
  0.349730E-01  0.236253E+07  0.231906E+07  0.000000E+00  0.000000E+00  0.111606E+07  0.230127E+07
  0.361584E-01  0.228395E+07  0.224068E+07  0.000000E+00  0.000000E+00  0.105501E+07  0.222348E+07
  0.373840E-01  0.220661E+07  0.216375E+07  0.000000E+00  0.000000E+00  0.996223E+06  0.214702E+07
  0.386511E-01  0.213161E+07  0.208939E+07  0.000000E+00  0.000000E+00  0.940162E+06  0.207294E+07
  0.399612E-01  0.205931E+07  0.201796E+07  0.000000E+00  0.000000E+00  0.886932E+06  0.200162E+07
  0.413157E-01  0.199001E+07  0.194975E+07  0.000000E+00  0.000000E+00  0.836551E+06  0.193331E+07
  0.427161E-01  0.192391E+07  0.188498E+07  0.000000E+00  0.000000E+00  0.789004E+06  0.186824E+07
  0.441639E-01  0.185460E+07  0.181722E+07  0.000000E+00  0.000000E+00  0.748623E+06  0.180044E+07
  0.456609E-01  0.179502E+07  0.175939E+07  0.000000E+00  0.000000E+00  0.706628E+06  0.174192E+07
  0.472086E-01  0.173880E+07  0.170511E+07  0.000000E+00  0.000000E+00  0.667275E+06  0.168675E+07
  0.488087E-01  0.168580E+07  0.165420E+07  0.000000E+00  0.000000E+00  0.630387E+06  0.163480E+07
  0.504631E-01  0.163580E+07  0.160641E+07  0.000000E+00  0.000000E+00  0.595756E+06  0.158583E+07
  0.521736E-01  0.158855E+07  0.156145E+07  0.000000E+00  0.000000E+00  0.563216E+06  0.153960E+07
  0.539420E-01  0.154756E+07  0.152277E+07  0.000000E+00  0.000000E+00  0.530994E+06  0.149938E+07
  0.557704E-01  0.150478E+07  0.148228E+07  0.000000E+00  0.000000E+00  0.501989E+06  0.145757E+07
  0.576607E-01  0.146361E+07  0.144331E+07  0.000000E+00  0.000000E+00  0.474456E+06  0.141736E+07
  0.596151E-01  0.142363E+07  0.140539E+07  0.000000E+00  0.000000E+00  0.448233E+06  0.137832E+07
  0.616357E-01  0.138440E+07  0.136801E+07  0.000000E+00  0.000000E+00  0.423136E+06  0.134001E+07
  0.637249E-01  0.134270E+07  0.132791E+07  0.000000E+00  0.000000E+00  0.399731E+06  0.129937E+07
  0.658849E-01  0.130337E+07  0.128987E+07  0.000000E+00  0.000000E+00  0.376399E+06  0.126095E+07
  0.681181E-01  0.126326E+07  0.125071E+07  0.000000E+00  0.000000E+00  0.353689E+06  0.122175E+07
  0.704269E-01  0.122193E+07  0.120997E+07  0.000000E+00  0.000000E+00  0.331503E+06  0.118135E+07
  0.728140E-01  0.117985E+07  0.116812E+07  0.000000E+00  0.000000E+00  0.309448E+06  0.114018E+07
  0.752820E-01  0.113558E+07  0.112375E+07  0.000000E+00  0.000000E+00  0.288261E+06  0.109689E+07
  0.778338E-01  0.108996E+07  0.107775E+07  0.000000E+00  0.000000E+00  0.267627E+06  0.105229E+07
  0.804719E-01  0.104338E+07  0.103057E+07  0.000000E+00  0.000000E+00  0.247669E+06  0.100676E+07
  0.831996E-01  0.996388E+06  0.982854E+06  0.000000E+00  0.000000E+00  0.228529E+06  0.960856E+06
  0.860197E-01  0.949651E+06  0.935372E+06  0.000000E+00  0.000000E+00  0.210352E+06  0.915233E+06
  0.889353E-01  0.903908E+06  0.888974E+06  0.000000E+00  0.000000E+00  0.193272E+06  0.870623E+06
  0.919498E-01  0.859953E+06  0.844563E+06  0.000000E+00  0.000000E+00  0.177401E+06  0.827809E+06
  0.950664E-01  0.818639E+06  0.803084E+06  0.000000E+00  0.000000E+00  0.162866E+06  0.787628E+06
  0.982887E-01  0.780795E+06  0.765433E+06  0.000000E+00  0.000000E+00  0.149746E+06  0.750887E+06
  0.101620E+00  0.747079E+06  0.732296E+06  0.000000E+00  0.000000E+00  0.138069E+06  0.718223E+06
  0.105065E+00  0.717743E+06  0.703907E+06  0.000000E+00  0.000000E+00  0.127778E+06  0.689871E+06
  0.108626E+00  0.692477E+06  0.679886E+06  0.000000E+00  0.000000E+00  0.118707E+06  0.665514E+06
  0.112308E+00  0.670411E+06  0.659251E+06  0.000000E+00  0.000000E+00  0.110616E+06  0.644292E+06
  0.116114E+00  0.650335E+06  0.640646E+06  0.000000E+00  0.000000E+00  0.103241E+06  0.625012E+06
  0.120050E+00  0.630981E+06  0.622642E+06  0.000000E+00  0.000000E+00  0.963243E+05  0.606421E+06
  0.124119E+00  0.611215E+06  0.603959E+06  0.000000E+00  0.000000E+00  0.896825E+05  0.587405E+06
  0.128326E+00  0.590098E+06  0.583550E+06  0.000000E+00  0.000000E+00  0.831709E+05  0.567039E+06
  0.132676E+00  0.566949E+06  0.560691E+06  0.000000E+00  0.000000E+00  0.767173E+05  0.544662E+06
  0.137173E+00  0.541549E+06  0.535192E+06  0.000000E+00  0.000000E+00  0.703076E+05  0.520067E+06
  0.141822E+00  0.514382E+06  0.507649E+06  0.000000E+00  0.000000E+00  0.640393E+05  0.493744E+06
  0.146629E+00  0.486648E+06  0.479429E+06  0.000000E+00  0.000000E+00  0.580670E+05  0.466872E+06
  0.151600E+00  0.459895E+06  0.452271E+06  0.000000E+00  0.000000E+00  0.525699E+05  0.440972E+06
  0.156738E+00  0.435518E+06  0.427739E+06  0.000000E+00  0.000000E+00  0.476739E+05  0.417414E+06
  0.162051E+00  0.414417E+06  0.406833E+06  0.000000E+00  0.000000E+00  0.434301E+05  0.397076E+06
  0.167543E+00  0.396868E+06  0.389829E+06  0.000000E+00  0.000000E+00  0.398085E+05  0.380221E+06
  0.173222E+00  0.382411E+06  0.376161E+06  0.000000E+00  0.000000E+00  0.367018E+05  0.366388E+06
  0.179094E+00  0.369829E+06  0.364432E+06  0.000000E+00  0.000000E+00  0.339501E+05  0.354374E+06
  0.185164E+00  0.357447E+06  0.352766E+06  0.000000E+00  0.000000E+00  0.313709E+05  0.342536E+06
  0.191440E+00  0.343795E+06  0.339543E+06  0.000000E+00  0.000000E+00  0.288306E+05  0.329437E+06
  0.197929E+00  0.328221E+06  0.324071E+06  0.000000E+00  0.000000E+00  0.262843E+05  0.314444E+06
  0.204638E+00  0.311138E+06  0.306845E+06  0.000000E+00  0.000000E+00  0.237807E+05  0.297970E+06
  0.211574E+00  0.293813E+06  0.289309E+06  0.000000E+00  0.000000E+00  0.214226E+05  0.281258E+06
  0.218745E+00  0.277751E+06  0.273159E+06  0.000000E+00  0.000000E+00  0.193122E+05  0.265786E+06
  0.226160E+00  0.264018E+06  0.259577E+06  0.000000E+00  0.000000E+00  0.175022E+05  0.252595E+06
  0.233826E+00  0.252798E+06  0.248734E+06  0.000000E+00  0.000000E+00  0.159740E+05  0.241858E+06
  0.241751E+00  0.243202E+06  0.239608E+06  0.000000E+00  0.000000E+00  0.146440E+05  0.232699E+06
  0.249945E+00  0.233781E+06  0.230574E+06  0.000000E+00  0.000000E+00  0.134084E+05  0.223697E+06
  0.258417E+00  0.223501E+06  0.220485E+06  0.000000E+00  0.000000E+00  0.122039E+05  0.213842E+06
  0.267176E+00  0.212168E+06  0.209162E+06  0.000000E+00  0.000000E+00  0.110233E+05  0.202950E+06
  0.276232E+00  0.200615E+06  0.197564E+06  0.000000E+00  0.000000E+00  0.991345E+04  0.191843E+06
  0.285595E+00  0.190089E+06  0.187077E+06  0.000000E+00  0.000000E+00  0.893142E+04  0.181736E+06
  0.295275E+00  0.181140E+06  0.178310E+06  0.000000E+00  0.000000E+00  0.809091E+04  0.173169E+06
  0.305284E+00  0.173397E+06  0.170825E+06  0.000000E+00  0.000000E+00  0.736074E+04  0.165773E+06
  0.315631E+00  0.165893E+06  0.163535E+06  0.000000E+00  0.000000E+00  0.669029E+04  0.158601E+06
  0.326330E+00  0.157945E+06  0.155690E+06  0.000000E+00  0.000000E+00  0.604864E+04  0.150986E+06
  0.337391E+00  0.149713E+06  0.147489E+06  0.000000E+00  0.000000E+00  0.544209E+04  0.143090E+06
  0.348827E+00  0.141919E+06  0.139747E+06  0.000000E+00  0.000000E+00  0.489506E+04  0.135619E+06
  0.360650E+00  0.135052E+06  0.133003E+06  0.000000E+00  0.000000E+00  0.441914E+04  0.129050E+06
  0.372875E+00  0.128855E+06  0.126959E+06  0.000000E+00  0.000000E+00  0.399892E+04  0.123128E+06
  0.385513E+00  0.122750E+06  0.120968E+06  0.000000E+00  0.000000E+00  0.361160E+04  0.117290E+06
  0.398580E+00  0.116536E+06  0.114816E+06  0.000000E+00  0.000000E+00  0.324948E+04  0.111340E+06
  0.412090E+00  0.110535E+06  0.108874E+06  0.000000E+00  0.000000E+00  0.292005E+04  0.105595E+06
  0.426058E+00  0.105062E+06  0.103489E+06  0.000000E+00  0.000000E+00  0.262885E+04  0.100360E+06
  0.440499E+00  0.999965E+05  0.985223E+05  0.000000E+00  0.000000E+00  0.236931E+04  0.955201E+05
  0.455430E+00  0.950397E+05  0.936409E+05  0.000000E+00  0.000000E+00  0.213162E+04  0.907803E+05
  0.470867E+00  0.901827E+05  0.888416E+05  0.000000E+00  0.000000E+00  0.191407E+04  0.861340E+05
  0.486827E+00  0.856139E+05  0.843376E+05  0.000000E+00  0.000000E+00  0.171909E+04  0.817656E+05
  0.503328E+00  0.813559E+05  0.801514E+05  0.000000E+00  0.000000E+00  0.154505E+04  0.776965E+05
  0.520388E+00  0.772634E+05  0.761215E+05  0.000000E+00  0.000000E+00  0.138743E+04  0.737850E+05
  0.538027E+00  0.733108E+05  0.722222E+05  0.000000E+00  0.000000E+00  0.124439E+04  0.700063E+05
  0.556263E+00  0.695775E+05  0.685444E+05  0.000000E+00  0.000000E+00  0.111611E+04  0.664385E+05
  0.575118E+00  0.660504E+05  0.650726E+05  0.000000E+00  0.000000E+00  0.100103E+04  0.630685E+05
  0.594612E+00  0.626687E+05  0.617401E+05  0.000000E+00  0.000000E+00  0.897096E+03  0.598370E+05
  0.614766E+00  0.594461E+05  0.585641E+05  0.000000E+00  0.000000E+00  0.803553E+03  0.567578E+05
  0.635604E+00  0.563960E+05  0.555603E+05  0.000000E+00  0.000000E+00  0.719693E+03  0.538439E+05
  0.657148E+00  0.534899E+05  0.526973E+05  0.000000E+00  0.000000E+00  0.644258E+03  0.510677E+05
  0.679422E+00  0.507220E+05  0.499700E+05  0.000000E+00  0.000000E+00  0.576467E+03  0.484236E+05
  0.702451E+00  0.480960E+05  0.473834E+05  0.000000E+00  0.000000E+00  0.515672E+03  0.459153E+05
  0.726261E+00  0.455980E+05  0.449224E+05  0.000000E+00  0.000000E+00  0.461106E+03  0.435294E+05
  0.750877E+00  0.432232E+05  0.425827E+05  0.000000E+00  0.000000E+00  0.412153E+03  0.412612E+05
  0.776328E+00  0.409679E+05  0.403609E+05  0.000000E+00  0.000000E+00  0.368277E+03  0.391073E+05
  0.802642E+00  0.388242E+05  0.382489E+05  0.000000E+00  0.000000E+00  0.328949E+03  0.370601E+05
  0.829848E+00  0.367883E+05  0.362433E+05  0.000000E+00  0.000000E+00  0.293725E+03  0.351159E+05
  0.857975E+00  0.348548E+05  0.343385E+05  0.000000E+00  0.000000E+00  0.262183E+03  0.332697E+05
  0.887057E+00  0.330188E+05  0.325296E+05  0.000000E+00  0.000000E+00  0.233949E+03  0.315165E+05
  0.917123E+00  0.312760E+05  0.308127E+05  0.000000E+00  0.000000E+00  0.208692E+03  0.298524E+05
  0.948209E+00  0.296215E+05  0.291828E+05  0.000000E+00  0.000000E+00  0.186101E+03  0.282728E+05
  0.980349E+00  0.280514E+05  0.276359E+05  0.000000E+00  0.000000E+00  0.165904E+03  0.267737E+05
  0.101358E+01  0.265613E+05  0.261679E+05  0.000000E+00  0.000000E+00  0.147853E+03  0.253511E+05
  0.104793E+01  0.251473E+05  0.247748E+05  0.000000E+00  0.000000E+00  0.131724E+03  0.240011E+05
  0.108345E+01  0.238058E+05  0.234533E+05  0.000000E+00  0.000000E+00  0.117322E+03  0.227205E+05
  0.112018E+01  0.225334E+05  0.221997E+05  0.000000E+00  0.000000E+00  0.104464E+03  0.215058E+05
  0.115815E+01  0.213268E+05  0.210110E+05  0.000000E+00  0.000000E+00  0.929880E+02  0.203540E+05
  0.119740E+01  0.201826E+05  0.198837E+05  0.000000E+00  0.000000E+00  0.827499E+02  0.192618E+05
  0.123799E+01  0.190979E+05  0.188150E+05  0.000000E+00  0.000000E+00  0.736195E+02  0.182263E+05
  0.127995E+01  0.180695E+05  0.178019E+05  0.000000E+00  0.000000E+00  0.654785E+02  0.172446E+05
  0.132333E+01  0.170947E+05  0.168415E+05  0.000000E+00  0.000000E+00  0.582227E+02  0.163142E+05
  0.136819E+01  0.161708E+05  0.159314E+05  0.000000E+00  0.000000E+00  0.517571E+02  0.154324E+05
  0.141456E+01  0.152954E+05  0.150689E+05  0.000000E+00  0.000000E+00  0.459984E+02  0.145968E+05
  0.146251E+01  0.144659E+05  0.142517E+05  0.000000E+00  0.000000E+00  0.408698E+02  0.138051E+05
  0.151208E+01  0.136800E+05  0.134775E+05  0.000000E+00  0.000000E+00  0.363045E+02  0.130550E+05
  0.156333E+01  0.129356E+05  0.127441E+05  0.000000E+00  0.000000E+00  0.322413E+02  0.123445E+05
  0.161632E+01  0.122306E+05  0.120495E+05  0.000000E+00  0.000000E+00  0.286265E+02  0.116716E+05
  0.167111E+01  0.115629E+05  0.113917E+05  0.000000E+00  0.000000E+00  0.254112E+02  0.110344E+05
  0.172775E+01  0.109307E+05  0.107689E+05  0.000000E+00  0.000000E+00  0.225518E+02  0.104310E+05
  0.178631E+01  0.103321E+05  0.101792E+05  0.000000E+00  0.000000E+00  0.200101E+02  0.985976E+04
  0.184686E+01  0.976546E+04  0.962088E+04  0.000000E+00  0.000000E+00  0.177510E+02  0.931894E+04
  0.190946E+01  0.922905E+04  0.909241E+04  0.000000E+00  0.000000E+00  0.157437E+02  0.880701E+04
  0.197418E+01  0.872131E+04  0.859219E+04  0.000000E+00  0.000000E+00  0.139603E+02  0.832245E+04
  0.204110E+01  0.824082E+04  0.811881E+04  0.000000E+00  0.000000E+00  0.123767E+02  0.786390E+04
  0.211028E+01  0.778615E+04  0.767088E+04  0.000000E+00  0.000000E+00  0.109704E+02  0.743000E+04
  0.218181E+01  0.735598E+04  0.724707E+04  0.000000E+00  0.000000E+00  0.972230E+01  0.701947E+04
  0.225576E+01  0.694900E+04  0.684612E+04  0.000000E+00  0.000000E+00  0.861444E+01  0.663109E+04
  0.233222E+01  0.656402E+04  0.646685E+04  0.000000E+00  0.000000E+00  0.763157E+01  0.626370E+04
  0.241127E+01  0.619986E+04  0.610807E+04  0.000000E+00  0.000000E+00  0.675952E+01  0.591618E+04
  0.249300E+01  0.585543E+04  0.576874E+04  0.000000E+00  0.000000E+00  0.598612E+01  0.558749E+04
  0.257750E+01  0.552970E+04  0.544783E+04  0.000000E+00  0.000000E+00  0.530027E+01  0.527665E+04
  0.266486E+01  0.522171E+04  0.514440E+04  0.000000E+00  0.000000E+00  0.469224E+01  0.498274E+04
  0.275519E+01  0.493051E+04  0.485751E+04  0.000000E+00  0.000000E+00  0.415336E+01  0.470485E+04
  0.284858E+01  0.465521E+04  0.458628E+04  0.000000E+00  0.000000E+00  0.367573E+01  0.444214E+04
  0.294513E+01  0.439495E+04  0.432988E+04  0.000000E+00  0.000000E+00  0.325253E+01  0.419379E+04
  0.304496E+01  0.414894E+04  0.408750E+04  0.000000E+00  0.000000E+00  0.287764E+01  0.395902E+04
  0.314817E+01  0.391641E+04  0.385842E+04  0.000000E+00  0.000000E+00  0.254559E+01  0.373714E+04
  0.325487E+01  0.369665E+04  0.364192E+04  0.000000E+00  0.000000E+00  0.225150E+01  0.352743E+04
  0.336520E+01  0.348900E+04  0.343734E+04  0.000000E+00  0.000000E+00  0.199111E+01  0.332928E+04
  0.347926E+01  0.329279E+04  0.324403E+04  0.000000E+00  0.000000E+00  0.176065E+01  0.314205E+04
  0.359719E+01  0.310741E+04  0.306139E+04  0.000000E+00  0.000000E+00  0.155662E+01  0.296514E+04
  0.371912E+01  0.293225E+04  0.288882E+04  0.000000E+00  0.000000E+00  0.137605E+01  0.279800E+04
  0.384518E+01  0.276678E+04  0.272581E+04  0.000000E+00  0.000000E+00  0.121628E+01  0.264011E+04
  0.397551E+01  0.261049E+04  0.257182E+04  0.000000E+00  0.000000E+00  0.107492E+01  0.249096E+04
  0.411026E+01  0.246287E+04  0.242639E+04  0.000000E+00  0.000000E+00  0.949874E+00  0.235010E+04
  0.424958E+01  0.232346E+04  0.228904E+04  0.000000E+00  0.000000E+00  0.839283E+00  0.221707E+04
  0.439362E+01  0.219179E+04  0.215932E+04  0.000000E+00  0.000000E+00  0.741482E+00  0.209143E+04
  0.454254E+01  0.206746E+04  0.203683E+04  0.000000E+00  0.000000E+00  0.654995E+00  0.197278E+04
  0.469651E+01  0.195005E+04  0.192116E+04  0.000000E+00  0.000000E+00  0.578546E+00  0.186076E+04
  0.485570E+01  0.183922E+04  0.181197E+04  0.000000E+00  0.000000E+00  0.510964E+00  0.175500E+04
  0.502029E+01  0.173458E+04  0.170887E+04  0.000000E+00  0.000000E+00  0.451221E+00  0.165514E+04
  0.519045E+01  0.163579E+04  0.161155E+04  0.000000E+00  0.000000E+00  0.398422E+00  0.156088E+04
  0.536638E+01  0.154254E+04  0.151968E+04  0.000000E+00  0.000000E+00  0.351769E+00  0.147190E+04
  0.554827E+01  0.145453E+04  0.143296E+04  0.000000E+00  0.000000E+00  0.310544E+00  0.138791E+04
  0.573633E+01  0.137146E+04  0.135112E+04  0.000000E+00  0.000000E+00  0.274134E+00  0.130865E+04
  0.593077E+01  0.129306E+04  0.127389E+04  0.000000E+00  0.000000E+00  0.241966E+00  0.123384E+04
  0.613179E+01  0.121907E+04  0.120099E+04  0.000000E+00  0.000000E+00  0.213551E+00  0.116324E+04
  0.633963E+01  0.114926E+04  0.113221E+04  0.000000E+00  0.000000E+00  0.188458E+00  0.109662E+04
  0.655451E+01  0.108339E+04  0.106731E+04  0.000000E+00  0.000000E+00  0.166300E+00  0.103377E+04
  0.677667E+01  0.102124E+04  0.100608E+04  0.000000E+00  0.000000E+00  0.146734E+00  0.974463E+03
  0.700637E+01  0.962601E+03  0.948313E+03  0.000000E+00  0.000000E+00  0.129457E+00  0.918510E+03
  0.724385E+01  0.907283E+03  0.893814E+03  0.000000E+00  0.000000E+00  0.114209E+00  0.865725E+03
  0.748939E+01  0.855101E+03  0.842404E+03  0.000000E+00  0.000000E+00  0.100747E+00  0.815933E+03
  0.774324E+01  0.805881E+03  0.793911E+03  0.000000E+00  0.000000E+00  0.888657E-01  0.768967E+03
  0.800570E+01  0.759456E+03  0.748172E+03  0.000000E+00  0.000000E+00  0.783802E-01  0.724667E+03
  0.827705E+01  0.715667E+03  0.705031E+03  0.000000E+00  0.000000E+00  0.691255E-01  0.682884E+03
  0.855760E+01  0.674374E+03  0.664348E+03  0.000000E+00  0.000000E+00  0.609615E-01  0.643481E+03
  0.884767E+01  0.635431E+03  0.625982E+03  0.000000E+00  0.000000E+00  0.537559E-01  0.606322E+03
  0.914755E+01  0.598709E+03  0.589801E+03  0.000000E+00  0.000000E+00  0.474003E-01  0.571281E+03
  0.945762E+01  0.564081E+03  0.555686E+03  0.000000E+00  0.000000E+00  0.417913E-01  0.538239E+03
  0.977818E+01  0.531434E+03  0.523521E+03  0.000000E+00  0.000000E+00  0.368451E-01  0.507087E+03
  0.101096E+02  0.500651E+03  0.493193E+03  0.000000E+00  0.000000E+00  0.324804E-01  0.477714E+03
  0.104523E+02  0.471630E+03  0.464601E+03  0.000000E+00  0.000000E+00  0.286335E-01  0.450022E+03
  0.108066E+02  0.444272E+03  0.437647E+03  0.000000E+00  0.000000E+00  0.252399E-01  0.423916E+03
  0.111728E+02  0.418483E+03  0.412239E+03  0.000000E+00  0.000000E+00  0.222467E-01  0.399308E+03
  0.115516E+02  0.394172E+03  0.388287E+03  0.000000E+00  0.000000E+00  0.196072E-01  0.376110E+03
  0.119431E+02  0.371258E+03  0.365712E+03  0.000000E+00  0.000000E+00  0.172801E-01  0.354246E+03
  0.123479E+02  0.349661E+03  0.344434E+03  0.000000E+00  0.000000E+00  0.152289E-01  0.333638E+03
  0.127664E+02  0.329305E+03  0.324379E+03  0.000000E+00  0.000000E+00  0.134197E-01  0.314214E+03
  0.131992E+02  0.310123E+03  0.305480E+03  0.000000E+00  0.000000E+00  0.118249E-01  0.295910E+03
  0.136466E+02  0.292045E+03  0.287670E+03  0.000000E+00  0.000000E+00  0.104189E-01  0.278661E+03
  0.141091E+02  0.275010E+03  0.270886E+03  0.000000E+00  0.000000E+00  0.918010E-02  0.262405E+03
  0.145873E+02  0.258958E+03  0.255071E+03  0.000000E+00  0.000000E+00  0.808802E-02  0.247088E+03
  0.150818E+02  0.243833E+03  0.240169E+03  0.000000E+00  0.000000E+00  0.712545E-02  0.232656E+03
  0.155930E+02  0.229582E+03  0.226128E+03  0.000000E+00  0.000000E+00  0.627708E-02  0.219057E+03
  0.161215E+02  0.216156E+03  0.212900E+03  0.000000E+00  0.000000E+00  0.552973E-02  0.206246E+03
  0.166679E+02  0.203506E+03  0.200437E+03  0.000000E+00  0.000000E+00  0.487076E-02  0.194176E+03
  0.172329E+02  0.191589E+03  0.188697E+03  0.000000E+00  0.000000E+00  0.429047E-02  0.182805E+03
  0.178170E+02  0.180364E+03  0.177637E+03  0.000000E+00  0.000000E+00  0.377871E-02  0.172093E+03
  0.184209E+02  0.169789E+03  0.167218E+03  0.000000E+00  0.000000E+00  0.332812E-02  0.162003E+03
  0.190453E+02  0.159829E+03  0.157405E+03  0.000000E+00  0.000000E+00  0.293123E-02  0.152499E+03
  0.196908E+02  0.150447E+03  0.148161E+03  0.000000E+00  0.000000E+00  0.258142E-02  0.143546E+03
  0.203583E+02  0.141610E+03  0.139455E+03  0.000000E+00  0.000000E+00  0.227334E-02  0.135114E+03
  0.210483E+02  0.133288E+03  0.131255E+03  0.000000E+00  0.000000E+00  0.200183E-02  0.127173E+03
  0.217617E+02  0.125450E+03  0.123533E+03  0.000000E+00  0.000000E+00  0.176283E-02  0.119694E+03
  0.224994E+02  0.118069E+03  0.116261E+03  0.000000E+00  0.000000E+00  0.155210E-02  0.112651E+03
  0.232620E+02  0.111118E+03  0.109412E+03  0.000000E+00  0.000000E+00  0.136662E-02  0.106018E+03
  0.240505E+02  0.104573E+03  0.102963E+03  0.000000E+00  0.000000E+00  0.120324E-02  0.997727E+02
  0.248656E+02  0.984094E+02  0.968904E+02  0.000000E+00  0.000000E+00  0.105918E-02  0.938916E+02
  0.257085E+02  0.926059E+02  0.911724E+02  0.000000E+00  0.000000E+00  0.932635E-03  0.883539E+02
  0.265798E+02  0.871418E+02  0.857887E+02  0.000000E+00  0.000000E+00  0.820934E-03  0.831400E+02
  0.274808E+02  0.819971E+02  0.807197E+02  0.000000E+00  0.000000E+00  0.722762E-03  0.782308E+02
  0.284122E+02  0.771536E+02  0.759474E+02  0.000000E+00  0.000000E+00  0.636208E-03  0.736091E+02
  0.293753E+02  0.725935E+02  0.714544E+02  0.000000E+00  0.000000E+00  0.560042E-03  0.692578E+02
  0.303709E+02  0.683008E+02  0.672248E+02  0.000000E+00  0.000000E+00  0.492957E-03  0.651616E+02
  0.314004E+02  0.642596E+02  0.632430E+02  0.000000E+00  0.000000E+00  0.433878E-03  0.613055E+02
  0.324647E+02  0.604556E+02  0.594948E+02  0.000000E+00  0.000000E+00  0.381870E-03  0.576756E+02
  0.335651E+02  0.568747E+02  0.559665E+02  0.000000E+00  0.000000E+00  0.336077E-03  0.542587E+02
  0.347028E+02  0.535041E+02  0.526454E+02  0.000000E+00  0.000000E+00  0.295794E-03  0.510423E+02
  0.358790E+02  0.503317E+02  0.495195E+02  0.000000E+00  0.000000E+00  0.260310E-03  0.480152E+02
  0.370952E+02  0.473457E+02  0.465773E+02  0.000000E+00  0.000000E+00  0.229095E-03  0.451659E+02
  0.383525E+02  0.445354E+02  0.438082E+02  0.000000E+00  0.000000E+00  0.201583E-03  0.424843E+02
  0.396525E+02  0.418905E+02  0.412020E+02  0.000000E+00  0.000000E+00  0.177376E-03  0.399604E+02
  0.409965E+02  0.394014E+02  0.387494E+02  0.000000E+00  0.000000E+00  0.156071E-03  0.375852E+02
  0.423861E+02  0.370589E+02  0.364411E+02  0.000000E+00  0.000000E+00  0.137317E-03  0.353500E+02
  0.438228E+02  0.348545E+02  0.342690E+02  0.000000E+00  0.000000E+00  0.120832E-03  0.332465E+02
  0.453082E+02  0.327802E+02  0.322250E+02  0.000000E+00  0.000000E+00  0.106313E-03  0.312671E+02
  0.468439E+02  0.308283E+02  0.303015E+02  0.000000E+00  0.000000E+00  0.935297E-04  0.294045E+02
  0.484317E+02  0.289915E+02  0.284916E+02  0.000000E+00  0.000000E+00  0.822763E-04  0.276519E+02
  0.500732E+02  0.272634E+02  0.267887E+02  0.000000E+00  0.000000E+00  0.723878E-04  0.260028E+02
  0.517705E+02  0.256373E+02  0.251863E+02  0.000000E+00  0.000000E+00  0.636920E-04  0.244511E+02
  0.535252E+02  0.241074E+02  0.236787E+02  0.000000E+00  0.000000E+00  0.560304E-04  0.229913E+02
  0.553395E+02  0.226680E+02  0.222602E+02  0.000000E+00  0.000000E+00  0.492716E-04  0.216177E+02
  0.572153E+02  0.213138E+02  0.209257E+02  0.000000E+00  0.000000E+00  0.433388E-04  0.203255E+02
  0.591545E+02  0.200399E+02  0.196702E+02  0.000000E+00  0.000000E+00  0.381242E-04  0.191098E+02
  0.611596E+02  0.188413E+02  0.184890E+02  0.000000E+00  0.000000E+00  0.335265E-04  0.179661E+02
  0.632326E+02  0.177139E+02  0.173779E+02  0.000000E+00  0.000000E+00  0.294911E-04  0.168903E+02
  0.653759E+02  0.166533E+02  0.163326E+02  0.000000E+00  0.000000E+00  0.259372E-04  0.158782E+02
  0.675918E+02  0.156556E+02  0.153494E+02  0.000000E+00  0.000000E+00  0.227979E-04  0.149261E+02
  0.698829E+02  0.147171E+02  0.144244E+02  0.000000E+00  0.000000E+00  0.200534E-04  0.140306E+02
  0.722515E+02  0.138344E+02  0.135544E+02  0.000000E+00  0.000000E+00  0.176300E-04  0.131882E+02
  0.747005E+02  0.130041E+02  0.127361E+02  0.000000E+00  0.000000E+00  0.155110E-04  0.123959E+02
  0.772325E+02  0.122231E+02  0.119664E+02  0.000000E+00  0.000000E+00  0.136297E-04  0.116506E+02
  0.798503E+02  0.114886E+02  0.112424E+02  0.000000E+00  0.000000E+00  0.119841E-04  0.109497E+02
  0.825568E+02  0.107978E+02  0.105615E+02  0.000000E+00  0.000000E+00  0.105385E-04  0.102905E+02
  0.853551E+02  0.101481E+02  0.992110E+01  0.000000E+00  0.000000E+00  0.926424E-05  0.967048E+01
  0.882482E+02  0.953707E+01  0.931882E+01  0.000000E+00  0.000000E+00  0.815569E-05  0.908740E+01
  0.912394E+02  0.896243E+01  0.875238E+01  0.000000E+00  0.000000E+00  0.715541E-05  0.853903E+01
  0.943319E+02  0.842204E+01  0.821970E+01  0.000000E+00  0.000000E+00  0.629693E-05  0.802334E+01
  0.975294E+02  0.791384E+01  0.771874E+01  0.000000E+00  0.000000E+00  0.553554E-05  0.753837E+01
  0.100835E+03  0.743597E+01  0.724767E+01  0.000000E+00  0.000000E+00  0.486013E-05  0.708234E+01
  0.104253E+03  0.698661E+01  0.680470E+01  0.000000E+00  0.000000E+00  0.427410E-05  0.665352E+01
  0.107787E+03  0.656407E+01  0.638816E+01  0.000000E+00  0.000000E+00  0.375663E-05  0.625029E+01
  0.111440E+03  0.616673E+01  0.599646E+01  0.000000E+00  0.000000E+00  0.330251E-05  0.587112E+01
  0.115217E+03  0.579315E+01  0.562818E+01  0.000000E+00  0.000000E+00  0.290558E-05  0.551461E+01
  0.119123E+03  0.544190E+01  0.528190E+01  0.000000E+00  0.000000E+00  0.254765E-05  0.517940E+01
  0.123160E+03  0.511164E+01  0.495632E+01  0.000000E+00  0.000000E+00  0.223833E-05  0.486424E+01
  0.127335E+03  0.480112E+01  0.465020E+01  0.000000E+00  0.000000E+00  0.196976E-05  0.456790E+01
  0.131651E+03  0.450919E+01  0.436240E+01  0.000000E+00  0.000000E+00  0.172635E-05  0.428931E+01
  0.136113E+03  0.423473E+01  0.409184E+01  0.000000E+00  0.000000E+00  0.151648E-05  0.402740E+01
  0.140727E+03  0.397671E+01  0.383748E+01  0.000000E+00  0.000000E+00  0.133263E-05  0.378117E+01
  0.145497E+03  0.373413E+01  0.359836E+01  0.000000E+00  0.000000E+00  0.117258E-05  0.354968E+01
  0.150428E+03  0.350610E+01  0.337358E+01  0.000000E+00  0.000000E+00  0.103043E-05  0.333207E+01
  0.155527E+03  0.329174E+01  0.316230E+01  0.000000E+00  0.000000E+00  0.902853E-06  0.312752E+01
  0.160799E+03  0.309023E+01  0.296369E+01  0.000000E+00  0.000000E+00  0.793336E-06  0.293522E+01
  0.166249E+03  0.290082E+01  0.277703E+01  0.000000E+00  0.000000E+00  0.697858E-06  0.275448E+01
  0.171884E+03  0.272279E+01  0.260159E+01  0.000000E+00  0.000000E+00  0.612080E-06  0.258459E+01
  0.177710E+03  0.255545E+01  0.243671E+01  0.000000E+00  0.000000E+00  0.536770E-06  0.242492E+01
  0.183734E+03  0.239816E+01  0.228176E+01  0.000000E+00  0.000000E+00  0.470901E-06  0.227483E+01
  0.189961E+03  0.225033E+01  0.213616E+01  0.000000E+00  0.000000E+00  0.412538E-06  0.213378E+01
  0.196400E+03  0.211140E+01  0.199936E+01  0.000000E+00  0.000000E+00  0.362453E-06  0.200123E+01
  0.203057E+03  0.198084E+01  0.187082E+01  0.000000E+00  0.000000E+00  0.318186E-06  0.187666E+01
