  0.106303E-04  0.334173E+07  0.334173E+07  0.445525E+07  0.445524E+07  0.000000E+00  0.334173E+07
  0.109906E-04  0.334173E+07  0.334173E+07  0.445522E+07  0.445521E+07  0.000000E+00  0.334173E+07
  0.113631E-04  0.334173E+07  0.334173E+07  0.445519E+07  0.445518E+07  0.000000E+00  0.334173E+07
  0.117483E-04  0.334173E+07  0.334173E+07  0.445516E+07  0.445515E+07  0.000000E+00  0.334173E+07
  0.121465E-04  0.334173E+07  0.334173E+07  0.445512E+07  0.445512E+07  0.000000E+00  0.334173E+07
  0.125582E-04  0.334173E+07  0.334173E+07  0.445509E+07  0.445508E+07  0.000000E+00  0.334173E+07
  0.129839E-04  0.334173E+07  0.334173E+07  0.445505E+07  0.445504E+07  0.000000E+00  0.334173E+07
  0.134240E-04  0.334173E+07  0.334173E+07  0.445501E+07  0.445500E+07  0.000000E+00  0.334173E+07
  0.138790E-04  0.334173E+07  0.334173E+07  0.445497E+07  0.445496E+07  0.000000E+00  0.334173E+07
  0.143494E-04  0.334173E+07  0.334173E+07  0.445492E+07  0.445491E+07  0.000000E+00  0.334173E+07
  0.148358E-04  0.334173E+07  0.334173E+07  0.445487E+07  0.445486E+07  0.000000E+00  0.334173E+07
  0.153386E-04  0.334172E+07  0.334172E+07  0.445482E+07  0.445481E+07  0.000000E+00  0.334172E+07
  0.158585E-04  0.334172E+07  0.334172E+07  0.445476E+07  0.445475E+07  0.000000E+00  0.334172E+07
  0.163961E-04  0.334172E+07  0.334172E+07  0.445470E+07  0.445469E+07  0.000000E+00  0.334172E+07
  0.169518E-04  0.334172E+07  0.334172E+07  0.445463E+07  0.445462E+07  0.000000E+00  0.334172E+07
  0.175264E-04  0.334172E+07  0.334172E+07  0.445456E+07  0.445455E+07  0.000000E+00  0.334172E+07
  0.181205E-04  0.334172E+07  0.334172E+07  0.445449E+07  0.445448E+07  0.000000E+00  0.334172E+07
  0.187347E-04  0.334172E+07  0.334172E+07  0.445441E+07  0.445440E+07  0.000000E+00  0.334172E+07
  0.193697E-04  0.334172E+07  0.334172E+07  0.445433E+07  0.445431E+07  0.000000E+00  0.334172E+07
  0.200262E-04  0.334172E+07  0.334172E+07  0.445423E+07  0.445422E+07  0.000000E+00  0.334172E+07
  0.207050E-04  0.334172E+07  0.334172E+07  0.445414E+07  0.445412E+07  0.000000E+00  0.334172E+07
  0.214068E-04  0.334172E+07  0.334172E+07  0.445403E+07  0.445402E+07  0.000000E+00  0.334172E+07
  0.221324E-04  0.334172E+07  0.334172E+07  0.445392E+07  0.445391E+07  0.000000E+00  0.334172E+07
  0.228826E-04  0.334172E+07  0.334172E+07  0.445380E+07  0.445379E+07  0.000000E+00  0.334172E+07
  0.236582E-04  0.334172E+07  0.334172E+07  0.445368E+07  0.445366E+07  0.000000E+00  0.334172E+07
  0.244601E-04  0.334172E+07  0.334172E+07  0.445354E+07  0.445352E+07  0.000000E+00  0.334172E+07
  0.252891E-04  0.334171E+07  0.334171E+07  0.445340E+07  0.445338E+07  0.000000E+00  0.334171E+07
  0.261463E-04  0.334171E+07  0.334171E+07  0.445324E+07  0.445322E+07  0.000000E+00  0.334171E+07
  0.270326E-04  0.334171E+07  0.334171E+07  0.445308E+07  0.445306E+07  0.000000E+00  0.334171E+07
  0.279488E-04  0.334171E+07  0.334171E+07  0.445290E+07  0.445288E+07  0.000000E+00  0.334171E+07
  0.288962E-04  0.334171E+07  0.334171E+07  0.445271E+07  0.445269E+07  0.000000E+00  0.334171E+07
  0.298756E-04  0.334171E+07  0.334171E+07  0.445251E+07  0.445248E+07  0.000000E+00  0.334171E+07
  0.308882E-04  0.334171E+07  0.334171E+07  0.445229E+07  0.445227E+07  0.000000E+00  0.334171E+07
  0.319352E-04  0.334170E+07  0.334170E+07  0.445206E+07  0.445203E+07  0.000000E+00  0.334170E+07
  0.330176E-04  0.334170E+07  0.334170E+07  0.445182E+07  0.445178E+07  0.000000E+00  0.334170E+07
  0.341368E-04  0.334170E+07  0.334170E+07  0.445155E+07  0.445152E+07  0.000000E+00  0.334170E+07
  0.352938E-04  0.334170E+07  0.334170E+07  0.445127E+07  0.445123E+07  0.000000E+00  0.334170E+07
  0.364901E-04  0.334170E+07  0.334170E+07  0.445097E+07  0.445093E+07  0.000000E+00  0.334170E+07
  0.377270E-04  0.334169E+07  0.334169E+07  0.445065E+07  0.445061E+07  0.000000E+00  0.334169E+07
  0.390057E-04  0.334169E+07  0.334169E+07  0.445030E+07  0.445026E+07  0.000000E+00  0.334169E+07
  0.403278E-04  0.334169E+07  0.334169E+07  0.444994E+07  0.444989E+07  0.000000E+00  0.334169E+07
  0.416948E-04  0.334168E+07  0.334168E+07  0.444954E+07  0.444949E+07  0.000000E+00  0.334168E+07
  0.431080E-04  0.334168E+07  0.334168E+07  0.444912E+07  0.444907E+07  0.000000E+00  0.334168E+07
  0.445692E-04  0.334168E+07  0.334168E+07  0.444868E+07  0.444861E+07  0.000000E+00  0.334168E+07
  0.460798E-04  0.334167E+07  0.334167E+07  0.444820E+07  0.444813E+07  0.000000E+00  0.334167E+07
  0.476417E-04  0.334167E+07  0.334167E+07  0.444768E+07  0.444761E+07  0.000000E+00  0.334167E+07
  0.492565E-04  0.334167E+07  0.334167E+07  0.444713E+07  0.444706E+07  0.000000E+00  0.334167E+07
  0.509261E-04  0.334166E+07  0.334166E+07  0.444655E+07  0.444647E+07  0.000000E+00  0.334166E+07
  0.526522E-04  0.334166E+07  0.334166E+07  0.444592E+07  0.444584E+07  0.000000E+00  0.334166E+07
  0.544369E-04  0.334165E+07  0.334165E+07  0.444525E+07  0.444516E+07  0.000000E+00  0.334165E+07
  0.562820E-04  0.334165E+07  0.334165E+07  0.444454E+07  0.444444E+07  0.000000E+00  0.334165E+07
  0.581897E-04  0.334164E+07  0.334164E+07  0.444377E+07  0.444367E+07  0.000000E+00  0.334164E+07
  0.601621E-04  0.334163E+07  0.334163E+07  0.444296E+07  0.444285E+07  0.000000E+00  0.334163E+07
  0.622013E-04  0.334163E+07  0.334163E+07  0.444208E+07  0.444196E+07  0.000000E+00  0.334163E+07
  0.643096E-04  0.334162E+07  0.334162E+07  0.444115E+07  0.444102E+07  0.000000E+00  0.334162E+07
  0.664894E-04  0.334161E+07  0.334161E+07  0.444015E+07  0.444002E+07  0.000000E+00  0.334161E+07
  0.687430E-04  0.334160E+07  0.334160E+07  0.443909E+07  0.443894E+07  0.000000E+00  0.334160E+07
  0.710731E-04  0.334159E+07  0.334159E+07  0.443795E+07  0.443779E+07  0.000000E+00  0.334159E+07
  0.734821E-04  0.334159E+07  0.334158E+07  0.443673E+07  0.443656E+07  0.000000E+00  0.334159E+07
  0.759728E-04  0.334158E+07  0.334157E+07  0.443543E+07  0.443525E+07  0.000000E+00  0.334158E+07
  0.785479E-04  0.334156E+07  0.334156E+07  0.443404E+07  0.443385E+07  0.000000E+00  0.334156E+07
  0.812103E-04  0.334155E+07  0.334155E+07  0.443255E+07  0.443235E+07  0.000000E+00  0.334155E+07
  0.839629E-04  0.334154E+07  0.334154E+07  0.443096E+07  0.443075E+07  0.000000E+00  0.334154E+07
  0.868089E-04  0.334153E+07  0.334153E+07  0.442927E+07  0.442904E+07  0.000000E+00  0.334153E+07
  0.897513E-04  0.334151E+07  0.334151E+07  0.442745E+07  0.442721E+07  0.000000E+00  0.334151E+07
  0.927934E-04  0.334150E+07  0.334150E+07  0.442552E+07  0.442526E+07  0.000000E+00  0.334150E+07
  0.959386E-04  0.334148E+07  0.334148E+07  0.442345E+07  0.442317E+07  0.000000E+00  0.334148E+07
  0.991905E-04  0.334147E+07  0.334146E+07  0.442124E+07  0.442094E+07  0.000000E+00  0.334147E+07
  0.102553E-03  0.334145E+07  0.334145E+07  0.441887E+07  0.441855E+07  0.000000E+00  0.334145E+07
  0.106029E-03  0.334143E+07  0.334143E+07  0.441635E+07  0.441601E+07  0.000000E+00  0.334143E+07
  0.109622E-03  0.334141E+07  0.334141E+07  0.441365E+07  0.441329E+07  0.000000E+00  0.334141E+07
  0.113338E-03  0.334138E+07  0.334138E+07  0.441077E+07  0.441038E+07  0.000000E+00  0.334138E+07
  0.117180E-03  0.334136E+07  0.334136E+07  0.440769E+07  0.440728E+07  0.000000E+00  0.334136E+07
  0.121152E-03  0.334133E+07  0.334133E+07  0.440441E+07  0.440396E+07  0.000000E+00  0.334133E+07
  0.125258E-03  0.334131E+07  0.334131E+07  0.440089E+07  0.440042E+07  0.000000E+00  0.334131E+07
  0.129504E-03  0.334128E+07  0.334128E+07  0.439714E+07  0.439664E+07  0.000000E+00  0.334128E+07
  0.133893E-03  0.334125E+07  0.334124E+07  0.439314E+07  0.439260E+07  0.000000E+00  0.334125E+07
  0.138431E-03  0.334121E+07  0.334121E+07  0.438886E+07  0.438828E+07  0.000000E+00  0.334121E+07
  0.143124E-03  0.334118E+07  0.334118E+07  0.438429E+07  0.438367E+07  0.000000E+00  0.334118E+07
  0.147975E-03  0.334114E+07  0.334114E+07  0.437941E+07  0.437875E+07  0.000000E+00  0.334114E+07
  0.152990E-03  0.334110E+07  0.334110E+07  0.437420E+07  0.437350E+07  0.000000E+00  0.334110E+07
  0.158176E-03  0.334106E+07  0.334105E+07  0.436864E+07  0.436789E+07  0.000000E+00  0.334106E+07
  0.163537E-03  0.334101E+07  0.334101E+07  0.436270E+07  0.436190E+07  0.000000E+00  0.334101E+07
  0.169081E-03  0.334096E+07  0.334096E+07  0.435636E+07  0.435550E+07  0.000000E+00  0.334096E+07
  0.174812E-03  0.334091E+07  0.334090E+07  0.434959E+07  0.434868E+07  0.000000E+00  0.334091E+07
  0.180737E-03  0.334085E+07  0.334085E+07  0.434236E+07  0.434139E+07  0.000000E+00  0.334085E+07
  0.186863E-03  0.334079E+07  0.334079E+07  0.433465E+07  0.433362E+07  0.000000E+00  0.334079E+07
  0.193197E-03  0.334072E+07  0.334072E+07  0.432643E+07  0.432532E+07  0.000000E+00  0.334072E+07
  0.199745E-03  0.334065E+07  0.334065E+07  0.431765E+07  0.431647E+07  0.000000E+00  0.334065E+07
  0.206515E-03  0.334058E+07  0.334058E+07  0.430828E+07  0.430703E+07  0.000000E+00  0.334058E+07
  0.213515E-03  0.334050E+07  0.334050E+07  0.429830E+07  0.429696E+07  0.000000E+00  0.334050E+07
  0.220752E-03  0.334042E+07  0.334041E+07  0.428764E+07  0.428621E+07  0.000000E+00  0.334042E+07
  0.228235E-03  0.334033E+07  0.334032E+07  0.427628E+07  0.427476E+07  0.000000E+00  0.334033E+07
  0.235971E-03  0.334023E+07  0.334022E+07  0.426417E+07  0.426254E+07  0.000000E+00  0.334023E+07
  0.243969E-03  0.334013E+07  0.334012E+07  0.425125E+07  0.424953E+07  0.000000E+00  0.334013E+07
  0.252239E-03  0.334002E+07  0.334001E+07  0.423749E+07  0.423565E+07  0.000000E+00  0.334002E+07
  0.260788E-03  0.333990E+07  0.333989E+07  0.422283E+07  0.422087E+07  0.000000E+00  0.333990E+07
  0.269628E-03  0.333977E+07  0.333977E+07  0.420720E+07  0.420512E+07  0.000000E+00  0.333977E+07
  0.278767E-03  0.333964E+07  0.333963E+07  0.419056E+07  0.418834E+07  0.000000E+00  0.333964E+07
  0.288216E-03  0.333950E+07  0.333949E+07  0.417284E+07  0.417048E+07  0.000000E+00  0.333950E+07
  0.297985E-03  0.333934E+07  0.333933E+07  0.415398E+07  0.415147E+07  0.000000E+00  0.333934E+07
  0.308085E-03  0.333918E+07  0.333917E+07  0.413390E+07  0.413123E+07  0.000000E+00  0.333918E+07
  0.318527E-03  0.333901E+07  0.333899E+07  0.411254E+07  0.410970E+07  0.000000E+00  0.333900E+07
  0.329324E-03  0.333882E+07  0.333881E+07  0.408982E+07  0.408681E+07  0.000000E+00  0.333882E+07
  0.340486E-03  0.333862E+07  0.333861E+07  0.406567E+07  0.406247E+07  0.000000E+00  0.333862E+07
  0.352027E-03  0.333841E+07  0.333839E+07  0.403999E+07  0.403660E+07  0.000000E+00  0.333840E+07
  0.363959E-03  0.333818E+07  0.333817E+07  0.401272E+07  0.400912E+07  0.000000E+00  0.333818E+07
  0.376296E-03  0.333794E+07  0.333792E+07  0.398376E+07  0.397994E+07  0.000000E+00  0.333793E+07
  0.389050E-03  0.333768E+07  0.333766E+07  0.395301E+07  0.394897E+07  0.000000E+00  0.333768E+07
  0.402237E-03  0.333740E+07  0.333738E+07  0.392040E+07  0.391612E+07  0.000000E+00  0.333740E+07
  0.415871E-03  0.333711E+07  0.333709E+07  0.388581E+07  0.388129E+07  0.000000E+00  0.333710E+07
  0.429967E-03  0.333679E+07  0.333677E+07  0.384916E+07  0.384438E+07  0.000000E+00  0.333679E+07
  0.444541E-03  0.333646E+07  0.333644E+07  0.381034E+07  0.380529E+07  0.000000E+00  0.333645E+07
  0.459609E-03  0.333610E+07  0.333608E+07  0.376926E+07  0.376392E+07  0.000000E+00  0.333609E+07
  0.475187E-03  0.333572E+07  0.333569E+07  0.372580E+07  0.372017E+07  0.000000E+00  0.333571E+07
  0.491294E-03  0.333531E+07  0.333528E+07  0.367987E+07  0.367394E+07  0.000000E+00  0.333530E+07
  0.507946E-03  0.333487E+07  0.333484E+07  0.363136E+07  0.362512E+07  0.000000E+00  0.333487E+07
  0.525163E-03  0.333441E+07  0.333438E+07  0.358018E+07  0.357362E+07  0.000000E+00  0.333440E+07
  0.542963E-03  0.333391E+07  0.333388E+07  0.352623E+07  0.351933E+07  0.000000E+00  0.333391E+07
  0.561367E-03  0.333338E+07  0.333335E+07  0.346940E+07  0.346217E+07  0.000000E+00  0.333338E+07
  0.580395E-03  0.333282E+07  0.333279E+07  0.340962E+07  0.340204E+07  0.000000E+00  0.333282E+07
  0.600067E-03  0.333222E+07  0.333218E+07  0.334680E+07  0.333888E+07  0.000000E+00  0.333222E+07
  0.620407E-03  0.333158E+07  0.333154E+07  0.328087E+07  0.327259E+07  0.000000E+00  0.333158E+07
  0.641435E-03  0.333090E+07  0.333086E+07  0.321176E+07  0.320313E+07  0.000000E+00  0.333090E+07
  0.663177E-03  0.333018E+07  0.333013E+07  0.313942E+07  0.313044E+07  0.000000E+00  0.333017E+07
  0.685655E-03  0.332941E+07  0.332936E+07  0.306382E+07  0.305449E+07  0.000000E+00  0.332940E+07
  0.708896E-03  0.332858E+07  0.332853E+07  0.298494E+07  0.297526E+07  0.000000E+00  0.332858E+07
  0.732924E-03  0.332771E+07  0.332765E+07  0.290278E+07  0.289277E+07  0.000000E+00  0.332770E+07
  0.757767E-03  0.332678E+07  0.332672E+07  0.281736E+07  0.280703E+07  0.000000E+00  0.332677E+07
  0.783451E-03  0.332579E+07  0.332572E+07  0.272875E+07  0.271811E+07  0.000000E+00  0.332578E+07
  0.810006E-03  0.332474E+07  0.332467E+07  0.263701E+07  0.262609E+07  0.000000E+00  0.332472E+07
  0.837462E-03  0.332362E+07  0.332354E+07  0.254227E+07  0.253109E+07  0.000000E+00  0.332360E+07
  0.865847E-03  0.332243E+07  0.332235E+07  0.244468E+07  0.243326E+07  0.000000E+00  0.332241E+07
  0.895195E-03  0.332116E+07  0.332108E+07  0.234443E+07  0.233282E+07  0.000000E+00  0.332115E+07
  0.925538E-03  0.331982E+07  0.331973E+07  0.224175E+07  0.222998E+07  0.000000E+00  0.331981E+07
  0.956909E-03  0.331840E+07  0.331830E+07  0.213693E+07  0.212505E+07  0.000000E+00  0.331838E+07
  0.989344E-03  0.331689E+07  0.331678E+07  0.203031E+07  0.201835E+07  0.000000E+00  0.331687E+07
  0.102288E-02  0.331528E+07  0.331517E+07  0.192225E+07  0.191028E+07  0.000000E+00  0.331527E+07
  0.105755E-02  0.331359E+07  0.331347E+07  0.181320E+07  0.180126E+07  0.000000E+00  0.331357E+07
  0.109339E-02  0.331179E+07  0.331166E+07  0.170364E+07  0.169179E+07  0.000000E+00  0.331176E+07
  0.113045E-02  0.330988E+07  0.330974E+07  0.159411E+07  0.158241E+07  0.000000E+00  0.330986E+07
  0.116877E-02  0.330786E+07  0.330772E+07  0.148520E+07  0.147370E+07  0.000000E+00  0.330784E+07
  0.120839E-02  0.330573E+07  0.330557E+07  0.137753E+07  0.136630E+07  0.000000E+00  0.330570E+07
  0.124935E-02  0.330347E+07  0.330331E+07  0.127178E+07  0.126086E+07  0.000000E+00  0.330344E+07
  0.129169E-02  0.330109E+07  0.330091E+07  0.116864E+07  0.115807E+07  0.000000E+00  0.330106E+07
  0.133547E-02  0.329857E+07  0.329838E+07  0.106884E+07  0.105866E+07  0.000000E+00  0.329854E+07
  0.138074E-02  0.329591E+07  0.329571E+07  0.973077E+06  0.963309E+06  0.000000E+00  0.329588E+07
  0.142754E-02  0.329311E+07  0.329290E+07  0.882073E+06  0.872726E+06  0.000000E+00  0.329307E+07
  0.147593E-02  0.329016E+07  0.328993E+07  0.796499E+06  0.787562E+06  0.000000E+00  0.329012E+07
  0.152595E-02  0.328705E+07  0.328680E+07  0.716974E+06  0.708418E+06  0.000000E+00  0.328701E+07
  0.157768E-02  0.328378E+07  0.328351E+07  0.644042E+06  0.635813E+06  0.000000E+00  0.328373E+07
  0.163115E-02  0.328033E+07  0.328005E+07  0.578140E+06  0.570163E+06  0.000000E+00  0.328029E+07
  0.168644E-02  0.327672E+07  0.327642E+07  0.519580E+06  0.511754E+06  0.000000E+00  0.327667E+07
  0.174360E-02  0.327292E+07  0.327260E+07  0.468518E+06  0.460719E+06  0.000000E+00  0.327286E+07
  0.180270E-02  0.326893E+07  0.326859E+07  0.424938E+06  0.417021E+06  0.000000E+00  0.326887E+07
  0.186380E-02  0.326475E+07  0.326439E+07  0.388631E+06  0.380436E+06  0.000000E+00  0.326469E+07
  0.192698E-02  0.326037E+07  0.325998E+07  0.359183E+06  0.350544E+06  0.000000E+00  0.326031E+07
  0.199229E-02  0.325578E+07  0.325537E+07  0.335981E+06  0.326733E+06  0.000000E+00  0.325571E+07
  0.205982E-02  0.325098E+07  0.325054E+07  0.318216E+06  0.308208E+06  0.000000E+00  0.325091E+07
  0.212964E-02  0.324596E+07  0.324549E+07  0.304910E+06  0.294021E+06  0.000000E+00  0.324588E+07
  0.220183E-02  0.324072E+07  0.324021E+07  0.294950E+06  0.283107E+06  0.000000E+00  0.324063E+07
  0.227646E-02  0.323524E+07  0.323470E+07  0.287148E+06  0.274338E+06  0.000000E+00  0.323515E+07
  0.235362E-02  0.322952E+07  0.322894E+07  0.280300E+06  0.266589E+06  0.000000E+00  0.322942E+07
  0.243339E-02  0.322355E+07  0.322293E+07  0.273267E+06  0.258814E+06  0.000000E+00  0.322345E+07
  0.251587E-02  0.321733E+07  0.321667E+07  0.265062E+06  0.250121E+06  0.000000E+00  0.321722E+07
  0.260115E-02  0.321085E+07  0.321014E+07  0.254926E+06  0.239849E+06  0.000000E+00  0.321073E+07
  0.268932E-02  0.320410E+07  0.320335E+07  0.242406E+06  0.227633E+06  0.000000E+00  0.320397E+07
  0.278047E-02  0.319707E+07  0.319627E+07  0.227409E+06  0.213440E+06  0.000000E+00  0.319693E+07
  0.287471E-02  0.318975E+07  0.318890E+07  0.210218E+06  0.197581E+06  0.000000E+00  0.318961E+07
  0.297215E-02  0.318214E+07  0.318123E+07  0.191475E+06  0.180678E+06  0.000000E+00  0.318199E+07
  0.307289E-02  0.317423E+07  0.317326E+07  0.172115E+06  0.163594E+06  0.000000E+00  0.317407E+07
  0.317705E-02  0.316601E+07  0.316497E+07  0.153254E+06  0.147309E+06  0.000000E+00  0.316583E+07
  0.328474E-02  0.315746E+07  0.315636E+07  0.136028E+06  0.132778E+06  0.000000E+00  0.315728E+07
  0.339607E-02  0.314859E+07  0.314741E+07  0.121423E+06  0.120770E+06  0.000000E+00  0.314840E+07
  0.351118E-02  0.313938E+07  0.313812E+07  0.110096E+06  0.111713E+06  0.000000E+00  0.313917E+07
  0.363020E-02  0.312983E+07  0.312848E+07  0.102232E+06  0.105596E+06  0.000000E+00  0.312961E+07
  0.375324E-02  0.311992E+07  0.311848E+07  0.974840E+05  0.101935E+06  0.000000E+00  0.311968E+07
  0.388046E-02  0.310964E+07  0.310811E+07  0.000000E+00  0.000000E+00  0.000000E+00  0.310939E+07
  0.401199E-02  0.309900E+07  0.309736E+07  0.000000E+00  0.000000E+00  0.000000E+00  0.309872E+07
  0.414797E-02  0.308797E+07  0.308622E+07  0.000000E+00  0.000000E+00  0.000000E+00  0.308768E+07
  0.428857E-02  0.307654E+07  0.307469E+07  0.000000E+00  0.000000E+00  0.000000E+00  0.307624E+07
  0.443393E-02  0.306472E+07  0.306274E+07  0.000000E+00  0.000000E+00  0.000000E+00  0.306439E+07
  0.458422E-02  0.305249E+07  0.305038E+07  0.000000E+00  0.000000E+00  0.000000E+00  0.305214E+07
  0.473960E-02  0.303984E+07  0.303759E+07  0.000000E+00  0.000000E+00  0.000000E+00  0.303946E+07
  0.490025E-02  0.302676E+07  0.302436E+07  0.000000E+00  0.000000E+00  0.000000E+00  0.302636E+07
  0.506635E-02  0.301324E+07  0.301069E+07  0.000000E+00  0.000000E+00  0.000000E+00  0.301282E+07
  0.523807E-02  0.299928E+07  0.299655E+07  0.000000E+00  0.000000E+00  0.000000E+00  0.299882E+07
  0.541562E-02  0.298485E+07  0.298195E+07  0.000000E+00  0.000000E+00  0.000000E+00  0.298437E+07
  0.559918E-02  0.296997E+07  0.296688E+07  0.000000E+00  0.000000E+00  0.000000E+00  0.296945E+07
  0.578897E-02  0.295460E+07  0.295131E+07  0.000000E+00  0.000000E+00  0.000000E+00  0.295405E+07
  0.598518E-02  0.293875E+07  0.293525E+07  0.000000E+00  0.000000E+00  0.000000E+00  0.293817E+07
  0.618805E-02  0.292241E+07  0.291868E+07  0.000000E+00  0.000000E+00  0.000000E+00  0.292179E+07
  0.639780E-02  0.290556E+07  0.290159E+07  0.000000E+00  0.000000E+00  0.000000E+00  0.290490E+07
  0.661465E-02  0.288820E+07  0.288397E+07  0.000000E+00  0.000000E+00  0.000000E+00  0.288750E+07
  0.683885E-02  0.287032E+07  0.286582E+07  0.000000E+00  0.000000E+00  0.000000E+00  0.286957E+07
  0.707066E-02  0.285190E+07  0.284711E+07  0.000000E+00  0.000000E+00  0.000000E+00  0.285110E+07
  0.731032E-02  0.283294E+07  0.282784E+07  0.000000E+00  0.000000E+00  0.000000E+00  0.283209E+07
  0.755810E-02  0.281343E+07  0.280801E+07  0.000000E+00  0.000000E+00  0.000000E+00  0.281252E+07
  0.781428E-02  0.279335E+07  0.278759E+07  0.000000E+00  0.000000E+00  0.000000E+00  0.279239E+07
  0.807915E-02  0.277271E+07  0.276658E+07  0.000000E+00  0.000000E+00  0.000000E+00  0.277169E+07
  0.835299E-02  0.275148E+07  0.274498E+07  0.000000E+00  0.000000E+00  0.000000E+00  0.275040E+07
  0.863612E-02  0.272967E+07  0.272275E+07  0.000000E+00  0.000000E+00  0.000000E+00  0.272852E+07
  0.892884E-02  0.270725E+07  0.269991E+07  0.000000E+00  0.000000E+00  0.000000E+00  0.270603E+07
  0.923149E-02  0.268423E+07  0.267643E+07  0.000000E+00  0.000000E+00  0.000000E+00  0.268293E+07
  0.954439E-02  0.266058E+07  0.265230E+07  0.000000E+00  0.000000E+00  0.000000E+00  0.265920E+07
  0.986790E-02  0.263631E+07  0.262752E+07  0.000000E+00  0.000000E+00  0.000000E+00  0.263485E+07
  0.102024E-01  0.261140E+07  0.260208E+07  0.000000E+00  0.000000E+00  0.000000E+00  0.260985E+07
  0.105482E-01  0.258584E+07  0.257596E+07  0.000000E+00  0.000000E+00  0.000000E+00  0.258419E+07
  0.109057E-01  0.255963E+07  0.254915E+07  0.000000E+00  0.000000E+00  0.000000E+00  0.255788E+07
  0.112754E-01  0.253275E+07  0.252164E+07  0.000000E+00  0.000000E+00  0.000000E+00  0.253090E+07
  0.116575E-01  0.250519E+07  0.249344E+07  0.000000E+00  0.000000E+00  0.000000E+00  0.250323E+07
  0.120527E-01  0.247696E+07  0.246451E+07  0.000000E+00  0.000000E+00  0.000000E+00  0.247488E+07
  0.124612E-01  0.244803E+07  0.243487E+07  0.000000E+00  0.000000E+00  0.000000E+00  0.244584E+07
  0.128836E-01  0.241841E+07  0.240449E+07  0.000000E+00  0.000000E+00  0.000000E+00  0.241609E+07
  0.133203E-01  0.238809E+07  0.237337E+07  0.000000E+00  0.000000E+00  0.000000E+00  0.238564E+07
  0.137718E-01  0.235705E+07  0.234151E+07  0.000000E+00  0.000000E+00  0.000000E+00  0.235446E+07
  0.142386E-01  0.232531E+07  0.230890E+07  0.000000E+00  0.000000E+00  0.000000E+00  0.232257E+07
  0.147212E-01  0.229284E+07  0.227554E+07  0.000000E+00  0.000000E+00  0.000000E+00  0.228996E+07
  0.152202E-01  0.225966E+07  0.224142E+07  0.000000E+00  0.000000E+00  0.000000E+00  0.225662E+07
  0.157360E-01  0.222575E+07  0.220655E+07  0.000000E+00  0.000000E+00  0.000000E+00  0.222255E+07
  0.162694E-01  0.219113E+07  0.217092E+07  0.000000E+00  0.000000E+00  0.000000E+00  0.218776E+07
  0.168209E-01  0.215579E+07  0.213455E+07  0.000000E+00  0.000000E+00  0.000000E+00  0.215225E+07
  0.173910E-01  0.211974E+07  0.209744E+07  0.000000E+00  0.000000E+00  0.000000E+00  0.211602E+07
  0.179805E-01  0.208299E+07  0.205959E+07  0.000000E+00  0.000000E+00  0.000000E+00  0.207909E+07
  0.185899E-01  0.204556E+07  0.202103E+07  0.000000E+00  0.000000E+00  0.000000E+00  0.204147E+07
  0.192200E-01  0.200745E+07  0.198178E+07  0.000000E+00  0.000000E+00  0.000000E+00  0.200317E+07
  0.198715E-01  0.196869E+07  0.194185E+07  0.000000E+00  0.000000E+00  0.000000E+00  0.196421E+07
  0.205450E-01  0.192930E+07  0.190129E+07  0.000000E+00  0.000000E+00  0.000000E+00  0.192463E+07
  0.212414E-01  0.188931E+07  0.186011E+07  0.000000E+00  0.000000E+00  0.000000E+00  0.188444E+07
  0.219614E-01  0.184875E+07  0.181837E+07  0.000000E+00  0.000000E+00  0.000000E+00  0.184369E+07
  0.227058E-01  0.180768E+07  0.177611E+07  0.000000E+00  0.000000E+00  0.000000E+00  0.180242E+07
  0.234754E-01  0.176613E+07  0.173338E+07  0.000000E+00  0.000000E+00  0.000000E+00  0.176067E+07
  0.242711E-01  0.172416E+07  0.169026E+07  0.000000E+00  0.000000E+00  0.000000E+00  0.171851E+07
  0.250938E-01  0.168183E+07  0.164681E+07  0.000000E+00  0.000000E+00  0.000000E+00  0.167599E+07
  0.259443E-01  0.163921E+07  0.160311E+07  0.000000E+00  0.000000E+00  0.000000E+00  0.163319E+07
  0.268237E-01  0.159638E+07  0.155926E+07  0.000000E+00  0.000000E+00  0.000000E+00  0.159019E+07
  0.277329E-01  0.155342E+07  0.151535E+07  0.000000E+00  0.000000E+00  0.000000E+00  0.154708E+07
  0.286729E-01  0.151044E+07  0.147149E+07  0.000000E+00  0.000000E+00  0.000000E+00  0.150395E+07
  0.296448E-01  0.146753E+07  0.142781E+07  0.000000E+00  0.000000E+00  0.000000E+00  0.146091E+07
  0.306496E-01  0.142480E+07  0.138442E+07  0.000000E+00  0.000000E+00  0.000000E+00  0.141807E+07
  0.316885E-01  0.138238E+07  0.134146E+07  0.000000E+00  0.000000E+00  0.000000E+00  0.137556E+07
  0.327626E-01  0.134040E+07  0.129908E+07  0.000000E+00  0.000000E+00  0.000000E+00  0.133351E+07
  0.338731E-01  0.130630E+07  0.126474E+07  0.000000E+00  0.000000E+00  0.000000E+00  0.129937E+07
  0.350212E-01  0.126581E+07  0.122419E+07  0.000000E+00  0.000000E+00  0.000000E+00  0.125888E+07
  0.362083E-01  0.122559E+07  0.118409E+07  0.000000E+00  0.000000E+00  0.000000E+00  0.121868E+07
  0.374355E-01  0.118626E+07  0.114509E+07  0.000000E+00  0.000000E+00  0.000000E+00  0.117940E+07
  0.387044E-01  0.114799E+07  0.110735E+07  0.000000E+00  0.000000E+00  0.000000E+00  0.114122E+07
  0.400163E-01  0.111093E+07  0.107104E+07  0.000000E+00  0.000000E+00  0.000000E+00  0.110428E+07
  0.413727E-01  0.107522E+07  0.103629E+07  0.000000E+00  0.000000E+00  0.000000E+00  0.106873E+07
  0.427750E-01  0.104096E+07  0.100322E+07  0.000000E+00  0.000000E+00  0.000000E+00  0.103467E+07
  0.442248E-01  0.100396E+07  0.967615E+06  0.000000E+00  0.000000E+00  0.000000E+00  0.997900E+06
  0.457238E-01  0.972820E+06  0.938076E+06  0.000000E+00  0.000000E+00  0.000000E+00  0.967029E+06
  0.472737E-01  0.943260E+06  0.910295E+06  0.000000E+00  0.000000E+00  0.000000E+00  0.937766E+06
  0.488760E-01  0.915225E+06  0.884197E+06  0.000000E+00  0.000000E+00  0.000000E+00  0.910054E+06
  0.505327E-01  0.888627E+06  0.859660E+06  0.000000E+00  0.000000E+00  0.000000E+00  0.883799E+06
  0.522455E-01  0.863360E+06  0.836539E+06  0.000000E+00  0.000000E+00  0.000000E+00  0.858890E+06
  0.540163E-01  0.841542E+06  0.816904E+06  0.000000E+00  0.000000E+00  0.000000E+00  0.837436E+06
  0.558473E-01  0.818456E+06  0.795993E+06  0.000000E+00  0.000000E+00  0.000000E+00  0.814712E+06
  0.577402E-01  0.796266E+06  0.775914E+06  0.000000E+00  0.000000E+00  0.000000E+00  0.792874E+06
  0.596973E-01  0.774793E+06  0.756431E+06  0.000000E+00  0.000000E+00  0.000000E+00  0.771732E+06
  0.617207E-01  0.753815E+06  0.737265E+06  0.000000E+00  0.000000E+00  0.000000E+00  0.751056E+06
  0.638128E-01  0.731540E+06  0.716574E+06  0.000000E+00  0.000000E+00  0.000000E+00  0.729045E+06
  0.659757E-01  0.710673E+06  0.697012E+06  0.000000E+00  0.000000E+00  0.000000E+00  0.708396E+06
  0.682120E-01  0.689433E+06  0.676764E+06  0.000000E+00  0.000000E+00  0.000000E+00  0.687322E+06
  0.705240E-01  0.667591E+06  0.655579E+06  0.000000E+00  0.000000E+00  0.000000E+00  0.665589E+06
  0.729144E-01  0.645485E+06  0.633789E+06  0.000000E+00  0.000000E+00  0.000000E+00  0.643536E+06
  0.753859E-01  0.622316E+06  0.610616E+06  0.000000E+00  0.000000E+00  0.000000E+00  0.620366E+06
  0.779411E-01  0.598530E+06  0.586543E+06  0.000000E+00  0.000000E+00  0.000000E+00  0.596532E+06
  0.805829E-01  0.574260E+06  0.561763E+06  0.000000E+00  0.000000E+00  0.000000E+00  0.572177E+06
  0.833143E-01  0.549675E+06  0.536525E+06  0.000000E+00  0.000000E+00  0.000000E+00  0.547483E+06
  0.861383E-01  0.525018E+06  0.511169E+06  0.000000E+00  0.000000E+00  0.000000E+00  0.522710E+06
  0.890579E-01  0.500648E+06  0.486158E+06  0.000000E+00  0.000000E+00  0.000000E+00  0.498233E+06
  0.920766E-01  0.477039E+06  0.462071E+06  0.000000E+00  0.000000E+00  0.000000E+00  0.474544E+06
  0.951975E-01  0.454721E+06  0.439531E+06  0.000000E+00  0.000000E+00  0.000000E+00  0.452190E+06
  0.984242E-01  0.434166E+06  0.419082E+06  0.000000E+00  0.000000E+00  0.000000E+00  0.431652E+06
  0.101760E+00  0.415684E+06  0.401068E+06  0.000000E+00  0.000000E+00  0.000000E+00  0.413248E+06
  0.105209E+00  0.399353E+06  0.385563E+06  0.000000E+00  0.000000E+00  0.000000E+00  0.397055E+06
  0.108776E+00  0.385008E+06  0.372347E+06  0.000000E+00  0.000000E+00  0.000000E+00  0.382897E+06
  0.112463E+00  0.372281E+06  0.360955E+06  0.000000E+00  0.000000E+00  0.000000E+00  0.370393E+06
  0.116274E+00  0.360708E+06  0.350793E+06  0.000000E+00  0.000000E+00  0.000000E+00  0.359056E+06
  0.120216E+00  0.349786E+06  0.341206E+06  0.000000E+00  0.000000E+00  0.000000E+00  0.348356E+06
  0.124290E+00  0.338947E+06  0.331481E+06  0.000000E+00  0.000000E+00  0.000000E+00  0.337702E+06
  0.128503E+00  0.327575E+06  0.320889E+06  0.000000E+00  0.000000E+00  0.000000E+00  0.326460E+06
  0.132859E+00  0.315197E+06  0.308896E+06  0.000000E+00  0.000000E+00  0.000000E+00  0.314147E+06
  0.137362E+00  0.301695E+06  0.295396E+06  0.000000E+00  0.000000E+00  0.000000E+00  0.300646E+06
  0.142018E+00  0.287320E+06  0.280726E+06  0.000000E+00  0.000000E+00  0.000000E+00  0.286221E+06
  0.146832E+00  0.272575E+06  0.265538E+06  0.000000E+00  0.000000E+00  0.000000E+00  0.271403E+06
  0.151809E+00  0.258117E+06  0.250669E+06  0.000000E+00  0.000000E+00  0.000000E+00  0.256875E+06
  0.156954E+00  0.244622E+06  0.236965E+06  0.000000E+00  0.000000E+00  0.000000E+00  0.243346E+06
  0.162274E+00  0.232656E+06  0.225106E+06  0.000000E+00  0.000000E+00  0.000000E+00  0.231398E+06
  0.167774E+00  0.222537E+06  0.215436E+06  0.000000E+00  0.000000E+00  0.000000E+00  0.221353E+06
  0.173461E+00  0.214130E+06  0.207744E+06  0.000000E+00  0.000000E+00  0.000000E+00  0.213066E+06
  0.179341E+00  0.206845E+06  0.201282E+06  0.000000E+00  0.000000E+00  0.000000E+00  0.205918E+06
  0.185419E+00  0.199866E+06  0.195042E+06  0.000000E+00  0.000000E+00  0.000000E+00  0.199062E+06
  0.191704E+00  0.192425E+06  0.188095E+06  0.000000E+00  0.000000E+00  0.000000E+00  0.191704E+06
  0.198202E+00  0.184120E+06  0.179969E+06  0.000000E+00  0.000000E+00  0.000000E+00  0.183428E+06
  0.204920E+00  0.175027E+06  0.170792E+06  0.000000E+00  0.000000E+00  0.000000E+00  0.174321E+06
  0.211866E+00  0.165634E+06  0.161205E+06  0.000000E+00  0.000000E+00  0.000000E+00  0.164896E+06
  0.219047E+00  0.156682E+06  0.152132E+06  0.000000E+00  0.000000E+00  0.000000E+00  0.155924E+06
  0.226472E+00  0.148835E+06  0.144375E+06  0.000000E+00  0.000000E+00  0.000000E+00  0.148092E+06
  0.234148E+00  0.142282E+06  0.138141E+06  0.000000E+00  0.000000E+00  0.000000E+00  0.141592E+06
  0.242084E+00  0.136698E+06  0.133005E+06  0.000000E+00  0.000000E+00  0.000000E+00  0.136083E+06
  0.250290E+00  0.131453E+06  0.128168E+06  0.000000E+00  0.000000E+00  0.000000E+00  0.130905E+06
  0.258774E+00  0.125866E+06  0.122821E+06  0.000000E+00  0.000000E+00  0.000000E+00  0.125359E+06
  0.267545E+00  0.119738E+06  0.116743E+06  0.000000E+00  0.000000E+00  0.000000E+00  0.119239E+06
  0.276613E+00  0.113418E+06  0.110384E+06  0.000000E+00  0.000000E+00  0.000000E+00  0.112912E+06
  0.285989E+00  0.107466E+06  0.104446E+06  0.000000E+00  0.000000E+00  0.000000E+00  0.106962E+06
  0.295683E+00  0.102292E+06  0.994179E+05  0.000000E+00  0.000000E+00  0.000000E+00  0.101813E+06
  0.305705E+00  0.978291E+05  0.951990E+05  0.000000E+00  0.000000E+00  0.000000E+00  0.973908E+05
  0.316067E+00  0.936328E+05  0.912317E+05  0.000000E+00  0.000000E+00  0.000000E+00  0.932326E+05
  0.326780E+00  0.892881E+05  0.870165E+05  0.000000E+00  0.000000E+00  0.000000E+00  0.889095E+05
  0.337856E+00  0.847510E+05  0.825222E+05  0.000000E+00  0.000000E+00  0.000000E+00  0.843795E+05
  0.349308E+00  0.803653E+05  0.781785E+05  0.000000E+00  0.000000E+00  0.000000E+00  0.800008E+05
  0.361147E+00  0.764218E+05  0.743404E+05  0.000000E+00  0.000000E+00  0.000000E+00  0.760749E+05
  0.373389E+00  0.728908E+05  0.709587E+05  0.000000E+00  0.000000E+00  0.000000E+00  0.725688E+05
  0.386045E+00  0.694895E+05  0.676832E+05  0.000000E+00  0.000000E+00  0.000000E+00  0.691885E+05
  0.399130E+00  0.660466E+05  0.643131E+05  0.000000E+00  0.000000E+00  0.000000E+00  0.657576E+05
  0.412659E+00  0.626687E+05  0.609907E+05  0.000000E+00  0.000000E+00  0.000000E+00  0.623890E+05
  0.426645E+00  0.595497E+05  0.579524E+05  0.000000E+00  0.000000E+00  0.000000E+00  0.592835E+05
  0.441107E+00  0.566775E+05  0.551787E+05  0.000000E+00  0.000000E+00  0.000000E+00  0.564277E+05
  0.456058E+00  0.539058E+05  0.524888E+05  0.000000E+00  0.000000E+00  0.000000E+00  0.536696E+05
  0.471516E+00  0.511806E+05  0.498235E+05  0.000000E+00  0.000000E+00  0.000000E+00  0.509544E+05
  0.487498E+00  0.485894E+05  0.472941E+05  0.000000E+00  0.000000E+00  0.000000E+00  0.483735E+05
  0.504022E+00  0.461752E+05  0.449512E+05  0.000000E+00  0.000000E+00  0.000000E+00  0.459712E+05
  0.521106E+00  0.438720E+05  0.427134E+05  0.000000E+00  0.000000E+00  0.000000E+00  0.436789E+05
  0.538769E+00  0.416442E+05  0.405402E+05  0.000000E+00  0.000000E+00  0.000000E+00  0.414602E+05
  0.557030E+00  0.395280E+05  0.384785E+05  0.000000E+00  0.000000E+00  0.000000E+00  0.393531E+05
  0.575911E+00  0.375320E+05  0.365383E+05  0.000000E+00  0.000000E+00  0.000000E+00  0.373663E+05
  0.595431E+00  0.356231E+05  0.346801E+05  0.000000E+00  0.000000E+00  0.000000E+00  0.354659E+05
  0.615614E+00  0.337987E+05  0.329026E+05  0.000000E+00  0.000000E+00  0.000000E+00  0.336494E+05
  0.636481E+00  0.320705E+05  0.312209E+05  0.000000E+00  0.000000E+00  0.000000E+00  0.319289E+05
  0.658054E+00  0.304261E+05  0.296205E+05  0.000000E+00  0.000000E+00  0.000000E+00  0.302918E+05
  0.680359E+00  0.288584E+05  0.280938E+05  0.000000E+00  0.000000E+00  0.000000E+00  0.287309E+05
  0.703419E+00  0.273699E+05  0.266450E+05  0.000000E+00  0.000000E+00  0.000000E+00  0.272491E+05
  0.727262E+00  0.259543E+05  0.252670E+05  0.000000E+00  0.000000E+00  0.000000E+00  0.258398E+05
  0.751912E+00  0.246078E+05  0.239561E+05  0.000000E+00  0.000000E+00  0.000000E+00  0.244992E+05
  0.777399E+00  0.233286E+05  0.227109E+05  0.000000E+00  0.000000E+00  0.000000E+00  0.232256E+05
  0.803749E+00  0.221125E+05  0.215270E+05  0.000000E+00  0.000000E+00  0.000000E+00  0.220149E+05
  0.830992E+00  0.209571E+05  0.204022E+05  0.000000E+00  0.000000E+00  0.000000E+00  0.208646E+05
  0.859158E+00  0.198596E+05  0.193338E+05  0.000000E+00  0.000000E+00  0.000000E+00  0.197719E+05
  0.888280E+00  0.188171E+05  0.183189E+05  0.000000E+00  0.000000E+00  0.000000E+00  0.187341E+05
  0.918388E+00  0.178272E+05  0.173553E+05  0.000000E+00  0.000000E+00  0.000000E+00  0.177486E+05
  0.949517E+00  0.168873E+05  0.164403E+05  0.000000E+00  0.000000E+00  0.000000E+00  0.168128E+05
  0.981700E+00  0.159951E+05  0.155717E+05  0.000000E+00  0.000000E+00  0.000000E+00  0.159246E+05
  0.101498E+01  0.151481E+05  0.147471E+05  0.000000E+00  0.000000E+00  0.000000E+00  0.150813E+05
  0.104938E+01  0.143442E+05  0.139646E+05  0.000000E+00  0.000000E+00  0.000000E+00  0.142809E+05
  0.108495E+01  0.135814E+05  0.132219E+05  0.000000E+00  0.000000E+00  0.000000E+00  0.135215E+05
  0.112172E+01  0.128576E+05  0.125173E+05  0.000000E+00  0.000000E+00  0.000000E+00  0.128009E+05
  0.115974E+01  0.121712E+05  0.118490E+05  0.000000E+00  0.000000E+00  0.000000E+00  0.121175E+05
  0.119905E+01  0.115200E+05  0.112152E+05  0.000000E+00  0.000000E+00  0.000000E+00  0.114692E+05
  0.123969E+01  0.109026E+05  0.106141E+05  0.000000E+00  0.000000E+00  0.000000E+00  0.108545E+05
  0.128171E+01  0.103171E+05  0.100441E+05  0.000000E+00  0.000000E+00  0.000000E+00  0.102716E+05
  0.132516E+01  0.976203E+04  0.950371E+04  0.000000E+00  0.000000E+00  0.000000E+00  0.971898E+04
  0.137007E+01  0.923587E+04  0.899148E+04  0.000000E+00  0.000000E+00  0.000000E+00  0.919514E+04
  0.141651E+01  0.873716E+04  0.850597E+04  0.000000E+00  0.000000E+00  0.000000E+00  0.869863E+04
  0.146453E+01  0.826453E+04  0.804585E+04  0.000000E+00  0.000000E+00  0.000000E+00  0.822808E+04
  0.151417E+01  0.781668E+04  0.760986E+04  0.000000E+00  0.000000E+00  0.000000E+00  0.778221E+04
  0.156549E+01  0.739231E+04  0.719672E+04  0.000000E+00  0.000000E+00  0.000000E+00  0.735971E+04
  0.161855E+01  0.699036E+04  0.680541E+04  0.000000E+00  0.000000E+00  0.000000E+00  0.695954E+04
  0.167341E+01  0.660965E+04  0.643477E+04  0.000000E+00  0.000000E+00  0.000000E+00  0.658050E+04
  0.173013E+01  0.624910E+04  0.608376E+04  0.000000E+00  0.000000E+00  0.000000E+00  0.622154E+04
  0.178878E+01  0.590766E+04  0.575136E+04  0.000000E+00  0.000000E+00  0.000000E+00  0.588161E+04
  0.184941E+01  0.558435E+04  0.543661E+04  0.000000E+00  0.000000E+00  0.000000E+00  0.555973E+04
  0.191209E+01  0.527827E+04  0.513862E+04  0.000000E+00  0.000000E+00  0.000000E+00  0.525499E+04
  0.197690E+01  0.498850E+04  0.485653E+04  0.000000E+00  0.000000E+00  0.000000E+00  0.496651E+04
  0.204391E+01  0.471423E+04  0.458951E+04  0.000000E+00  0.000000E+00  0.000000E+00  0.469344E+04
  0.211319E+01  0.445466E+04  0.433681E+04  0.000000E+00  0.000000E+00  0.000000E+00  0.443502E+04
  0.218481E+01  0.420904E+04  0.409769E+04  0.000000E+00  0.000000E+00  0.000000E+00  0.419049E+04
  0.225887E+01  0.397663E+04  0.387143E+04  0.000000E+00  0.000000E+00  0.000000E+00  0.395910E+04
  0.233543E+01  0.375675E+04  0.365736E+04  0.000000E+00  0.000000E+00  0.000000E+00  0.374018E+04
  0.241459E+01  0.354872E+04  0.345484E+04  0.000000E+00  0.000000E+00  0.000000E+00  0.353307E+04
  0.249644E+01  0.335194E+04  0.326326E+04  0.000000E+00  0.000000E+00  0.000000E+00  0.333716E+04
  0.258105E+01  0.316581E+04  0.308206E+04  0.000000E+00  0.000000E+00  0.000000E+00  0.315186E+04
  0.266854E+01  0.298980E+04  0.291071E+04  0.000000E+00  0.000000E+00  0.000000E+00  0.297662E+04
  0.275899E+01  0.282336E+04  0.274867E+04  0.000000E+00  0.000000E+00  0.000000E+00  0.281091E+04
  0.285251E+01  0.266598E+04  0.259545E+04  0.000000E+00  0.000000E+00  0.000000E+00  0.265423E+04
  0.294919E+01  0.251720E+04  0.245060E+04  0.000000E+00  0.000000E+00  0.000000E+00  0.250610E+04
  0.304916E+01  0.237652E+04  0.231364E+04  0.000000E+00  0.000000E+00  0.000000E+00  0.236604E+04
  0.315251E+01  0.224354E+04  0.218419E+04  0.000000E+00  0.000000E+00  0.000000E+00  0.223365E+04
  0.325936E+01  0.211786E+04  0.206182E+04  0.000000E+00  0.000000E+00  0.000000E+00  0.210852E+04
  0.336984E+01  0.199908E+04  0.194619E+04  0.000000E+00  0.000000E+00  0.000000E+00  0.199026E+04
  0.348406E+01  0.188683E+04  0.183691E+04  0.000000E+00  0.000000E+00  0.000000E+00  0.187851E+04
  0.360215E+01  0.178076E+04  0.173364E+04  0.000000E+00  0.000000E+00  0.000000E+00  0.177291E+04
  0.372425E+01  0.168053E+04  0.163607E+04  0.000000E+00  0.000000E+00  0.000000E+00  0.167312E+04
  0.385048E+01  0.158584E+04  0.154388E+04  0.000000E+00  0.000000E+00  0.000000E+00  0.157885E+04
  0.398099E+01  0.149638E+04  0.145679E+04  0.000000E+00  0.000000E+00  0.000000E+00  0.148978E+04
  0.411593E+01  0.141189E+04  0.137453E+04  0.000000E+00  0.000000E+00  0.000000E+00  0.140566E+04
  0.425544E+01  0.133208E+04  0.129682E+04  0.000000E+00  0.000000E+00  0.000000E+00  0.132620E+04
  0.439968E+01  0.125670E+04  0.122344E+04  0.000000E+00  0.000000E+00  0.000000E+00  0.125115E+04
  0.454881E+01  0.118550E+04  0.115412E+04  0.000000E+00  0.000000E+00  0.000000E+00  0.118027E+04
  0.470299E+01  0.111827E+04  0.108867E+04  0.000000E+00  0.000000E+00  0.000000E+00  0.111334E+04
  0.486240E+01  0.105479E+04  0.102687E+04  0.000000E+00  0.000000E+00  0.000000E+00  0.105014E+04
  0.502721E+01  0.994860E+03  0.968523E+03  0.000000E+00  0.000000E+00  0.000000E+00  0.990470E+03
  0.519761E+01  0.938274E+03  0.913434E+03  0.000000E+00  0.000000E+00  0.000000E+00  0.934134E+03
  0.537378E+01  0.884851E+03  0.861423E+03  0.000000E+00  0.000000E+00  0.000000E+00  0.880946E+03
  0.555592E+01  0.834424E+03  0.812329E+03  0.000000E+00  0.000000E+00  0.000000E+00  0.830742E+03
  0.574424E+01  0.786827E+03  0.765990E+03  0.000000E+00  0.000000E+00  0.000000E+00  0.783354E+03
  0.593894E+01  0.741903E+03  0.722254E+03  0.000000E+00  0.000000E+00  0.000000E+00  0.738628E+03
  0.614025E+01  0.699500E+03  0.680971E+03  0.000000E+00  0.000000E+00  0.000000E+00  0.696412E+03
  0.634837E+01  0.659486E+03  0.642015E+03  0.000000E+00  0.000000E+00  0.000000E+00  0.656574E+03
  0.656355E+01  0.621728E+03  0.605255E+03  0.000000E+00  0.000000E+00  0.000000E+00  0.618982E+03
  0.678602E+01  0.586102E+03  0.570571E+03  0.000000E+00  0.000000E+00  0.000000E+00  0.583513E+03
  0.701603E+01  0.552485E+03  0.537843E+03  0.000000E+00  0.000000E+00  0.000000E+00  0.550045E+03
  0.725384E+01  0.520769E+03  0.506965E+03  0.000000E+00  0.000000E+00  0.000000E+00  0.518469E+03
  0.749971E+01  0.490849E+03  0.477835E+03  0.000000E+00  0.000000E+00  0.000000E+00  0.488680E+03
  0.775392E+01  0.462625E+03  0.450357E+03  0.000000E+00  0.000000E+00  0.000000E+00  0.460580E+03
  0.801674E+01  0.436001E+03  0.424437E+03  0.000000E+00  0.000000E+00  0.000000E+00  0.434074E+03
  0.828847E+01  0.410887E+03  0.399987E+03  0.000000E+00  0.000000E+00  0.000000E+00  0.409070E+03
  0.856940E+01  0.387203E+03  0.376928E+03  0.000000E+00  0.000000E+00  0.000000E+00  0.385490E+03
  0.885987E+01  0.364865E+03  0.355181E+03  0.000000E+00  0.000000E+00  0.000000E+00  0.363251E+03
  0.916017E+01  0.343799E+03  0.334671E+03  0.000000E+00  0.000000E+00  0.000000E+00  0.342278E+03
  0.947066E+01  0.323934E+03  0.315331E+03  0.000000E+00  0.000000E+00  0.000000E+00  0.322500E+03
  0.979166E+01  0.305203E+03  0.297094E+03  0.000000E+00  0.000000E+00  0.000000E+00  0.303851E+03
  0.101236E+02  0.287540E+03  0.279899E+03  0.000000E+00  0.000000E+00  0.000000E+00  0.286267E+03
  0.104667E+02  0.270888E+03  0.263686E+03  0.000000E+00  0.000000E+00  0.000000E+00  0.269687E+03
  0.108215E+02  0.255188E+03  0.248401E+03  0.000000E+00  0.000000E+00  0.000000E+00  0.254057E+03
  0.111883E+02  0.240388E+03  0.233992E+03  0.000000E+00  0.000000E+00  0.000000E+00  0.239322E+03
  0.115675E+02  0.226435E+03  0.220408E+03  0.000000E+00  0.000000E+00  0.000000E+00  0.225430E+03
  0.119596E+02  0.213283E+03  0.207603E+03  0.000000E+00  0.000000E+00  0.000000E+00  0.212337E+03
  0.123649E+02  0.200886E+03  0.195533E+03  0.000000E+00  0.000000E+00  0.000000E+00  0.199994E+03
  0.127841E+02  0.189201E+03  0.184157E+03  0.000000E+00  0.000000E+00  0.000000E+00  0.188360E+03
  0.132174E+02  0.178189E+03  0.173435E+03  0.000000E+00  0.000000E+00  0.000000E+00  0.177396E+03
  0.136654E+02  0.167810E+03  0.163331E+03  0.000000E+00  0.000000E+00  0.000000E+00  0.167064E+03
  0.141286E+02  0.158029E+03  0.153808E+03  0.000000E+00  0.000000E+00  0.000000E+00  0.157326E+03
  0.146075E+02  0.148812E+03  0.144835E+03  0.000000E+00  0.000000E+00  0.000000E+00  0.148149E+03
  0.151026E+02  0.140128E+03  0.136379E+03  0.000000E+00  0.000000E+00  0.000000E+00  0.139503E+03
  0.156145E+02  0.131944E+03  0.128411E+03  0.000000E+00  0.000000E+00  0.000000E+00  0.131355E+03
  0.161437E+02  0.124233E+03  0.120904E+03  0.000000E+00  0.000000E+00  0.000000E+00  0.123678E+03
  0.166909E+02  0.116969E+03  0.113831E+03  0.000000E+00  0.000000E+00  0.000000E+00  0.116446E+03
  0.172567E+02  0.110124E+03  0.107168E+03  0.000000E+00  0.000000E+00  0.000000E+00  0.109632E+03
  0.178416E+02  0.103677E+03  0.100890E+03  0.000000E+00  0.000000E+00  0.000000E+00  0.103212E+03
  0.184463E+02  0.976026E+02  0.949761E+02  0.000000E+00  0.000000E+00  0.000000E+00  0.971649E+02
  0.190716E+02  0.918810E+02  0.894054E+02  0.000000E+00  0.000000E+00  0.000000E+00  0.914684E+02
  0.197180E+02  0.864915E+02  0.841581E+02  0.000000E+00  0.000000E+00  0.000000E+00  0.861026E+02
  0.203863E+02  0.814149E+02  0.792153E+02  0.000000E+00  0.000000E+00  0.000000E+00  0.810483E+02
  0.210773E+02  0.766336E+02  0.745601E+02  0.000000E+00  0.000000E+00  0.000000E+00  0.762880E+02
  0.217917E+02  0.721303E+02  0.701755E+02  0.000000E+00  0.000000E+00  0.000000E+00  0.718045E+02
  0.225304E+02  0.678893E+02  0.660463E+02  0.000000E+00  0.000000E+00  0.000000E+00  0.675821E+02
  0.232941E+02  0.638952E+02  0.621575E+02  0.000000E+00  0.000000E+00  0.000000E+00  0.636056E+02
  0.240836E+02  0.601340E+02  0.584954E+02  0.000000E+00  0.000000E+00  0.000000E+00  0.598609E+02
  0.248999E+02  0.565920E+02  0.550467E+02  0.000000E+00  0.000000E+00  0.000000E+00  0.563345E+02
  0.257439E+02  0.532569E+02  0.517994E+02  0.000000E+00  0.000000E+00  0.000000E+00  0.530139E+02
  0.266165E+02  0.501166E+02  0.487418E+02  0.000000E+00  0.000000E+00  0.000000E+00  0.498875E+02
  0.275187E+02  0.471597E+02  0.458628E+02  0.000000E+00  0.000000E+00  0.000000E+00  0.469436E+02
  0.284514E+02  0.443759E+02  0.431522E+02  0.000000E+00  0.000000E+00  0.000000E+00  0.441720E+02
  0.294158E+02  0.417548E+02  0.406002E+02  0.000000E+00  0.000000E+00  0.000000E+00  0.415624E+02
  0.304128E+02  0.392873E+02  0.381976E+02  0.000000E+00  0.000000E+00  0.000000E+00  0.391057E+02
  0.314437E+02  0.369643E+02  0.359357E+02  0.000000E+00  0.000000E+00  0.000000E+00  0.367929E+02
  0.325095E+02  0.347775E+02  0.338064E+02  0.000000E+00  0.000000E+00  0.000000E+00  0.346157E+02
  0.336114E+02  0.327190E+02  0.318019E+02  0.000000E+00  0.000000E+00  0.000000E+00  0.325661E+02
  0.347507E+02  0.307812E+02  0.299151E+02  0.000000E+00  0.000000E+00  0.000000E+00  0.306369E+02
  0.359285E+02  0.289574E+02  0.281391E+02  0.000000E+00  0.000000E+00  0.000000E+00  0.288210E+02
  0.371463E+02  0.272406E+02  0.264674E+02  0.000000E+00  0.000000E+00  0.000000E+00  0.271117E+02
  0.384054E+02  0.256248E+02  0.248940E+02  0.000000E+00  0.000000E+00  0.000000E+00  0.255030E+02
  0.397072E+02  0.241040E+02  0.234131E+02  0.000000E+00  0.000000E+00  0.000000E+00  0.239888E+02
  0.410530E+02  0.226727E+02  0.220194E+02  0.000000E+00  0.000000E+00  0.000000E+00  0.225638E+02
  0.424445E+02  0.213257E+02  0.207077E+02  0.000000E+00  0.000000E+00  0.000000E+00  0.212227E+02
  0.438832E+02  0.200581E+02  0.194733E+02  0.000000E+00  0.000000E+00  0.000000E+00  0.199606E+02
  0.453706E+02  0.188652E+02  0.183116E+02  0.000000E+00  0.000000E+00  0.000000E+00  0.187730E+02
  0.469085E+02  0.177427E+02  0.172185E+02  0.000000E+00  0.000000E+00  0.000000E+00  0.176553E+02
  0.484984E+02  0.166864E+02  0.161898E+02  0.000000E+00  0.000000E+00  0.000000E+00  0.166036E+02
  0.501423E+02  0.156925E+02  0.152219E+02  0.000000E+00  0.000000E+00  0.000000E+00  0.156140E+02
  0.518419E+02  0.147572E+02  0.143111E+02  0.000000E+00  0.000000E+00  0.000000E+00  0.146829E+02
  0.535990E+02  0.138773E+02  0.134541E+02  0.000000E+00  0.000000E+00  0.000000E+00  0.138068E+02
  0.554158E+02  0.130494E+02  0.126478E+02  0.000000E+00  0.000000E+00  0.000000E+00  0.129825E+02
  0.572942E+02  0.122705E+02  0.118892E+02  0.000000E+00  0.000000E+00  0.000000E+00  0.122069E+02
  0.592361E+02  0.115377E+02  0.111755E+02  0.000000E+00  0.000000E+00  0.000000E+00  0.114773E+02
  0.612440E+02  0.108483E+02  0.105040E+02  0.000000E+00  0.000000E+00  0.000000E+00  0.107909E+02
  0.633198E+02  0.101997E+02  0.987233E+01  0.000000E+00  0.000000E+00  0.000000E+00  0.101451E+02
  0.654661E+02  0.958956E+01  0.927805E+01  0.000000E+00  0.000000E+00  0.000000E+00  0.953764E+01
  0.676850E+02  0.901562E+01  0.871901E+01  0.000000E+00  0.000000E+00  0.000000E+00  0.896619E+01
  0.699792E+02  0.847573E+01  0.819313E+01  0.000000E+00  0.000000E+00  0.000000E+00  0.842863E+01
  0.723511E+02  0.796789E+01  0.769845E+01  0.000000E+00  0.000000E+00  0.000000E+00  0.792299E+01
  0.748035E+02  0.749020E+01  0.723313E+01  0.000000E+00  0.000000E+00  0.000000E+00  0.744736E+01
  0.773390E+02  0.704091E+01  0.679546E+01  0.000000E+00  0.000000E+00  0.000000E+00  0.700000E+01
  0.799604E+02  0.661829E+01  0.638376E+01  0.000000E+00  0.000000E+00  0.000000E+00  0.657920E+01
  0.826706E+02  0.622083E+01  0.599656E+01  0.000000E+00  0.000000E+00  0.000000E+00  0.618346E+01
  0.854728E+02  0.584700E+01  0.563237E+01  0.000000E+00  0.000000E+00  0.000000E+00  0.581123E+01
  0.883699E+02  0.549543E+01  0.528985E+01  0.000000E+00  0.000000E+00  0.000000E+00  0.546117E+01
  0.913652E+02  0.516478E+01  0.496771E+01  0.000000E+00  0.000000E+00  0.000000E+00  0.513193E+01
  0.944620E+02  0.485383E+01  0.466476E+01  0.000000E+00  0.000000E+00  0.000000E+00  0.482232E+01
  0.976639E+02  0.456139E+01  0.437982E+01  0.000000E+00  0.000000E+00  0.000000E+00  0.453113E+01
  0.100974E+03  0.428640E+01  0.411189E+01  0.000000E+00  0.000000E+00  0.000000E+00  0.425731E+01
  0.104397E+03  0.402781E+01  0.385993E+01  0.000000E+00  0.000000E+00  0.000000E+00  0.399983E+01
  0.107935E+03  0.378466E+01  0.362300E+01  0.000000E+00  0.000000E+00  0.000000E+00  0.375771E+01
  0.111594E+03  0.355600E+01  0.340020E+01  0.000000E+00  0.000000E+00  0.000000E+00  0.353003E+01
  0.115376E+03  0.334101E+01  0.319070E+01  0.000000E+00  0.000000E+00  0.000000E+00  0.331596E+01
  0.119287E+03  0.313886E+01  0.299372E+01  0.000000E+00  0.000000E+00  0.000000E+00  0.311467E+01
  0.123330E+03  0.294879E+01  0.280851E+01  0.000000E+00  0.000000E+00  0.000000E+00  0.292541E+01
  0.127510E+03  0.277008E+01  0.263436E+01  0.000000E+00  0.000000E+00  0.000000E+00  0.274746E+01
  0.131832E+03  0.260206E+01  0.247064E+01  0.000000E+00  0.000000E+00  0.000000E+00  0.258016E+01
  0.136301E+03  0.244410E+01  0.231671E+01  0.000000E+00  0.000000E+00  0.000000E+00  0.242286E+01
  0.140921E+03  0.229559E+01  0.217201E+01  0.000000E+00  0.000000E+00  0.000000E+00  0.227499E+01
  0.145697E+03  0.215596E+01  0.203596E+01  0.000000E+00  0.000000E+00  0.000000E+00  0.213596E+01
  0.150636E+03  0.202471E+01  0.190808E+01  0.000000E+00  0.000000E+00  0.000000E+00  0.200527E+01
  0.155742E+03  0.190133E+01  0.178787E+01  0.000000E+00  0.000000E+00  0.000000E+00  0.188242E+01
  0.161021E+03  0.178533E+01  0.167487E+01  0.000000E+00  0.000000E+00  0.000000E+00  0.176692E+01
  0.166478E+03  0.167630E+01  0.156867E+01  0.000000E+00  0.000000E+00  0.000000E+00  0.165836E+01
  0.172121E+03  0.157382E+01  0.146885E+01  0.000000E+00  0.000000E+00  0.000000E+00  0.155632E+01
  0.177955E+03  0.147748E+01  0.137505E+01  0.000000E+00  0.000000E+00  0.000000E+00  0.146041E+01
  0.183987E+03  0.138693E+01  0.128689E+01  0.000000E+00  0.000000E+00  0.000000E+00  0.137026E+01
  0.190223E+03  0.130182E+01  0.120405E+01  0.000000E+00  0.000000E+00  0.000000E+00  0.128553E+01
  0.196671E+03  0.122183E+01  0.112621E+01  0.000000E+00  0.000000E+00  0.000000E+00  0.120589E+01
  0.203337E+03  0.114665E+01  0.105309E+01  0.000000E+00  0.000000E+00  0.000000E+00  0.113106E+01
