  0.106303E-04  0.190382E+08  0.190382E+08  0.253697E+08  0.253697E+08  0.000000E+00  0.190382E+08
  0.109906E-04  0.190382E+08  0.190382E+08  0.253687E+08  0.253687E+08  0.000000E+00  0.190382E+08
  0.113631E-04  0.190382E+08  0.190382E+08  0.253676E+08  0.253676E+08  0.000000E+00  0.190382E+08
  0.117483E-04  0.190382E+08  0.190382E+08  0.253665E+08  0.253665E+08  0.000000E+00  0.190382E+08
  0.121465E-04  0.190382E+08  0.190382E+08  0.253653E+08  0.253652E+08  0.000000E+00  0.190382E+08
  0.125582E-04  0.190382E+08  0.190382E+08  0.253640E+08  0.253639E+08  0.000000E+00  0.190382E+08
  0.129839E-04  0.190382E+08  0.190382E+08  0.253626E+08  0.253625E+08  0.000000E+00  0.190382E+08
  0.134240E-04  0.190382E+08  0.190382E+08  0.253611E+08  0.253610E+08  0.000000E+00  0.190382E+08
  0.138790E-04  0.190382E+08  0.190382E+08  0.253595E+08  0.253594E+08  0.000000E+00  0.190382E+08
  0.143494E-04  0.190382E+08  0.190382E+08  0.253578E+08  0.253577E+08  0.000000E+00  0.190382E+08
  0.148358E-04  0.190382E+08  0.190382E+08  0.253559E+08  0.253559E+08  0.000000E+00  0.190382E+08
  0.153386E-04  0.190382E+08  0.190382E+08  0.253540E+08  0.253539E+08  0.000000E+00  0.190382E+08
  0.158585E-04  0.190382E+08  0.190382E+08  0.253519E+08  0.253518E+08  0.000000E+00  0.190382E+08
  0.163961E-04  0.190381E+08  0.190381E+08  0.253497E+08  0.253496E+08  0.000000E+00  0.190381E+08
  0.169518E-04  0.190381E+08  0.190381E+08  0.253473E+08  0.253472E+08  0.000000E+00  0.190381E+08
  0.175264E-04  0.190381E+08  0.190381E+08  0.253447E+08  0.253447E+08  0.000000E+00  0.190381E+08
  0.181205E-04  0.190381E+08  0.190381E+08  0.253420E+08  0.253419E+08  0.000000E+00  0.190381E+08
  0.187347E-04  0.190381E+08  0.190381E+08  0.253391E+08  0.253390E+08  0.000000E+00  0.190381E+08
  0.193697E-04  0.190381E+08  0.190381E+08  0.253360E+08  0.253359E+08  0.000000E+00  0.190381E+08
  0.200262E-04  0.190381E+08  0.190381E+08  0.253326E+08  0.253326E+08  0.000000E+00  0.190381E+08
  0.207050E-04  0.190381E+08  0.190381E+08  0.253291E+08  0.253290E+08  0.000000E+00  0.190381E+08
  0.214068E-04  0.190381E+08  0.190381E+08  0.253253E+08  0.253252E+08  0.000000E+00  0.190381E+08
  0.221324E-04  0.190381E+08  0.190381E+08  0.253212E+08  0.253211E+08  0.000000E+00  0.190381E+08
  0.228826E-04  0.190381E+08  0.190381E+08  0.253169E+08  0.253168E+08  0.000000E+00  0.190381E+08
  0.236582E-04  0.190381E+08  0.190381E+08  0.253122E+08  0.253121E+08  0.000000E+00  0.190381E+08
  0.244601E-04  0.190381E+08  0.190381E+08  0.253073E+08  0.253072E+08  0.000000E+00  0.190381E+08
  0.252891E-04  0.190381E+08  0.190381E+08  0.253020E+08  0.253018E+08  0.000000E+00  0.190381E+08
  0.261463E-04  0.190380E+08  0.190380E+08  0.252963E+08  0.252962E+08  0.000000E+00  0.190380E+08
  0.270326E-04  0.190380E+08  0.190380E+08  0.252903E+08  0.252901E+08  0.000000E+00  0.190380E+08
  0.279488E-04  0.190380E+08  0.190380E+08  0.252838E+08  0.252836E+08  0.000000E+00  0.190380E+08
  0.288962E-04  0.190380E+08  0.190380E+08  0.252769E+08  0.252767E+08  0.000000E+00  0.190380E+08
  0.298756E-04  0.190380E+08  0.190380E+08  0.252695E+08  0.252693E+08  0.000000E+00  0.190380E+08
  0.308882E-04  0.190380E+08  0.190380E+08  0.252616E+08  0.252614E+08  0.000000E+00  0.190380E+08
  0.319352E-04  0.190380E+08  0.190380E+08  0.252531E+08  0.252529E+08  0.000000E+00  0.190380E+08
  0.330176E-04  0.190380E+08  0.190380E+08  0.252441E+08  0.252439E+08  0.000000E+00  0.190380E+08
  0.341368E-04  0.190379E+08  0.190379E+08  0.252345E+08  0.252343E+08  0.000000E+00  0.190379E+08
  0.352938E-04  0.190379E+08  0.190379E+08  0.252242E+08  0.252239E+08  0.000000E+00  0.190379E+08
  0.364901E-04  0.190379E+08  0.190379E+08  0.252132E+08  0.252129E+08  0.000000E+00  0.190379E+08
  0.377270E-04  0.190379E+08  0.190379E+08  0.252014E+08  0.252012E+08  0.000000E+00  0.190379E+08
  0.390057E-04  0.190378E+08  0.190378E+08  0.251889E+08  0.251886E+08  0.000000E+00  0.190378E+08
  0.403278E-04  0.190378E+08  0.190378E+08  0.251754E+08  0.251751E+08  0.000000E+00  0.190378E+08
  0.416948E-04  0.190378E+08  0.190378E+08  0.251611E+08  0.251608E+08  0.000000E+00  0.190378E+08
  0.431080E-04  0.190378E+08  0.190378E+08  0.251458E+08  0.251454E+08  0.000000E+00  0.190378E+08
  0.445692E-04  0.190377E+08  0.190377E+08  0.251294E+08  0.251290E+08  0.000000E+00  0.190377E+08
  0.460798E-04  0.190377E+08  0.190377E+08  0.251119E+08  0.251115E+08  0.000000E+00  0.190377E+08
  0.476417E-04  0.190377E+08  0.190377E+08  0.250933E+08  0.250928E+08  0.000000E+00  0.190377E+08
  0.492565E-04  0.190376E+08  0.190376E+08  0.250733E+08  0.250728E+08  0.000000E+00  0.190376E+08
  0.509261E-04  0.190376E+08  0.190376E+08  0.250520E+08  0.250515E+08  0.000000E+00  0.190376E+08
  0.526522E-04  0.190375E+08  0.190375E+08  0.250292E+08  0.250287E+08  0.000000E+00  0.190375E+08
  0.544369E-04  0.190375E+08  0.190375E+08  0.250049E+08  0.250044E+08  0.000000E+00  0.190375E+08
  0.562820E-04  0.190375E+08  0.190375E+08  0.249790E+08  0.249784E+08  0.000000E+00  0.190375E+08
  0.581897E-04  0.190374E+08  0.190374E+08  0.249513E+08  0.249506E+08  0.000000E+00  0.190374E+08
  0.601621E-04  0.190373E+08  0.190373E+08  0.249216E+08  0.249209E+08  0.000000E+00  0.190373E+08
  0.622013E-04  0.190373E+08  0.190373E+08  0.248900E+08  0.248893E+08  0.000000E+00  0.190373E+08
  0.643096E-04  0.190372E+08  0.190372E+08  0.248563E+08  0.248555E+08  0.000000E+00  0.190372E+08
  0.664894E-04  0.190372E+08  0.190372E+08  0.248203E+08  0.248194E+08  0.000000E+00  0.190372E+08
  0.687430E-04  0.190371E+08  0.190371E+08  0.247818E+08  0.247809E+08  0.000000E+00  0.190371E+08
  0.710731E-04  0.190370E+08  0.190370E+08  0.247408E+08  0.247398E+08  0.000000E+00  0.190370E+08
  0.734821E-04  0.190369E+08  0.190369E+08  0.246969E+08  0.246959E+08  0.000000E+00  0.190369E+08
  0.759728E-04  0.190368E+08  0.190368E+08  0.246502E+08  0.246491E+08  0.000000E+00  0.190368E+08
  0.785479E-04  0.190367E+08  0.190367E+08  0.246003E+08  0.245991E+08  0.000000E+00  0.190367E+08
  0.812103E-04  0.190366E+08  0.190366E+08  0.245471E+08  0.245458E+08  0.000000E+00  0.190366E+08
  0.839629E-04  0.190365E+08  0.190365E+08  0.244903E+08  0.244889E+08  0.000000E+00  0.190365E+08
  0.868089E-04  0.190364E+08  0.190364E+08  0.244297E+08  0.244283E+08  0.000000E+00  0.190364E+08
  0.897513E-04  0.190363E+08  0.190363E+08  0.243652E+08  0.243636E+08  0.000000E+00  0.190363E+08
  0.927934E-04  0.190362E+08  0.190362E+08  0.242963E+08  0.242946E+08  0.000000E+00  0.190362E+08
  0.959386E-04  0.190360E+08  0.190360E+08  0.242229E+08  0.242211E+08  0.000000E+00  0.190360E+08
  0.991905E-04  0.190359E+08  0.190359E+08  0.241446E+08  0.241427E+08  0.000000E+00  0.190359E+08
  0.102553E-03  0.190357E+08  0.190357E+08  0.240612E+08  0.240592E+08  0.000000E+00  0.190357E+08
  0.106029E-03  0.190355E+08  0.190355E+08  0.239724E+08  0.239702E+08  0.000000E+00  0.190355E+08
  0.109622E-03  0.190353E+08  0.190353E+08  0.238777E+08  0.238755E+08  0.000000E+00  0.190353E+08
  0.113338E-03  0.190351E+08  0.190351E+08  0.237770E+08  0.237745E+08  0.000000E+00  0.190351E+08
  0.117180E-03  0.190349E+08  0.190349E+08  0.236696E+08  0.236670E+08  0.000000E+00  0.190349E+08
  0.121152E-03  0.190347E+08  0.190347E+08  0.235554E+08  0.235527E+08  0.000000E+00  0.190347E+08
  0.125258E-03  0.190345E+08  0.190345E+08  0.234339E+08  0.234309E+08  0.000000E+00  0.190345E+08
  0.129504E-03  0.190342E+08  0.190342E+08  0.233046E+08  0.233015E+08  0.000000E+00  0.190342E+08
  0.133893E-03  0.190339E+08  0.190339E+08  0.231671E+08  0.231638E+08  0.000000E+00  0.190339E+08
  0.138431E-03  0.190336E+08  0.190336E+08  0.230210E+08  0.230175E+08  0.000000E+00  0.190336E+08
  0.143124E-03  0.190333E+08  0.190333E+08  0.228657E+08  0.228620E+08  0.000000E+00  0.190333E+08
  0.147975E-03  0.190330E+08  0.190330E+08  0.227008E+08  0.226968E+08  0.000000E+00  0.190330E+08
  0.152990E-03  0.190326E+08  0.190326E+08  0.225257E+08  0.225215E+08  0.000000E+00  0.190326E+08
  0.158176E-03  0.190323E+08  0.190323E+08  0.223399E+08  0.223354E+08  0.000000E+00  0.190323E+08
  0.163537E-03  0.190318E+08  0.190318E+08  0.221429E+08  0.221381E+08  0.000000E+00  0.190318E+08
  0.169081E-03  0.190314E+08  0.190314E+08  0.219340E+08  0.219289E+08  0.000000E+00  0.190314E+08
  0.174812E-03  0.190310E+08  0.190309E+08  0.217127E+08  0.217073E+08  0.000000E+00  0.190310E+08
  0.180737E-03  0.190305E+08  0.190305E+08  0.214785E+08  0.214727E+08  0.000000E+00  0.190305E+08
  0.186863E-03  0.190299E+08  0.190299E+08  0.212306E+08  0.212245E+08  0.000000E+00  0.190299E+08
  0.193197E-03  0.190294E+08  0.190294E+08  0.209686E+08  0.209621E+08  0.000000E+00  0.190294E+08
  0.199745E-03  0.190288E+08  0.190288E+08  0.206918E+08  0.206849E+08  0.000000E+00  0.190288E+08
  0.206515E-03  0.190281E+08  0.190281E+08  0.203996E+08  0.203923E+08  0.000000E+00  0.190281E+08
  0.213515E-03  0.190274E+08  0.190274E+08  0.200914E+08  0.200837E+08  0.000000E+00  0.190274E+08
  0.220752E-03  0.190267E+08  0.190267E+08  0.197668E+08  0.197586E+08  0.000000E+00  0.190267E+08
  0.228235E-03  0.190259E+08  0.190259E+08  0.194251E+08  0.194165E+08  0.000000E+00  0.190259E+08
  0.235971E-03  0.190251E+08  0.190251E+08  0.190658E+08  0.190568E+08  0.000000E+00  0.190251E+08
  0.243969E-03  0.190242E+08  0.190242E+08  0.186886E+08  0.186790E+08  0.000000E+00  0.190242E+08
  0.252239E-03  0.190232E+08  0.190232E+08  0.182930E+08  0.182829E+08  0.000000E+00  0.190232E+08
  0.260788E-03  0.190222E+08  0.190222E+08  0.178787E+08  0.178680E+08  0.000000E+00  0.190222E+08
  0.269628E-03  0.190212E+08  0.190211E+08  0.174454E+08  0.174342E+08  0.000000E+00  0.190212E+08
  0.278767E-03  0.190200E+08  0.190200E+08  0.169929E+08  0.169812E+08  0.000000E+00  0.190200E+08
  0.288216E-03  0.190188E+08  0.190188E+08  0.165214E+08  0.165090E+08  0.000000E+00  0.190188E+08
  0.297985E-03  0.190175E+08  0.190175E+08  0.160307E+08  0.160178E+08  0.000000E+00  0.190175E+08
  0.308085E-03  0.190161E+08  0.190161E+08  0.155213E+08  0.155077E+08  0.000000E+00  0.190161E+08
  0.318527E-03  0.190146E+08  0.190146E+08  0.149934E+08  0.149791E+08  0.000000E+00  0.190146E+08
  0.329324E-03  0.190130E+08  0.190130E+08  0.144477E+08  0.144327E+08  0.000000E+00  0.190130E+08
  0.340486E-03  0.190113E+08  0.190113E+08  0.138849E+08  0.138693E+08  0.000000E+00  0.190113E+08
  0.352027E-03  0.190096E+08  0.190095E+08  0.133061E+08  0.132898E+08  0.000000E+00  0.190096E+08
  0.363959E-03  0.190077E+08  0.190076E+08  0.127126E+08  0.126955E+08  0.000000E+00  0.190077E+08
  0.376296E-03  0.190056E+08  0.190056E+08  0.121058E+08  0.120880E+08  0.000000E+00  0.190056E+08
  0.389050E-03  0.190035E+08  0.190035E+08  0.114876E+08  0.114691E+08  0.000000E+00  0.190035E+08
  0.402237E-03  0.190012E+08  0.190012E+08  0.108601E+08  0.108408E+08  0.000000E+00  0.190012E+08
  0.415871E-03  0.189988E+08  0.189987E+08  0.102256E+08  0.102056E+08  0.000000E+00  0.189988E+08
  0.429967E-03  0.189962E+08  0.189962E+08  0.958694E+07  0.956608E+07  0.000000E+00  0.189962E+08
  0.444541E-03  0.189934E+08  0.189934E+08  0.894703E+07  0.892535E+07  0.000000E+00  0.189934E+08
  0.459609E-03  0.189905E+08  0.189905E+08  0.830918E+07  0.828667E+07  0.000000E+00  0.189905E+08
  0.475187E-03  0.189874E+08  0.189874E+08  0.767697E+07  0.765359E+07  0.000000E+00  0.189874E+08
  0.491294E-03  0.189842E+08  0.189841E+08  0.705417E+07  0.702990E+07  0.000000E+00  0.189842E+08
  0.507946E-03  0.189807E+08  0.189807E+08  0.644479E+07  0.641959E+07  0.000000E+00  0.189807E+08
  0.525163E-03  0.189770E+08  0.189770E+08  0.585296E+07  0.582678E+07  0.000000E+00  0.189770E+08
  0.542963E-03  0.189731E+08  0.189731E+08  0.528284E+07  0.525564E+07  0.000000E+00  0.189731E+08
  0.561367E-03  0.189690E+08  0.189689E+08  0.473860E+07  0.471032E+07  0.000000E+00  0.189690E+08
  0.580395E-03  0.189646E+08  0.189645E+08  0.422426E+07  0.419483E+07  0.000000E+00  0.189646E+08
  0.600067E-03  0.189599E+08  0.189599E+08  0.374357E+07  0.371292E+07  0.000000E+00  0.189599E+08
  0.620407E-03  0.189550E+08  0.189550E+08  0.329991E+07  0.326796E+07  0.000000E+00  0.189550E+08
  0.641435E-03  0.189499E+08  0.189498E+08  0.289613E+07  0.286280E+07  0.000000E+00  0.189499E+08
  0.663177E-03  0.189444E+08  0.189443E+08  0.253441E+07  0.249961E+07  0.000000E+00  0.189444E+08
  0.685655E-03  0.189386E+08  0.189386E+08  0.221610E+07  0.217976E+07  0.000000E+00  0.189386E+08
  0.708896E-03  0.189325E+08  0.189324E+08  0.194163E+07  0.190366E+07  0.000000E+00  0.189325E+08
  0.732924E-03  0.189261E+08  0.189260E+08  0.171035E+07  0.167069E+07  0.000000E+00  0.189261E+08
  0.757767E-03  0.189193E+08  0.189192E+08  0.152051E+07  0.147913E+07  0.000000E+00  0.189193E+08
  0.783451E-03  0.189121E+08  0.189121E+08  0.136919E+07  0.132609E+07  0.000000E+00  0.189121E+08
  0.810006E-03  0.189046E+08  0.189045E+08  0.125234E+07  0.120756E+07  0.000000E+00  0.189046E+08
  0.837462E-03  0.188966E+08  0.188966E+08  0.116489E+07  0.111855E+07  0.000000E+00  0.188966E+08
  0.865847E-03  0.188883E+08  0.188882E+08  0.110094E+07  0.105321E+07  0.000000E+00  0.188883E+08
  0.895195E-03  0.188795E+08  0.188794E+08  0.105400E+07  0.100513E+07  0.000000E+00  0.188795E+08
  0.925538E-03  0.188702E+08  0.188702E+08  0.101735E+07  0.967675E+06  0.000000E+00  0.188702E+08
  0.956909E-03  0.188605E+08  0.188604E+08  0.984413E+06  0.934361E+06  0.000000E+00  0.188605E+08
  0.989344E-03  0.188503E+08  0.188502E+08  0.949272E+06  0.899336E+06  0.000000E+00  0.188503E+08
  0.102288E-02  0.188396E+08  0.188395E+08  0.907074E+06  0.857808E+06  0.000000E+00  0.188396E+08
  0.105755E-02  0.188283E+08  0.188282E+08  0.854474E+06  0.806465E+06  0.000000E+00  0.188283E+08
  0.109339E-02  0.188165E+08  0.188164E+08  0.789965E+06  0.743793E+06  0.000000E+00  0.188165E+08
  0.113045E-02  0.188041E+08  0.188039E+08  0.714054E+06  0.670244E+06  0.000000E+00  0.188041E+08
  0.116877E-02  0.187911E+08  0.187909E+08  0.629236E+06  0.588202E+06  0.000000E+00  0.187910E+08
  0.120839E-02  0.187774E+08  0.187773E+08  0.539721E+06  0.501713E+06  0.000000E+00  0.187774E+08
  0.124935E-02  0.187631E+08  0.187629E+08  0.450914E+06  0.415966E+06  0.000000E+00  0.187631E+08
  0.129169E-02  0.187481E+08  0.187479E+08  0.368653E+06  0.336549E+06  0.000000E+00  0.187481E+08
  0.133547E-02  0.187324E+08  0.187322E+08  0.298309E+06  0.268575E+06  0.000000E+00  0.187324E+08
  0.138074E-02  0.187160E+08  0.187157E+08  0.243849E+06  0.215776E+06  0.000000E+00  0.187159E+08
  0.142754E-02  0.186987E+08  0.186985E+08  0.207042E+06  0.179754E+06  0.000000E+00  0.186987E+08
  0.147593E-02  0.186807E+08  0.186804E+08  0.186988E+06  0.159539E+06  0.000000E+00  0.186806E+08
  0.152595E-02  0.186618E+08  0.186616E+08  0.180124E+06  0.151629E+06  0.000000E+00  0.186618E+08
  0.157768E-02  0.186421E+08  0.186418E+08  0.000000E+00  0.000000E+00  0.000000E+00  0.186420E+08
  0.163115E-02  0.186214E+08  0.186211E+08  0.000000E+00  0.000000E+00  0.000000E+00  0.186214E+08
  0.168644E-02  0.185999E+08  0.185996E+08  0.000000E+00  0.000000E+00  0.000000E+00  0.185998E+08
  0.174360E-02  0.185773E+08  0.185770E+08  0.000000E+00  0.000000E+00  0.000000E+00  0.185773E+08
  0.180270E-02  0.185538E+08  0.185534E+08  0.000000E+00  0.000000E+00  0.000000E+00  0.185537E+08
  0.186380E-02  0.185292E+08  0.185288E+08  0.000000E+00  0.000000E+00  0.000000E+00  0.185291E+08
  0.192698E-02  0.185035E+08  0.185031E+08  0.000000E+00  0.000000E+00  0.000000E+00  0.185034E+08
  0.199229E-02  0.184767E+08  0.184763E+08  0.000000E+00  0.000000E+00  0.000000E+00  0.184766E+08
  0.205982E-02  0.184487E+08  0.184483E+08  0.000000E+00  0.000000E+00  0.000000E+00  0.184487E+08
  0.212964E-02  0.184196E+08  0.184191E+08  0.000000E+00  0.000000E+00  0.000000E+00  0.184195E+08
  0.220183E-02  0.183892E+08  0.183886E+08  0.000000E+00  0.000000E+00  0.000000E+00  0.183891E+08
  0.227646E-02  0.183575E+08  0.183569E+08  0.000000E+00  0.000000E+00  0.000000E+00  0.183574E+08
  0.235362E-02  0.183245E+08  0.183239E+08  0.000000E+00  0.000000E+00  0.000000E+00  0.183244E+08
  0.243339E-02  0.182901E+08  0.182895E+08  0.000000E+00  0.000000E+00  0.000000E+00  0.182900E+08
  0.251587E-02  0.182543E+08  0.182536E+08  0.000000E+00  0.000000E+00  0.000000E+00  0.182542E+08
  0.260115E-02  0.182171E+08  0.182163E+08  0.000000E+00  0.000000E+00  0.000000E+00  0.182169E+08
  0.268932E-02  0.181783E+08  0.181775E+08  0.000000E+00  0.000000E+00  0.000000E+00  0.181782E+08
  0.278047E-02  0.181380E+08  0.181371E+08  0.000000E+00  0.000000E+00  0.000000E+00  0.181378E+08
  0.287471E-02  0.180960E+08  0.180951E+08  0.000000E+00  0.000000E+00  0.000000E+00  0.180959E+08
  0.297215E-02  0.180525E+08  0.180515E+08  0.000000E+00  0.000000E+00  0.000000E+00  0.180523E+08
  0.307289E-02  0.180072E+08  0.180062E+08  0.000000E+00  0.000000E+00  0.000000E+00  0.180070E+08
  0.317705E-02  0.179602E+08  0.179591E+08  0.000000E+00  0.000000E+00  0.000000E+00  0.179600E+08
  0.328474E-02  0.179114E+08  0.179102E+08  0.000000E+00  0.000000E+00  0.000000E+00  0.179112E+08
  0.339607E-02  0.178607E+08  0.178594E+08  0.000000E+00  0.000000E+00  0.000000E+00  0.178605E+08
  0.351118E-02  0.178081E+08  0.178068E+08  0.000000E+00  0.000000E+00  0.000000E+00  0.178079E+08
  0.363020E-02  0.177536E+08  0.177522E+08  0.000000E+00  0.000000E+00  0.000000E+00  0.177534E+08
  0.375324E-02  0.176971E+08  0.176956E+08  0.000000E+00  0.000000E+00  0.000000E+00  0.176969E+08
  0.388046E-02  0.176385E+08  0.176369E+08  0.000000E+00  0.000000E+00  0.000000E+00  0.176383E+08
  0.401199E-02  0.175779E+08  0.175761E+08  0.000000E+00  0.000000E+00  0.000000E+00  0.175776E+08
  0.414797E-02  0.175150E+08  0.175132E+08  0.000000E+00  0.000000E+00  0.000000E+00  0.175147E+08
  0.428857E-02  0.174500E+08  0.174480E+08  0.000000E+00  0.000000E+00  0.000000E+00  0.174496E+08
  0.443393E-02  0.173827E+08  0.173806E+08  0.000000E+00  0.000000E+00  0.000000E+00  0.173823E+08
  0.458422E-02  0.173130E+08  0.173108E+08  0.000000E+00  0.000000E+00  0.000000E+00  0.173127E+08
  0.473960E-02  0.172410E+08  0.172386E+08  0.000000E+00  0.000000E+00  0.000000E+00  0.172406E+08
  0.490025E-02  0.171666E+08  0.171640E+08  0.000000E+00  0.000000E+00  0.000000E+00  0.171662E+08
  0.506635E-02  0.170897E+08  0.170870E+08  0.000000E+00  0.000000E+00  0.000000E+00  0.170892E+08
  0.523807E-02  0.170102E+08  0.170073E+08  0.000000E+00  0.000000E+00  0.000000E+00  0.170097E+08
  0.541562E-02  0.169282E+08  0.169251E+08  0.000000E+00  0.000000E+00  0.000000E+00  0.169276E+08
  0.559918E-02  0.168435E+08  0.168402E+08  0.000000E+00  0.000000E+00  0.000000E+00  0.168429E+08
  0.578897E-02  0.167561E+08  0.167526E+08  0.000000E+00  0.000000E+00  0.000000E+00  0.167555E+08
  0.598518E-02  0.166659E+08  0.166622E+08  0.000000E+00  0.000000E+00  0.000000E+00  0.166653E+08
  0.618805E-02  0.165730E+08  0.165690E+08  0.000000E+00  0.000000E+00  0.000000E+00  0.165723E+08
  0.639780E-02  0.164771E+08  0.164729E+08  0.000000E+00  0.000000E+00  0.000000E+00  0.164764E+08
  0.661465E-02  0.163784E+08  0.163739E+08  0.000000E+00  0.000000E+00  0.000000E+00  0.163776E+08
  0.683885E-02  0.162767E+08  0.162719E+08  0.000000E+00  0.000000E+00  0.000000E+00  0.162759E+08
  0.707066E-02  0.161719E+08  0.161669E+08  0.000000E+00  0.000000E+00  0.000000E+00  0.161711E+08
  0.731032E-02  0.160641E+08  0.160587E+08  0.000000E+00  0.000000E+00  0.000000E+00  0.160632E+08
  0.755810E-02  0.159531E+08  0.159474E+08  0.000000E+00  0.000000E+00  0.000000E+00  0.159522E+08
  0.781428E-02  0.158390E+08  0.158329E+08  0.000000E+00  0.000000E+00  0.000000E+00  0.158379E+08
  0.807915E-02  0.157215E+08  0.157151E+08  0.000000E+00  0.000000E+00  0.000000E+00  0.157205E+08
  0.835299E-02  0.156008E+08  0.155940E+08  0.000000E+00  0.000000E+00  0.000000E+00  0.155997E+08
  0.863612E-02  0.154767E+08  0.154694E+08  0.000000E+00  0.000000E+00  0.000000E+00  0.154755E+08
  0.892884E-02  0.153492E+08  0.153415E+08  0.000000E+00  0.000000E+00  0.000000E+00  0.153479E+08
  0.923149E-02  0.152182E+08  0.152100E+08  0.000000E+00  0.000000E+00  0.000000E+00  0.152169E+08
  0.954439E-02  0.150837E+08  0.150750E+08  0.000000E+00  0.000000E+00  0.000000E+00  0.150823E+08
  0.986790E-02  0.149456E+08  0.149364E+08  0.000000E+00  0.000000E+00  0.000000E+00  0.149441E+08
  0.102024E-01  0.148039E+08  0.147941E+08  0.000000E+00  0.000000E+00  0.000000E+00  0.148023E+08
  0.105482E-01  0.146585E+08  0.146481E+08  0.000000E+00  0.000000E+00  0.000000E+00  0.146568E+08
  0.109057E-01  0.145093E+08  0.144983E+08  0.000000E+00  0.000000E+00  0.000000E+00  0.145075E+08
  0.112754E-01  0.143564E+08  0.143447E+08  0.000000E+00  0.000000E+00  0.000000E+00  0.143544E+08
  0.116575E-01  0.141996E+08  0.141872E+08  0.000000E+00  0.000000E+00  0.000000E+00  0.141975E+08
  0.120527E-01  0.140389E+08  0.140258E+08  0.000000E+00  0.000000E+00  0.000000E+00  0.140367E+08
  0.124612E-01  0.138743E+08  0.138604E+08  0.000000E+00  0.000000E+00  0.000000E+00  0.138720E+08
  0.128836E-01  0.137057E+08  0.136910E+08  0.000000E+00  0.000000E+00  0.000000E+00  0.137032E+08
  0.133203E-01  0.135330E+08  0.135176E+08  0.000000E+00  0.000000E+00  0.000000E+00  0.135305E+08
  0.137718E-01  0.133564E+08  0.133400E+08  0.000000E+00  0.000000E+00  0.000000E+00  0.133537E+08
  0.142386E-01  0.131756E+08  0.131584E+08  0.000000E+00  0.000000E+00  0.000000E+00  0.131728E+08
  0.147212E-01  0.129908E+08  0.129726E+08  0.000000E+00  0.000000E+00  0.000000E+00  0.129878E+08
  0.152202E-01  0.128019E+08  0.127827E+08  0.000000E+00  0.000000E+00  0.000000E+00  0.127987E+08
  0.157360E-01  0.126088E+08  0.125886E+08  0.000000E+00  0.000000E+00  0.000000E+00  0.126054E+08
  0.162694E-01  0.124117E+08  0.123904E+08  0.000000E+00  0.000000E+00  0.000000E+00  0.124081E+08
  0.168209E-01  0.122104E+08  0.121881E+08  0.000000E+00  0.000000E+00  0.000000E+00  0.122067E+08
  0.173910E-01  0.120051E+08  0.119817E+08  0.000000E+00  0.000000E+00  0.000000E+00  0.120012E+08
  0.179805E-01  0.117959E+08  0.117713E+08  0.000000E+00  0.000000E+00  0.000000E+00  0.117918E+08
  0.185899E-01  0.115827E+08  0.115569E+08  0.000000E+00  0.000000E+00  0.000000E+00  0.115784E+08
  0.192200E-01  0.113656E+08  0.113387E+08  0.000000E+00  0.000000E+00  0.000000E+00  0.113612E+08
  0.198715E-01  0.111449E+08  0.111168E+08  0.000000E+00  0.000000E+00  0.000000E+00  0.111402E+08
  0.205450E-01  0.109206E+08  0.108912E+08  0.000000E+00  0.000000E+00  0.000000E+00  0.109157E+08
  0.212414E-01  0.106929E+08  0.106623E+08  0.000000E+00  0.000000E+00  0.000000E+00  0.106878E+08
  0.219614E-01  0.104619E+08  0.104301E+08  0.000000E+00  0.000000E+00  0.000000E+00  0.104566E+08
  0.227058E-01  0.102281E+08  0.101950E+08  0.000000E+00  0.000000E+00  0.000000E+00  0.102225E+08
  0.234754E-01  0.999150E+07  0.995719E+07  0.000000E+00  0.000000E+00  0.000000E+00  0.998578E+07
  0.242711E-01  0.975256E+07  0.971705E+07  0.000000E+00  0.000000E+00  0.000000E+00  0.974664E+07
  0.250938E-01  0.951161E+07  0.947494E+07  0.000000E+00  0.000000E+00  0.000000E+00  0.950550E+07
  0.259443E-01  0.926906E+07  0.923127E+07  0.000000E+00  0.000000E+00  0.000000E+00  0.926276E+07
  0.268237E-01  0.902536E+07  0.898650E+07  0.000000E+00  0.000000E+00  0.000000E+00  0.901888E+07
  0.277329E-01  0.878100E+07  0.874115E+07  0.000000E+00  0.000000E+00  0.000000E+00  0.877435E+07
  0.286729E-01  0.853653E+07  0.849578E+07  0.000000E+00  0.000000E+00  0.000000E+00  0.852974E+07
  0.296448E-01  0.829256E+07  0.825101E+07  0.000000E+00  0.000000E+00  0.000000E+00  0.828563E+07
  0.306496E-01  0.804973E+07  0.800750E+07  0.000000E+00  0.000000E+00  0.000000E+00  0.804269E+07
  0.316885E-01  0.780872E+07  0.776594E+07  0.000000E+00  0.000000E+00  0.000000E+00  0.780159E+07
  0.327626E-01  0.757028E+07  0.752710E+07  0.000000E+00  0.000000E+00  0.000000E+00  0.756308E+07
  0.338731E-01  0.737669E+07  0.733328E+07  0.000000E+00  0.000000E+00  0.000000E+00  0.736946E+07
  0.350212E-01  0.714703E+07  0.710357E+07  0.000000E+00  0.000000E+00  0.000000E+00  0.713979E+07
  0.362083E-01  0.691902E+07  0.687570E+07  0.000000E+00  0.000000E+00  0.000000E+00  0.691180E+07
  0.374355E-01  0.669620E+07  0.665323E+07  0.000000E+00  0.000000E+00  0.000000E+00  0.668904E+07
  0.387044E-01  0.647956E+07  0.643716E+07  0.000000E+00  0.000000E+00  0.000000E+00  0.647249E+07
  0.400163E-01  0.626994E+07  0.622835E+07  0.000000E+00  0.000000E+00  0.000000E+00  0.626301E+07
  0.413727E-01  0.606811E+07  0.602755E+07  0.000000E+00  0.000000E+00  0.000000E+00  0.606135E+07
  0.427750E-01  0.587474E+07  0.583543E+07  0.000000E+00  0.000000E+00  0.000000E+00  0.586819E+07
  0.442248E-01  0.566595E+07  0.562813E+07  0.000000E+00  0.000000E+00  0.000000E+00  0.565964E+07
  0.457238E-01  0.549058E+07  0.545445E+07  0.000000E+00  0.000000E+00  0.000000E+00  0.548456E+07
  0.472737E-01  0.532429E+07  0.529004E+07  0.000000E+00  0.000000E+00  0.000000E+00  0.531858E+07
  0.488760E-01  0.516678E+07  0.513457E+07  0.000000E+00  0.000000E+00  0.000000E+00  0.516142E+07
  0.505327E-01  0.501752E+07  0.498748E+07  0.000000E+00  0.000000E+00  0.000000E+00  0.501251E+07
  0.522455E-01  0.487586E+07  0.484808E+07  0.000000E+00  0.000000E+00  0.000000E+00  0.487123E+07
  0.540163E-01  0.475381E+07  0.472832E+07  0.000000E+00  0.000000E+00  0.000000E+00  0.474956E+07
  0.558473E-01  0.462454E+07  0.460134E+07  0.000000E+00  0.000000E+00  0.000000E+00  0.462068E+07
  0.577402E-01  0.450032E+07  0.447933E+07  0.000000E+00  0.000000E+00  0.000000E+00  0.449682E+07
  0.596973E-01  0.438007E+07  0.436115E+07  0.000000E+00  0.000000E+00  0.000000E+00  0.437692E+07
  0.617207E-01  0.426249E+07  0.424546E+07  0.000000E+00  0.000000E+00  0.000000E+00  0.425965E+07
  0.638128E-01  0.413737E+07  0.412200E+07  0.000000E+00  0.000000E+00  0.000000E+00  0.413481E+07
  0.659757E-01  0.402004E+07  0.400601E+07  0.000000E+00  0.000000E+00  0.000000E+00  0.401770E+07
  0.682120E-01  0.390034E+07  0.388734E+07  0.000000E+00  0.000000E+00  0.000000E+00  0.389817E+07
  0.705240E-01  0.377697E+07  0.376464E+07  0.000000E+00  0.000000E+00  0.000000E+00  0.377492E+07
  0.729144E-01  0.365184E+07  0.363982E+07  0.000000E+00  0.000000E+00  0.000000E+00  0.364984E+07
  0.753859E-01  0.352044E+07  0.350839E+07  0.000000E+00  0.000000E+00  0.000000E+00  0.351843E+07
  0.779411E-01  0.338532E+07  0.337295E+07  0.000000E+00  0.000000E+00  0.000000E+00  0.338326E+07
  0.805829E-01  0.324728E+07  0.323436E+07  0.000000E+00  0.000000E+00  0.000000E+00  0.324513E+07
  0.833143E-01  0.310734E+07  0.309372E+07  0.000000E+00  0.000000E+00  0.000000E+00  0.310507E+07
  0.861383E-01  0.296697E+07  0.295260E+07  0.000000E+00  0.000000E+00  0.000000E+00  0.296457E+07
  0.890579E-01  0.282826E+07  0.281320E+07  0.000000E+00  0.000000E+00  0.000000E+00  0.282575E+07
  0.920766E-01  0.269399E+07  0.267843E+07  0.000000E+00  0.000000E+00  0.000000E+00  0.269140E+07
  0.951975E-01  0.256725E+07  0.255145E+07  0.000000E+00  0.000000E+00  0.000000E+00  0.256461E+07
  0.984242E-01  0.245075E+07  0.243506E+07  0.000000E+00  0.000000E+00  0.000000E+00  0.244813E+07
  0.101760E+00  0.234629E+07  0.233109E+07  0.000000E+00  0.000000E+00  0.000000E+00  0.234375E+07
  0.105209E+00  0.225430E+07  0.223998E+07  0.000000E+00  0.000000E+00  0.000000E+00  0.225191E+07
  0.108776E+00  0.217381E+07  0.216067E+07  0.000000E+00  0.000000E+00  0.000000E+00  0.217162E+07
  0.112463E+00  0.210265E+07  0.209093E+07  0.000000E+00  0.000000E+00  0.000000E+00  0.210070E+07
  0.116274E+00  0.203811E+07  0.202786E+07  0.000000E+00  0.000000E+00  0.000000E+00  0.203640E+07
  0.120216E+00  0.197719E+07  0.196834E+07  0.000000E+00  0.000000E+00  0.000000E+00  0.197571E+07
  0.124290E+00  0.191657E+07  0.190889E+07  0.000000E+00  0.000000E+00  0.000000E+00  0.191529E+07
  0.128503E+00  0.185268E+07  0.184580E+07  0.000000E+00  0.000000E+00  0.000000E+00  0.185153E+07
  0.132859E+00  0.178278E+07  0.177630E+07  0.000000E+00  0.000000E+00  0.000000E+00  0.178170E+07
  0.137362E+00  0.170620E+07  0.169971E+07  0.000000E+00  0.000000E+00  0.000000E+00  0.170512E+07
  0.142018E+00  0.162445E+07  0.161764E+07  0.000000E+00  0.000000E+00  0.000000E+00  0.162331E+07
  0.146832E+00  0.154048E+07  0.153320E+07  0.000000E+00  0.000000E+00  0.000000E+00  0.153927E+07
  0.151809E+00  0.145817E+07  0.145044E+07  0.000000E+00  0.000000E+00  0.000000E+00  0.145688E+07
  0.156954E+00  0.138147E+07  0.137352E+07  0.000000E+00  0.000000E+00  0.000000E+00  0.138014E+07
  0.162274E+00  0.131369E+07  0.130585E+07  0.000000E+00  0.000000E+00  0.000000E+00  0.131238E+07
  0.167774E+00  0.125664E+07  0.124928E+07  0.000000E+00  0.000000E+00  0.000000E+00  0.125541E+07
  0.173461E+00  0.120951E+07  0.120290E+07  0.000000E+00  0.000000E+00  0.000000E+00  0.120841E+07
  0.179341E+00  0.116883E+07  0.116308E+07  0.000000E+00  0.000000E+00  0.000000E+00  0.116787E+07
  0.185419E+00  0.112982E+07  0.112484E+07  0.000000E+00  0.000000E+00  0.000000E+00  0.112899E+07
  0.191704E+00  0.108800E+07  0.108353E+07  0.000000E+00  0.000000E+00  0.000000E+00  0.108725E+07
  0.198202E+00  0.104103E+07  0.103675E+07  0.000000E+00  0.000000E+00  0.000000E+00  0.104032E+07
  0.204920E+00  0.989397E+06  0.985022E+06  0.000000E+00  0.000000E+00  0.000000E+00  0.988668E+06
  0.211866E+00  0.935979E+06  0.931393E+06  0.000000E+00  0.000000E+00  0.000000E+00  0.935215E+06
  0.219047E+00  0.885116E+06  0.880399E+06  0.000000E+00  0.000000E+00  0.000000E+00  0.884330E+06
  0.226472E+00  0.840678E+06  0.836054E+06  0.000000E+00  0.000000E+00  0.000000E+00  0.839908E+06
  0.234148E+00  0.803758E+06  0.799470E+06  0.000000E+00  0.000000E+00  0.000000E+00  0.803044E+06
  0.242084E+00  0.772436E+06  0.768616E+06  0.000000E+00  0.000000E+00  0.000000E+00  0.771799E+06
  0.250290E+00  0.742999E+06  0.739608E+06  0.000000E+00  0.000000E+00  0.000000E+00  0.742434E+06
  0.258774E+00  0.711501E+06  0.708357E+06  0.000000E+00  0.000000E+00  0.000000E+00  0.710977E+06
  0.267545E+00  0.676782E+06  0.673687E+06  0.000000E+00  0.000000E+00  0.000000E+00  0.676266E+06
  0.276613E+00  0.640909E+06  0.637770E+06  0.000000E+00  0.000000E+00  0.000000E+00  0.640386E+06
  0.285989E+00  0.607163E+06  0.604035E+06  0.000000E+00  0.000000E+00  0.000000E+00  0.606642E+06
  0.295683E+00  0.577930E+06  0.574955E+06  0.000000E+00  0.000000E+00  0.000000E+00  0.577434E+06
  0.305705E+00  0.552809E+06  0.550088E+06  0.000000E+00  0.000000E+00  0.000000E+00  0.552355E+06
  0.316067E+00  0.529186E+06  0.526704E+06  0.000000E+00  0.000000E+00  0.000000E+00  0.528772E+06
  0.326780E+00  0.504645E+06  0.502297E+06  0.000000E+00  0.000000E+00  0.000000E+00  0.504254E+06
  0.337856E+00  0.478946E+06  0.476640E+06  0.000000E+00  0.000000E+00  0.000000E+00  0.478562E+06
  0.349308E+00  0.454105E+06  0.451842E+06  0.000000E+00  0.000000E+00  0.000000E+00  0.453728E+06
  0.361147E+00  0.431821E+06  0.429667E+06  0.000000E+00  0.000000E+00  0.000000E+00  0.431462E+06
  0.373389E+00  0.411910E+06  0.409912E+06  0.000000E+00  0.000000E+00  0.000000E+00  0.411577E+06
  0.386045E+00  0.392716E+06  0.390849E+06  0.000000E+00  0.000000E+00  0.000000E+00  0.392405E+06
  0.399130E+00  0.373246E+06  0.371453E+06  0.000000E+00  0.000000E+00  0.000000E+00  0.372947E+06
  0.412659E+00  0.354131E+06  0.352395E+06  0.000000E+00  0.000000E+00  0.000000E+00  0.353842E+06
  0.426645E+00  0.336504E+06  0.334852E+06  0.000000E+00  0.000000E+00  0.000000E+00  0.336229E+06
  0.441107E+00  0.320290E+06  0.318740E+06  0.000000E+00  0.000000E+00  0.000000E+00  0.320032E+06
  0.456058E+00  0.304633E+06  0.303168E+06  0.000000E+00  0.000000E+00  0.000000E+00  0.304389E+06
  0.471516E+00  0.289224E+06  0.287820E+06  0.000000E+00  0.000000E+00  0.000000E+00  0.288990E+06
  0.487498E+00  0.274576E+06  0.273236E+06  0.000000E+00  0.000000E+00  0.000000E+00  0.274352E+06
  0.504022E+00  0.260938E+06  0.259673E+06  0.000000E+00  0.000000E+00  0.000000E+00  0.260727E+06
  0.521106E+00  0.247926E+06  0.246728E+06  0.000000E+00  0.000000E+00  0.000000E+00  0.247726E+06
  0.538769E+00  0.235334E+06  0.234192E+06  0.000000E+00  0.000000E+00  0.000000E+00  0.235143E+06
  0.557030E+00  0.223374E+06  0.222288E+06  0.000000E+00  0.000000E+00  0.000000E+00  0.223193E+06
  0.575911E+00  0.212096E+06  0.211068E+06  0.000000E+00  0.000000E+00  0.000000E+00  0.211925E+06
  0.595431E+00  0.201309E+06  0.200333E+06  0.000000E+00  0.000000E+00  0.000000E+00  0.201146E+06
  0.615614E+00  0.190998E+06  0.190071E+06  0.000000E+00  0.000000E+00  0.000000E+00  0.190844E+06
  0.636481E+00  0.181232E+06  0.180354E+06  0.000000E+00  0.000000E+00  0.000000E+00  0.181086E+06
  0.658054E+00  0.171940E+06  0.171107E+06  0.000000E+00  0.000000E+00  0.000000E+00  0.171801E+06
  0.680359E+00  0.163080E+06  0.162290E+06  0.000000E+00  0.000000E+00  0.000000E+00  0.162949E+06
  0.703419E+00  0.154669E+06  0.153919E+06  0.000000E+00  0.000000E+00  0.000000E+00  0.154544E+06
  0.727262E+00  0.146670E+06  0.145959E+06  0.000000E+00  0.000000E+00  0.000000E+00  0.146551E+06
  0.751912E+00  0.139060E+06  0.138386E+06  0.000000E+00  0.000000E+00  0.000000E+00  0.138948E+06
  0.777399E+00  0.131831E+06  0.131193E+06  0.000000E+00  0.000000E+00  0.000000E+00  0.131725E+06
  0.803749E+00  0.124959E+06  0.124354E+06  0.000000E+00  0.000000E+00  0.000000E+00  0.124858E+06
  0.830992E+00  0.118430E+06  0.117856E+06  0.000000E+00  0.000000E+00  0.000000E+00  0.118334E+06
  0.859158E+00  0.112228E+06  0.111684E+06  0.000000E+00  0.000000E+00  0.000000E+00  0.112137E+06
  0.888280E+00  0.106337E+06  0.105822E+06  0.000000E+00  0.000000E+00  0.000000E+00  0.106251E+06
  0.918388E+00  0.100743E+06  0.100255E+06  0.000000E+00  0.000000E+00  0.000000E+00  0.100662E+06
  0.949517E+00  0.954317E+05  0.949694E+05  0.000000E+00  0.000000E+00  0.000000E+00  0.953546E+05
  0.981700E+00  0.903897E+05  0.899518E+05  0.000000E+00  0.000000E+00  0.000000E+00  0.903167E+05
  0.101498E+01  0.856032E+05  0.851885E+05  0.000000E+00  0.000000E+00  0.000000E+00  0.855341E+05
  0.104938E+01  0.810604E+05  0.806677E+05  0.000000E+00  0.000000E+00  0.000000E+00  0.809950E+05
  0.108495E+01  0.767497E+05  0.763779E+05  0.000000E+00  0.000000E+00  0.000000E+00  0.766877E+05
  0.112172E+01  0.726596E+05  0.723077E+05  0.000000E+00  0.000000E+00  0.000000E+00  0.726010E+05
  0.115974E+01  0.687803E+05  0.684471E+05  0.000000E+00  0.000000E+00  0.000000E+00  0.687247E+05
  0.119905E+01  0.651008E+05  0.647855E+05  0.000000E+00  0.000000E+00  0.000000E+00  0.650482E+05
  0.123969E+01  0.616116E+05  0.613132E+05  0.000000E+00  0.000000E+00  0.000000E+00  0.615618E+05
  0.128171E+01  0.583028E+05  0.580204E+05  0.000000E+00  0.000000E+00  0.000000E+00  0.582557E+05
  0.132516E+01  0.551661E+05  0.548989E+05  0.000000E+00  0.000000E+00  0.000000E+00  0.551216E+05
  0.137007E+01  0.521927E+05  0.519400E+05  0.000000E+00  0.000000E+00  0.000000E+00  0.521506E+05
  0.141651E+01  0.493745E+05  0.491354E+05  0.000000E+00  0.000000E+00  0.000000E+00  0.493346E+05
  0.146453E+01  0.467036E+05  0.464774E+05  0.000000E+00  0.000000E+00  0.000000E+00  0.466659E+05
  0.151417E+01  0.441728E+05  0.439588E+05  0.000000E+00  0.000000E+00  0.000000E+00  0.441371E+05
  0.156549E+01  0.417746E+05  0.415723E+05  0.000000E+00  0.000000E+00  0.000000E+00  0.417409E+05
  0.161855E+01  0.395032E+05  0.393119E+05  0.000000E+00  0.000000E+00  0.000000E+00  0.394713E+05
  0.167341E+01  0.373517E+05  0.371708E+05  0.000000E+00  0.000000E+00  0.000000E+00  0.373216E+05
  0.173013E+01  0.353142E+05  0.351432E+05  0.000000E+00  0.000000E+00  0.000000E+00  0.352857E+05
  0.178878E+01  0.333847E+05  0.332231E+05  0.000000E+00  0.000000E+00  0.000000E+00  0.333578E+05
  0.184941E+01  0.315577E+05  0.314048E+05  0.000000E+00  0.000000E+00  0.000000E+00  0.315322E+05
  0.191209E+01  0.298280E+05  0.296835E+05  0.000000E+00  0.000000E+00  0.000000E+00  0.298039E+05
  0.197690E+01  0.281905E+05  0.280540E+05  0.000000E+00  0.000000E+00  0.000000E+00  0.281677E+05
  0.204391E+01  0.266405E+05  0.265115E+05  0.000000E+00  0.000000E+00  0.000000E+00  0.266190E+05
  0.211319E+01  0.251737E+05  0.250518E+05  0.000000E+00  0.000000E+00  0.000000E+00  0.251534E+05
  0.218481E+01  0.237857E+05  0.236705E+05  0.000000E+00  0.000000E+00  0.000000E+00  0.237665E+05
  0.225887E+01  0.224723E+05  0.223635E+05  0.000000E+00  0.000000E+00  0.000000E+00  0.224542E+05
  0.233543E+01  0.212297E+05  0.211269E+05  0.000000E+00  0.000000E+00  0.000000E+00  0.212126E+05
  0.241459E+01  0.200542E+05  0.199570E+05  0.000000E+00  0.000000E+00  0.000000E+00  0.200380E+05
  0.249644E+01  0.189421E+05  0.188504E+05  0.000000E+00  0.000000E+00  0.000000E+00  0.189268E+05
  0.258105E+01  0.178903E+05  0.178037E+05  0.000000E+00  0.000000E+00  0.000000E+00  0.178759E+05
  0.266854E+01  0.168957E+05  0.168138E+05  0.000000E+00  0.000000E+00  0.000000E+00  0.168820E+05
  0.275899E+01  0.159551E+05  0.158778E+05  0.000000E+00  0.000000E+00  0.000000E+00  0.159422E+05
  0.285251E+01  0.150657E+05  0.149927E+05  0.000000E+00  0.000000E+00  0.000000E+00  0.150536E+05
  0.294919E+01  0.142249E+05  0.141560E+05  0.000000E+00  0.000000E+00  0.000000E+00  0.142134E+05
  0.304916E+01  0.134299E+05  0.133649E+05  0.000000E+00  0.000000E+00  0.000000E+00  0.134191E+05
  0.315251E+01  0.126785E+05  0.126171E+05  0.000000E+00  0.000000E+00  0.000000E+00  0.126682E+05
  0.325936E+01  0.119682E+05  0.119102E+05  0.000000E+00  0.000000E+00  0.000000E+00  0.119585E+05
  0.336984E+01  0.112970E+05  0.112422E+05  0.000000E+00  0.000000E+00  0.000000E+00  0.112878E+05
  0.348406E+01  0.106626E+05  0.106110E+05  0.000000E+00  0.000000E+00  0.000000E+00  0.106540E+05
  0.360215E+01  0.100632E+05  0.100145E+05  0.000000E+00  0.000000E+00  0.000000E+00  0.100551E+05
  0.372425E+01  0.949684E+04  0.945082E+04  0.000000E+00  0.000000E+00  0.000000E+00  0.948917E+04
  0.385048E+01  0.896172E+04  0.891829E+04  0.000000E+00  0.000000E+00  0.000000E+00  0.895448E+04
  0.398099E+01  0.845620E+04  0.841521E+04  0.000000E+00  0.000000E+00  0.000000E+00  0.844937E+04
  0.411593E+01  0.797870E+04  0.794003E+04  0.000000E+00  0.000000E+00  0.000000E+00  0.797226E+04
  0.425544E+01  0.752768E+04  0.749119E+04  0.000000E+00  0.000000E+00  0.000000E+00  0.752159E+04
  0.439968E+01  0.710169E+04  0.706726E+04  0.000000E+00  0.000000E+00  0.000000E+00  0.709595E+04
  0.454881E+01  0.669936E+04  0.666688E+04  0.000000E+00  0.000000E+00  0.000000E+00  0.669395E+04
  0.470299E+01  0.631944E+04  0.628880E+04  0.000000E+00  0.000000E+00  0.000000E+00  0.631433E+04
  0.486240E+01  0.596073E+04  0.593182E+04  0.000000E+00  0.000000E+00  0.000000E+00  0.595591E+04
  0.502721E+01  0.562203E+04  0.559476E+04  0.000000E+00  0.000000E+00  0.000000E+00  0.561748E+04
  0.519761E+01  0.530226E+04  0.527653E+04  0.000000E+00  0.000000E+00  0.000000E+00  0.529797E+04
  0.537378E+01  0.500036E+04  0.497609E+04  0.000000E+00  0.000000E+00  0.000000E+00  0.499631E+04
  0.555592E+01  0.471539E+04  0.469250E+04  0.000000E+00  0.000000E+00  0.000000E+00  0.471158E+04
  0.574424E+01  0.444641E+04  0.442483E+04  0.000000E+00  0.000000E+00  0.000000E+00  0.444281E+04
  0.593894E+01  0.419254E+04  0.417219E+04  0.000000E+00  0.000000E+00  0.000000E+00  0.418915E+04
  0.614025E+01  0.395292E+04  0.393372E+04  0.000000E+00  0.000000E+00  0.000000E+00  0.394972E+04
  0.634837E+01  0.372680E+04  0.370869E+04  0.000000E+00  0.000000E+00  0.000000E+00  0.372378E+04
  0.656355E+01  0.351342E+04  0.349635E+04  0.000000E+00  0.000000E+00  0.000000E+00  0.351058E+04
  0.678602E+01  0.331209E+04  0.329599E+04  0.000000E+00  0.000000E+00  0.000000E+00  0.330941E+04
  0.701603E+01  0.312212E+04  0.310694E+04  0.000000E+00  0.000000E+00  0.000000E+00  0.311959E+04
  0.725384E+01  0.294289E+04  0.292858E+04  0.000000E+00  0.000000E+00  0.000000E+00  0.294051E+04
  0.749971E+01  0.277381E+04  0.276031E+04  0.000000E+00  0.000000E+00  0.000000E+00  0.277156E+04
  0.775392E+01  0.261431E+04  0.260158E+04  0.000000E+00  0.000000E+00  0.000000E+00  0.261219E+04
  0.801674E+01  0.246386E+04  0.245186E+04  0.000000E+00  0.000000E+00  0.000000E+00  0.246186E+04
  0.828847E+01  0.232194E+04  0.231062E+04  0.000000E+00  0.000000E+00  0.000000E+00  0.232005E+04
  0.856940E+01  0.218809E+04  0.217743E+04  0.000000E+00  0.000000E+00  0.000000E+00  0.218631E+04
  0.885987E+01  0.206186E+04  0.205180E+04  0.000000E+00  0.000000E+00  0.000000E+00  0.206019E+04
  0.916017E+01  0.194281E+04  0.193333E+04  0.000000E+00  0.000000E+00  0.000000E+00  0.194123E+04
  0.947066E+01  0.183055E+04  0.182161E+04  0.000000E+00  0.000000E+00  0.000000E+00  0.182906E+04
  0.979166E+01  0.172470E+04  0.171627E+04  0.000000E+00  0.000000E+00  0.000000E+00  0.172330E+04
  0.101236E+02  0.162489E+04  0.161694E+04  0.000000E+00  0.000000E+00  0.000000E+00  0.162356E+04
  0.104667E+02  0.153078E+04  0.152329E+04  0.000000E+00  0.000000E+00  0.000000E+00  0.152953E+04
  0.108215E+02  0.144206E+04  0.143500E+04  0.000000E+00  0.000000E+00  0.000000E+00  0.144089E+04
  0.111883E+02  0.135843E+04  0.135177E+04  0.000000E+00  0.000000E+00  0.000000E+00  0.135732E+04
  0.115675E+02  0.127958E+04  0.127330E+04  0.000000E+00  0.000000E+00  0.000000E+00  0.127853E+04
  0.119596E+02  0.120525E+04  0.119933E+04  0.000000E+00  0.000000E+00  0.000000E+00  0.120427E+04
  0.123649E+02  0.113519E+04  0.112961E+04  0.000000E+00  0.000000E+00  0.000000E+00  0.113426E+04
  0.127841E+02  0.106916E+04  0.106390E+04  0.000000E+00  0.000000E+00  0.000000E+00  0.106828E+04
  0.132174E+02  0.100693E+04  0.100197E+04  0.000000E+00  0.000000E+00  0.000000E+00  0.100610E+04
  0.136654E+02  0.948278E+03  0.943599E+03  0.000000E+00  0.000000E+00  0.000000E+00  0.947499E+03
  0.141286E+02  0.893005E+03  0.888593E+03  0.000000E+00  0.000000E+00  0.000000E+00  0.892270E+03
  0.146075E+02  0.840920E+03  0.836759E+03  0.000000E+00  0.000000E+00  0.000000E+00  0.840226E+03
  0.151026E+02  0.791840E+03  0.787916E+03  0.000000E+00  0.000000E+00  0.000000E+00  0.791186E+03
  0.156145E+02  0.745592E+03  0.741891E+03  0.000000E+00  0.000000E+00  0.000000E+00  0.744975E+03
  0.161437E+02  0.702020E+03  0.698529E+03  0.000000E+00  0.000000E+00  0.000000E+00  0.701438E+03
  0.166909E+02  0.660966E+03  0.657673E+03  0.000000E+00  0.000000E+00  0.000000E+00  0.660417E+03
  0.172567E+02  0.622288E+03  0.619182E+03  0.000000E+00  0.000000E+00  0.000000E+00  0.621770E+03
  0.178416E+02  0.585851E+03  0.582920E+03  0.000000E+00  0.000000E+00  0.000000E+00  0.585363E+03
  0.184463E+02  0.551526E+03  0.548760E+03  0.000000E+00  0.000000E+00  0.000000E+00  0.551065E+03
  0.190716E+02  0.519192E+03  0.516582E+03  0.000000E+00  0.000000E+00  0.000000E+00  0.518757E+03
  0.197180E+02  0.488735E+03  0.486272E+03  0.000000E+00  0.000000E+00  0.000000E+00  0.488325E+03
  0.203863E+02  0.460047E+03  0.457722E+03  0.000000E+00  0.000000E+00  0.000000E+00  0.459659E+03
  0.210773E+02  0.433027E+03  0.430832E+03  0.000000E+00  0.000000E+00  0.000000E+00  0.432661E+03
  0.217917E+02  0.407578E+03  0.405505E+03  0.000000E+00  0.000000E+00  0.000000E+00  0.407232E+03
  0.225304E+02  0.383611E+03  0.381654E+03  0.000000E+00  0.000000E+00  0.000000E+00  0.383285E+03
  0.232941E+02  0.361040E+03  0.359191E+03  0.000000E+00  0.000000E+00  0.000000E+00  0.360732E+03
  0.240836E+02  0.339785E+03  0.338038E+03  0.000000E+00  0.000000E+00  0.000000E+00  0.339494E+03
  0.248999E+02  0.319768E+03  0.318118E+03  0.000000E+00  0.000000E+00  0.000000E+00  0.319493E+03
  0.257439E+02  0.300921E+03  0.299361E+03  0.000000E+00  0.000000E+00  0.000000E+00  0.300661E+03
  0.266165E+02  0.283175E+03  0.281700E+03  0.000000E+00  0.000000E+00  0.000000E+00  0.282929E+03
  0.275187E+02  0.266465E+03  0.265070E+03  0.000000E+00  0.000000E+00  0.000000E+00  0.266232E+03
  0.284514E+02  0.250733E+03  0.249414E+03  0.000000E+00  0.000000E+00  0.000000E+00  0.250513E+03
  0.294158E+02  0.235921E+03  0.234673E+03  0.000000E+00  0.000000E+00  0.000000E+00  0.235713E+03
  0.304128E+02  0.221976E+03  0.220795E+03  0.000000E+00  0.000000E+00  0.000000E+00  0.221779E+03
  0.314437E+02  0.208848E+03  0.207730E+03  0.000000E+00  0.000000E+00  0.000000E+00  0.208662E+03
  0.325095E+02  0.196490E+03  0.195431E+03  0.000000E+00  0.000000E+00  0.000000E+00  0.196314E+03
  0.336114E+02  0.184857E+03  0.183854E+03  0.000000E+00  0.000000E+00  0.000000E+00  0.184690E+03
  0.347507E+02  0.173906E+03  0.172955E+03  0.000000E+00  0.000000E+00  0.000000E+00  0.173748E+03
  0.359285E+02  0.163599E+03  0.162697E+03  0.000000E+00  0.000000E+00  0.000000E+00  0.163449E+03
  0.371463E+02  0.153897E+03  0.153042E+03  0.000000E+00  0.000000E+00  0.000000E+00  0.153754E+03
  0.384054E+02  0.144766E+03  0.143954E+03  0.000000E+00  0.000000E+00  0.000000E+00  0.144631E+03
  0.397072E+02  0.136171E+03  0.135400E+03  0.000000E+00  0.000000E+00  0.000000E+00  0.136043E+03
  0.410530E+02  0.128083E+03  0.127350E+03  0.000000E+00  0.000000E+00  0.000000E+00  0.127961E+03
  0.424445E+02  0.120471E+03  0.119774E+03  0.000000E+00  0.000000E+00  0.000000E+00  0.120355E+03
  0.438832E+02  0.113307E+03  0.112645E+03  0.000000E+00  0.000000E+00  0.000000E+00  0.113197E+03
  0.453706E+02  0.106566E+03  0.105935E+03  0.000000E+00  0.000000E+00  0.000000E+00  0.106461E+03
  0.469085E+02  0.100222E+03  0.996218E+02  0.000000E+00  0.000000E+00  0.000000E+00  0.100122E+03
  0.484984E+02  0.942525E+02  0.936806E+02  0.000000E+00  0.000000E+00  0.000000E+00  0.941572E+02
  0.501423E+02  0.886354E+02  0.880900E+02  0.000000E+00  0.000000E+00  0.000000E+00  0.885445E+02
  0.518419E+02  0.833501E+02  0.828297E+02  0.000000E+00  0.000000E+00  0.000000E+00  0.832634E+02
  0.535990E+02  0.783774E+02  0.778805E+02  0.000000E+00  0.000000E+00  0.000000E+00  0.782946E+02
  0.554158E+02  0.736986E+02  0.732237E+02  0.000000E+00  0.000000E+00  0.000000E+00  0.736194E+02
  0.572942E+02  0.692965E+02  0.688424E+02  0.000000E+00  0.000000E+00  0.000000E+00  0.692208E+02
  0.592361E+02  0.651552E+02  0.647205E+02  0.000000E+00  0.000000E+00  0.000000E+00  0.650827E+02
  0.612440E+02  0.612589E+02  0.608425E+02  0.000000E+00  0.000000E+00  0.000000E+00  0.611895E+02
  0.633198E+02  0.575937E+02  0.571944E+02  0.000000E+00  0.000000E+00  0.000000E+00  0.575271E+02
  0.654661E+02  0.541455E+02  0.537623E+02  0.000000E+00  0.000000E+00  0.000000E+00  0.540816E+02
  0.676850E+02  0.509019E+02  0.505339E+02  0.000000E+00  0.000000E+00  0.000000E+00  0.508405E+02
  0.699792E+02  0.478507E+02  0.474969E+02  0.000000E+00  0.000000E+00  0.000000E+00  0.477917E+02
  0.723511E+02  0.449806E+02  0.446402E+02  0.000000E+00  0.000000E+00  0.000000E+00  0.449239E+02
  0.748035E+02  0.422809E+02  0.419530E+02  0.000000E+00  0.000000E+00  0.000000E+00  0.422263E+02
  0.773390E+02  0.397417E+02  0.394256E+02  0.000000E+00  0.000000E+00  0.000000E+00  0.396890E+02
  0.799604E+02  0.373533E+02  0.370481E+02  0.000000E+00  0.000000E+00  0.000000E+00  0.373024E+02
  0.826706E+02  0.351070E+02  0.348122E+02  0.000000E+00  0.000000E+00  0.000000E+00  0.350579E+02
  0.854728E+02  0.329943E+02  0.327092E+02  0.000000E+00  0.000000E+00  0.000000E+00  0.329467E+02
  0.883699E+02  0.310073E+02  0.307313E+02  0.000000E+00  0.000000E+00  0.000000E+00  0.309613E+02
  0.913652E+02  0.291385E+02  0.288712E+02  0.000000E+00  0.000000E+00  0.000000E+00  0.290940E+02
  0.944620E+02  0.273812E+02  0.271218E+02  0.000000E+00  0.000000E+00  0.000000E+00  0.273380E+02
  0.976639E+02  0.257284E+02  0.254765E+02  0.000000E+00  0.000000E+00  0.000000E+00  0.256864E+02
  0.100974E+03  0.241742E+02  0.239294E+02  0.000000E+00  0.000000E+00  0.000000E+00  0.241334E+02
  0.104397E+03  0.227127E+02  0.224746E+02  0.000000E+00  0.000000E+00  0.000000E+00  0.226731E+02
  0.107935E+03  0.213385E+02  0.211066E+02  0.000000E+00  0.000000E+00  0.000000E+00  0.212998E+02
  0.111594E+03  0.200462E+02  0.198201E+02  0.000000E+00  0.000000E+00  0.000000E+00  0.200085E+02
  0.115376E+03  0.188311E+02  0.186105E+02  0.000000E+00  0.000000E+00  0.000000E+00  0.187943E+02
  0.119287E+03  0.176886E+02  0.174732E+02  0.000000E+00  0.000000E+00  0.000000E+00  0.176527E+02
  0.123330E+03  0.166144E+02  0.164038E+02  0.000000E+00  0.000000E+00  0.000000E+00  0.165793E+02
  0.127510E+03  0.156043E+02  0.153983E+02  0.000000E+00  0.000000E+00  0.000000E+00  0.155699E+02
  0.131832E+03  0.146547E+02  0.144530E+02  0.000000E+00  0.000000E+00  0.000000E+00  0.146211E+02
  0.136301E+03  0.137619E+02  0.135642E+02  0.000000E+00  0.000000E+00  0.000000E+00  0.137289E+02
  0.140921E+03  0.129226E+02  0.127286E+02  0.000000E+00  0.000000E+00  0.000000E+00  0.128902E+02
  0.145697E+03  0.121334E+02  0.119431E+02  0.000000E+00  0.000000E+00  0.000000E+00  0.121017E+02
  0.150636E+03  0.113916E+02  0.112047E+02  0.000000E+00  0.000000E+00  0.000000E+00  0.113605E+02
  0.155742E+03  0.106943E+02  0.105105E+02  0.000000E+00  0.000000E+00  0.000000E+00  0.106637E+02
  0.161021E+03  0.100388E+02  0.985797E+01  0.000000E+00  0.000000E+00  0.000000E+00  0.100086E+02
  0.166478E+03  0.942256E+01  0.924463E+01  0.000000E+00  0.000000E+00  0.000000E+00  0.939290E+01
  0.172121E+03  0.884337E+01  0.866815E+01  0.000000E+00  0.000000E+00  0.000000E+00  0.881417E+01
  0.177955E+03  0.829896E+01  0.812631E+01  0.000000E+00  0.000000E+00  0.000000E+00  0.827019E+01
  0.183987E+03  0.778723E+01  0.761704E+01  0.000000E+00  0.000000E+00  0.000000E+00  0.775887E+01
  0.190223E+03  0.730630E+01  0.713845E+01  0.000000E+00  0.000000E+00  0.000000E+00  0.727832E+01
  0.196671E+03  0.685428E+01  0.668868E+01  0.000000E+00  0.000000E+00  0.000000E+00  0.682668E+01
  0.203337E+03  0.642950E+01  0.626606E+01  0.000000E+00  0.000000E+00  0.000000E+00  0.640226E+01
