  0.106303E-04  0.232901E+07  0.232901E+07  0.310516E+07  0.310516E+07  0.000000E+00  0.232901E+07
  0.109906E-04  0.232901E+07  0.232901E+07  0.310514E+07  0.310514E+07  0.000000E+00  0.232901E+07
  0.113631E-04  0.232901E+07  0.232901E+07  0.310513E+07  0.310513E+07  0.000000E+00  0.232901E+07
  0.117483E-04  0.232901E+07  0.232901E+07  0.310512E+07  0.310511E+07  0.000000E+00  0.232901E+07
  0.121465E-04  0.232901E+07  0.232901E+07  0.310510E+07  0.310510E+07  0.000000E+00  0.232901E+07
  0.125582E-04  0.232901E+07  0.232901E+07  0.310508E+07  0.310508E+07  0.000000E+00  0.232901E+07
  0.129839E-04  0.232901E+07  0.232901E+07  0.310506E+07  0.310506E+07  0.000000E+00  0.232901E+07
  0.134240E-04  0.232901E+07  0.232901E+07  0.310504E+07  0.310504E+07  0.000000E+00  0.232901E+07
  0.138790E-04  0.232901E+07  0.232901E+07  0.310502E+07  0.310502E+07  0.000000E+00  0.232901E+07
  0.143494E-04  0.232901E+07  0.232901E+07  0.310500E+07  0.310500E+07  0.000000E+00  0.232901E+07
  0.148358E-04  0.232901E+07  0.232901E+07  0.310498E+07  0.310497E+07  0.000000E+00  0.232901E+07
  0.153386E-04  0.232901E+07  0.232901E+07  0.310495E+07  0.310495E+07  0.000000E+00  0.232901E+07
  0.158585E-04  0.232901E+07  0.232901E+07  0.310492E+07  0.310492E+07  0.000000E+00  0.232901E+07
  0.163961E-04  0.232901E+07  0.232901E+07  0.310490E+07  0.310489E+07  0.000000E+00  0.232901E+07
  0.169518E-04  0.232901E+07  0.232901E+07  0.310486E+07  0.310486E+07  0.000000E+00  0.232901E+07
  0.175264E-04  0.232901E+07  0.232901E+07  0.310483E+07  0.310482E+07  0.000000E+00  0.232901E+07
  0.181205E-04  0.232901E+07  0.232901E+07  0.310480E+07  0.310479E+07  0.000000E+00  0.232901E+07
  0.187347E-04  0.232900E+07  0.232900E+07  0.310476E+07  0.310475E+07  0.000000E+00  0.232900E+07
  0.193697E-04  0.232900E+07  0.232900E+07  0.310472E+07  0.310471E+07  0.000000E+00  0.232900E+07
  0.200262E-04  0.232900E+07  0.232900E+07  0.310467E+07  0.310466E+07  0.000000E+00  0.232900E+07
  0.207050E-04  0.232900E+07  0.232900E+07  0.310463E+07  0.310462E+07  0.000000E+00  0.232900E+07
  0.214068E-04  0.232900E+07  0.232900E+07  0.310458E+07  0.310457E+07  0.000000E+00  0.232900E+07
  0.221324E-04  0.232900E+07  0.232900E+07  0.310452E+07  0.310451E+07  0.000000E+00  0.232900E+07
  0.228826E-04  0.232900E+07  0.232900E+07  0.310447E+07  0.310446E+07  0.000000E+00  0.232900E+07
  0.236582E-04  0.232900E+07  0.232900E+07  0.310441E+07  0.310439E+07  0.000000E+00  0.232900E+07
  0.244601E-04  0.232900E+07  0.232900E+07  0.310434E+07  0.310433E+07  0.000000E+00  0.232900E+07
  0.252891E-04  0.232900E+07  0.232900E+07  0.310427E+07  0.310426E+07  0.000000E+00  0.232900E+07
  0.261463E-04  0.232900E+07  0.232900E+07  0.310420E+07  0.310418E+07  0.000000E+00  0.232900E+07
  0.270326E-04  0.232900E+07  0.232900E+07  0.310412E+07  0.310410E+07  0.000000E+00  0.232900E+07
  0.279488E-04  0.232900E+07  0.232900E+07  0.310403E+07  0.310402E+07  0.000000E+00  0.232900E+07
  0.288962E-04  0.232900E+07  0.232900E+07  0.310394E+07  0.310393E+07  0.000000E+00  0.232900E+07
  0.298756E-04  0.232900E+07  0.232900E+07  0.310385E+07  0.310383E+07  0.000000E+00  0.232900E+07
  0.308882E-04  0.232900E+07  0.232899E+07  0.310374E+07  0.310372E+07  0.000000E+00  0.232900E+07
  0.319352E-04  0.232899E+07  0.232899E+07  0.310363E+07  0.310361E+07  0.000000E+00  0.232899E+07
  0.330176E-04  0.232899E+07  0.232899E+07  0.310351E+07  0.310349E+07  0.000000E+00  0.232899E+07
  0.341368E-04  0.232899E+07  0.232899E+07  0.310339E+07  0.310336E+07  0.000000E+00  0.232899E+07
  0.352938E-04  0.232899E+07  0.232899E+07  0.310325E+07  0.310323E+07  0.000000E+00  0.232899E+07
  0.364901E-04  0.232899E+07  0.232899E+07  0.310311E+07  0.310308E+07  0.000000E+00  0.232899E+07
  0.377270E-04  0.232899E+07  0.232899E+07  0.310295E+07  0.310292E+07  0.000000E+00  0.232899E+07
  0.390057E-04  0.232899E+07  0.232899E+07  0.310279E+07  0.310276E+07  0.000000E+00  0.232899E+07
  0.403278E-04  0.232898E+07  0.232898E+07  0.310261E+07  0.310258E+07  0.000000E+00  0.232898E+07
  0.416948E-04  0.232898E+07  0.232898E+07  0.310242E+07  0.310239E+07  0.000000E+00  0.232898E+07
  0.431080E-04  0.232898E+07  0.232898E+07  0.310222E+07  0.310218E+07  0.000000E+00  0.232898E+07
  0.445692E-04  0.232898E+07  0.232898E+07  0.310201E+07  0.310197E+07  0.000000E+00  0.232898E+07
  0.460798E-04  0.232898E+07  0.232898E+07  0.310178E+07  0.310173E+07  0.000000E+00  0.232898E+07
  0.476417E-04  0.232897E+07  0.232897E+07  0.310153E+07  0.310148E+07  0.000000E+00  0.232897E+07
  0.492565E-04  0.232897E+07  0.232897E+07  0.310127E+07  0.310122E+07  0.000000E+00  0.232897E+07
  0.509261E-04  0.232897E+07  0.232897E+07  0.310099E+07  0.310093E+07  0.000000E+00  0.232897E+07
  0.526522E-04  0.232896E+07  0.232896E+07  0.310069E+07  0.310063E+07  0.000000E+00  0.232896E+07
  0.544369E-04  0.232896E+07  0.232896E+07  0.310037E+07  0.310030E+07  0.000000E+00  0.232896E+07
  0.562820E-04  0.232896E+07  0.232896E+07  0.310002E+07  0.309996E+07  0.000000E+00  0.232896E+07
  0.581897E-04  0.232895E+07  0.232895E+07  0.309966E+07  0.309958E+07  0.000000E+00  0.232895E+07
  0.601621E-04  0.232895E+07  0.232895E+07  0.309926E+07  0.309919E+07  0.000000E+00  0.232895E+07
  0.622013E-04  0.232895E+07  0.232895E+07  0.309884E+07  0.309876E+07  0.000000E+00  0.232895E+07
  0.643096E-04  0.232894E+07  0.232894E+07  0.309840E+07  0.309831E+07  0.000000E+00  0.232894E+07
  0.664894E-04  0.232894E+07  0.232894E+07  0.309792E+07  0.309783E+07  0.000000E+00  0.232894E+07
  0.687430E-04  0.232893E+07  0.232893E+07  0.309741E+07  0.309731E+07  0.000000E+00  0.232893E+07
  0.710731E-04  0.232893E+07  0.232893E+07  0.309686E+07  0.309675E+07  0.000000E+00  0.232893E+07
  0.734821E-04  0.232892E+07  0.232892E+07  0.309627E+07  0.309616E+07  0.000000E+00  0.232892E+07
  0.759728E-04  0.232891E+07  0.232891E+07  0.309565E+07  0.309553E+07  0.000000E+00  0.232891E+07
  0.785479E-04  0.232891E+07  0.232891E+07  0.309498E+07  0.309485E+07  0.000000E+00  0.232891E+07
  0.812103E-04  0.232890E+07  0.232890E+07  0.309427E+07  0.309413E+07  0.000000E+00  0.232890E+07
  0.839629E-04  0.232889E+07  0.232889E+07  0.309351E+07  0.309336E+07  0.000000E+00  0.232889E+07
  0.868089E-04  0.232888E+07  0.232888E+07  0.309269E+07  0.309254E+07  0.000000E+00  0.232888E+07
  0.897513E-04  0.232888E+07  0.232888E+07  0.309182E+07  0.309165E+07  0.000000E+00  0.232888E+07
  0.927934E-04  0.232887E+07  0.232887E+07  0.309089E+07  0.309071E+07  0.000000E+00  0.232887E+07
  0.959386E-04  0.232886E+07  0.232886E+07  0.308990E+07  0.308971E+07  0.000000E+00  0.232886E+07
  0.991905E-04  0.232885E+07  0.232884E+07  0.308883E+07  0.308863E+07  0.000000E+00  0.232885E+07
  0.102553E-03  0.232883E+07  0.232883E+07  0.308770E+07  0.308748E+07  0.000000E+00  0.232883E+07
  0.106029E-03  0.232882E+07  0.232882E+07  0.308648E+07  0.308625E+07  0.000000E+00  0.232882E+07
  0.109622E-03  0.232881E+07  0.232881E+07  0.308519E+07  0.308494E+07  0.000000E+00  0.232881E+07
  0.113338E-03  0.232880E+07  0.232879E+07  0.308380E+07  0.308354E+07  0.000000E+00  0.232880E+07
  0.117180E-03  0.232878E+07  0.232878E+07  0.308232E+07  0.308204E+07  0.000000E+00  0.232878E+07
  0.121152E-03  0.232876E+07  0.232876E+07  0.308074E+07  0.308044E+07  0.000000E+00  0.232876E+07
  0.125258E-03  0.232875E+07  0.232875E+07  0.307905E+07  0.307873E+07  0.000000E+00  0.232875E+07
  0.129504E-03  0.232873E+07  0.232873E+07  0.307725E+07  0.307690E+07  0.000000E+00  0.232873E+07
  0.133893E-03  0.232871E+07  0.232871E+07  0.307532E+07  0.307495E+07  0.000000E+00  0.232871E+07
  0.138431E-03  0.232869E+07  0.232869E+07  0.307326E+07  0.307286E+07  0.000000E+00  0.232869E+07
  0.143124E-03  0.232867E+07  0.232867E+07  0.307106E+07  0.307064E+07  0.000000E+00  0.232867E+07
  0.147975E-03  0.232864E+07  0.232864E+07  0.306871E+07  0.306826E+07  0.000000E+00  0.232864E+07
  0.152990E-03  0.232862E+07  0.232862E+07  0.306619E+07  0.306571E+07  0.000000E+00  0.232862E+07
  0.158176E-03  0.232859E+07  0.232859E+07  0.306351E+07  0.306300E+07  0.000000E+00  0.232859E+07
  0.163537E-03  0.232856E+07  0.232856E+07  0.306065E+07  0.306010E+07  0.000000E+00  0.232856E+07
  0.169081E-03  0.232853E+07  0.232853E+07  0.305759E+07  0.305700E+07  0.000000E+00  0.232853E+07
  0.174812E-03  0.232850E+07  0.232850E+07  0.305432E+07  0.305370E+07  0.000000E+00  0.232850E+07
  0.180737E-03  0.232846E+07  0.232846E+07  0.305083E+07  0.305017E+07  0.000000E+00  0.232846E+07
  0.186863E-03  0.232843E+07  0.232842E+07  0.304711E+07  0.304640E+07  0.000000E+00  0.232843E+07
  0.193197E-03  0.232839E+07  0.232838E+07  0.304313E+07  0.304237E+07  0.000000E+00  0.232839E+07
  0.199745E-03  0.232834E+07  0.232834E+07  0.303888E+07  0.303807E+07  0.000000E+00  0.232834E+07
  0.206515E-03  0.232830E+07  0.232829E+07  0.303435E+07  0.303349E+07  0.000000E+00  0.232830E+07
  0.213515E-03  0.232825E+07  0.232824E+07  0.302951E+07  0.302859E+07  0.000000E+00  0.232825E+07
  0.220752E-03  0.232820E+07  0.232819E+07  0.302435E+07  0.302336E+07  0.000000E+00  0.232819E+07
  0.228235E-03  0.232814E+07  0.232813E+07  0.301884E+07  0.301779E+07  0.000000E+00  0.232814E+07
  0.235971E-03  0.232808E+07  0.232807E+07  0.301295E+07  0.301184E+07  0.000000E+00  0.232808E+07
  0.243969E-03  0.232802E+07  0.232801E+07  0.300668E+07  0.300549E+07  0.000000E+00  0.232801E+07
  0.252239E-03  0.232795E+07  0.232794E+07  0.299999E+07  0.299871E+07  0.000000E+00  0.232795E+07
  0.260788E-03  0.232787E+07  0.232787E+07  0.299285E+07  0.299149E+07  0.000000E+00  0.232787E+07
  0.269628E-03  0.232780E+07  0.232779E+07  0.298523E+07  0.298379E+07  0.000000E+00  0.232779E+07
  0.278767E-03  0.232771E+07  0.232770E+07  0.297711E+07  0.297557E+07  0.000000E+00  0.232771E+07
  0.288216E-03  0.232762E+07  0.232761E+07  0.296845E+07  0.296681E+07  0.000000E+00  0.232762E+07
  0.297985E-03  0.232753E+07  0.232752E+07  0.295923E+07  0.295748E+07  0.000000E+00  0.232753E+07
  0.308085E-03  0.232743E+07  0.232742E+07  0.294939E+07  0.294753E+07  0.000000E+00  0.232742E+07
  0.318527E-03  0.232732E+07  0.232731E+07  0.293891E+07  0.293693E+07  0.000000E+00  0.232732E+07
  0.329324E-03  0.232720E+07  0.232719E+07  0.292775E+07  0.292564E+07  0.000000E+00  0.232720E+07
  0.340486E-03  0.232708E+07  0.232707E+07  0.291586E+07  0.291362E+07  0.000000E+00  0.232708E+07
  0.352027E-03  0.232695E+07  0.232693E+07  0.290320E+07  0.290082E+07  0.000000E+00  0.232694E+07
  0.363959E-03  0.232680E+07  0.232679E+07  0.288973E+07  0.288719E+07  0.000000E+00  0.232680E+07
  0.376296E-03  0.232665E+07  0.232664E+07  0.287539E+07  0.287270E+07  0.000000E+00  0.232665E+07
  0.389050E-03  0.232649E+07  0.232648E+07  0.286013E+07  0.285727E+07  0.000000E+00  0.232649E+07
  0.402237E-03  0.232632E+07  0.232630E+07  0.284391E+07  0.284087E+07  0.000000E+00  0.232632E+07
  0.415871E-03  0.232614E+07  0.232612E+07  0.282666E+07  0.282344E+07  0.000000E+00  0.232613E+07
  0.429967E-03  0.232594E+07  0.232592E+07  0.280834E+07  0.280492E+07  0.000000E+00  0.232594E+07
  0.444541E-03  0.232573E+07  0.232571E+07  0.278887E+07  0.278524E+07  0.000000E+00  0.232573E+07
  0.459609E-03  0.232550E+07  0.232548E+07  0.276820E+07  0.276435E+07  0.000000E+00  0.232550E+07
  0.475187E-03  0.232527E+07  0.232524E+07  0.274626E+07  0.274219E+07  0.000000E+00  0.232526E+07
  0.491294E-03  0.232501E+07  0.232499E+07  0.272298E+07  0.271868E+07  0.000000E+00  0.232501E+07
  0.507946E-03  0.232474E+07  0.232471E+07  0.269831E+07  0.269376E+07  0.000000E+00  0.232473E+07
  0.525163E-03  0.232445E+07  0.232442E+07  0.267217E+07  0.266736E+07  0.000000E+00  0.232444E+07
  0.542963E-03  0.232414E+07  0.232411E+07  0.264449E+07  0.263940E+07  0.000000E+00  0.232413E+07
  0.561367E-03  0.232381E+07  0.232377E+07  0.261520E+07  0.260983E+07  0.000000E+00  0.232380E+07
  0.580395E-03  0.232345E+07  0.232342E+07  0.258422E+07  0.257856E+07  0.000000E+00  0.232345E+07
  0.600067E-03  0.232308E+07  0.232304E+07  0.255149E+07  0.254553E+07  0.000000E+00  0.232307E+07
  0.620407E-03  0.232268E+07  0.232264E+07  0.251693E+07  0.251067E+07  0.000000E+00  0.232267E+07
  0.641435E-03  0.232225E+07  0.232221E+07  0.248047E+07  0.247390E+07  0.000000E+00  0.232224E+07
  0.663177E-03  0.232179E+07  0.232175E+07  0.244206E+07  0.243515E+07  0.000000E+00  0.232178E+07
  0.685655E-03  0.232131E+07  0.232126E+07  0.240161E+07  0.239438E+07  0.000000E+00  0.232130E+07
  0.708896E-03  0.232079E+07  0.232074E+07  0.235907E+07  0.235150E+07  0.000000E+00  0.232078E+07
  0.732924E-03  0.232024E+07  0.232018E+07  0.231439E+07  0.230648E+07  0.000000E+00  0.232023E+07
  0.757767E-03  0.231965E+07  0.231959E+07  0.226751E+07  0.225926E+07  0.000000E+00  0.231964E+07
  0.783451E-03  0.231902E+07  0.231896E+07  0.221840E+07  0.220980E+07  0.000000E+00  0.231901E+07
  0.810006E-03  0.231835E+07  0.231829E+07  0.216701E+07  0.215808E+07  0.000000E+00  0.231834E+07
  0.837462E-03  0.231764E+07  0.231757E+07  0.211334E+07  0.210407E+07  0.000000E+00  0.231763E+07
  0.865847E-03  0.231689E+07  0.231681E+07  0.205736E+07  0.204777E+07  0.000000E+00  0.231687E+07
  0.895195E-03  0.231608E+07  0.231600E+07  0.199910E+07  0.198920E+07  0.000000E+00  0.231607E+07
  0.925538E-03  0.231523E+07  0.231514E+07  0.193856E+07  0.192836E+07  0.000000E+00  0.231521E+07
  0.956909E-03  0.231432E+07  0.231422E+07  0.187580E+07  0.186533E+07  0.000000E+00  0.231430E+07
  0.989344E-03  0.231335E+07  0.231325E+07  0.181088E+07  0.180015E+07  0.000000E+00  0.231333E+07
  0.102288E-02  0.231232E+07  0.231222E+07  0.174388E+07  0.173293E+07  0.000000E+00  0.231231E+07
  0.105755E-02  0.231123E+07  0.231112E+07  0.167493E+07  0.166380E+07  0.000000E+00  0.231121E+07
  0.109339E-02  0.231007E+07  0.230995E+07  0.160417E+07  0.159288E+07  0.000000E+00  0.231005E+07
  0.113045E-02  0.230884E+07  0.230871E+07  0.153178E+07  0.152038E+07  0.000000E+00  0.230882E+07
  0.116877E-02  0.230754E+07  0.230740E+07  0.145796E+07  0.144650E+07  0.000000E+00  0.230752E+07
  0.120839E-02  0.230616E+07  0.230601E+07  0.138295E+07  0.137149E+07  0.000000E+00  0.230613E+07
  0.124935E-02  0.230469E+07  0.230453E+07  0.130705E+07  0.129563E+07  0.000000E+00  0.230466E+07
  0.129169E-02  0.230314E+07  0.230297E+07  0.123056E+07  0.121925E+07  0.000000E+00  0.230311E+07
  0.133547E-02  0.230149E+07  0.230131E+07  0.115384E+07  0.114270E+07  0.000000E+00  0.230146E+07
  0.138074E-02  0.229975E+07  0.229956E+07  0.107728E+07  0.106638E+07  0.000000E+00  0.229972E+07
  0.142754E-02  0.229791E+07  0.229770E+07  0.100131E+07  0.990699E+06  0.000000E+00  0.229788E+07
  0.147593E-02  0.229597E+07  0.229575E+07  0.926365E+06  0.916115E+06  0.000000E+00  0.229593E+07
  0.152595E-02  0.229392E+07  0.229368E+07  0.852938E+06  0.843102E+06  0.000000E+00  0.229388E+07
  0.157768E-02  0.229175E+07  0.229149E+07  0.781523E+06  0.772149E+06  0.000000E+00  0.229171E+07
  0.163115E-02  0.228946E+07  0.228919E+07  0.712626E+06  0.703753E+06  0.000000E+00  0.228942E+07
  0.168644E-02  0.228705E+07  0.228676E+07  0.646752E+06  0.638407E+06  0.000000E+00  0.228700E+07
  0.174360E-02  0.228451E+07  0.228420E+07  0.584396E+06  0.576587E+06  0.000000E+00  0.228446E+07
  0.180270E-02  0.228184E+07  0.228150E+07  0.526022E+06  0.518741E+06  0.000000E+00  0.228178E+07
  0.186380E-02  0.227903E+07  0.227867E+07  0.472053E+06  0.465269E+06  0.000000E+00  0.227897E+07
  0.192698E-02  0.227607E+07  0.227569E+07  0.422853E+06  0.416509E+06  0.000000E+00  0.227601E+07
  0.199229E-02  0.227297E+07  0.227256E+07  0.378703E+06  0.372718E+06  0.000000E+00  0.227290E+07
  0.205982E-02  0.226971E+07  0.226928E+07  0.339793E+06  0.334059E+06  0.000000E+00  0.226964E+07
  0.212964E-02  0.226630E+07  0.226583E+07  0.306195E+06  0.300579E+06  0.000000E+00  0.226622E+07
  0.220183E-02  0.226272E+07  0.226222E+07  0.277857E+06  0.272202E+06  0.000000E+00  0.226263E+07
  0.227646E-02  0.225897E+07  0.225844E+07  0.254584E+06  0.248718E+06  0.000000E+00  0.225888E+07
  0.235362E-02  0.225505E+07  0.225449E+07  0.236039E+06  0.229777E+06  0.000000E+00  0.225496E+07
  0.243339E-02  0.225095E+07  0.225035E+07  0.221740E+06  0.214900E+06  0.000000E+00  0.225085E+07
  0.251587E-02  0.224667E+07  0.224603E+07  0.211070E+06  0.203483E+06  0.000000E+00  0.224657E+07
  0.260115E-02  0.224221E+07  0.224152E+07  0.203299E+06  0.194825E+06  0.000000E+00  0.224209E+07
  0.268932E-02  0.223755E+07  0.223681E+07  0.197612E+06  0.188155E+06  0.000000E+00  0.223742E+07
  0.278047E-02  0.223269E+07  0.223190E+07  0.193148E+06  0.182676E+06  0.000000E+00  0.223256E+07
  0.287471E-02  0.222763E+07  0.222679E+07  0.189054E+06  0.177614E+06  0.000000E+00  0.222749E+07
  0.297215E-02  0.222236E+07  0.222147E+07  0.184540E+06  0.172267E+06  0.000000E+00  0.222221E+07
  0.307289E-02  0.221688E+07  0.221592E+07  0.178937E+06  0.166069E+06  0.000000E+00  0.221672E+07
  0.317705E-02  0.221117E+07  0.221016E+07  0.171761E+06  0.158631E+06  0.000000E+00  0.221100E+07
  0.328474E-02  0.220525E+07  0.220416E+07  0.162759E+06  0.149787E+06  0.000000E+00  0.220507E+07
  0.339607E-02  0.219909E+07  0.219793E+07  0.151942E+06  0.139611E+06  0.000000E+00  0.219890E+07
  0.351118E-02  0.219269E+07  0.219146E+07  0.139595E+06  0.128414E+06  0.000000E+00  0.219249E+07
  0.363020E-02  0.218606E+07  0.218474E+07  0.126252E+06  0.116710E+06  0.000000E+00  0.218584E+07
  0.375324E-02  0.217917E+07  0.217776E+07  0.112643E+06  0.105155E+06  0.000000E+00  0.217893E+07
  0.388046E-02  0.217203E+07  0.217052E+07  0.995990E+05  0.944480E+05  0.000000E+00  0.217178E+07
  0.401199E-02  0.216462E+07  0.216302E+07  0.879378E+05  0.852274E+05  0.000000E+00  0.216435E+07
  0.414797E-02  0.215695E+07  0.215524E+07  0.783313E+05  0.779535E+05  0.000000E+00  0.215666E+07
  0.428857E-02  0.214900E+07  0.214718E+07  0.711829E+05  0.728133E+05  0.000000E+00  0.214869E+07
  0.443393E-02  0.214077E+07  0.213883E+07  0.665346E+05  0.696631E+05  0.000000E+00  0.214044E+07
  0.458422E-02  0.213225E+07  0.213018E+07  0.640332E+05  0.680306E+05  0.000000E+00  0.213191E+07
  0.473960E-02  0.212344E+07  0.212123E+07  0.000000E+00  0.000000E+00  0.000000E+00  0.212307E+07
  0.490025E-02  0.211433E+07  0.211198E+07  0.000000E+00  0.000000E+00  0.000000E+00  0.211394E+07
  0.506635E-02  0.210491E+07  0.210240E+07  0.000000E+00  0.000000E+00  0.000000E+00  0.210449E+07
  0.523807E-02  0.209518E+07  0.209251E+07  0.000000E+00  0.000000E+00  0.000000E+00  0.209473E+07
  0.541562E-02  0.208513E+07  0.208228E+07  0.000000E+00  0.000000E+00  0.000000E+00  0.208465E+07
  0.559918E-02  0.207475E+07  0.207172E+07  0.000000E+00  0.000000E+00  0.000000E+00  0.207424E+07
  0.578897E-02  0.206404E+07  0.206081E+07  0.000000E+00  0.000000E+00  0.000000E+00  0.206350E+07
  0.598518E-02  0.205299E+07  0.204955E+07  0.000000E+00  0.000000E+00  0.000000E+00  0.205242E+07
  0.618805E-02  0.204159E+07  0.203793E+07  0.000000E+00  0.000000E+00  0.000000E+00  0.204098E+07
  0.639780E-02  0.202985E+07  0.202595E+07  0.000000E+00  0.000000E+00  0.000000E+00  0.202920E+07
  0.661465E-02  0.201774E+07  0.201359E+07  0.000000E+00  0.000000E+00  0.000000E+00  0.201705E+07
  0.683885E-02  0.200527E+07  0.200085E+07  0.000000E+00  0.000000E+00  0.000000E+00  0.200453E+07
  0.707066E-02  0.199243E+07  0.198772E+07  0.000000E+00  0.000000E+00  0.000000E+00  0.199164E+07
  0.731032E-02  0.197920E+07  0.197420E+07  0.000000E+00  0.000000E+00  0.000000E+00  0.197837E+07
  0.755810E-02  0.196560E+07  0.196028E+07  0.000000E+00  0.000000E+00  0.000000E+00  0.196471E+07
  0.781428E-02  0.195160E+07  0.194594E+07  0.000000E+00  0.000000E+00  0.000000E+00  0.195065E+07
  0.807915E-02  0.193720E+07  0.193119E+07  0.000000E+00  0.000000E+00  0.000000E+00  0.193620E+07
  0.835299E-02  0.192240E+07  0.191600E+07  0.000000E+00  0.000000E+00  0.000000E+00  0.192133E+07
  0.863612E-02  0.190718E+07  0.190039E+07  0.000000E+00  0.000000E+00  0.000000E+00  0.190605E+07
  0.892884E-02  0.189155E+07  0.188433E+07  0.000000E+00  0.000000E+00  0.000000E+00  0.189034E+07
  0.923149E-02  0.187549E+07  0.186783E+07  0.000000E+00  0.000000E+00  0.000000E+00  0.187421E+07
  0.954439E-02  0.185900E+07  0.185086E+07  0.000000E+00  0.000000E+00  0.000000E+00  0.185764E+07
  0.986790E-02  0.184207E+07  0.183344E+07  0.000000E+00  0.000000E+00  0.000000E+00  0.184063E+07
  0.102024E-01  0.182470E+07  0.181554E+07  0.000000E+00  0.000000E+00  0.000000E+00  0.182317E+07
  0.105482E-01  0.180687E+07  0.179716E+07  0.000000E+00  0.000000E+00  0.000000E+00  0.180525E+07
  0.109057E-01  0.178859E+07  0.177830E+07  0.000000E+00  0.000000E+00  0.000000E+00  0.178688E+07
  0.112754E-01  0.176985E+07  0.175894E+07  0.000000E+00  0.000000E+00  0.000000E+00  0.176803E+07
  0.116575E-01  0.175063E+07  0.173908E+07  0.000000E+00  0.000000E+00  0.000000E+00  0.174871E+07
  0.120527E-01  0.173094E+07  0.171871E+07  0.000000E+00  0.000000E+00  0.000000E+00  0.172891E+07
  0.124612E-01  0.171077E+07  0.169783E+07  0.000000E+00  0.000000E+00  0.000000E+00  0.170862E+07
  0.128836E-01  0.169012E+07  0.167644E+07  0.000000E+00  0.000000E+00  0.000000E+00  0.168784E+07
  0.133203E-01  0.166897E+07  0.165451E+07  0.000000E+00  0.000000E+00  0.000000E+00  0.166656E+07
  0.137718E-01  0.164734E+07  0.163206E+07  0.000000E+00  0.000000E+00  0.000000E+00  0.164479E+07
  0.142386E-01  0.162520E+07  0.160908E+07  0.000000E+00  0.000000E+00  0.000000E+00  0.162251E+07
  0.147212E-01  0.160256E+07  0.158556E+07  0.000000E+00  0.000000E+00  0.000000E+00  0.159973E+07
  0.152202E-01  0.157943E+07  0.156150E+07  0.000000E+00  0.000000E+00  0.000000E+00  0.157644E+07
  0.157360E-01  0.155579E+07  0.153691E+07  0.000000E+00  0.000000E+00  0.000000E+00  0.155264E+07
  0.162694E-01  0.153165E+07  0.151179E+07  0.000000E+00  0.000000E+00  0.000000E+00  0.152834E+07
  0.168209E-01  0.150702E+07  0.148613E+07  0.000000E+00  0.000000E+00  0.000000E+00  0.150354E+07
  0.173910E-01  0.148188E+07  0.145995E+07  0.000000E+00  0.000000E+00  0.000000E+00  0.147823E+07
  0.179805E-01  0.145627E+07  0.143326E+07  0.000000E+00  0.000000E+00  0.000000E+00  0.145243E+07
  0.185899E-01  0.143017E+07  0.140605E+07  0.000000E+00  0.000000E+00  0.000000E+00  0.142615E+07
  0.192200E-01  0.140360E+07  0.137836E+07  0.000000E+00  0.000000E+00  0.000000E+00  0.139939E+07
  0.198715E-01  0.137658E+07  0.135019E+07  0.000000E+00  0.000000E+00  0.000000E+00  0.137218E+07
  0.205450E-01  0.134912E+07  0.132157E+07  0.000000E+00  0.000000E+00  0.000000E+00  0.134453E+07
  0.212414E-01  0.132124E+07  0.129252E+07  0.000000E+00  0.000000E+00  0.000000E+00  0.131645E+07
  0.219614E-01  0.129297E+07  0.126308E+07  0.000000E+00  0.000000E+00  0.000000E+00  0.128799E+07
  0.227058E-01  0.126433E+07  0.123327E+07  0.000000E+00  0.000000E+00  0.000000E+00  0.125915E+07
  0.234754E-01  0.123536E+07  0.120314E+07  0.000000E+00  0.000000E+00  0.000000E+00  0.122999E+07
  0.242711E-01  0.120609E+07  0.117274E+07  0.000000E+00  0.000000E+00  0.000000E+00  0.120054E+07
  0.250938E-01  0.117658E+07  0.114212E+07  0.000000E+00  0.000000E+00  0.000000E+00  0.117083E+07
  0.259443E-01  0.114686E+07  0.111134E+07  0.000000E+00  0.000000E+00  0.000000E+00  0.114094E+07
  0.268237E-01  0.111698E+07  0.108046E+07  0.000000E+00  0.000000E+00  0.000000E+00  0.111090E+07
  0.277329E-01  0.108702E+07  0.104955E+07  0.000000E+00  0.000000E+00  0.000000E+00  0.108078E+07
  0.286729E-01  0.105704E+07  0.101870E+07  0.000000E+00  0.000000E+00  0.000000E+00  0.105065E+07
  0.296448E-01  0.102710E+07  0.987998E+06  0.000000E+00  0.000000E+00  0.000000E+00  0.102058E+07
  0.306496E-01  0.997283E+06  0.957526E+06  0.000000E+00  0.000000E+00  0.000000E+00  0.990656E+06
  0.316885E-01  0.967675E+06  0.927386E+06  0.000000E+00  0.000000E+00  0.000000E+00  0.960960E+06
  0.327626E-01  0.938362E+06  0.897681E+06  0.000000E+00  0.000000E+00  0.000000E+00  0.931582E+06
  0.338731E-01  0.914553E+06  0.873626E+06  0.000000E+00  0.000000E+00  0.000000E+00  0.907732E+06
  0.350212E-01  0.886275E+06  0.845282E+06  0.000000E+00  0.000000E+00  0.000000E+00  0.879443E+06
  0.362083E-01  0.858173E+06  0.817296E+06  0.000000E+00  0.000000E+00  0.000000E+00  0.851360E+06
  0.374355E-01  0.830683E+06  0.790117E+06  0.000000E+00  0.000000E+00  0.000000E+00  0.823922E+06
  0.387044E-01  0.803924E+06  0.763876E+06  0.000000E+00  0.000000E+00  0.000000E+00  0.797249E+06
  0.400163E-01  0.778000E+06  0.738681E+06  0.000000E+00  0.000000E+00  0.000000E+00  0.771447E+06
  0.413727E-01  0.753004E+06  0.714630E+06  0.000000E+00  0.000000E+00  0.000000E+00  0.746608E+06
  0.427750E-01  0.729017E+06  0.691803E+06  0.000000E+00  0.000000E+00  0.000000E+00  0.722815E+06
  0.442248E-01  0.703101E+06  0.667263E+06  0.000000E+00  0.000000E+00  0.000000E+00  0.697128E+06
  0.457238E-01  0.681274E+06  0.647002E+06  0.000000E+00  0.000000E+00  0.000000E+00  0.675562E+06
  0.472737E-01  0.660539E+06  0.628014E+06  0.000000E+00  0.000000E+00  0.000000E+00  0.655118E+06
  0.488760E-01  0.640863E+06  0.610238E+06  0.000000E+00  0.000000E+00  0.000000E+00  0.635759E+06
  0.505327E-01  0.622185E+06  0.593583E+06  0.000000E+00  0.000000E+00  0.000000E+00  0.617418E+06
  0.522455E-01  0.604432E+06  0.577939E+06  0.000000E+00  0.000000E+00  0.000000E+00  0.600016E+06
  0.540163E-01  0.589087E+06  0.564739E+06  0.000000E+00  0.000000E+00  0.000000E+00  0.585029E+06
  0.558473E-01  0.572856E+06  0.550647E+06  0.000000E+00  0.000000E+00  0.000000E+00  0.569154E+06
  0.577402E-01  0.557254E+06  0.537122E+06  0.000000E+00  0.000000E+00  0.000000E+00  0.553899E+06
  0.596973E-01  0.542158E+06  0.523985E+06  0.000000E+00  0.000000E+00  0.000000E+00  0.539129E+06
  0.617207E-01  0.527416E+06  0.511028E+06  0.000000E+00  0.000000E+00  0.000000E+00  0.524685E+06
  0.638128E-01  0.511779E+06  0.496953E+06  0.000000E+00  0.000000E+00  0.000000E+00  0.509308E+06
  0.659757E-01  0.497139E+06  0.483601E+06  0.000000E+00  0.000000E+00  0.000000E+00  0.494883E+06
  0.682120E-01  0.482253E+06  0.469696E+06  0.000000E+00  0.000000E+00  0.000000E+00  0.480160E+06
  0.705240E-01  0.466962E+06  0.455058E+06  0.000000E+00  0.000000E+00  0.000000E+00  0.464978E+06
  0.729144E-01  0.451503E+06  0.439916E+06  0.000000E+00  0.000000E+00  0.000000E+00  0.449572E+06
  0.753859E-01  0.435316E+06  0.423733E+06  0.000000E+00  0.000000E+00  0.000000E+00  0.433385E+06
  0.779411E-01  0.418712E+06  0.406854E+06  0.000000E+00  0.000000E+00  0.000000E+00  0.416735E+06
  0.805829E-01  0.401780E+06  0.389427E+06  0.000000E+00  0.000000E+00  0.000000E+00  0.399721E+06
  0.833143E-01  0.384635E+06  0.371646E+06  0.000000E+00  0.000000E+00  0.000000E+00  0.382470E+06
  0.861383E-01  0.367442E+06  0.353770E+06  0.000000E+00  0.000000E+00  0.000000E+00  0.365163E+06
  0.890579E-01  0.350446E+06  0.336149E+06  0.000000E+00  0.000000E+00  0.000000E+00  0.348063E+06
  0.920766E-01  0.333975E+06  0.319210E+06  0.000000E+00  0.000000E+00  0.000000E+00  0.331515E+06
  0.951975E-01  0.318395E+06  0.303413E+06  0.000000E+00  0.000000E+00  0.000000E+00  0.315898E+06
  0.984242E-01  0.304030E+06  0.289152E+06  0.000000E+00  0.000000E+00  0.000000E+00  0.301550E+06
  0.101760E+00  0.291096E+06  0.276678E+06  0.000000E+00  0.000000E+00  0.000000E+00  0.288693E+06
  0.105209E+00  0.279649E+06  0.266041E+06  0.000000E+00  0.000000E+00  0.000000E+00  0.277381E+06
  0.108776E+00  0.269574E+06  0.257075E+06  0.000000E+00  0.000000E+00  0.000000E+00  0.267491E+06
  0.112463E+00  0.260620E+06  0.249432E+06  0.000000E+00  0.000000E+00  0.000000E+00  0.258755E+06
  0.116274E+00  0.252469E+06  0.242667E+06  0.000000E+00  0.000000E+00  0.000000E+00  0.250835E+06
  0.120216E+00  0.244775E+06  0.236286E+06  0.000000E+00  0.000000E+00  0.000000E+00  0.243360E+06
  0.124290E+00  0.237150E+06  0.229758E+06  0.000000E+00  0.000000E+00  0.000000E+00  0.235918E+06
  0.128503E+00  0.229168E+06  0.222546E+06  0.000000E+00  0.000000E+00  0.000000E+00  0.228064E+06
  0.132859E+00  0.220502E+06  0.214262E+06  0.000000E+00  0.000000E+00  0.000000E+00  0.219462E+06
  0.137362E+00  0.211069E+06  0.204835E+06  0.000000E+00  0.000000E+00  0.000000E+00  0.210030E+06
  0.142018E+00  0.201040E+06  0.194520E+06  0.000000E+00  0.000000E+00  0.000000E+00  0.199953E+06
  0.146832E+00  0.190759E+06  0.183808E+06  0.000000E+00  0.000000E+00  0.000000E+00  0.189601E+06
  0.151809E+00  0.180678E+06  0.173325E+06  0.000000E+00  0.000000E+00  0.000000E+00  0.179452E+06
  0.156954E+00  0.171260E+06  0.163703E+06  0.000000E+00  0.000000E+00  0.000000E+00  0.170000E+06
  0.162274E+00  0.162896E+06  0.155444E+06  0.000000E+00  0.000000E+00  0.000000E+00  0.161654E+06
  0.167774E+00  0.155805E+06  0.148795E+06  0.000000E+00  0.000000E+00  0.000000E+00  0.154637E+06
  0.173461E+00  0.149898E+06  0.143591E+06  0.000000E+00  0.000000E+00  0.000000E+00  0.148847E+06
  0.179341E+00  0.144770E+06  0.139271E+06  0.000000E+00  0.000000E+00  0.000000E+00  0.143853E+06
  0.185419E+00  0.139859E+06  0.135088E+06  0.000000E+00  0.000000E+00  0.000000E+00  0.139064E+06
  0.191704E+00  0.134638E+06  0.130352E+06  0.000000E+00  0.000000E+00  0.000000E+00  0.133923E+06
  0.198202E+00  0.128827E+06  0.124720E+06  0.000000E+00  0.000000E+00  0.000000E+00  0.128142E+06
  0.204920E+00  0.122478E+06  0.118292E+06  0.000000E+00  0.000000E+00  0.000000E+00  0.121780E+06
  0.211866E+00  0.115925E+06  0.111549E+06  0.000000E+00  0.000000E+00  0.000000E+00  0.115196E+06
  0.219047E+00  0.109677E+06  0.105184E+06  0.000000E+00  0.000000E+00  0.000000E+00  0.108928E+06
  0.226472E+00  0.104190E+06  0.997857E+05  0.000000E+00  0.000000E+00  0.000000E+00  0.103456E+06
  0.234148E+00  0.995972E+05  0.955070E+05  0.000000E+00  0.000000E+00  0.000000E+00  0.989155E+05
  0.242084E+00  0.956754E+05  0.920251E+05  0.000000E+00  0.000000E+00  0.000000E+00  0.950670E+05
  0.250290E+00  0.919912E+05  0.887437E+05  0.000000E+00  0.000000E+00  0.000000E+00  0.914500E+05
  0.258774E+00  0.880770E+05  0.850657E+05  0.000000E+00  0.000000E+00  0.000000E+00  0.875752E+05
  0.267545E+00  0.837930E+05  0.808327E+05  0.000000E+00  0.000000E+00  0.000000E+00  0.832996E+05
  0.276613E+00  0.793797E+05  0.763822E+05  0.000000E+00  0.000000E+00  0.000000E+00  0.788801E+05
  0.285989E+00  0.752208E+05  0.722374E+05  0.000000E+00  0.000000E+00  0.000000E+00  0.747236E+05
  0.295683E+00  0.715991E+05  0.687601E+05  0.000000E+00  0.000000E+00  0.000000E+00  0.711259E+05
  0.305705E+00  0.684701E+05  0.658707E+05  0.000000E+00  0.000000E+00  0.000000E+00  0.680369E+05
  0.316067E+00  0.655276E+05  0.631540E+05  0.000000E+00  0.000000E+00  0.000000E+00  0.651320E+05
  0.326780E+00  0.624861E+05  0.602406E+05  0.000000E+00  0.000000E+00  0.000000E+00  0.621119E+05
  0.337856E+00  0.593143E+05  0.571117E+05  0.000000E+00  0.000000E+00  0.000000E+00  0.589472E+05
  0.349308E+00  0.562484E+05  0.540877E+05  0.000000E+00  0.000000E+00  0.000000E+00  0.558883E+05
  0.361147E+00  0.534884E+05  0.514318E+05  0.000000E+00  0.000000E+00  0.000000E+00  0.531457E+05
  0.373389E+00  0.510146E+05  0.491050E+05  0.000000E+00  0.000000E+00  0.000000E+00  0.506963E+05
  0.386045E+00  0.486324E+05  0.468469E+05  0.000000E+00  0.000000E+00  0.000000E+00  0.483348E+05
  0.399130E+00  0.462236E+05  0.445103E+05  0.000000E+00  0.000000E+00  0.000000E+00  0.459381E+05
  0.412659E+00  0.438611E+05  0.422029E+05  0.000000E+00  0.000000E+00  0.000000E+00  0.435847E+05
  0.426645E+00  0.416784E+05  0.400998E+05  0.000000E+00  0.000000E+00  0.000000E+00  0.414153E+05
  0.441107E+00  0.396671E+05  0.381858E+05  0.000000E+00  0.000000E+00  0.000000E+00  0.394202E+05
  0.456058E+00  0.377268E+05  0.363264E+05  0.000000E+00  0.000000E+00  0.000000E+00  0.374934E+05
  0.471516E+00  0.358201E+05  0.344789E+05  0.000000E+00  0.000000E+00  0.000000E+00  0.355966E+05
  0.487498E+00  0.340069E+05  0.327268E+05  0.000000E+00  0.000000E+00  0.000000E+00  0.337936E+05
  0.504022E+00  0.323169E+05  0.311072E+05  0.000000E+00  0.000000E+00  0.000000E+00  0.321153E+05
  0.521106E+00  0.307048E+05  0.295597E+05  0.000000E+00  0.000000E+00  0.000000E+00  0.305139E+05
  0.538769E+00  0.291458E+05  0.280547E+05  0.000000E+00  0.000000E+00  0.000000E+00  0.289640E+05
  0.557030E+00  0.276648E+05  0.266276E+05  0.000000E+00  0.000000E+00  0.000000E+00  0.274919E+05
  0.575911E+00  0.262677E+05  0.252856E+05  0.000000E+00  0.000000E+00  0.000000E+00  0.261040E+05
  0.595431E+00  0.249317E+05  0.239997E+05  0.000000E+00  0.000000E+00  0.000000E+00  0.247764E+05
  0.615614E+00  0.236549E+05  0.227693E+05  0.000000E+00  0.000000E+00  0.000000E+00  0.235073E+05
  0.636481E+00  0.224454E+05  0.216057E+05  0.000000E+00  0.000000E+00  0.000000E+00  0.223054E+05
  0.658054E+00  0.212945E+05  0.204983E+05  0.000000E+00  0.000000E+00  0.000000E+00  0.211618E+05
  0.680359E+00  0.201973E+05  0.194417E+05  0.000000E+00  0.000000E+00  0.000000E+00  0.200713E+05
  0.703419E+00  0.191555E+05  0.184391E+05  0.000000E+00  0.000000E+00  0.000000E+00  0.190361E+05
  0.727262E+00  0.181648E+05  0.174855E+05  0.000000E+00  0.000000E+00  0.000000E+00  0.180516E+05
  0.751912E+00  0.172224E+05  0.165783E+05  0.000000E+00  0.000000E+00  0.000000E+00  0.171150E+05
  0.777399E+00  0.163271E+05  0.157166E+05  0.000000E+00  0.000000E+00  0.000000E+00  0.162253E+05
  0.803749E+00  0.154760E+05  0.148973E+05  0.000000E+00  0.000000E+00  0.000000E+00  0.153795E+05
  0.830992E+00  0.146673E+05  0.141189E+05  0.000000E+00  0.000000E+00  0.000000E+00  0.145759E+05
  0.859158E+00  0.138992E+05  0.133796E+05  0.000000E+00  0.000000E+00  0.000000E+00  0.138126E+05
  0.888280E+00  0.131696E+05  0.126773E+05  0.000000E+00  0.000000E+00  0.000000E+00  0.130876E+05
  0.918388E+00  0.124768E+05  0.120104E+05  0.000000E+00  0.000000E+00  0.000000E+00  0.123991E+05
  0.949517E+00  0.118190E+05  0.113772E+05  0.000000E+00  0.000000E+00  0.000000E+00  0.117454E+05
  0.981700E+00  0.111946E+05  0.107761E+05  0.000000E+00  0.000000E+00  0.000000E+00  0.111248E+05
  0.101498E+01  0.106018E+05  0.102055E+05  0.000000E+00  0.000000E+00  0.000000E+00  0.105357E+05
  0.104938E+01  0.100392E+05  0.966393E+04  0.000000E+00  0.000000E+00  0.000000E+00  0.997662E+04
  0.108495E+01  0.950529E+04  0.915002E+04  0.000000E+00  0.000000E+00  0.000000E+00  0.944607E+04
  0.112172E+01  0.899874E+04  0.866242E+04  0.000000E+00  0.000000E+00  0.000000E+00  0.894269E+04
  0.115974E+01  0.851829E+04  0.819993E+04  0.000000E+00  0.000000E+00  0.000000E+00  0.846523E+04
  0.119905E+01  0.806259E+04  0.776128E+04  0.000000E+00  0.000000E+00  0.000000E+00  0.801237E+04
  0.123969E+01  0.763046E+04  0.734530E+04  0.000000E+00  0.000000E+00  0.000000E+00  0.758293E+04
  0.128171E+01  0.722067E+04  0.695084E+04  0.000000E+00  0.000000E+00  0.000000E+00  0.717570E+04
  0.132516E+01  0.683220E+04  0.657689E+04  0.000000E+00  0.000000E+00  0.000000E+00  0.678965E+04
  0.137007E+01  0.646395E+04  0.622241E+04  0.000000E+00  0.000000E+00  0.000000E+00  0.642370E+04
  0.141651E+01  0.611492E+04  0.588643E+04  0.000000E+00  0.000000E+00  0.000000E+00  0.607684E+04
  0.146453E+01  0.578413E+04  0.556800E+04  0.000000E+00  0.000000E+00  0.000000E+00  0.574811E+04
  0.151417E+01  0.547069E+04  0.526629E+04  0.000000E+00  0.000000E+00  0.000000E+00  0.543663E+04
  0.156549E+01  0.517369E+04  0.498038E+04  0.000000E+00  0.000000E+00  0.000000E+00  0.514147E+04
  0.161855E+01  0.489238E+04  0.470958E+04  0.000000E+00  0.000000E+00  0.000000E+00  0.486191E+04
  0.167341E+01  0.462592E+04  0.445309E+04  0.000000E+00  0.000000E+00  0.000000E+00  0.459712E+04
  0.173013E+01  0.437358E+04  0.421018E+04  0.000000E+00  0.000000E+00  0.000000E+00  0.434635E+04
  0.178878E+01  0.413462E+04  0.398015E+04  0.000000E+00  0.000000E+00  0.000000E+00  0.410887E+04
  0.184941E+01  0.390834E+04  0.376233E+04  0.000000E+00  0.000000E+00  0.000000E+00  0.388401E+04
  0.191209E+01  0.369412E+04  0.355611E+04  0.000000E+00  0.000000E+00  0.000000E+00  0.367112E+04
  0.197690E+01  0.349132E+04  0.336089E+04  0.000000E+00  0.000000E+00  0.000000E+00  0.346958E+04
  0.204391E+01  0.329937E+04  0.317611E+04  0.000000E+00  0.000000E+00  0.000000E+00  0.327882E+04
  0.211319E+01  0.311770E+04  0.300123E+04  0.000000E+00  0.000000E+00  0.000000E+00  0.309829E+04
  0.218481E+01  0.294580E+04  0.283575E+04  0.000000E+00  0.000000E+00  0.000000E+00  0.292746E+04
  0.225887E+01  0.278314E+04  0.267917E+04  0.000000E+00  0.000000E+00  0.000000E+00  0.276581E+04
  0.233543E+01  0.262925E+04  0.253103E+04  0.000000E+00  0.000000E+00  0.000000E+00  0.261288E+04
  0.241459E+01  0.248366E+04  0.239088E+04  0.000000E+00  0.000000E+00  0.000000E+00  0.246819E+04
  0.249644E+01  0.234593E+04  0.225830E+04  0.000000E+00  0.000000E+00  0.000000E+00  0.233133E+04
  0.258105E+01  0.221567E+04  0.213290E+04  0.000000E+00  0.000000E+00  0.000000E+00  0.220188E+04
  0.266854E+01  0.209249E+04  0.201432E+04  0.000000E+00  0.000000E+00  0.000000E+00  0.207946E+04
  0.275899E+01  0.197600E+04  0.190218E+04  0.000000E+00  0.000000E+00  0.000000E+00  0.196369E+04
  0.285251E+01  0.186585E+04  0.179615E+04  0.000000E+00  0.000000E+00  0.000000E+00  0.185424E+04
  0.294919E+01  0.176172E+04  0.169591E+04  0.000000E+00  0.000000E+00  0.000000E+00  0.175075E+04
  0.304916E+01  0.166326E+04  0.160113E+04  0.000000E+00  0.000000E+00  0.000000E+00  0.165291E+04
  0.315251E+01  0.157020E+04  0.151154E+04  0.000000E+00  0.000000E+00  0.000000E+00  0.156042E+04
  0.325936E+01  0.148223E+04  0.142686E+04  0.000000E+00  0.000000E+00  0.000000E+00  0.147300E+04
  0.336984E+01  0.139910E+04  0.134683E+04  0.000000E+00  0.000000E+00  0.000000E+00  0.139039E+04
  0.348406E+01  0.132054E+04  0.127121E+04  0.000000E+00  0.000000E+00  0.000000E+00  0.131232E+04
  0.360215E+01  0.124631E+04  0.119974E+04  0.000000E+00  0.000000E+00  0.000000E+00  0.123855E+04
  0.372425E+01  0.117616E+04  0.113222E+04  0.000000E+00  0.000000E+00  0.000000E+00  0.116884E+04
  0.385048E+01  0.110989E+04  0.106842E+04  0.000000E+00  0.000000E+00  0.000000E+00  0.110298E+04
  0.398099E+01  0.104728E+04  0.100815E+04  0.000000E+00  0.000000E+00  0.000000E+00  0.104076E+04
  0.411593E+01  0.988144E+03  0.951223E+03  0.000000E+00  0.000000E+00  0.000000E+00  0.981991E+03
  0.425544E+01  0.932286E+03  0.897451E+03  0.000000E+00  0.000000E+00  0.000000E+00  0.926480E+03
  0.439968E+01  0.879529E+03  0.846664E+03  0.000000E+00  0.000000E+00  0.000000E+00  0.874052E+03
  0.454881E+01  0.829702E+03  0.798697E+03  0.000000E+00  0.000000E+00  0.000000E+00  0.824534E+03
  0.470299E+01  0.782650E+03  0.753401E+03  0.000000E+00  0.000000E+00  0.000000E+00  0.777775E+03
  0.486240E+01  0.738224E+03  0.710634E+03  0.000000E+00  0.000000E+00  0.000000E+00  0.733626E+03
  0.502721E+01  0.696277E+03  0.670254E+03  0.000000E+00  0.000000E+00  0.000000E+00  0.691940E+03
  0.519761E+01  0.656674E+03  0.632129E+03  0.000000E+00  0.000000E+00  0.000000E+00  0.652583E+03
  0.537378E+01  0.619285E+03  0.596136E+03  0.000000E+00  0.000000E+00  0.000000E+00  0.615426E+03
  0.555592E+01  0.583992E+03  0.562161E+03  0.000000E+00  0.000000E+00  0.000000E+00  0.580354E+03
  0.574424E+01  0.550680E+03  0.530093E+03  0.000000E+00  0.000000E+00  0.000000E+00  0.547249E+03
  0.593894E+01  0.519239E+03  0.499826E+03  0.000000E+00  0.000000E+00  0.000000E+00  0.516004E+03
  0.614025E+01  0.489562E+03  0.471256E+03  0.000000E+00  0.000000E+00  0.000000E+00  0.486511E+03
  0.634837E+01  0.461558E+03  0.444297E+03  0.000000E+00  0.000000E+00  0.000000E+00  0.458681E+03
  0.656355E+01  0.435132E+03  0.418858E+03  0.000000E+00  0.000000E+00  0.000000E+00  0.432420E+03
  0.678602E+01  0.410198E+03  0.394855E+03  0.000000E+00  0.000000E+00  0.000000E+00  0.407641E+03
  0.701603E+01  0.386671E+03  0.372206E+03  0.000000E+00  0.000000E+00  0.000000E+00  0.384260E+03
  0.725384E+01  0.364474E+03  0.350837E+03  0.000000E+00  0.000000E+00  0.000000E+00  0.362201E+03
  0.749971E+01  0.343533E+03  0.330678E+03  0.000000E+00  0.000000E+00  0.000000E+00  0.341391E+03
  0.775392E+01  0.323780E+03  0.311662E+03  0.000000E+00  0.000000E+00  0.000000E+00  0.321760E+03
  0.801674E+01  0.305147E+03  0.293724E+03  0.000000E+00  0.000000E+00  0.000000E+00  0.303243E+03
  0.828847E+01  0.287570E+03  0.276804E+03  0.000000E+00  0.000000E+00  0.000000E+00  0.285776E+03
  0.856940E+01  0.270994E+03  0.260846E+03  0.000000E+00  0.000000E+00  0.000000E+00  0.269303E+03
  0.885987E+01  0.255361E+03  0.245796E+03  0.000000E+00  0.000000E+00  0.000000E+00  0.253767E+03
  0.916017E+01  0.240617E+03  0.231603E+03  0.000000E+00  0.000000E+00  0.000000E+00  0.239115E+03
  0.947066E+01  0.226714E+03  0.218218E+03  0.000000E+00  0.000000E+00  0.000000E+00  0.225298E+03
  0.979166E+01  0.213604E+03  0.205598E+03  0.000000E+00  0.000000E+00  0.000000E+00  0.212270E+03
  0.101236E+02  0.201243E+03  0.193698E+03  0.000000E+00  0.000000E+00  0.000000E+00  0.199986E+03
  0.104667E+02  0.189588E+03  0.182478E+03  0.000000E+00  0.000000E+00  0.000000E+00  0.188403E+03
  0.108215E+02  0.178601E+03  0.171900E+03  0.000000E+00  0.000000E+00  0.000000E+00  0.177484E+03
  0.111883E+02  0.168242E+03  0.161928E+03  0.000000E+00  0.000000E+00  0.000000E+00  0.167190E+03
  0.115675E+02  0.158477E+03  0.152527E+03  0.000000E+00  0.000000E+00  0.000000E+00  0.157486E+03
  0.119596E+02  0.149273E+03  0.143666E+03  0.000000E+00  0.000000E+00  0.000000E+00  0.148338E+03
  0.123649E+02  0.140596E+03  0.135313E+03  0.000000E+00  0.000000E+00  0.000000E+00  0.139716E+03
  0.127841E+02  0.132418E+03  0.127440E+03  0.000000E+00  0.000000E+00  0.000000E+00  0.131588E+03
  0.132174E+02  0.124711E+03  0.120021E+03  0.000000E+00  0.000000E+00  0.000000E+00  0.123929E+03
  0.136654E+02  0.117447E+03  0.113028E+03  0.000000E+00  0.000000E+00  0.000000E+00  0.116711E+03
  0.141286E+02  0.110602E+03  0.106438E+03  0.000000E+00  0.000000E+00  0.000000E+00  0.109908E+03
  0.146075E+02  0.104151E+03  0.100228E+03  0.000000E+00  0.000000E+00  0.000000E+00  0.103497E+03
  0.151026E+02  0.980729E+02  0.943760E+02  0.000000E+00  0.000000E+00  0.000000E+00  0.974567E+02
  0.156145E+02  0.923452E+02  0.888618E+02  0.000000E+00  0.000000E+00  0.000000E+00  0.917646E+02
  0.161437E+02  0.869490E+02  0.836668E+02  0.000000E+00  0.000000E+00  0.000000E+00  0.864019E+02
  0.166909E+02  0.818646E+02  0.787719E+02  0.000000E+00  0.000000E+00  0.000000E+00  0.813492E+02
  0.172567E+02  0.770745E+02  0.741604E+02  0.000000E+00  0.000000E+00  0.000000E+00  0.765888E+02
  0.178416E+02  0.725620E+02  0.698160E+02  0.000000E+00  0.000000E+00  0.000000E+00  0.721043E+02
  0.184463E+02  0.683109E+02  0.657234E+02  0.000000E+00  0.000000E+00  0.000000E+00  0.678796E+02
  0.190716E+02  0.643065E+02  0.618682E+02  0.000000E+00  0.000000E+00  0.000000E+00  0.639001E+02
  0.197180E+02  0.605345E+02  0.582368E+02  0.000000E+00  0.000000E+00  0.000000E+00  0.601516E+02
  0.203863E+02  0.569816E+02  0.548162E+02  0.000000E+00  0.000000E+00  0.000000E+00  0.566207E+02
  0.210773E+02  0.536353E+02  0.515945E+02  0.000000E+00  0.000000E+00  0.000000E+00  0.532951E+02
  0.217917E+02  0.504835E+02  0.485602E+02  0.000000E+00  0.000000E+00  0.000000E+00  0.501630E+02
  0.225304E+02  0.475154E+02  0.457026E+02  0.000000E+00  0.000000E+00  0.000000E+00  0.472132E+02
  0.232941E+02  0.447201E+02  0.430113E+02  0.000000E+00  0.000000E+00  0.000000E+00  0.444353E+02
  0.240836E+02  0.420877E+02  0.404770E+02  0.000000E+00  0.000000E+00  0.000000E+00  0.418192E+02
  0.248999E+02  0.396088E+02  0.380903E+02  0.000000E+00  0.000000E+00  0.000000E+00  0.393557E+02
  0.257439E+02  0.372746E+02  0.358430E+02  0.000000E+00  0.000000E+00  0.000000E+00  0.370360E+02
  0.266165E+02  0.350768E+02  0.337270E+02  0.000000E+00  0.000000E+00  0.000000E+00  0.348518E+02
  0.275187E+02  0.330074E+02  0.317346E+02  0.000000E+00  0.000000E+00  0.000000E+00  0.327952E+02
  0.284514E+02  0.310591E+02  0.298587E+02  0.000000E+00  0.000000E+00  0.000000E+00  0.308590E+02
  0.294158E+02  0.292247E+02  0.280926E+02  0.000000E+00  0.000000E+00  0.000000E+00  0.290360E+02
  0.304128E+02  0.274977E+02  0.264298E+02  0.000000E+00  0.000000E+00  0.000000E+00  0.273197E+02
  0.314437E+02  0.258719E+02  0.248645E+02  0.000000E+00  0.000000E+00  0.000000E+00  0.257040E+02
  0.325095E+02  0.243415E+02  0.233909E+02  0.000000E+00  0.000000E+00  0.000000E+00  0.241830E+02
  0.336114E+02  0.229007E+02  0.220037E+02  0.000000E+00  0.000000E+00  0.000000E+00  0.227512E+02
  0.347507E+02  0.215446E+02  0.206979E+02  0.000000E+00  0.000000E+00  0.000000E+00  0.214035E+02
  0.359285E+02  0.202681E+02  0.194688E+02  0.000000E+00  0.000000E+00  0.000000E+00  0.201349E+02
  0.371463E+02  0.190666E+02  0.183119E+02  0.000000E+00  0.000000E+00  0.000000E+00  0.189408E+02
  0.384054E+02  0.179357E+02  0.172230E+02  0.000000E+00  0.000000E+00  0.000000E+00  0.178170E+02
  0.397072E+02  0.168714E+02  0.161982E+02  0.000000E+00  0.000000E+00  0.000000E+00  0.167592E+02
  0.410530E+02  0.158697E+02  0.152336E+02  0.000000E+00  0.000000E+00  0.000000E+00  0.157637E+02
  0.424445E+02  0.149270E+02  0.143259E+02  0.000000E+00  0.000000E+00  0.000000E+00  0.148268E+02
  0.438832E+02  0.140398E+02  0.134716E+02  0.000000E+00  0.000000E+00  0.000000E+00  0.139451E+02
  0.453706E+02  0.132049E+02  0.126676E+02  0.000000E+00  0.000000E+00  0.000000E+00  0.131154E+02
  0.469085E+02  0.124193E+02  0.119111E+02  0.000000E+00  0.000000E+00  0.000000E+00  0.123346E+02
  0.484984E+02  0.116801E+02  0.111992E+02  0.000000E+00  0.000000E+00  0.000000E+00  0.115999E+02
  0.501423E+02  0.109844E+02  0.105293E+02  0.000000E+00  0.000000E+00  0.000000E+00  0.109086E+02
  0.518419E+02  0.103299E+02  0.989896E+01  0.000000E+00  0.000000E+00  0.000000E+00  0.102581E+02
  0.535990E+02  0.971410E+01  0.930590E+01  0.000000E+00  0.000000E+00  0.000000E+00  0.964606E+01
  0.554158E+02  0.913467E+01  0.874788E+01  0.000000E+00  0.000000E+00  0.000000E+00  0.907021E+01
  0.572942E+02  0.858953E+01  0.822285E+01  0.000000E+00  0.000000E+00  0.000000E+00  0.852842E+01
  0.592361E+02  0.807667E+01  0.772891E+01  0.000000E+00  0.000000E+00  0.000000E+00  0.801871E+01
  0.612440E+02  0.759417E+01  0.726419E+01  0.000000E+00  0.000000E+00  0.000000E+00  0.753917E+01
  0.633198E+02  0.714027E+01  0.682702E+01  0.000000E+00  0.000000E+00  0.000000E+00  0.708806E+01
  0.654661E+02  0.671326E+01  0.641572E+01  0.000000E+00  0.000000E+00  0.000000E+00  0.666367E+01
  0.676850E+02  0.631158E+01  0.602882E+01  0.000000E+00  0.000000E+00  0.000000E+00  0.626446E+01
  0.699792E+02  0.593373E+01  0.566486E+01  0.000000E+00  0.000000E+00  0.000000E+00  0.588892E+01
  0.723511E+02  0.557832E+01  0.532251E+01  0.000000E+00  0.000000E+00  0.000000E+00  0.553569E+01
  0.748035E+02  0.524401E+01  0.500046E+01  0.000000E+00  0.000000E+00  0.000000E+00  0.520341E+01
  0.773390E+02  0.492956E+01  0.469755E+01  0.000000E+00  0.000000E+00  0.000000E+00  0.489089E+01
  0.799604E+02  0.463380E+01  0.441261E+01  0.000000E+00  0.000000E+00  0.000000E+00  0.459693E+01
  0.826706E+02  0.435563E+01  0.414464E+01  0.000000E+00  0.000000E+00  0.000000E+00  0.432047E+01
  0.854728E+02  0.409401E+01  0.389258E+01  0.000000E+00  0.000000E+00  0.000000E+00  0.406043E+01
  0.883699E+02  0.384796E+01  0.365552E+01  0.000000E+00  0.000000E+00  0.000000E+00  0.381588E+01
  0.913652E+02  0.361655E+01  0.343256E+01  0.000000E+00  0.000000E+00  0.000000E+00  0.358588E+01
  0.944620E+02  0.339893E+01  0.322288E+01  0.000000E+00  0.000000E+00  0.000000E+00  0.336959E+01
  0.976639E+02  0.319427E+01  0.302567E+01  0.000000E+00  0.000000E+00  0.000000E+00  0.316617E+01
  0.100974E+03  0.300182E+01  0.284023E+01  0.000000E+00  0.000000E+00  0.000000E+00  0.297488E+01
  0.104397E+03  0.282085E+01  0.266585E+01  0.000000E+00  0.000000E+00  0.000000E+00  0.279501E+01
  0.107935E+03  0.265067E+01  0.250186E+01  0.000000E+00  0.000000E+00  0.000000E+00  0.262587E+01
  0.111594E+03  0.249065E+01  0.234766E+01  0.000000E+00  0.000000E+00  0.000000E+00  0.246682E+01
  0.115376E+03  0.234019E+01  0.220266E+01  0.000000E+00  0.000000E+00  0.000000E+00  0.231727E+01
  0.119287E+03  0.219872E+01  0.206632E+01  0.000000E+00  0.000000E+00  0.000000E+00  0.217665E+01
  0.123330E+03  0.206570E+01  0.193813E+01  0.000000E+00  0.000000E+00  0.000000E+00  0.204444E+01
  0.127510E+03  0.194063E+01  0.181760E+01  0.000000E+00  0.000000E+00  0.000000E+00  0.192012E+01
  0.131832E+03  0.182304E+01  0.170428E+01  0.000000E+00  0.000000E+00  0.000000E+00  0.180325E+01
  0.136301E+03  0.171249E+01  0.159774E+01  0.000000E+00  0.000000E+00  0.000000E+00  0.169336E+01
  0.140921E+03  0.160856E+01  0.149759E+01  0.000000E+00  0.000000E+00  0.000000E+00  0.159006E+01
  0.145697E+03  0.151084E+01  0.140342E+01  0.000000E+00  0.000000E+00  0.000000E+00  0.149294E+01
  0.150636E+03  0.141898E+01  0.131491E+01  0.000000E+00  0.000000E+00  0.000000E+00  0.140164E+01
  0.155742E+03  0.133263E+01  0.123171E+01  0.000000E+00  0.000000E+00  0.000000E+00  0.131581E+01
  0.161021E+03  0.125145E+01  0.115350E+01  0.000000E+00  0.000000E+00  0.000000E+00  0.123513E+01
  0.166478E+03  0.117515E+01  0.108000E+01  0.000000E+00  0.000000E+00  0.000000E+00  0.115929E+01
  0.172121E+03  0.110342E+01  0.101092E+01  0.000000E+00  0.000000E+00  0.000000E+00  0.108800E+01
  0.177955E+03  0.103600E+01  0.945994E+00  0.000000E+00  0.000000E+00  0.000000E+00  0.102100E+01
  0.183987E+03  0.972627E+00  0.884980E+00  0.000000E+00  0.000000E+00  0.000000E+00  0.958019E+00
  0.190223E+03  0.913062E+00  0.827651E+00  0.000000E+00  0.000000E+00  0.000000E+00  0.898827E+00
  0.196671E+03  0.857077E+00  0.773785E+00  0.000000E+00  0.000000E+00  0.000000E+00  0.843195E+00
  0.203337E+03  0.804462E+00  0.723181E+00  0.000000E+00  0.000000E+00  0.000000E+00  0.790915E+00
