  0.106303E-04  0.978139E+06  0.978139E+06  0.130415E+07  0.130415E+07  0.000000E+00  0.978139E+06
  0.109906E-04  0.978139E+06  0.978139E+06  0.130415E+07  0.130415E+07  0.000000E+00  0.978139E+06
  0.113631E-04  0.978139E+06  0.978139E+06  0.130415E+07  0.130415E+07  0.000000E+00  0.978139E+06
  0.117483E-04  0.978138E+06  0.978138E+06  0.130415E+07  0.130415E+07  0.000000E+00  0.978138E+06
  0.121465E-04  0.978138E+06  0.978138E+06  0.130414E+07  0.130414E+07  0.000000E+00  0.978138E+06
  0.125582E-04  0.978138E+06  0.978138E+06  0.130414E+07  0.130414E+07  0.000000E+00  0.978138E+06
  0.129839E-04  0.978138E+06  0.978138E+06  0.130414E+07  0.130414E+07  0.000000E+00  0.978138E+06
  0.134240E-04  0.978138E+06  0.978138E+06  0.130413E+07  0.130413E+07  0.000000E+00  0.978138E+06
  0.138790E-04  0.978138E+06  0.978138E+06  0.130413E+07  0.130413E+07  0.000000E+00  0.978138E+06
  0.143494E-04  0.978138E+06  0.978138E+06  0.130413E+07  0.130413E+07  0.000000E+00  0.978138E+06
  0.148358E-04  0.978138E+06  0.978138E+06  0.130412E+07  0.130412E+07  0.000000E+00  0.978138E+06
  0.153386E-04  0.978138E+06  0.978138E+06  0.130412E+07  0.130412E+07  0.000000E+00  0.978138E+06
  0.158585E-04  0.978138E+06  0.978138E+06  0.130411E+07  0.130411E+07  0.000000E+00  0.978138E+06
  0.163961E-04  0.978138E+06  0.978138E+06  0.130411E+07  0.130411E+07  0.000000E+00  0.978138E+06
  0.169518E-04  0.978138E+06  0.978138E+06  0.130410E+07  0.130410E+07  0.000000E+00  0.978138E+06
  0.175264E-04  0.978138E+06  0.978138E+06  0.130410E+07  0.130410E+07  0.000000E+00  0.978138E+06
  0.181205E-04  0.978138E+06  0.978138E+06  0.130409E+07  0.130409E+07  0.000000E+00  0.978138E+06
  0.187347E-04  0.978137E+06  0.978137E+06  0.130409E+07  0.130408E+07  0.000000E+00  0.978137E+06
  0.193697E-04  0.978137E+06  0.978137E+06  0.130408E+07  0.130408E+07  0.000000E+00  0.978137E+06
  0.200262E-04  0.978137E+06  0.978137E+06  0.130407E+07  0.130407E+07  0.000000E+00  0.978137E+06
  0.207050E-04  0.978137E+06  0.978137E+06  0.130406E+07  0.130406E+07  0.000000E+00  0.978137E+06
  0.214068E-04  0.978137E+06  0.978137E+06  0.130406E+07  0.130405E+07  0.000000E+00  0.978137E+06
  0.221324E-04  0.978137E+06  0.978137E+06  0.130405E+07  0.130404E+07  0.000000E+00  0.978137E+06
  0.228826E-04  0.978137E+06  0.978136E+06  0.130404E+07  0.130403E+07  0.000000E+00  0.978137E+06
  0.236582E-04  0.978136E+06  0.978136E+06  0.130403E+07  0.130402E+07  0.000000E+00  0.978136E+06
  0.244601E-04  0.978136E+06  0.978136E+06  0.130402E+07  0.130401E+07  0.000000E+00  0.978136E+06
  0.252891E-04  0.978136E+06  0.978136E+06  0.130400E+07  0.130400E+07  0.000000E+00  0.978136E+06
  0.261463E-04  0.978136E+06  0.978136E+06  0.130399E+07  0.130399E+07  0.000000E+00  0.978136E+06
  0.270326E-04  0.978136E+06  0.978135E+06  0.130398E+07  0.130397E+07  0.000000E+00  0.978136E+06
  0.279488E-04  0.978135E+06  0.978135E+06  0.130396E+07  0.130396E+07  0.000000E+00  0.978135E+06
  0.288962E-04  0.978135E+06  0.978135E+06  0.130395E+07  0.130394E+07  0.000000E+00  0.978135E+06
  0.298756E-04  0.978135E+06  0.978135E+06  0.130393E+07  0.130393E+07  0.000000E+00  0.978135E+06
  0.308882E-04  0.978134E+06  0.978134E+06  0.130392E+07  0.130391E+07  0.000000E+00  0.978134E+06
  0.319352E-04  0.978134E+06  0.978134E+06  0.130390E+07  0.130389E+07  0.000000E+00  0.978134E+06
  0.330176E-04  0.978134E+06  0.978134E+06  0.130388E+07  0.130387E+07  0.000000E+00  0.978134E+06
  0.341368E-04  0.978133E+06  0.978133E+06  0.130386E+07  0.130385E+07  0.000000E+00  0.978133E+06
  0.352938E-04  0.978133E+06  0.978133E+06  0.130383E+07  0.130382E+07  0.000000E+00  0.978133E+06
  0.364901E-04  0.978132E+06  0.978132E+06  0.130381E+07  0.130380E+07  0.000000E+00  0.978132E+06
  0.377270E-04  0.978132E+06  0.978132E+06  0.130378E+07  0.130377E+07  0.000000E+00  0.978132E+06
  0.390057E-04  0.978132E+06  0.978131E+06  0.130376E+07  0.130374E+07  0.000000E+00  0.978132E+06
  0.403278E-04  0.978131E+06  0.978131E+06  0.130373E+07  0.130371E+07  0.000000E+00  0.978131E+06
  0.416948E-04  0.978130E+06  0.978130E+06  0.130369E+07  0.130368E+07  0.000000E+00  0.978130E+06
  0.431080E-04  0.978130E+06  0.978130E+06  0.130366E+07  0.130365E+07  0.000000E+00  0.978130E+06
  0.445692E-04  0.978129E+06  0.978129E+06  0.130362E+07  0.130361E+07  0.000000E+00  0.978129E+06
  0.460798E-04  0.978128E+06  0.978128E+06  0.130359E+07  0.130357E+07  0.000000E+00  0.978128E+06
  0.476417E-04  0.978128E+06  0.978128E+06  0.130354E+07  0.130353E+07  0.000000E+00  0.978128E+06
  0.492565E-04  0.978127E+06  0.978127E+06  0.130350E+07  0.130348E+07  0.000000E+00  0.978127E+06
  0.509261E-04  0.978126E+06  0.978126E+06  0.130345E+07  0.130343E+07  0.000000E+00  0.978126E+06
  0.526522E-04  0.978125E+06  0.978125E+06  0.130340E+07  0.130338E+07  0.000000E+00  0.978125E+06
  0.544369E-04  0.978124E+06  0.978124E+06  0.130335E+07  0.130332E+07  0.000000E+00  0.978124E+06
  0.562820E-04  0.978123E+06  0.978123E+06  0.130329E+07  0.130326E+07  0.000000E+00  0.978123E+06
  0.581897E-04  0.978122E+06  0.978122E+06  0.130323E+07  0.130320E+07  0.000000E+00  0.978122E+06
  0.601621E-04  0.978121E+06  0.978121E+06  0.130316E+07  0.130313E+07  0.000000E+00  0.978121E+06
  0.622013E-04  0.978120E+06  0.978119E+06  0.130309E+07  0.130306E+07  0.000000E+00  0.978120E+06
  0.643096E-04  0.978118E+06  0.978118E+06  0.130302E+07  0.130298E+07  0.000000E+00  0.978118E+06
  0.664894E-04  0.978117E+06  0.978116E+06  0.130294E+07  0.130290E+07  0.000000E+00  0.978117E+06
  0.687430E-04  0.978115E+06  0.978115E+06  0.130285E+07  0.130281E+07  0.000000E+00  0.978115E+06
  0.710731E-04  0.978114E+06  0.978113E+06  0.130276E+07  0.130272E+07  0.000000E+00  0.978114E+06
  0.734821E-04  0.978112E+06  0.978111E+06  0.130266E+07  0.130262E+07  0.000000E+00  0.978112E+06
  0.759728E-04  0.978110E+06  0.978110E+06  0.130256E+07  0.130251E+07  0.000000E+00  0.978110E+06
  0.785479E-04  0.978108E+06  0.978107E+06  0.130244E+07  0.130239E+07  0.000000E+00  0.978108E+06
  0.812103E-04  0.978106E+06  0.978105E+06  0.130232E+07  0.130227E+07  0.000000E+00  0.978106E+06
  0.839629E-04  0.978104E+06  0.978103E+06  0.130219E+07  0.130214E+07  0.000000E+00  0.978103E+06
  0.868089E-04  0.978101E+06  0.978100E+06  0.130206E+07  0.130200E+07  0.000000E+00  0.978101E+06
  0.897513E-04  0.978098E+06  0.978098E+06  0.130191E+07  0.130185E+07  0.000000E+00  0.978098E+06
  0.927934E-04  0.978096E+06  0.978095E+06  0.130175E+07  0.130168E+07  0.000000E+00  0.978096E+06
  0.959386E-04  0.978093E+06  0.978092E+06  0.130159E+07  0.130151E+07  0.000000E+00  0.978092E+06
  0.991905E-04  0.978089E+06  0.978088E+06  0.130141E+07  0.130133E+07  0.000000E+00  0.978089E+06
  0.102553E-03  0.978086E+06  0.978085E+06  0.130122E+07  0.130113E+07  0.000000E+00  0.978086E+06
  0.106029E-03  0.978082E+06  0.978081E+06  0.130101E+07  0.130092E+07  0.000000E+00  0.978082E+06
  0.109622E-03  0.978078E+06  0.978077E+06  0.130079E+07  0.130070E+07  0.000000E+00  0.978078E+06
  0.113338E-03  0.978074E+06  0.978073E+06  0.130056E+07  0.130046E+07  0.000000E+00  0.978074E+06
  0.117180E-03  0.978070E+06  0.978068E+06  0.130031E+07  0.130020E+07  0.000000E+00  0.978070E+06
  0.121152E-03  0.978065E+06  0.978064E+06  0.130004E+07  0.129993E+07  0.000000E+00  0.978065E+06
  0.125258E-03  0.978060E+06  0.978058E+06  0.129976E+07  0.129963E+07  0.000000E+00  0.978060E+06
  0.129504E-03  0.978054E+06  0.978053E+06  0.129945E+07  0.129932E+07  0.000000E+00  0.978054E+06
  0.133893E-03  0.978049E+06  0.978047E+06  0.129913E+07  0.129898E+07  0.000000E+00  0.978048E+06
  0.138431E-03  0.978042E+06  0.978040E+06  0.129878E+07  0.129863E+07  0.000000E+00  0.978042E+06
  0.143124E-03  0.978036E+06  0.978034E+06  0.129841E+07  0.129824E+07  0.000000E+00  0.978035E+06
  0.147975E-03  0.978028E+06  0.978026E+06  0.129801E+07  0.129783E+07  0.000000E+00  0.978028E+06
  0.152990E-03  0.978021E+06  0.978019E+06  0.129758E+07  0.129740E+07  0.000000E+00  0.978020E+06
  0.158176E-03  0.978013E+06  0.978010E+06  0.129713E+07  0.129693E+07  0.000000E+00  0.978012E+06
  0.163537E-03  0.978004E+06  0.978001E+06  0.129665E+07  0.129643E+07  0.000000E+00  0.978004E+06
  0.169081E-03  0.977995E+06  0.977992E+06  0.129613E+07  0.129590E+07  0.000000E+00  0.977994E+06
  0.174812E-03  0.977985E+06  0.977982E+06  0.129557E+07  0.129533E+07  0.000000E+00  0.977984E+06
  0.180737E-03  0.977974E+06  0.977971E+06  0.129498E+07  0.129472E+07  0.000000E+00  0.977974E+06
  0.186863E-03  0.977963E+06  0.977959E+06  0.129435E+07  0.129407E+07  0.000000E+00  0.977962E+06
  0.193197E-03  0.977951E+06  0.977947E+06  0.129367E+07  0.129338E+07  0.000000E+00  0.977950E+06
  0.199745E-03  0.977938E+06  0.977934E+06  0.129295E+07  0.129263E+07  0.000000E+00  0.977937E+06
  0.206515E-03  0.977924E+06  0.977920E+06  0.129218E+07  0.129184E+07  0.000000E+00  0.977923E+06
  0.213515E-03  0.977909E+06  0.977904E+06  0.129136E+07  0.129099E+07  0.000000E+00  0.977908E+06
  0.220752E-03  0.977893E+06  0.977888E+06  0.129048E+07  0.129009E+07  0.000000E+00  0.977892E+06
  0.228235E-03  0.977876E+06  0.977871E+06  0.128954E+07  0.128912E+07  0.000000E+00  0.977875E+06
  0.235971E-03  0.977858E+06  0.977853E+06  0.128853E+07  0.128809E+07  0.000000E+00  0.977857E+06
  0.243969E-03  0.977839E+06  0.977833E+06  0.128746E+07  0.128699E+07  0.000000E+00  0.977838E+06
  0.252239E-03  0.977818E+06  0.977812E+06  0.128631E+07  0.128581E+07  0.000000E+00  0.977817E+06
  0.260788E-03  0.977796E+06  0.977789E+06  0.128509E+07  0.128455E+07  0.000000E+00  0.977795E+06
  0.269628E-03  0.977772E+06  0.977765E+06  0.128378E+07  0.128321E+07  0.000000E+00  0.977771E+06
  0.278767E-03  0.977747E+06  0.977739E+06  0.128239E+07  0.128177E+07  0.000000E+00  0.977746E+06
  0.288216E-03  0.977720E+06  0.977712E+06  0.128090E+07  0.128024E+07  0.000000E+00  0.977718E+06
  0.297985E-03  0.977691E+06  0.977682E+06  0.127930E+07  0.127861E+07  0.000000E+00  0.977690E+06
  0.308085E-03  0.977660E+06  0.977651E+06  0.127760E+07  0.127686E+07  0.000000E+00  0.977659E+06
  0.318527E-03  0.977627E+06  0.977618E+06  0.127579E+07  0.127500E+07  0.000000E+00  0.977626E+06
  0.329324E-03  0.977592E+06  0.977582E+06  0.127385E+07  0.127301E+07  0.000000E+00  0.977590E+06
  0.340486E-03  0.977554E+06  0.977543E+06  0.127179E+07  0.127088E+07  0.000000E+00  0.977552E+06
  0.352027E-03  0.977514E+06  0.977502E+06  0.126958E+07  0.126862E+07  0.000000E+00  0.977512E+06
  0.363959E-03  0.977471E+06  0.977458E+06  0.126723E+07  0.126620E+07  0.000000E+00  0.977469E+06
  0.376296E-03  0.977425E+06  0.977412E+06  0.126471E+07  0.126362E+07  0.000000E+00  0.977423E+06
  0.389050E-03  0.977376E+06  0.977362E+06  0.126203E+07  0.126086E+07  0.000000E+00  0.977374E+06
  0.402237E-03  0.977324E+06  0.977308E+06  0.125917E+07  0.125793E+07  0.000000E+00  0.977321E+06
  0.415871E-03  0.977268E+06  0.977251E+06  0.125612E+07  0.125479E+07  0.000000E+00  0.977265E+06
  0.429967E-03  0.977208E+06  0.977190E+06  0.125287E+07  0.125145E+07  0.000000E+00  0.977205E+06
  0.444541E-03  0.977144E+06  0.977125E+06  0.124940E+07  0.124789E+07  0.000000E+00  0.977141E+06
  0.459609E-03  0.977076E+06  0.977056E+06  0.124570E+07  0.124409E+07  0.000000E+00  0.977072E+06
  0.475187E-03  0.977003E+06  0.976981E+06  0.124176E+07  0.124005E+07  0.000000E+00  0.976999E+06
  0.491294E-03  0.976925E+06  0.976902E+06  0.123756E+07  0.123573E+07  0.000000E+00  0.976921E+06
  0.507946E-03  0.976842E+06  0.976817E+06  0.123308E+07  0.123114E+07  0.000000E+00  0.976838E+06
  0.525163E-03  0.976753E+06  0.976726E+06  0.122831E+07  0.122625E+07  0.000000E+00  0.976748E+06
  0.542963E-03  0.976658E+06  0.976630E+06  0.122323E+07  0.122103E+07  0.000000E+00  0.976653E+06
  0.561367E-03  0.976557E+06  0.976526E+06  0.121782E+07  0.121549E+07  0.000000E+00  0.976552E+06
  0.580395E-03  0.976448E+06  0.976416E+06  0.121207E+07  0.120958E+07  0.000000E+00  0.976443E+06
  0.600067E-03  0.976333E+06  0.976298E+06  0.120594E+07  0.120330E+07  0.000000E+00  0.976327E+06
  0.620407E-03  0.976209E+06  0.976172E+06  0.119942E+07  0.119662E+07  0.000000E+00  0.976203E+06
  0.641435E-03  0.976077E+06  0.976038E+06  0.119249E+07  0.118951E+07  0.000000E+00  0.976071E+06
  0.663177E-03  0.975937E+06  0.975894E+06  0.118512E+07  0.118196E+07  0.000000E+00  0.975930E+06
  0.685655E-03  0.975786E+06  0.975741E+06  0.117729E+07  0.117394E+07  0.000000E+00  0.975779E+06
  0.708896E-03  0.975626E+06  0.975578E+06  0.116897E+07  0.116542E+07  0.000000E+00  0.975618E+06
  0.732924E-03  0.975455E+06  0.975403E+06  0.116014E+07  0.115638E+07  0.000000E+00  0.975446E+06
  0.757767E-03  0.975272E+06  0.975217E+06  0.115077E+07  0.114678E+07  0.000000E+00  0.975263E+06
  0.783451E-03  0.975077E+06  0.975018E+06  0.114083E+07  0.113661E+07  0.000000E+00  0.975067E+06
  0.810006E-03  0.974869E+06  0.974806E+06  0.113028E+07  0.112582E+07  0.000000E+00  0.974858E+06
  0.837462E-03  0.974647E+06  0.974580E+06  0.111911E+07  0.111440E+07  0.000000E+00  0.974636E+06
  0.865847E-03  0.974410E+06  0.974338E+06  0.110729E+07  0.110231E+07  0.000000E+00  0.974398E+06
  0.895195E-03  0.974158E+06  0.974081E+06  0.109477E+07  0.108952E+07  0.000000E+00  0.974145E+06
  0.925538E-03  0.973888E+06  0.973806E+06  0.108153E+07  0.107601E+07  0.000000E+00  0.973875E+06
  0.956909E-03  0.973601E+06  0.973514E+06  0.106755E+07  0.106173E+07  0.000000E+00  0.973587E+06
  0.989344E-03  0.973295E+06  0.973201E+06  0.105278E+07  0.104667E+07  0.000000E+00  0.973280E+06
  0.102288E-02  0.972969E+06  0.972869E+06  0.103721E+07  0.103078E+07  0.000000E+00  0.972952E+06
  0.105755E-02  0.972621E+06  0.972514E+06  0.102079E+07  0.101405E+07  0.000000E+00  0.972603E+06
  0.109339E-02  0.972251E+06  0.972136E+06  0.100351E+07  0.996453E+06  0.000000E+00  0.972232E+06
  0.113045E-02  0.971856E+06  0.971734E+06  0.985335E+06  0.977955E+06  0.000000E+00  0.971836E+06
  0.116877E-02  0.971436E+06  0.971305E+06  0.966243E+06  0.958537E+06  0.000000E+00  0.971414E+06
  0.120839E-02  0.970988E+06  0.970848E+06  0.946214E+06  0.938181E+06  0.000000E+00  0.970965E+06
  0.124935E-02  0.970512E+06  0.970362E+06  0.925228E+06  0.916872E+06  0.000000E+00  0.970487E+06
  0.129169E-02  0.970005E+06  0.969845E+06  0.903274E+06  0.894598E+06  0.000000E+00  0.969978E+06
  0.133547E-02  0.969465E+06  0.969295E+06  0.880342E+06  0.871352E+06  0.000000E+00  0.969437E+06
  0.138074E-02  0.968892E+06  0.968710E+06  0.856428E+06  0.847136E+06  0.000000E+00  0.968861E+06
  0.142754E-02  0.968282E+06  0.968087E+06  0.831535E+06  0.821955E+06  0.000000E+00  0.968250E+06
  0.147593E-02  0.967634E+06  0.967426E+06  0.805674E+06  0.795824E+06  0.000000E+00  0.967599E+06
  0.152595E-02  0.966945E+06  0.966723E+06  0.778865E+06  0.768767E+06  0.000000E+00  0.966908E+06
  0.157768E-02  0.966214E+06  0.965976E+06  0.751134E+06  0.740817E+06  0.000000E+00  0.966174E+06
  0.163115E-02  0.965438E+06  0.965184E+06  0.722522E+06  0.712016E+06  0.000000E+00  0.965395E+06
  0.168644E-02  0.964614E+06  0.964343E+06  0.693077E+06  0.682421E+06  0.000000E+00  0.964569E+06
  0.174360E-02  0.963740E+06  0.963450E+06  0.662863E+06  0.652099E+06  0.000000E+00  0.963692E+06
  0.180270E-02  0.962814E+06  0.962504E+06  0.631956E+06  0.621133E+06  0.000000E+00  0.962762E+06
  0.186380E-02  0.961832E+06  0.961502E+06  0.600447E+06  0.589618E+06  0.000000E+00  0.961777E+06
  0.192698E-02  0.960793E+06  0.960440E+06  0.568441E+06  0.557666E+06  0.000000E+00  0.960734E+06
  0.199229E-02  0.959693E+06  0.959316E+06  0.536060E+06  0.525401E+06  0.000000E+00  0.959630E+06
  0.205982E-02  0.958529E+06  0.958126E+06  0.503443E+06  0.492968E+06  0.000000E+00  0.958462E+06
  0.212964E-02  0.957299E+06  0.956869E+06  0.470741E+06  0.460522E+06  0.000000E+00  0.957228E+06
  0.220183E-02  0.956000E+06  0.955540E+06  0.438126E+06  0.428236E+06  0.000000E+00  0.955923E+06
  0.227646E-02  0.954628E+06  0.954137E+06  0.405780E+06  0.396292E+06  0.000000E+00  0.954546E+06
  0.235362E-02  0.953181E+06  0.952656E+06  0.373900E+06  0.364888E+06  0.000000E+00  0.953094E+06
  0.243339E-02  0.951655E+06  0.951095E+06  0.342696E+06  0.334228E+06  0.000000E+00  0.951562E+06
  0.251587E-02  0.950048E+06  0.949449E+06  0.312384E+06  0.304523E+06  0.000000E+00  0.949948E+06
  0.260115E-02  0.948357E+06  0.947717E+06  0.283185E+06  0.275984E+06  0.000000E+00  0.948250E+06
  0.268932E-02  0.946578E+06  0.945895E+06  0.255320E+06  0.248821E+06  0.000000E+00  0.946464E+06
  0.278047E-02  0.944709E+06  0.943979E+06  0.229004E+06  0.223235E+06  0.000000E+00  0.944587E+06
  0.287471E-02  0.942746E+06  0.941967E+06  0.204444E+06  0.199409E+06  0.000000E+00  0.942616E+06
  0.297215E-02  0.940687E+06  0.939856E+06  0.181823E+06  0.177508E+06  0.000000E+00  0.940549E+06
  0.307289E-02  0.938530E+06  0.937642E+06  0.161302E+06  0.157666E+06  0.000000E+00  0.938382E+06
  0.317705E-02  0.936271E+06  0.935323E+06  0.143005E+06  0.139979E+06  0.000000E+00  0.936113E+06
  0.328474E-02  0.933908E+06  0.932896E+06  0.127018E+06  0.124503E+06  0.000000E+00  0.933739E+06
  0.339607E-02  0.931438E+06  0.930358E+06  0.113372E+06  0.111240E+06  0.000000E+00  0.931258E+06
  0.351118E-02  0.928860E+06  0.927707E+06  0.102045E+06  0.100140E+06  0.000000E+00  0.928668E+06
  0.363020E-02  0.926170E+06  0.924940E+06  0.929511E+05  0.910943E+05  0.000000E+00  0.925965E+06
  0.375324E-02  0.923366E+06  0.922054E+06  0.859417E+05  0.839338E+05  0.000000E+00  0.923147E+06
  0.388046E-02  0.920447E+06  0.919046E+06  0.808016E+05  0.784350E+05  0.000000E+00  0.920213E+06
  0.401199E-02  0.917410E+06  0.915915E+06  0.772556E+05  0.743249E+05  0.000000E+00  0.917161E+06
  0.414797E-02  0.914253E+06  0.912659E+06  0.749749E+05  0.712911E+05  0.000000E+00  0.913987E+06
  0.428857E-02  0.910974E+06  0.909273E+06  0.735910E+05  0.689977E+05  0.000000E+00  0.910690E+06
  0.443393E-02  0.907570E+06  0.905757E+06  0.727126E+05  0.671034E+05  0.000000E+00  0.907268E+06
  0.458422E-02  0.904041E+06  0.902107E+06  0.719482E+05  0.652837E+05  0.000000E+00  0.903719E+06
  0.473960E-02  0.900383E+06  0.898321E+06  0.709316E+05  0.632548E+05  0.000000E+00  0.900040E+06
  0.490025E-02  0.896595E+06  0.894396E+06  0.693497E+05  0.607966E+05  0.000000E+00  0.896229E+06
  0.506635E-02  0.892674E+06  0.890330E+06  0.669698E+05  0.577736E+05  0.000000E+00  0.892284E+06
  0.523807E-02  0.888618E+06  0.886119E+06  0.636633E+05  0.541494E+05  0.000000E+00  0.888202E+06
  0.541562E-02  0.884424E+06  0.881760E+06  0.594227E+05  0.499929E+05  0.000000E+00  0.883980E+06
  0.559918E-02  0.880090E+06  0.877251E+06  0.543687E+05  0.454728E+05  0.000000E+00  0.879617E+06
  0.578897E-02  0.875612E+06  0.872588E+06  0.487420E+05  0.408385E+05  0.000000E+00  0.875108E+06
  0.598518E-02  0.870990E+06  0.867767E+06  0.428812E+05  0.363879E+05  0.000000E+00  0.870452E+06
  0.618805E-02  0.866218E+06  0.862786E+06  0.371831E+05  0.324242E+05  0.000000E+00  0.865646E+06
  0.639780E-02  0.861296E+06  0.857641E+06  0.320500E+05  0.292062E+05  0.000000E+00  0.860687E+06
  0.661465E-02  0.856220E+06  0.852328E+06  0.278284E+05  0.268990E+05  0.000000E+00  0.855571E+06
  0.683885E-02  0.850987E+06  0.846844E+06  0.247486E+05  0.255358E+05  0.000000E+00  0.850296E+06
  0.707066E-02  0.845595E+06  0.841185E+06  0.228759E+05  0.249990E+05  0.000000E+00  0.844860E+06
  0.731032E-02  0.840042E+06  0.835349E+06  0.220853E+05  0.250298E+05  0.000000E+00  0.839260E+06
  0.755810E-02  0.834324E+06  0.829331E+06  0.000000E+00  0.000000E+00  0.000000E+00  0.833492E+06
  0.781428E-02  0.828439E+06  0.823128E+06  0.000000E+00  0.000000E+00  0.000000E+00  0.827554E+06
  0.807915E-02  0.822385E+06  0.816737E+06  0.000000E+00  0.000000E+00  0.000000E+00  0.821444E+06
  0.835299E-02  0.816159E+06  0.810155E+06  0.000000E+00  0.000000E+00  0.000000E+00  0.815158E+06
  0.863612E-02  0.809759E+06  0.803377E+06  0.000000E+00  0.000000E+00  0.000000E+00  0.808695E+06
  0.892884E-02  0.803181E+06  0.796400E+06  0.000000E+00  0.000000E+00  0.000000E+00  0.802051E+06
  0.923149E-02  0.796424E+06  0.789221E+06  0.000000E+00  0.000000E+00  0.000000E+00  0.795224E+06
  0.954439E-02  0.789485E+06  0.781836E+06  0.000000E+00  0.000000E+00  0.000000E+00  0.788210E+06
  0.986790E-02  0.782361E+06  0.774241E+06  0.000000E+00  0.000000E+00  0.000000E+00  0.781007E+06
  0.102024E-01  0.775049E+06  0.766433E+06  0.000000E+00  0.000000E+00  0.000000E+00  0.773613E+06
  0.105482E-01  0.767547E+06  0.758408E+06  0.000000E+00  0.000000E+00  0.000000E+00  0.766024E+06
  0.109057E-01  0.759853E+06  0.750163E+06  0.000000E+00  0.000000E+00  0.000000E+00  0.758238E+06
  0.112754E-01  0.751964E+06  0.741694E+06  0.000000E+00  0.000000E+00  0.000000E+00  0.750252E+06
  0.116575E-01  0.743877E+06  0.732997E+06  0.000000E+00  0.000000E+00  0.000000E+00  0.742064E+06
  0.120527E-01  0.735591E+06  0.724071E+06  0.000000E+00  0.000000E+00  0.000000E+00  0.733671E+06
  0.124612E-01  0.727103E+06  0.714911E+06  0.000000E+00  0.000000E+00  0.000000E+00  0.725071E+06
  0.128836E-01  0.718411E+06  0.705516E+06  0.000000E+00  0.000000E+00  0.000000E+00  0.716262E+06
  0.133203E-01  0.709513E+06  0.695882E+06  0.000000E+00  0.000000E+00  0.000000E+00  0.707241E+06
  0.137718E-01  0.700409E+06  0.686008E+06  0.000000E+00  0.000000E+00  0.000000E+00  0.698009E+06
  0.142386E-01  0.691096E+06  0.675892E+06  0.000000E+00  0.000000E+00  0.000000E+00  0.688562E+06
  0.147212E-01  0.681573E+06  0.665533E+06  0.000000E+00  0.000000E+00  0.000000E+00  0.678900E+06
  0.152202E-01  0.671840E+06  0.654930E+06  0.000000E+00  0.000000E+00  0.000000E+00  0.669022E+06
  0.157360E-01  0.661897E+06  0.644084E+06  0.000000E+00  0.000000E+00  0.000000E+00  0.658928E+06
  0.162694E-01  0.651744E+06  0.632997E+06  0.000000E+00  0.000000E+00  0.000000E+00  0.648619E+06
  0.168209E-01  0.641382E+06  0.621669E+06  0.000000E+00  0.000000E+00  0.000000E+00  0.638096E+06
  0.173910E-01  0.630812E+06  0.610104E+06  0.000000E+00  0.000000E+00  0.000000E+00  0.627361E+06
  0.179805E-01  0.620037E+06  0.598307E+06  0.000000E+00  0.000000E+00  0.000000E+00  0.616416E+06
  0.185899E-01  0.609061E+06  0.586283E+06  0.000000E+00  0.000000E+00  0.000000E+00  0.605265E+06
  0.192200E-01  0.597888E+06  0.574039E+06  0.000000E+00  0.000000E+00  0.000000E+00  0.593913E+06
  0.198715E-01  0.586523E+06  0.561586E+06  0.000000E+00  0.000000E+00  0.000000E+00  0.582367E+06
  0.205450E-01  0.574973E+06  0.548933E+06  0.000000E+00  0.000000E+00  0.000000E+00  0.570633E+06
  0.212414E-01  0.563246E+06  0.536094E+06  0.000000E+00  0.000000E+00  0.000000E+00  0.558721E+06
  0.219614E-01  0.551352E+06  0.523085E+06  0.000000E+00  0.000000E+00  0.000000E+00  0.546641E+06
  0.227058E-01  0.539303E+06  0.509923E+06  0.000000E+00  0.000000E+00  0.000000E+00  0.534406E+06
  0.234754E-01  0.527112E+06  0.496630E+06  0.000000E+00  0.000000E+00  0.000000E+00  0.522031E+06
  0.242711E-01  0.514792E+06  0.483228E+06  0.000000E+00  0.000000E+00  0.000000E+00  0.509532E+06
  0.250938E-01  0.502364E+06  0.469745E+06  0.000000E+00  0.000000E+00  0.000000E+00  0.496927E+06
  0.259443E-01  0.489845E+06  0.456211E+06  0.000000E+00  0.000000E+00  0.000000E+00  0.484239E+06
  0.268237E-01  0.477258E+06  0.442659E+06  0.000000E+00  0.000000E+00  0.000000E+00  0.471491E+06
  0.277329E-01  0.464626E+06  0.429125E+06  0.000000E+00  0.000000E+00  0.000000E+00  0.458709E+06
  0.286729E-01  0.451978E+06  0.415648E+06  0.000000E+00  0.000000E+00  0.000000E+00  0.445923E+06
  0.296448E-01  0.439340E+06  0.402272E+06  0.000000E+00  0.000000E+00  0.000000E+00  0.433162E+06
  0.306496E-01  0.426747E+06  0.389042E+06  0.000000E+00  0.000000E+00  0.000000E+00  0.420463E+06
  0.316885E-01  0.414230E+06  0.376006E+06  0.000000E+00  0.000000E+00  0.000000E+00  0.407859E+06
  0.327626E-01  0.401826E+06  0.363216E+06  0.000000E+00  0.000000E+00  0.000000E+00  0.395391E+06
  0.338731E-01  0.391744E+06  0.352885E+06  0.000000E+00  0.000000E+00  0.000000E+00  0.385268E+06
  0.350212E-01  0.379752E+06  0.340811E+06  0.000000E+00  0.000000E+00  0.000000E+00  0.373262E+06
  0.362083E-01  0.367818E+06  0.328969E+06  0.000000E+00  0.000000E+00  0.000000E+00  0.361343E+06
  0.374355E-01  0.356128E+06  0.317555E+06  0.000000E+00  0.000000E+00  0.000000E+00  0.349699E+06
  0.387044E-01  0.344729E+06  0.306626E+06  0.000000E+00  0.000000E+00  0.000000E+00  0.338379E+06
  0.400163E-01  0.333666E+06  0.296235E+06  0.000000E+00  0.000000E+00  0.000000E+00  0.327428E+06
  0.413727E-01  0.322979E+06  0.286422E+06  0.000000E+00  0.000000E+00  0.000000E+00  0.316886E+06
  0.427750E-01  0.312701E+06  0.277223E+06  0.000000E+00  0.000000E+00  0.000000E+00  0.306788E+06
  0.442248E-01  0.301586E+06  0.267391E+06  0.000000E+00  0.000000E+00  0.000000E+00  0.295887E+06
  0.457238E-01  0.292189E+06  0.259458E+06  0.000000E+00  0.000000E+00  0.000000E+00  0.286734E+06
  0.472737E-01  0.283240E+06  0.252145E+06  0.000000E+00  0.000000E+00  0.000000E+00  0.278057E+06
  0.488760E-01  0.274726E+06  0.245415E+06  0.000000E+00  0.000000E+00  0.000000E+00  0.269841E+06
  0.505327E-01  0.266624E+06  0.239216E+06  0.000000E+00  0.000000E+00  0.000000E+00  0.262056E+06
  0.522455E-01  0.258908E+06  0.233485E+06  0.000000E+00  0.000000E+00  0.000000E+00  0.254671E+06
  0.540163E-01  0.252210E+06  0.228810E+06  0.000000E+00  0.000000E+00  0.000000E+00  0.248310E+06
  0.558473E-01  0.245135E+06  0.223756E+06  0.000000E+00  0.000000E+00  0.000000E+00  0.241572E+06
  0.577402E-01  0.238333E+06  0.218919E+06  0.000000E+00  0.000000E+00  0.000000E+00  0.235097E+06
  0.596973E-01  0.231755E+06  0.214199E+06  0.000000E+00  0.000000E+00  0.000000E+00  0.228829E+06
  0.617207E-01  0.225342E+06  0.209482E+06  0.000000E+00  0.000000E+00  0.000000E+00  0.222699E+06
  0.638128E-01  0.218568E+06  0.204197E+06  0.000000E+00  0.000000E+00  0.000000E+00  0.216172E+06
  0.659757E-01  0.212239E+06  0.199102E+06  0.000000E+00  0.000000E+00  0.000000E+00  0.210050E+06
  0.682120E-01  0.205833E+06  0.193643E+06  0.000000E+00  0.000000E+00  0.000000E+00  0.203801E+06
  0.705240E-01  0.199283E+06  0.187731E+06  0.000000E+00  0.000000E+00  0.000000E+00  0.197357E+06
  0.729144E-01  0.192690E+06  0.181461E+06  0.000000E+00  0.000000E+00  0.000000E+00  0.190818E+06
  0.753859E-01  0.185815E+06  0.174614E+06  0.000000E+00  0.000000E+00  0.000000E+00  0.183948E+06
  0.779411E-01  0.178787E+06  0.167350E+06  0.000000E+00  0.000000E+00  0.000000E+00  0.176881E+06
  0.805829E-01  0.171640E+06  0.159757E+06  0.000000E+00  0.000000E+00  0.000000E+00  0.169659E+06
  0.833143E-01  0.164414E+06  0.151951E+06  0.000000E+00  0.000000E+00  0.000000E+00  0.162337E+06
  0.861383E-01  0.157173E+06  0.144082E+06  0.000000E+00  0.000000E+00  0.000000E+00  0.154991E+06
  0.890579E-01  0.150012E+06  0.136342E+06  0.000000E+00  0.000000E+00  0.000000E+00  0.147734E+06
  0.920766E-01  0.143060E+06  0.128957E+06  0.000000E+00  0.000000E+00  0.000000E+00  0.140709E+06
  0.951975E-01  0.136465E+06  0.122162E+06  0.000000E+00  0.000000E+00  0.000000E+00  0.134081E+06
  0.984242E-01  0.130359E+06  0.116154E+06  0.000000E+00  0.000000E+00  0.000000E+00  0.127991E+06
  0.101760E+00  0.124830E+06  0.111056E+06  0.000000E+00  0.000000E+00  0.000000E+00  0.122534E+06
  0.105209E+00  0.119902E+06  0.106888E+06  0.000000E+00  0.000000E+00  0.000000E+00  0.117733E+06
  0.108776E+00  0.115530E+06  0.103559E+06  0.000000E+00  0.000000E+00  0.000000E+00  0.113535E+06
  0.112463E+00  0.111617E+06  0.100880E+06  0.000000E+00  0.000000E+00  0.000000E+00  0.109827E+06
  0.116274E+00  0.108038E+06  0.986067E+05  0.000000E+00  0.000000E+00  0.000000E+00  0.106466E+06
  0.120216E+00  0.104658E+06  0.964681E+05  0.000000E+00  0.000000E+00  0.000000E+00  0.103293E+06
  0.124290E+00  0.101326E+06  0.941768E+05  0.000000E+00  0.000000E+00  0.000000E+00  0.100134E+06
  0.128503E+00  0.978700E+05  0.914562E+05  0.000000E+00  0.000000E+00  0.000000E+00  0.968010E+05
  0.132859E+00  0.941568E+05  0.881158E+05  0.000000E+00  0.000000E+00  0.000000E+00  0.931500E+05
  0.137362E+00  0.901501E+05  0.841286E+05  0.000000E+00  0.000000E+00  0.000000E+00  0.891466E+05
  0.142018E+00  0.859156E+05  0.796383E+05  0.000000E+00  0.000000E+00  0.000000E+00  0.848694E+05
  0.146832E+00  0.815876E+05  0.749146E+05  0.000000E+00  0.000000E+00  0.000000E+00  0.804755E+05
  0.151809E+00  0.773417E+05  0.702984E+05  0.000000E+00  0.000000E+00  0.000000E+00  0.761678E+05
  0.156954E+00  0.733612E+05  0.661298E+05  0.000000E+00  0.000000E+00  0.000000E+00  0.721560E+05
  0.162274E+00  0.698017E+05  0.626712E+05  0.000000E+00  0.000000E+00  0.000000E+00  0.686132E+05
  0.167774E+00  0.667541E+05  0.600392E+05  0.000000E+00  0.000000E+00  0.000000E+00  0.656349E+05
  0.173461E+00  0.641864E+05  0.581332E+05  0.000000E+00  0.000000E+00  0.000000E+00  0.631775E+05
  0.179341E+00  0.619397E+05  0.566498E+05  0.000000E+00  0.000000E+00  0.000000E+00  0.610580E+05
  0.185419E+00  0.597923E+05  0.551904E+05  0.000000E+00  0.000000E+00  0.000000E+00  0.590253E+05
  0.191704E+00  0.575330E+05  0.533954E+05  0.000000E+00  0.000000E+00  0.000000E+00  0.568434E+05
  0.198202E+00  0.550499E+05  0.510882E+05  0.000000E+00  0.000000E+00  0.000000E+00  0.543897E+05
  0.204920E+00  0.523607E+05  0.483317E+05  0.000000E+00  0.000000E+00  0.000000E+00  0.516892E+05
  0.211866E+00  0.495948E+05  0.453934E+05  0.000000E+00  0.000000E+00  0.000000E+00  0.488946E+05
  0.219047E+00  0.469522E+05  0.426442E+05  0.000000E+00  0.000000E+00  0.000000E+00  0.462342E+05
  0.226472E+00  0.446155E+05  0.403928E+05  0.000000E+00  0.000000E+00  0.000000E+00  0.439117E+05
  0.234148E+00  0.426386E+05  0.387131E+05  0.000000E+00  0.000000E+00  0.000000E+00  0.419844E+05
  0.242084E+00  0.409359E+05  0.374260E+05  0.000000E+00  0.000000E+00  0.000000E+00  0.403509E+05
  0.250290E+00  0.393370E+05  0.362092E+05  0.000000E+00  0.000000E+00  0.000000E+00  0.388157E+05
  0.258774E+00  0.376546E+05  0.347534E+05  0.000000E+00  0.000000E+00  0.000000E+00  0.371710E+05
  0.267545E+00  0.358311E+05  0.329826E+05  0.000000E+00  0.000000E+00  0.000000E+00  0.353563E+05
  0.276613E+00  0.339604E+05  0.310808E+05  0.000000E+00  0.000000E+00  0.000000E+00  0.334804E+05
  0.285989E+00  0.321935E+05  0.293298E+05  0.000000E+00  0.000000E+00  0.000000E+00  0.317162E+05
  0.295683E+00  0.306436E+05  0.279174E+05  0.000000E+00  0.000000E+00  0.000000E+00  0.301892E+05
  0.305705E+00  0.292945E+05  0.267956E+05  0.000000E+00  0.000000E+00  0.000000E+00  0.288781E+05
  0.316067E+00  0.280258E+05  0.257417E+05  0.000000E+00  0.000000E+00  0.000000E+00  0.276451E+05
  0.326780E+00  0.267233E+05  0.245627E+05  0.000000E+00  0.000000E+00  0.000000E+00  0.263632E+05
  0.337856E+00  0.253729E+05  0.232555E+05  0.000000E+00  0.000000E+00  0.000000E+00  0.250200E+05
  0.349308E+00  0.240676E+05  0.219919E+05  0.000000E+00  0.000000E+00  0.000000E+00  0.237216E+05
  0.361147E+00  0.228869E+05  0.209107E+05  0.000000E+00  0.000000E+00  0.000000E+00  0.225575E+05
  0.373389E+00  0.218240E+05  0.199878E+05  0.000000E+00  0.000000E+00  0.000000E+00  0.215179E+05
  0.386045E+00  0.208018E+05  0.190845E+05  0.000000E+00  0.000000E+00  0.000000E+00  0.205156E+05
  0.399130E+00  0.197728E+05  0.181255E+05  0.000000E+00  0.000000E+00  0.000000E+00  0.194983E+05
  0.412659E+00  0.187651E+05  0.171713E+05  0.000000E+00  0.000000E+00  0.000000E+00  0.184994E+05
  0.426645E+00  0.178315E+05  0.163142E+05  0.000000E+00  0.000000E+00  0.000000E+00  0.175786E+05
  0.441107E+00  0.169692E+05  0.155449E+05  0.000000E+00  0.000000E+00  0.000000E+00  0.167318E+05
  0.456058E+00  0.161384E+05  0.147918E+05  0.000000E+00  0.000000E+00  0.000000E+00  0.159140E+05
  0.471516E+00  0.153238E+05  0.140344E+05  0.000000E+00  0.000000E+00  0.000000E+00  0.151089E+05
  0.487498E+00  0.145487E+05  0.133181E+05  0.000000E+00  0.000000E+00  0.000000E+00  0.143436E+05
  0.504022E+00  0.138251E+05  0.126620E+05  0.000000E+00  0.000000E+00  0.000000E+00  0.136313E+05
  0.521106E+00  0.131351E+05  0.120341E+05  0.000000E+00  0.000000E+00  0.000000E+00  0.129516E+05
  0.538769E+00  0.124685E+05  0.114195E+05  0.000000E+00  0.000000E+00  0.000000E+00  0.122937E+05
  0.557030E+00  0.118351E+05  0.108379E+05  0.000000E+00  0.000000E+00  0.000000E+00  0.116689E+05
  0.575911E+00  0.112371E+05  0.102930E+05  0.000000E+00  0.000000E+00  0.000000E+00  0.110798E+05
  0.595431E+00  0.106656E+05  0.976956E+04  0.000000E+00  0.000000E+00  0.000000E+00  0.105163E+05
  0.615614E+00  0.101195E+05  0.926807E+04  0.000000E+00  0.000000E+00  0.000000E+00  0.997763E+04
  0.636481E+00  0.960203E+04  0.879475E+04  0.000000E+00  0.000000E+00  0.000000E+00  0.946748E+04
  0.658054E+00  0.910964E+04  0.834415E+04  0.000000E+00  0.000000E+00  0.000000E+00  0.898206E+04
  0.680359E+00  0.864031E+04  0.791382E+04  0.000000E+00  0.000000E+00  0.000000E+00  0.851923E+04
  0.703419E+00  0.819463E+04  0.750582E+04  0.000000E+00  0.000000E+00  0.000000E+00  0.807983E+04
  0.727262E+00  0.777079E+04  0.711773E+04  0.000000E+00  0.000000E+00  0.000000E+00  0.766194E+04
  0.751912E+00  0.736765E+04  0.674838E+04  0.000000E+00  0.000000E+00  0.000000E+00  0.726444E+04
  0.777399E+00  0.698464E+04  0.639767E+04  0.000000E+00  0.000000E+00  0.000000E+00  0.688681E+04
  0.803749E+00  0.662053E+04  0.606417E+04  0.000000E+00  0.000000E+00  0.000000E+00  0.652780E+04
  0.830992E+00  0.627460E+04  0.574732E+04  0.000000E+00  0.000000E+00  0.000000E+00  0.618672E+04
  0.859158E+00  0.594600E+04  0.544638E+04  0.000000E+00  0.000000E+00  0.000000E+00  0.586273E+04
  0.888280E+00  0.563389E+04  0.516050E+04  0.000000E+00  0.000000E+00  0.000000E+00  0.555499E+04
  0.918388E+00  0.533751E+04  0.488905E+04  0.000000E+00  0.000000E+00  0.000000E+00  0.526277E+04
  0.949517E+00  0.505610E+04  0.463130E+04  0.000000E+00  0.000000E+00  0.000000E+00  0.498530E+04
  0.981700E+00  0.478897E+04  0.438663E+04  0.000000E+00  0.000000E+00  0.000000E+00  0.472191E+04
  0.101498E+01  0.453537E+04  0.415435E+04  0.000000E+00  0.000000E+00  0.000000E+00  0.447187E+04
  0.104938E+01  0.429469E+04  0.393390E+04  0.000000E+00  0.000000E+00  0.000000E+00  0.423456E+04
  0.108495E+01  0.406630E+04  0.372471E+04  0.000000E+00  0.000000E+00  0.000000E+00  0.400936E+04
  0.112172E+01  0.384960E+04  0.352623E+04  0.000000E+00  0.000000E+00  0.000000E+00  0.379570E+04
  0.115974E+01  0.364406E+04  0.333797E+04  0.000000E+00  0.000000E+00  0.000000E+00  0.359305E+04
  0.119905E+01  0.344912E+04  0.315941E+04  0.000000E+00  0.000000E+00  0.000000E+00  0.340083E+04
  0.123969E+01  0.326425E+04  0.299008E+04  0.000000E+00  0.000000E+00  0.000000E+00  0.321856E+04
  0.128171E+01  0.308895E+04  0.282951E+04  0.000000E+00  0.000000E+00  0.000000E+00  0.304571E+04
  0.132516E+01  0.292276E+04  0.267729E+04  0.000000E+00  0.000000E+00  0.000000E+00  0.288185E+04
  0.137007E+01  0.276523E+04  0.253299E+04  0.000000E+00  0.000000E+00  0.000000E+00  0.272652E+04
  0.141651E+01  0.261591E+04  0.239622E+04  0.000000E+00  0.000000E+00  0.000000E+00  0.257930E+04
  0.146453E+01  0.247441E+04  0.226660E+04  0.000000E+00  0.000000E+00  0.000000E+00  0.243977E+04
  0.151417E+01  0.234032E+04  0.214378E+04  0.000000E+00  0.000000E+00  0.000000E+00  0.230756E+04
  0.156549E+01  0.221326E+04  0.202740E+04  0.000000E+00  0.000000E+00  0.000000E+00  0.218229E+04
  0.161855E+01  0.209292E+04  0.191717E+04  0.000000E+00  0.000000E+00  0.000000E+00  0.206363E+04
  0.167341E+01  0.197893E+04  0.181276E+04  0.000000E+00  0.000000E+00  0.000000E+00  0.195124E+04
  0.173013E+01  0.187098E+04  0.171387E+04  0.000000E+00  0.000000E+00  0.000000E+00  0.184480E+04
  0.178878E+01  0.176876E+04  0.162023E+04  0.000000E+00  0.000000E+00  0.000000E+00  0.174400E+04
  0.184941E+01  0.167196E+04  0.153157E+04  0.000000E+00  0.000000E+00  0.000000E+00  0.164856E+04
  0.191209E+01  0.158032E+04  0.144762E+04  0.000000E+00  0.000000E+00  0.000000E+00  0.155820E+04
  0.197690E+01  0.149356E+04  0.136815E+04  0.000000E+00  0.000000E+00  0.000000E+00  0.147266E+04
  0.204391E+01  0.141144E+04  0.129293E+04  0.000000E+00  0.000000E+00  0.000000E+00  0.139169E+04
  0.211319E+01  0.133373E+04  0.122174E+04  0.000000E+00  0.000000E+00  0.000000E+00  0.131506E+04
  0.218481E+01  0.126019E+04  0.115438E+04  0.000000E+00  0.000000E+00  0.000000E+00  0.124255E+04
  0.225887E+01  0.119060E+04  0.109064E+04  0.000000E+00  0.000000E+00  0.000000E+00  0.117394E+04
  0.233543E+01  0.112477E+04  0.103034E+04  0.000000E+00  0.000000E+00  0.000000E+00  0.110903E+04
  0.241459E+01  0.106249E+04  0.973283E+03  0.000000E+00  0.000000E+00  0.000000E+00  0.104762E+04
  0.249644E+01  0.100357E+04  0.919314E+03  0.000000E+00  0.000000E+00  0.000000E+00  0.989528E+03
  0.258105E+01  0.947845E+03  0.868268E+03  0.000000E+00  0.000000E+00  0.000000E+00  0.934582E+03
  0.266854E+01  0.895148E+03  0.819995E+03  0.000000E+00  0.000000E+00  0.000000E+00  0.882622E+03
  0.275899E+01  0.845314E+03  0.774345E+03  0.000000E+00  0.000000E+00  0.000000E+00  0.833486E+03
  0.285251E+01  0.798196E+03  0.731183E+03  0.000000E+00  0.000000E+00  0.000000E+00  0.787027E+03
  0.294919E+01  0.753649E+03  0.690377E+03  0.000000E+00  0.000000E+00  0.000000E+00  0.743103E+03
  0.304916E+01  0.711529E+03  0.651793E+03  0.000000E+00  0.000000E+00  0.000000E+00  0.701573E+03
  0.315251E+01  0.671717E+03  0.615324E+03  0.000000E+00  0.000000E+00  0.000000E+00  0.662318E+03
  0.325936E+01  0.634086E+03  0.580852E+03  0.000000E+00  0.000000E+00  0.000000E+00  0.625214E+03
  0.336984E+01  0.598524E+03  0.548275E+03  0.000000E+00  0.000000E+00  0.000000E+00  0.590149E+03
  0.348406E+01  0.564916E+03  0.517489E+03  0.000000E+00  0.000000E+00  0.000000E+00  0.557012E+03
  0.360215E+01  0.533159E+03  0.488398E+03  0.000000E+00  0.000000E+00  0.000000E+00  0.525699E+03
  0.372425E+01  0.503152E+03  0.460909E+03  0.000000E+00  0.000000E+00  0.000000E+00  0.496111E+03
  0.385048E+01  0.474801E+03  0.434938E+03  0.000000E+00  0.000000E+00  0.000000E+00  0.468157E+03
  0.398099E+01  0.448018E+03  0.410403E+03  0.000000E+00  0.000000E+00  0.000000E+00  0.441749E+03
  0.411593E+01  0.422720E+03  0.387229E+03  0.000000E+00  0.000000E+00  0.000000E+00  0.416805E+03
  0.425544E+01  0.398824E+03  0.365339E+03  0.000000E+00  0.000000E+00  0.000000E+00  0.393243E+03
  0.439968E+01  0.376255E+03  0.344665E+03  0.000000E+00  0.000000E+00  0.000000E+00  0.370990E+03
  0.454881E+01  0.354939E+03  0.325138E+03  0.000000E+00  0.000000E+00  0.000000E+00  0.349972E+03
  0.470299E+01  0.334811E+03  0.306699E+03  0.000000E+00  0.000000E+00  0.000000E+00  0.330126E+03
  0.486240E+01  0.315806E+03  0.289289E+03  0.000000E+00  0.000000E+00  0.000000E+00  0.311386E+03
  0.502721E+01  0.297862E+03  0.272851E+03  0.000000E+00  0.000000E+00  0.000000E+00  0.293693E+03
  0.519761E+01  0.280920E+03  0.257331E+03  0.000000E+00  0.000000E+00  0.000000E+00  0.276988E+03
  0.537378E+01  0.264925E+03  0.242678E+03  0.000000E+00  0.000000E+00  0.000000E+00  0.261217E+03
  0.555592E+01  0.249827E+03  0.228848E+03  0.000000E+00  0.000000E+00  0.000000E+00  0.246331E+03
  0.574424E+01  0.235577E+03  0.215793E+03  0.000000E+00  0.000000E+00  0.000000E+00  0.232279E+03
  0.593894E+01  0.222127E+03  0.203472E+03  0.000000E+00  0.000000E+00  0.000000E+00  0.219017E+03
  0.614025E+01  0.209431E+03  0.191842E+03  0.000000E+00  0.000000E+00  0.000000E+00  0.206499E+03
  0.634837E+01  0.197451E+03  0.180867E+03  0.000000E+00  0.000000E+00  0.000000E+00  0.194687E+03
  0.656355E+01  0.186146E+03  0.170511E+03  0.000000E+00  0.000000E+00  0.000000E+00  0.183540E+03
  0.678602E+01  0.175480E+03  0.160739E+03  0.000000E+00  0.000000E+00  0.000000E+00  0.173023E+03
  0.701603E+01  0.165415E+03  0.151519E+03  0.000000E+00  0.000000E+00  0.000000E+00  0.163099E+03
  0.725384E+01  0.155919E+03  0.142820E+03  0.000000E+00  0.000000E+00  0.000000E+00  0.153736E+03
  0.749971E+01  0.146961E+03  0.134614E+03  0.000000E+00  0.000000E+00  0.000000E+00  0.144903E+03
  0.775392E+01  0.138511E+03  0.126872E+03  0.000000E+00  0.000000E+00  0.000000E+00  0.136571E+03
  0.801674E+01  0.130540E+03  0.119570E+03  0.000000E+00  0.000000E+00  0.000000E+00  0.128712E+03
  0.828847E+01  0.123021E+03  0.112682E+03  0.000000E+00  0.000000E+00  0.000000E+00  0.121298E+03
  0.856940E+01  0.115930E+03  0.106186E+03  0.000000E+00  0.000000E+00  0.000000E+00  0.114306E+03
  0.885987E+01  0.109242E+03  0.100059E+03  0.000000E+00  0.000000E+00  0.000000E+00  0.107712E+03
  0.916017E+01  0.102935E+03  0.942811E+02  0.000000E+00  0.000000E+00  0.000000E+00  0.101493E+03
  0.947066E+01  0.969871E+02  0.888324E+02  0.000000E+00  0.000000E+00  0.000000E+00  0.956280E+02
  0.979166E+01  0.913791E+02  0.836948E+02  0.000000E+00  0.000000E+00  0.000000E+00  0.900984E+02
  0.101236E+02  0.860911E+02  0.788503E+02  0.000000E+00  0.000000E+00  0.000000E+00  0.848843E+02
  0.104667E+02  0.811053E+02  0.742828E+02  0.000000E+00  0.000000E+00  0.000000E+00  0.799682E+02
  0.108215E+02  0.764049E+02  0.699767E+02  0.000000E+00  0.000000E+00  0.000000E+00  0.753336E+02
  0.111883E+02  0.719738E+02  0.659173E+02  0.000000E+00  0.000000E+00  0.000000E+00  0.709644E+02
  0.115675E+02  0.677963E+02  0.620902E+02  0.000000E+00  0.000000E+00  0.000000E+00  0.668453E+02
  0.119596E+02  0.638587E+02  0.584828E+02  0.000000E+00  0.000000E+00  0.000000E+00  0.629627E+02
  0.123649E+02  0.601470E+02  0.550824E+02  0.000000E+00  0.000000E+00  0.000000E+00  0.593029E+02
  0.127841E+02  0.566485E+02  0.518773E+02  0.000000E+00  0.000000E+00  0.000000E+00  0.558533E+02
  0.132174E+02  0.533515E+02  0.488568E+02  0.000000E+00  0.000000E+00  0.000000E+00  0.526023E+02
  0.136654E+02  0.502442E+02  0.460101E+02  0.000000E+00  0.000000E+00  0.000000E+00  0.495385E+02
  0.141286E+02  0.473158E+02  0.433273E+02  0.000000E+00  0.000000E+00  0.000000E+00  0.466510E+02
  0.146075E+02  0.445563E+02  0.407992E+02  0.000000E+00  0.000000E+00  0.000000E+00  0.439301E+02
  0.151026E+02  0.419561E+02  0.384170E+02  0.000000E+00  0.000000E+00  0.000000E+00  0.413662E+02
  0.156145E+02  0.395059E+02  0.361722E+02  0.000000E+00  0.000000E+00  0.000000E+00  0.389503E+02
  0.161437E+02  0.371974E+02  0.340574E+02  0.000000E+00  0.000000E+00  0.000000E+00  0.366741E+02
  0.166909E+02  0.350224E+02  0.320647E+02  0.000000E+00  0.000000E+00  0.000000E+00  0.345294E+02
  0.172567E+02  0.329732E+02  0.301873E+02  0.000000E+00  0.000000E+00  0.000000E+00  0.325089E+02
  0.178416E+02  0.310428E+02  0.284187E+02  0.000000E+00  0.000000E+00  0.000000E+00  0.306055E+02
  0.184463E+02  0.292243E+02  0.267526E+02  0.000000E+00  0.000000E+00  0.000000E+00  0.288123E+02
  0.190716E+02  0.275113E+02  0.251832E+02  0.000000E+00  0.000000E+00  0.000000E+00  0.271232E+02
  0.197180E+02  0.258977E+02  0.237049E+02  0.000000E+00  0.000000E+00  0.000000E+00  0.255322E+02
  0.203863E+02  0.243778E+02  0.223123E+02  0.000000E+00  0.000000E+00  0.000000E+00  0.240335E+02
  0.210773E+02  0.229463E+02  0.210008E+02  0.000000E+00  0.000000E+00  0.000000E+00  0.226220E+02
  0.217917E+02  0.215980E+02  0.197655E+02  0.000000E+00  0.000000E+00  0.000000E+00  0.212926E+02
  0.225304E+02  0.203283E+02  0.186022E+02  0.000000E+00  0.000000E+00  0.000000E+00  0.200406E+02
  0.232941E+02  0.191325E+02  0.175066E+02  0.000000E+00  0.000000E+00  0.000000E+00  0.188615E+02
  0.240836E+02  0.180064E+02  0.164748E+02  0.000000E+00  0.000000E+00  0.000000E+00  0.177511E+02
  0.248999E+02  0.169459E+02  0.155032E+02  0.000000E+00  0.000000E+00  0.000000E+00  0.167055E+02
  0.257439E+02  0.159474E+02  0.145883E+02  0.000000E+00  0.000000E+00  0.000000E+00  0.157209E+02
  0.266165E+02  0.150072E+02  0.137269E+02  0.000000E+00  0.000000E+00  0.000000E+00  0.147938E+02
  0.275187E+02  0.141220E+02  0.129158E+02  0.000000E+00  0.000000E+00  0.000000E+00  0.139209E+02
  0.284514E+02  0.132885E+02  0.121521E+02  0.000000E+00  0.000000E+00  0.000000E+00  0.130991E+02
  0.294158E+02  0.125038E+02  0.114331E+02  0.000000E+00  0.000000E+00  0.000000E+00  0.123253E+02
  0.304128E+02  0.117650E+02  0.107562E+02  0.000000E+00  0.000000E+00  0.000000E+00  0.115969E+02
  0.314437E+02  0.110695E+02  0.101189E+02  0.000000E+00  0.000000E+00  0.000000E+00  0.109111E+02
  0.325095E+02  0.104148E+02  0.951899E+01  0.000000E+00  0.000000E+00  0.000000E+00  0.102655E+02
  0.336114E+02  0.979852E+01  0.895425E+01  0.000000E+00  0.000000E+00  0.000000E+00  0.965781E+01
  0.347507E+02  0.921838E+01  0.842265E+01  0.000000E+00  0.000000E+00  0.000000E+00  0.908575E+01
  0.359285E+02  0.867232E+01  0.792228E+01  0.000000E+00  0.000000E+00  0.000000E+00  0.854731E+01
  0.371463E+02  0.815833E+01  0.745128E+01  0.000000E+00  0.000000E+00  0.000000E+00  0.804049E+01
  0.384054E+02  0.767458E+01  0.700799E+01  0.000000E+00  0.000000E+00  0.000000E+00  0.756349E+01
  0.397072E+02  0.721927E+01  0.659074E+01  0.000000E+00  0.000000E+00  0.000000E+00  0.711452E+01
  0.410530E+02  0.679077E+01  0.619806E+01  0.000000E+00  0.000000E+00  0.000000E+00  0.669199E+01
  0.424445E+02  0.638750E+01  0.582850E+01  0.000000E+00  0.000000E+00  0.000000E+00  0.629433E+01
  0.438832E+02  0.600799E+01  0.548070E+01  0.000000E+00  0.000000E+00  0.000000E+00  0.592011E+01
  0.453706E+02  0.565086E+01  0.515340E+01  0.000000E+00  0.000000E+00  0.000000E+00  0.556795E+01
  0.469085E+02  0.531479E+01  0.484540E+01  0.000000E+00  0.000000E+00  0.000000E+00  0.523656E+01
  0.484984E+02  0.499855E+01  0.455557E+01  0.000000E+00  0.000000E+00  0.000000E+00  0.492472E+01
  0.501423E+02  0.470098E+01  0.428283E+01  0.000000E+00  0.000000E+00  0.000000E+00  0.463129E+01
  0.518419E+02  0.442099E+01  0.402621E+01  0.000000E+00  0.000000E+00  0.000000E+00  0.435519E+01
  0.535990E+02  0.415756E+01  0.378476E+01  0.000000E+00  0.000000E+00  0.000000E+00  0.409543E+01
  0.554158E+02  0.390970E+01  0.355757E+01  0.000000E+00  0.000000E+00  0.000000E+00  0.385101E+01
  0.572942E+02  0.367650E+01  0.334381E+01  0.000000E+00  0.000000E+00  0.000000E+00  0.362105E+01
  0.592361E+02  0.345712E+01  0.314271E+01  0.000000E+00  0.000000E+00  0.000000E+00  0.340472E+01
  0.612440E+02  0.325072E+01  0.295351E+01  0.000000E+00  0.000000E+00  0.000000E+00  0.320118E+01
  0.633198E+02  0.305655E+01  0.277551E+01  0.000000E+00  0.000000E+00  0.000000E+00  0.300971E+01
  0.654661E+02  0.287389E+01  0.260806E+01  0.000000E+00  0.000000E+00  0.000000E+00  0.282959E+01
  0.676850E+02  0.270207E+01  0.245053E+01  0.000000E+00  0.000000E+00  0.000000E+00  0.266015E+01
  0.699792E+02  0.254044E+01  0.230235E+01  0.000000E+00  0.000000E+00  0.000000E+00  0.250076E+01
  0.723511E+02  0.238841E+01  0.216296E+01  0.000000E+00  0.000000E+00  0.000000E+00  0.235083E+01
  0.748035E+02  0.224540E+01  0.203183E+01  0.000000E+00  0.000000E+00  0.000000E+00  0.220981E+01
  0.773390E+02  0.211090E+01  0.190850E+01  0.000000E+00  0.000000E+00  0.000000E+00  0.207716E+01
  0.799604E+02  0.198438E+01  0.179249E+01  0.000000E+00  0.000000E+00  0.000000E+00  0.195240E+01
  0.826706E+02  0.186539E+01  0.168338E+01  0.000000E+00  0.000000E+00  0.000000E+00  0.183506E+01
  0.854728E+02  0.175348E+01  0.158075E+01  0.000000E+00  0.000000E+00  0.000000E+00  0.172469E+01
  0.883699E+02  0.164823E+01  0.148422E+01  0.000000E+00  0.000000E+00  0.000000E+00  0.162090E+01
  0.913652E+02  0.154925E+01  0.139344E+01  0.000000E+00  0.000000E+00  0.000000E+00  0.152328E+01
  0.944620E+02  0.145616E+01  0.130806E+01  0.000000E+00  0.000000E+00  0.000000E+00  0.143148E+01
  0.976639E+02  0.136861E+01  0.122776E+01  0.000000E+00  0.000000E+00  0.000000E+00  0.134514E+01
  0.100974E+03  0.128629E+01  0.115225E+01  0.000000E+00  0.000000E+00  0.000000E+00  0.126395E+01
  0.104397E+03  0.120889E+01  0.108124E+01  0.000000E+00  0.000000E+00  0.000000E+00  0.118761E+01
  0.107935E+03  0.113609E+01  0.101447E+01  0.000000E+00  0.000000E+00  0.000000E+00  0.111582E+01
  0.111594E+03  0.106765E+01  0.951671E+00  0.000000E+00  0.000000E+00  0.000000E+00  0.104832E+01
  0.115376E+03  0.100329E+01  0.892626E+00  0.000000E+00  0.000000E+00  0.000000E+00  0.984843E+00
  0.119287E+03  0.942773E+00  0.837108E+00  0.000000E+00  0.000000E+00  0.000000E+00  0.925162E+00
  0.123330E+03  0.885877E+00  0.784906E+00  0.000000E+00  0.000000E+00  0.000000E+00  0.869048E+00
  0.127510E+03  0.832378E+00  0.735820E+00  0.000000E+00  0.000000E+00  0.000000E+00  0.816285E+00
  0.131832E+03  0.782082E+00  0.689673E+00  0.000000E+00  0.000000E+00  0.000000E+00  0.766680E+00
  0.136301E+03  0.734794E+00  0.646286E+00  0.000000E+00  0.000000E+00  0.000000E+00  0.720043E+00
  0.140921E+03  0.690339E+00  0.605497E+00  0.000000E+00  0.000000E+00  0.000000E+00  0.676199E+00
  0.145697E+03  0.648542E+00  0.567149E+00  0.000000E+00  0.000000E+00  0.000000E+00  0.634976E+00
  0.150636E+03  0.609251E+00  0.531102E+00  0.000000E+00  0.000000E+00  0.000000E+00  0.596226E+00
  0.155742E+03  0.572315E+00  0.497218E+00  0.000000E+00  0.000000E+00  0.000000E+00  0.559798E+00
  0.161021E+03  0.537591E+00  0.465366E+00  0.000000E+00  0.000000E+00  0.000000E+00  0.525554E+00
  0.166478E+03  0.504951E+00  0.435429E+00  0.000000E+00  0.000000E+00  0.000000E+00  0.493364E+00
  0.172121E+03  0.474270E+00  0.407294E+00  0.000000E+00  0.000000E+00  0.000000E+00  0.463107E+00
  0.177955E+03  0.445430E+00  0.380852E+00  0.000000E+00  0.000000E+00  0.000000E+00  0.434667E+00
  0.183987E+03  0.418320E+00  0.356002E+00  0.000000E+00  0.000000E+00  0.000000E+00  0.407934E+00
  0.190223E+03  0.392840E+00  0.332653E+00  0.000000E+00  0.000000E+00  0.000000E+00  0.382809E+00
  0.196671E+03  0.368890E+00  0.310714E+00  0.000000E+00  0.000000E+00  0.000000E+00  0.359194E+00
  0.203337E+03  0.346381E+00  0.290104E+00  0.000000E+00  0.000000E+00  0.000000E+00  0.337001E+00
