  0.106303E-04  0.304184E+06  0.304184E+06  0.405576E+06  0.405575E+06  0.000000E+00  0.304184E+06
  0.109906E-04  0.304184E+06  0.304184E+06  0.405575E+06  0.405575E+06  0.000000E+00  0.304184E+06
  0.113631E-04  0.304184E+06  0.304184E+06  0.405575E+06  0.405575E+06  0.000000E+00  0.304184E+06
  0.117483E-04  0.304184E+06  0.304184E+06  0.405575E+06  0.405575E+06  0.000000E+00  0.304184E+06
  0.121465E-04  0.304184E+06  0.304184E+06  0.405575E+06  0.405574E+06  0.000000E+00  0.304184E+06
  0.125582E-04  0.304184E+06  0.304184E+06  0.405575E+06  0.405574E+06  0.000000E+00  0.304184E+06
  0.129839E-04  0.304184E+06  0.304184E+06  0.405574E+06  0.405574E+06  0.000000E+00  0.304184E+06
  0.134240E-04  0.304184E+06  0.304184E+06  0.405574E+06  0.405574E+06  0.000000E+00  0.304184E+06
  0.138790E-04  0.304184E+06  0.304184E+06  0.405574E+06  0.405573E+06  0.000000E+00  0.304184E+06
  0.143494E-04  0.304184E+06  0.304184E+06  0.405573E+06  0.405573E+06  0.000000E+00  0.304184E+06
  0.148358E-04  0.304184E+06  0.304184E+06  0.405573E+06  0.405573E+06  0.000000E+00  0.304184E+06
  0.153386E-04  0.304184E+06  0.304184E+06  0.405573E+06  0.405572E+06  0.000000E+00  0.304184E+06
  0.158585E-04  0.304184E+06  0.304184E+06  0.405572E+06  0.405572E+06  0.000000E+00  0.304184E+06
  0.163961E-04  0.304184E+06  0.304183E+06  0.405572E+06  0.405571E+06  0.000000E+00  0.304184E+06
  0.169518E-04  0.304184E+06  0.304183E+06  0.405571E+06  0.405571E+06  0.000000E+00  0.304183E+06
  0.175264E-04  0.304183E+06  0.304183E+06  0.405571E+06  0.405570E+06  0.000000E+00  0.304183E+06
  0.181205E-04  0.304183E+06  0.304183E+06  0.405570E+06  0.405570E+06  0.000000E+00  0.304183E+06
  0.187347E-04  0.304183E+06  0.304183E+06  0.405570E+06  0.405569E+06  0.000000E+00  0.304183E+06
  0.193697E-04  0.304183E+06  0.304183E+06  0.405569E+06  0.405569E+06  0.000000E+00  0.304183E+06
  0.200262E-04  0.304183E+06  0.304183E+06  0.405569E+06  0.405568E+06  0.000000E+00  0.304183E+06
  0.207050E-04  0.304183E+06  0.304183E+06  0.405568E+06  0.405567E+06  0.000000E+00  0.304183E+06
  0.214068E-04  0.304183E+06  0.304183E+06  0.405567E+06  0.405566E+06  0.000000E+00  0.304183E+06
  0.221324E-04  0.304183E+06  0.304183E+06  0.405567E+06  0.405566E+06  0.000000E+00  0.304183E+06
  0.228826E-04  0.304183E+06  0.304183E+06  0.405566E+06  0.405565E+06  0.000000E+00  0.304183E+06
  0.236582E-04  0.304183E+06  0.304183E+06  0.405565E+06  0.405564E+06  0.000000E+00  0.304183E+06
  0.244601E-04  0.304183E+06  0.304183E+06  0.405564E+06  0.405563E+06  0.000000E+00  0.304183E+06
  0.252891E-04  0.304183E+06  0.304183E+06  0.405563E+06  0.405562E+06  0.000000E+00  0.304183E+06
  0.261463E-04  0.304183E+06  0.304183E+06  0.405562E+06  0.405561E+06  0.000000E+00  0.304183E+06
  0.270326E-04  0.304183E+06  0.304183E+06  0.405561E+06  0.405559E+06  0.000000E+00  0.304183E+06
  0.279488E-04  0.304183E+06  0.304183E+06  0.405560E+06  0.405558E+06  0.000000E+00  0.304183E+06
  0.288962E-04  0.304183E+06  0.304183E+06  0.405558E+06  0.405557E+06  0.000000E+00  0.304183E+06
  0.298756E-04  0.304183E+06  0.304183E+06  0.405557E+06  0.405555E+06  0.000000E+00  0.304183E+06
  0.308882E-04  0.304183E+06  0.304183E+06  0.405556E+06  0.405554E+06  0.000000E+00  0.304183E+06
  0.319352E-04  0.304183E+06  0.304183E+06  0.405554E+06  0.405552E+06  0.000000E+00  0.304183E+06
  0.330176E-04  0.304183E+06  0.304183E+06  0.405552E+06  0.405550E+06  0.000000E+00  0.304183E+06
  0.341368E-04  0.304183E+06  0.304183E+06  0.405550E+06  0.405548E+06  0.000000E+00  0.304183E+06
  0.352938E-04  0.304183E+06  0.304183E+06  0.405549E+06  0.405546E+06  0.000000E+00  0.304183E+06
  0.364901E-04  0.304183E+06  0.304182E+06  0.405546E+06  0.405544E+06  0.000000E+00  0.304183E+06
  0.377270E-04  0.304182E+06  0.304182E+06  0.405544E+06  0.405541E+06  0.000000E+00  0.304182E+06
  0.390057E-04  0.304182E+06  0.304182E+06  0.405542E+06  0.405539E+06  0.000000E+00  0.304182E+06
  0.403278E-04  0.304182E+06  0.304182E+06  0.405539E+06  0.405536E+06  0.000000E+00  0.304182E+06
  0.416948E-04  0.304182E+06  0.304182E+06  0.405537E+06  0.405533E+06  0.000000E+00  0.304182E+06
  0.431080E-04  0.304182E+06  0.304182E+06  0.405534E+06  0.405530E+06  0.000000E+00  0.304182E+06
  0.445692E-04  0.304182E+06  0.304182E+06  0.405531E+06  0.405527E+06  0.000000E+00  0.304182E+06
  0.460798E-04  0.304182E+06  0.304182E+06  0.405528E+06  0.405523E+06  0.000000E+00  0.304182E+06
  0.476417E-04  0.304182E+06  0.304182E+06  0.405524E+06  0.405519E+06  0.000000E+00  0.304182E+06
  0.492565E-04  0.304182E+06  0.304181E+06  0.405520E+06  0.405515E+06  0.000000E+00  0.304182E+06
  0.509261E-04  0.304181E+06  0.304181E+06  0.405516E+06  0.405511E+06  0.000000E+00  0.304181E+06
  0.526522E-04  0.304181E+06  0.304181E+06  0.405512E+06  0.405506E+06  0.000000E+00  0.304181E+06
  0.544369E-04  0.304181E+06  0.304181E+06  0.405508E+06  0.405501E+06  0.000000E+00  0.304181E+06
  0.562820E-04  0.304181E+06  0.304181E+06  0.405503E+06  0.405496E+06  0.000000E+00  0.304181E+06
  0.581897E-04  0.304181E+06  0.304180E+06  0.405497E+06  0.405490E+06  0.000000E+00  0.304181E+06
  0.601621E-04  0.304181E+06  0.304180E+06  0.405492E+06  0.405484E+06  0.000000E+00  0.304181E+06
  0.622013E-04  0.304180E+06  0.304180E+06  0.405486E+06  0.405478E+06  0.000000E+00  0.304180E+06
  0.643096E-04  0.304180E+06  0.304180E+06  0.405480E+06  0.405471E+06  0.000000E+00  0.304180E+06
  0.664894E-04  0.304180E+06  0.304180E+06  0.405473E+06  0.405463E+06  0.000000E+00  0.304180E+06
  0.687430E-04  0.304180E+06  0.304179E+06  0.405465E+06  0.405456E+06  0.000000E+00  0.304180E+06
  0.710731E-04  0.304179E+06  0.304179E+06  0.405458E+06  0.405447E+06  0.000000E+00  0.304179E+06
  0.734821E-04  0.304179E+06  0.304179E+06  0.405449E+06  0.405438E+06  0.000000E+00  0.304179E+06
  0.759728E-04  0.304179E+06  0.304178E+06  0.405440E+06  0.405428E+06  0.000000E+00  0.304179E+06
  0.785479E-04  0.304178E+06  0.304178E+06  0.405431E+06  0.405418E+06  0.000000E+00  0.304178E+06
  0.812103E-04  0.304178E+06  0.304177E+06  0.405421E+06  0.405407E+06  0.000000E+00  0.304178E+06
  0.839629E-04  0.304178E+06  0.304177E+06  0.405410E+06  0.405395E+06  0.000000E+00  0.304178E+06
  0.868089E-04  0.304177E+06  0.304177E+06  0.405398E+06  0.405383E+06  0.000000E+00  0.304177E+06
  0.897513E-04  0.304177E+06  0.304176E+06  0.405386E+06  0.405369E+06  0.000000E+00  0.304177E+06
  0.927934E-04  0.304176E+06  0.304176E+06  0.405373E+06  0.405355E+06  0.000000E+00  0.304176E+06
  0.959386E-04  0.304176E+06  0.304175E+06  0.405358E+06  0.405339E+06  0.000000E+00  0.304176E+06
  0.991905E-04  0.304175E+06  0.304174E+06  0.405343E+06  0.405323E+06  0.000000E+00  0.304175E+06
  0.102553E-03  0.304175E+06  0.304174E+06  0.405327E+06  0.405305E+06  0.000000E+00  0.304174E+06
  0.106029E-03  0.304174E+06  0.304173E+06  0.405310E+06  0.405286E+06  0.000000E+00  0.304174E+06
  0.109622E-03  0.304173E+06  0.304172E+06  0.405291E+06  0.405266E+06  0.000000E+00  0.304173E+06
  0.113338E-03  0.304173E+06  0.304172E+06  0.405271E+06  0.405245E+06  0.000000E+00  0.304172E+06
  0.117180E-03  0.304172E+06  0.304171E+06  0.405250E+06  0.405222E+06  0.000000E+00  0.304172E+06
  0.121152E-03  0.304171E+06  0.304170E+06  0.405228E+06  0.405197E+06  0.000000E+00  0.304171E+06
  0.125258E-03  0.304170E+06  0.304169E+06  0.405204E+06  0.405171E+06  0.000000E+00  0.304170E+06
  0.129504E-03  0.304169E+06  0.304168E+06  0.405178E+06  0.405143E+06  0.000000E+00  0.304169E+06
  0.133893E-03  0.304168E+06  0.304167E+06  0.405150E+06  0.405113E+06  0.000000E+00  0.304168E+06
  0.138431E-03  0.304167E+06  0.304166E+06  0.405121E+06  0.405081E+06  0.000000E+00  0.304167E+06
  0.143124E-03  0.304166E+06  0.304164E+06  0.405089E+06  0.405046E+06  0.000000E+00  0.304166E+06
  0.147975E-03  0.304165E+06  0.304163E+06  0.405055E+06  0.405010E+06  0.000000E+00  0.304164E+06
  0.152990E-03  0.304163E+06  0.304161E+06  0.405019E+06  0.404971E+06  0.000000E+00  0.304163E+06
  0.158176E-03  0.304162E+06  0.304160E+06  0.404981E+06  0.404929E+06  0.000000E+00  0.304162E+06
  0.163537E-03  0.304160E+06  0.304158E+06  0.404940E+06  0.404884E+06  0.000000E+00  0.304160E+06
  0.169081E-03  0.304159E+06  0.304157E+06  0.404896E+06  0.404836E+06  0.000000E+00  0.304158E+06
  0.174812E-03  0.304157E+06  0.304155E+06  0.404849E+06  0.404785E+06  0.000000E+00  0.304157E+06
  0.180737E-03  0.304155E+06  0.304153E+06  0.404798E+06  0.404730E+06  0.000000E+00  0.304155E+06
  0.186863E-03  0.304153E+06  0.304150E+06  0.404745E+06  0.404672E+06  0.000000E+00  0.304153E+06
  0.193197E-03  0.304151E+06  0.304148E+06  0.404687E+06  0.404610E+06  0.000000E+00  0.304151E+06
  0.199745E-03  0.304149E+06  0.304146E+06  0.404626E+06  0.404543E+06  0.000000E+00  0.304148E+06
  0.206515E-03  0.304147E+06  0.304143E+06  0.404560E+06  0.404472E+06  0.000000E+00  0.304146E+06
  0.213515E-03  0.304144E+06  0.304140E+06  0.404490E+06  0.404395E+06  0.000000E+00  0.304143E+06
  0.220752E-03  0.304141E+06  0.304137E+06  0.404415E+06  0.404314E+06  0.000000E+00  0.304141E+06
  0.228235E-03  0.304138E+06  0.304134E+06  0.404335E+06  0.404227E+06  0.000000E+00  0.304138E+06
  0.235971E-03  0.304135E+06  0.304131E+06  0.404249E+06  0.404134E+06  0.000000E+00  0.304134E+06
  0.243969E-03  0.304132E+06  0.304127E+06  0.404158E+06  0.404035E+06  0.000000E+00  0.304131E+06
  0.252239E-03  0.304128E+06  0.304123E+06  0.404060E+06  0.403928E+06  0.000000E+00  0.304127E+06
  0.260788E-03  0.304124E+06  0.304119E+06  0.403956E+06  0.403815E+06  0.000000E+00  0.304124E+06
  0.269628E-03  0.304120E+06  0.304115E+06  0.403844E+06  0.403693E+06  0.000000E+00  0.304119E+06
  0.278767E-03  0.304116E+06  0.304110E+06  0.403725E+06  0.403564E+06  0.000000E+00  0.304115E+06
  0.288216E-03  0.304111E+06  0.304105E+06  0.403597E+06  0.403425E+06  0.000000E+00  0.304110E+06
  0.297985E-03  0.304106E+06  0.304099E+06  0.403461E+06  0.403277E+06  0.000000E+00  0.304105E+06
  0.308085E-03  0.304101E+06  0.304093E+06  0.403315E+06  0.403119E+06  0.000000E+00  0.304100E+06
  0.318527E-03  0.304095E+06  0.304087E+06  0.403160E+06  0.402950E+06  0.000000E+00  0.304094E+06
  0.329324E-03  0.304089E+06  0.304081E+06  0.402994E+06  0.402769E+06  0.000000E+00  0.304088E+06
  0.340486E-03  0.304083E+06  0.304073E+06  0.402816E+06  0.402576E+06  0.000000E+00  0.304081E+06
  0.352027E-03  0.304076E+06  0.304066E+06  0.402626E+06  0.402370E+06  0.000000E+00  0.304074E+06
  0.363959E-03  0.304068E+06  0.304058E+06  0.402423E+06  0.402150E+06  0.000000E+00  0.304067E+06
  0.376296E-03  0.304060E+06  0.304049E+06  0.402207E+06  0.401914E+06  0.000000E+00  0.304059E+06
  0.389050E-03  0.304052E+06  0.304040E+06  0.401975E+06  0.401663E+06  0.000000E+00  0.304050E+06
  0.402237E-03  0.304043E+06  0.304030E+06  0.401728E+06  0.401394E+06  0.000000E+00  0.304041E+06
  0.415871E-03  0.304033E+06  0.304019E+06  0.401463E+06  0.401107E+06  0.000000E+00  0.304031E+06
  0.429967E-03  0.304023E+06  0.304008E+06  0.401181E+06  0.400801E+06  0.000000E+00  0.304020E+06
  0.444541E-03  0.304012E+06  0.303996E+06  0.400879E+06  0.400473E+06  0.000000E+00  0.304009E+06
  0.459609E-03  0.304000E+06  0.303983E+06  0.400557E+06  0.400124E+06  0.000000E+00  0.303997E+06
  0.475187E-03  0.303987E+06  0.303969E+06  0.400213E+06  0.399750E+06  0.000000E+00  0.303984E+06
  0.491294E-03  0.303974E+06  0.303954E+06  0.399846E+06  0.399351E+06  0.000000E+00  0.303970E+06
  0.507946E-03  0.303959E+06  0.303938E+06  0.399453E+06  0.398925E+06  0.000000E+00  0.303956E+06
  0.525163E-03  0.303944E+06  0.303922E+06  0.399034E+06  0.398470E+06  0.000000E+00  0.303940E+06
  0.542963E-03  0.303927E+06  0.303904E+06  0.398586E+06  0.397984E+06  0.000000E+00  0.303923E+06
  0.561367E-03  0.303910E+06  0.303884E+06  0.398108E+06  0.397465E+06  0.000000E+00  0.303905E+06
  0.580395E-03  0.303891E+06  0.303864E+06  0.397597E+06  0.396911E+06  0.000000E+00  0.303886E+06
  0.600067E-03  0.303871E+06  0.303842E+06  0.397052E+06  0.396320E+06  0.000000E+00  0.303866E+06
  0.620407E-03  0.303849E+06  0.303818E+06  0.396470E+06  0.395689E+06  0.000000E+00  0.303844E+06
  0.641435E-03  0.303826E+06  0.303793E+06  0.395849E+06  0.395015E+06  0.000000E+00  0.303821E+06
  0.663177E-03  0.303802E+06  0.303766E+06  0.395186E+06  0.394296E+06  0.000000E+00  0.303796E+06
  0.685655E-03  0.303775E+06  0.303738E+06  0.394478E+06  0.393529E+06  0.000000E+00  0.303769E+06
  0.708896E-03  0.303747E+06  0.303707E+06  0.393723E+06  0.392711E+06  0.000000E+00  0.303740E+06
  0.732924E-03  0.303717E+06  0.303674E+06  0.392917E+06  0.391837E+06  0.000000E+00  0.303710E+06
  0.757767E-03  0.303685E+06  0.303639E+06  0.392057E+06  0.390906E+06  0.000000E+00  0.303678E+06
  0.783451E-03  0.303651E+06  0.303602E+06  0.391139E+06  0.389912E+06  0.000000E+00  0.303643E+06
  0.810006E-03  0.303614E+06  0.303562E+06  0.390161E+06  0.388853E+06  0.000000E+00  0.303606E+06
  0.837462E-03  0.303575E+06  0.303519E+06  0.389117E+06  0.387723E+06  0.000000E+00  0.303566E+06
  0.865847E-03  0.303534E+06  0.303474E+06  0.388004E+06  0.386519E+06  0.000000E+00  0.303524E+06
  0.895195E-03  0.303489E+06  0.303425E+06  0.386817E+06  0.385235E+06  0.000000E+00  0.303478E+06
  0.925538E-03  0.303441E+06  0.303373E+06  0.385552E+06  0.383867E+06  0.000000E+00  0.303430E+06
  0.956909E-03  0.303391E+06  0.303317E+06  0.384204E+06  0.382410E+06  0.000000E+00  0.303378E+06
  0.989344E-03  0.303336E+06  0.303258E+06  0.382768E+06  0.380858E+06  0.000000E+00  0.303323E+06
  0.102288E-02  0.303278E+06  0.303194E+06  0.381238E+06  0.379205E+06  0.000000E+00  0.303264E+06
  0.105755E-02  0.303216E+06  0.303127E+06  0.379608E+06  0.377446E+06  0.000000E+00  0.303201E+06
  0.109339E-02  0.303150E+06  0.303054E+06  0.377872E+06  0.375573E+06  0.000000E+00  0.303134E+06
  0.113045E-02  0.303080E+06  0.302977E+06  0.376025E+06  0.373581E+06  0.000000E+00  0.303063E+06
  0.116877E-02  0.303004E+06  0.302895E+06  0.374059E+06  0.371462E+06  0.000000E+00  0.302986E+06
  0.120839E-02  0.302924E+06  0.302807E+06  0.371967E+06  0.369208E+06  0.000000E+00  0.302904E+06
  0.124935E-02  0.302838E+06  0.302713E+06  0.369743E+06  0.366814E+06  0.000000E+00  0.302817E+06
  0.129169E-02  0.302746E+06  0.302613E+06  0.367378E+06  0.364269E+06  0.000000E+00  0.302724E+06
  0.133547E-02  0.302648E+06  0.302505E+06  0.364865E+06  0.361567E+06  0.000000E+00  0.302625E+06
  0.138074E-02  0.302544E+06  0.302391E+06  0.362195E+06  0.358699E+06  0.000000E+00  0.302518E+06
  0.142754E-02  0.302432E+06  0.302269E+06  0.359360E+06  0.355657E+06  0.000000E+00  0.302405E+06
  0.147593E-02  0.302314E+06  0.302139E+06  0.356352E+06  0.352430E+06  0.000000E+00  0.302284E+06
  0.152595E-02  0.302187E+06  0.302000E+06  0.353160E+06  0.349010E+06  0.000000E+00  0.302156E+06
  0.157768E-02  0.302051E+06  0.301852E+06  0.349776E+06  0.345388E+06  0.000000E+00  0.302018E+06
  0.163115E-02  0.301907E+06  0.301694E+06  0.346190E+06  0.341554E+06  0.000000E+00  0.301872E+06
  0.168644E-02  0.301753E+06  0.301526E+06  0.342393E+06  0.337499E+06  0.000000E+00  0.301715E+06
  0.174360E-02  0.301589E+06  0.301346E+06  0.338374E+06  0.333213E+06  0.000000E+00  0.301549E+06
  0.180270E-02  0.301414E+06  0.301155E+06  0.334124E+06  0.328686E+06  0.000000E+00  0.301371E+06
  0.186380E-02  0.301228E+06  0.300950E+06  0.329633E+06  0.323909E+06  0.000000E+00  0.301182E+06
  0.192698E-02  0.301030E+06  0.300733E+06  0.324892E+06  0.318873E+06  0.000000E+00  0.300980E+06
  0.199229E-02  0.300818E+06  0.300501E+06  0.319889E+06  0.313568E+06  0.000000E+00  0.300765E+06
  0.205982E-02  0.300593E+06  0.300254E+06  0.314617E+06  0.307988E+06  0.000000E+00  0.300536E+06
  0.212964E-02  0.300353E+06  0.299991E+06  0.309066E+06  0.302123E+06  0.000000E+00  0.300293E+06
  0.220183E-02  0.300098E+06  0.299711E+06  0.303228E+06  0.295967E+06  0.000000E+00  0.300033E+06
  0.227646E-02  0.299826E+06  0.299413E+06  0.297095E+06  0.289513E+06  0.000000E+00  0.299757E+06
  0.235362E-02  0.299537E+06  0.299095E+06  0.290660E+06  0.282758E+06  0.000000E+00  0.299463E+06
  0.243339E-02  0.299229E+06  0.298758E+06  0.283918E+06  0.275697E+06  0.000000E+00  0.299151E+06
  0.251587E-02  0.298902E+06  0.298398E+06  0.276863E+06  0.268328E+06  0.000000E+00  0.298818E+06
  0.260115E-02  0.298555E+06  0.298016E+06  0.269494E+06  0.260652E+06  0.000000E+00  0.298465E+06
  0.268932E-02  0.298186E+06  0.297610E+06  0.261808E+06  0.252671E+06  0.000000E+00  0.298090E+06
  0.278047E-02  0.297794E+06  0.297179E+06  0.253808E+06  0.244390E+06  0.000000E+00  0.297691E+06
  0.287471E-02  0.297377E+06  0.296721E+06  0.245496E+06  0.235815E+06  0.000000E+00  0.297268E+06
  0.297215E-02  0.296936E+06  0.296234E+06  0.236878E+06  0.226958E+06  0.000000E+00  0.296819E+06
  0.307289E-02  0.296467E+06  0.295718E+06  0.227964E+06  0.217833E+06  0.000000E+00  0.296342E+06
  0.317705E-02  0.295970E+06  0.295171E+06  0.218766E+06  0.208456E+06  0.000000E+00  0.295837E+06
  0.328474E-02  0.295444E+06  0.294590E+06  0.209300E+06  0.198851E+06  0.000000E+00  0.295302E+06
  0.339607E-02  0.294887E+06  0.293975E+06  0.199587E+06  0.189043E+06  0.000000E+00  0.294735E+06
  0.351118E-02  0.294297E+06  0.293323E+06  0.189652E+06  0.179062E+06  0.000000E+00  0.294135E+06
  0.363020E-02  0.293673E+06  0.292633E+06  0.179524E+06  0.168945E+06  0.000000E+00  0.293500E+06
  0.375324E-02  0.293014E+06  0.291903E+06  0.169237E+06  0.158731E+06  0.000000E+00  0.292829E+06
  0.388046E-02  0.292318E+06  0.291132E+06  0.158832E+06  0.148466E+06  0.000000E+00  0.292120E+06
  0.401199E-02  0.291583E+06  0.290317E+06  0.148354E+06  0.138200E+06  0.000000E+00  0.291372E+06
  0.414797E-02  0.290807E+06  0.289456E+06  0.137853E+06  0.127987E+06  0.000000E+00  0.290582E+06
  0.428857E-02  0.289990E+06  0.288548E+06  0.127385E+06  0.117886E+06  0.000000E+00  0.289750E+06
  0.443393E-02  0.289130E+06  0.287590E+06  0.117010E+06  0.107959E+06  0.000000E+00  0.288873E+06
  0.458422E-02  0.288224E+06  0.286582E+06  0.106795E+06  0.982730E+05  0.000000E+00  0.287951E+06
  0.473960E-02  0.287273E+06  0.285520E+06  0.968070E+05  0.888936E+05  0.000000E+00  0.286981E+06
  0.490025E-02  0.286273E+06  0.284403E+06  0.871196E+05  0.798889E+05  0.000000E+00  0.285962E+06
  0.506635E-02  0.285225E+06  0.283230E+06  0.778064E+05  0.713255E+05  0.000000E+00  0.284892E+06
  0.523807E-02  0.284126E+06  0.281997E+06  0.689417E+05  0.632672E+05  0.000000E+00  0.283771E+06
  0.541562E-02  0.282975E+06  0.280705E+06  0.605985E+05  0.557729E+05  0.000000E+00  0.282597E+06
  0.559918E-02  0.281772E+06  0.279351E+06  0.528465E+05  0.488951E+05  0.000000E+00  0.281368E+06
  0.578897E-02  0.280514E+06  0.277933E+06  0.457495E+05  0.426764E+05  0.000000E+00  0.280084E+06
  0.598518E-02  0.279201E+06  0.276450E+06  0.393630E+05  0.371479E+05  0.000000E+00  0.278743E+06
  0.618805E-02  0.277833E+06  0.274900E+06  0.337316E+05  0.323270E+05  0.000000E+00  0.277344E+06
  0.639780E-02  0.276408E+06  0.273282E+06  0.288861E+05  0.282149E+05  0.000000E+00  0.275887E+06
  0.661465E-02  0.274926E+06  0.271596E+06  0.248410E+05  0.247955E+05  0.000000E+00  0.274371E+06
  0.683885E-02  0.273386E+06  0.269838E+06  0.215915E+05  0.220341E+05  0.000000E+00  0.272795E+06
  0.707066E-02  0.271788E+06  0.268009E+06  0.191124E+05  0.198774E+05  0.000000E+00  0.271158E+06
  0.731032E-02  0.270131E+06  0.266107E+06  0.173559E+05  0.182542E+05  0.000000E+00  0.269461E+06
  0.755810E-02  0.268415E+06  0.264131E+06  0.162515E+05  0.170777E+05  0.000000E+00  0.267701E+06
  0.781428E-02  0.266640E+06  0.262080E+06  0.157070E+05  0.162486E+05  0.000000E+00  0.265880E+06
  0.807915E-02  0.264806E+06  0.259953E+06  0.156105E+05  0.156602E+05  0.000000E+00  0.263997E+06
  0.835299E-02  0.262912E+06  0.257750E+06  0.158344E+05  0.152042E+05  0.000000E+00  0.262052E+06
  0.863612E-02  0.260958E+06  0.255468E+06  0.162406E+05  0.147778E+05  0.000000E+00  0.260043E+06
  0.892884E-02  0.258944E+06  0.253107E+06  0.166880E+05  0.142913E+05  0.000000E+00  0.257971E+06
  0.923149E-02  0.256870E+06  0.250665E+06  0.170410E+05  0.136756E+05  0.000000E+00  0.255836E+06
  0.954439E-02  0.254735E+06  0.248142E+06  0.171793E+05  0.128887E+05  0.000000E+00  0.253636E+06
  0.986790E-02  0.252539E+06  0.245537E+06  0.170071E+05  0.119207E+05  0.000000E+00  0.251372E+06
  0.102024E-01  0.250282E+06  0.242847E+06  0.164630E+05  0.107955E+05  0.000000E+00  0.249043E+06
  0.105482E-01  0.247963E+06  0.240071E+06  0.155269E+05  0.956872E+04  0.000000E+00  0.246647E+06
  0.109057E-01  0.245581E+06  0.237209E+06  0.142244E+05  0.832216E+04  0.000000E+00  0.244186E+06
  0.112754E-01  0.243136E+06  0.234257E+06  0.126264E+05  0.715277E+04  0.000000E+00  0.241656E+06
  0.116575E-01  0.240628E+06  0.231216E+06  0.108440E+05  0.615879E+04  0.000000E+00  0.239059E+06
  0.120527E-01  0.238054E+06  0.228084E+06  0.901725E+04  0.542335E+04  0.000000E+00  0.236393E+06
  0.124612E-01  0.235416E+06  0.224858E+06  0.729830E+04  0.499844E+04  0.000000E+00  0.233657E+06
  0.128836E-01  0.232713E+06  0.221539E+06  0.583094E+04  0.489204E+04  0.000000E+00  0.230851E+06
  0.133203E-01  0.229943E+06  0.218125E+06  0.472822E+04  0.506182E+04  0.000000E+00  0.227974E+06
  0.137718E-01  0.227108E+06  0.214615E+06  0.405221E+04  0.541787E+04  0.000000E+00  0.225026E+06
  0.142386E-01  0.224204E+06  0.211007E+06  0.000000E+00  0.000000E+00  0.000000E+00  0.222004E+06
  0.147212E-01  0.221233E+06  0.207302E+06  0.000000E+00  0.000000E+00  0.000000E+00  0.218911E+06
  0.152202E-01  0.218195E+06  0.203501E+06  0.000000E+00  0.000000E+00  0.000000E+00  0.215746E+06
  0.157360E-01  0.215091E+06  0.199604E+06  0.000000E+00  0.000000E+00  0.000000E+00  0.212510E+06
  0.162694E-01  0.211921E+06  0.195613E+06  0.000000E+00  0.000000E+00  0.000000E+00  0.209203E+06
  0.168209E-01  0.208684E+06  0.191527E+06  0.000000E+00  0.000000E+00  0.000000E+00  0.205825E+06
  0.173910E-01  0.205383E+06  0.187349E+06  0.000000E+00  0.000000E+00  0.000000E+00  0.202377E+06
  0.179805E-01  0.202016E+06  0.183081E+06  0.000000E+00  0.000000E+00  0.000000E+00  0.198860E+06
  0.185899E-01  0.198586E+06  0.178726E+06  0.000000E+00  0.000000E+00  0.000000E+00  0.195276E+06
  0.192200E-01  0.195093E+06  0.174288E+06  0.000000E+00  0.000000E+00  0.000000E+00  0.191625E+06
  0.198715E-01  0.191539E+06  0.169772E+06  0.000000E+00  0.000000E+00  0.000000E+00  0.187911E+06
  0.205450E-01  0.187925E+06  0.165183E+06  0.000000E+00  0.000000E+00  0.000000E+00  0.184135E+06
  0.212414E-01  0.184255E+06  0.160527E+06  0.000000E+00  0.000000E+00  0.000000E+00  0.180300E+06
  0.219614E-01  0.180530E+06  0.155813E+06  0.000000E+00  0.000000E+00  0.000000E+00  0.176411E+06
  0.227058E-01  0.176755E+06  0.151048E+06  0.000000E+00  0.000000E+00  0.000000E+00  0.172470E+06
  0.234754E-01  0.172932E+06  0.146244E+06  0.000000E+00  0.000000E+00  0.000000E+00  0.168484E+06
  0.242711E-01  0.169065E+06  0.141412E+06  0.000000E+00  0.000000E+00  0.000000E+00  0.164456E+06
  0.250938E-01  0.165161E+06  0.136564E+06  0.000000E+00  0.000000E+00  0.000000E+00  0.160394E+06
  0.259443E-01  0.161223E+06  0.131715E+06  0.000000E+00  0.000000E+00  0.000000E+00  0.156305E+06
  0.268237E-01  0.157258E+06  0.126881E+06  0.000000E+00  0.000000E+00  0.000000E+00  0.152195E+06
  0.277329E-01  0.153273E+06  0.122079E+06  0.000000E+00  0.000000E+00  0.000000E+00  0.148074E+06
  0.286729E-01  0.149275E+06  0.117328E+06  0.000000E+00  0.000000E+00  0.000000E+00  0.143951E+06
  0.296448E-01  0.145273E+06  0.112648E+06  0.000000E+00  0.000000E+00  0.000000E+00  0.139835E+06
  0.306496E-01  0.141275E+06  0.108060E+06  0.000000E+00  0.000000E+00  0.000000E+00  0.135739E+06
  0.316885E-01  0.137291E+06  0.103587E+06  0.000000E+00  0.000000E+00  0.000000E+00  0.131674E+06
  0.327626E-01  0.133331E+06  0.992522E+05  0.000000E+00  0.000000E+00  0.000000E+00  0.127651E+06
  0.338731E-01  0.130101E+06  0.957639E+05  0.000000E+00  0.000000E+00  0.000000E+00  0.124378E+06
  0.350212E-01  0.126246E+06  0.917977E+05  0.000000E+00  0.000000E+00  0.000000E+00  0.120505E+06
  0.362083E-01  0.122395E+06  0.879850E+05  0.000000E+00  0.000000E+00  0.000000E+00  0.116660E+06
  0.374355E-01  0.118606E+06  0.843940E+05  0.000000E+00  0.000000E+00  0.000000E+00  0.112904E+06
  0.387044E-01  0.114893E+06  0.810484E+05  0.000000E+00  0.000000E+00  0.000000E+00  0.109252E+06
  0.400163E-01  0.111270E+06  0.779678E+05  0.000000E+00  0.000000E+00  0.000000E+00  0.105720E+06
  0.413727E-01  0.107749E+06  0.751678E+05  0.000000E+00  0.000000E+00  0.000000E+00  0.102319E+06
  0.427750E-01  0.104340E+06  0.726598E+05  0.000000E+00  0.000000E+00  0.000000E+00  0.990603E+05
  0.442248E-01  0.100646E+06  0.700463E+05  0.000000E+00  0.000000E+00  0.000000E+00  0.955464E+05
  0.457238E-01  0.974850E+05  0.681272E+05  0.000000E+00  0.000000E+00  0.000000E+00  0.925921E+05
  0.472737E-01  0.944517E+05  0.664890E+05  0.000000E+00  0.000000E+00  0.000000E+00  0.897912E+05
  0.488760E-01  0.915445E+05  0.651104E+05  0.000000E+00  0.000000E+00  0.000000E+00  0.871388E+05
  0.505327E-01  0.887587E+05  0.639619E+05  0.000000E+00  0.000000E+00  0.000000E+00  0.846259E+05
  0.522455E-01  0.860886E+05  0.630079E+05  0.000000E+00  0.000000E+00  0.000000E+00  0.822418E+05
  0.540163E-01  0.837413E+05  0.624163E+05  0.000000E+00  0.000000E+00  0.000000E+00  0.801871E+05
  0.558473E-01  0.812734E+05  0.617096E+05  0.000000E+00  0.000000E+00  0.000000E+00  0.780128E+05
  0.577402E-01  0.788971E+05  0.610540E+05  0.000000E+00  0.000000E+00  0.000000E+00  0.759232E+05
  0.596973E-01  0.766014E+05  0.603931E+05  0.000000E+00  0.000000E+00  0.000000E+00  0.739000E+05
  0.617207E-01  0.743720E+05  0.596667E+05  0.000000E+00  0.000000E+00  0.000000E+00  0.719211E+05
  0.638128E-01  0.720444E+05  0.586691E+05  0.000000E+00  0.000000E+00  0.000000E+00  0.698151E+05
  0.659757E-01  0.698817E+05  0.576214E+05  0.000000E+00  0.000000E+00  0.000000E+00  0.678383E+05
  0.682120E-01  0.677190E+05  0.563297E+05  0.000000E+00  0.000000E+00  0.000000E+00  0.658208E+05
  0.705240E-01  0.655373E+05  0.547554E+05  0.000000E+00  0.000000E+00  0.000000E+00  0.637403E+05
  0.729144E-01  0.633700E+05  0.529247E+05  0.000000E+00  0.000000E+00  0.000000E+00  0.616292E+05
  0.753859E-01  0.611384E+05  0.507726E+05  0.000000E+00  0.000000E+00  0.000000E+00  0.594107E+05
  0.779411E-01  0.588814E+05  0.483643E+05  0.000000E+00  0.000000E+00  0.000000E+00  0.571285E+05
  0.805829E-01  0.566050E+05  0.457514E+05  0.000000E+00  0.000000E+00  0.000000E+00  0.547961E+05
  0.833143E-01  0.543167E+05  0.430032E+05  0.000000E+00  0.000000E+00  0.000000E+00  0.524311E+05
  0.861383E-01  0.520291E+05  0.402070E+05  0.000000E+00  0.000000E+00  0.000000E+00  0.500587E+05
  0.890579E-01  0.497644E+05  0.374678E+05  0.000000E+00  0.000000E+00  0.000000E+00  0.477150E+05
  0.920766E-01  0.475559E+05  0.349019E+05  0.000000E+00  0.000000E+00  0.000000E+00  0.454469E+05
  0.951975E-01  0.454431E+05  0.326244E+05  0.000000E+00  0.000000E+00  0.000000E+00  0.433066E+05
  0.984242E-01  0.434621E+05  0.307297E+05  0.000000E+00  0.000000E+00  0.000000E+00  0.413400E+05
  0.101760E+00  0.416379E+05  0.292748E+05  0.000000E+00  0.000000E+00  0.000000E+00  0.395774E+05
  0.105209E+00  0.399783E+05  0.282662E+05  0.000000E+00  0.000000E+00  0.000000E+00  0.380263E+05
  0.108776E+00  0.384731E+05  0.276556E+05  0.000000E+00  0.000000E+00  0.000000E+00  0.366701E+05
  0.112463E+00  0.370981E+05  0.273451E+05  0.000000E+00  0.000000E+00  0.000000E+00  0.354726E+05
  0.116274E+00  0.358238E+05  0.272033E+05  0.000000E+00  0.000000E+00  0.000000E+00  0.343870E+05
  0.120216E+00  0.346188E+05  0.270814E+05  0.000000E+00  0.000000E+00  0.000000E+00  0.333626E+05
  0.124290E+00  0.334456E+05  0.268266E+05  0.000000E+00  0.000000E+00  0.000000E+00  0.323425E+05
  0.128503E+00  0.322589E+05  0.263009E+05  0.000000E+00  0.000000E+00  0.000000E+00  0.312659E+05
  0.132859E+00  0.310211E+05  0.254157E+05  0.000000E+00  0.000000E+00  0.000000E+00  0.300868E+05
  0.137362E+00  0.297201E+05  0.241637E+05  0.000000E+00  0.000000E+00  0.000000E+00  0.287941E+05
  0.142018E+00  0.283706E+05  0.226235E+05  0.000000E+00  0.000000E+00  0.000000E+00  0.274128E+05
  0.146832E+00  0.270042E+05  0.209404E+05  0.000000E+00  0.000000E+00  0.000000E+00  0.259936E+05
  0.151809E+00  0.256632E+05  0.192974E+05  0.000000E+00  0.000000E+00  0.000000E+00  0.246022E+05
  0.156954E+00  0.243927E+05  0.178745E+05  0.000000E+00  0.000000E+00  0.000000E+00  0.233064E+05
  0.162274E+00  0.232334E+05  0.168060E+05  0.000000E+00  0.000000E+00  0.000000E+00  0.221621E+05
  0.167774E+00  0.222115E+05  0.161432E+05  0.000000E+00  0.000000E+00  0.000000E+00  0.212001E+05
  0.173461E+00  0.213224E+05  0.158258E+05  0.000000E+00  0.000000E+00  0.000000E+00  0.204063E+05
  0.179341E+00  0.205272E+05  0.156935E+05  0.000000E+00  0.000000E+00  0.000000E+00  0.197216E+05
  0.185419E+00  0.197701E+05  0.155397E+05  0.000000E+00  0.000000E+00  0.000000E+00  0.190650E+05
  0.191704E+00  0.189962E+05  0.151815E+05  0.000000E+00  0.000000E+00  0.000000E+00  0.183604E+05
  0.198202E+00  0.181755E+05  0.145307E+05  0.000000E+00  0.000000E+00  0.000000E+00  0.175680E+05
  0.204920E+00  0.173100E+05  0.136249E+05  0.000000E+00  0.000000E+00  0.000000E+00  0.166958E+05
  0.211866E+00  0.164298E+05  0.126101E+05  0.000000E+00  0.000000E+00  0.000000E+00  0.157932E+05
  0.219047E+00  0.155843E+05  0.116817E+05  0.000000E+00  0.000000E+00  0.000000E+00  0.149339E+05
  0.226472E+00  0.148211E+05  0.109966E+05  0.000000E+00  0.000000E+00  0.000000E+00  0.141837E+05
  0.234148E+00  0.141553E+05  0.105899E+05  0.000000E+00  0.000000E+00  0.000000E+00  0.135611E+05
  0.242084E+00  0.135673E+05  0.103646E+05  0.000000E+00  0.000000E+00  0.000000E+00  0.130335E+05
  0.250290E+00  0.130152E+05  0.101494E+05  0.000000E+00  0.000000E+00  0.000000E+00  0.125376E+05
  0.258774E+00  0.124497E+05  0.978964E+04  0.000000E+00  0.000000E+00  0.000000E+00  0.120064E+05
  0.267545E+00  0.118543E+05  0.925051E+04  0.000000E+00  0.000000E+00  0.000000E+00  0.114203E+05
  0.276613E+00  0.112513E+05  0.862982E+04  0.000000E+00  0.000000E+00  0.000000E+00  0.108144E+05
  0.285989E+00  0.106782E+05  0.807634E+04  0.000000E+00  0.000000E+00  0.000000E+00  0.102445E+05
  0.295683E+00  0.101645E+05  0.768521E+04  0.000000E+00  0.000000E+00  0.000000E+00  0.975129E+04
  0.305705E+00  0.970764E+04  0.742842E+04  0.000000E+00  0.000000E+00  0.000000E+00  0.932777E+04
  0.316067E+00  0.927758E+04  0.718928E+04  0.000000E+00  0.000000E+00  0.000000E+00  0.892953E+04
  0.326780E+00  0.884463E+04  0.686978E+04  0.000000E+00  0.000000E+00  0.000000E+00  0.851549E+04
  0.337856E+00  0.840347E+04  0.647257E+04  0.000000E+00  0.000000E+00  0.000000E+00  0.808165E+04
  0.349308E+00  0.797724E+04  0.608740E+04  0.000000E+00  0.000000E+00  0.000000E+00  0.766227E+04
  0.361147E+00  0.758627E+04  0.578613E+04  0.000000E+00  0.000000E+00  0.000000E+00  0.728625E+04
  0.373389E+00  0.722969E+04  0.555423E+04  0.000000E+00  0.000000E+00  0.000000E+00  0.695044E+04
  0.386045E+00  0.688807E+04  0.531978E+04  0.000000E+00  0.000000E+00  0.000000E+00  0.662669E+04
  0.399130E+00  0.654861E+04  0.504558E+04  0.000000E+00  0.000000E+00  0.000000E+00  0.629810E+04
  0.412659E+00  0.621757E+04  0.476497E+04  0.000000E+00  0.000000E+00  0.000000E+00  0.597547E+04
  0.426645E+00  0.590856E+04  0.452536E+04  0.000000E+00  0.000000E+00  0.000000E+00  0.567803E+04
  0.441107E+00  0.562112E+04  0.432150E+04  0.000000E+00  0.000000E+00  0.000000E+00  0.540451E+04
  0.456058E+00  0.534517E+04  0.411625E+04  0.000000E+00  0.000000E+00  0.000000E+00  0.514035E+04
  0.471516E+00  0.507629E+04  0.390035E+04  0.000000E+00  0.000000E+00  0.000000E+00  0.488030E+04
  0.487498E+00  0.482013E+04  0.369799E+04  0.000000E+00  0.000000E+00  0.000000E+00  0.463311E+04
  0.504022E+00  0.457986E+04  0.351883E+04  0.000000E+00  0.000000E+00  0.000000E+00  0.440302E+04
  0.521106E+00  0.435090E+04  0.334634E+04  0.000000E+00  0.000000E+00  0.000000E+00  0.418347E+04
  0.538769E+00  0.413045E+04  0.317360E+04  0.000000E+00  0.000000E+00  0.000000E+00  0.397097E+04
  0.557030E+00  0.392076E+04  0.301115E+04  0.000000E+00  0.000000E+00  0.000000E+00  0.376916E+04
  0.575911E+00  0.372244E+04  0.286103E+04  0.000000E+00  0.000000E+00  0.000000E+00  0.357887E+04
  0.595431E+00  0.353309E+04  0.271564E+04  0.000000E+00  0.000000E+00  0.000000E+00  0.339685E+04
  0.615614E+00  0.335233E+04  0.257559E+04  0.000000E+00  0.000000E+00  0.000000E+00  0.322287E+04
  0.636481E+00  0.318083E+04  0.244435E+04  0.000000E+00  0.000000E+00  0.000000E+00  0.305809E+04
  0.658054E+00  0.301769E+04  0.231932E+04  0.000000E+00  0.000000E+00  0.000000E+00  0.290129E+04
  0.680359E+00  0.286225E+04  0.219949E+04  0.000000E+00  0.000000E+00  0.000000E+00  0.275179E+04
  0.703419E+00  0.271460E+04  0.208619E+04  0.000000E+00  0.000000E+00  0.000000E+00  0.260986E+04
  0.727262E+00  0.257418E+04  0.197839E+04  0.000000E+00  0.000000E+00  0.000000E+00  0.247488E+04
  0.751912E+00  0.244065E+04  0.187567E+04  0.000000E+00  0.000000E+00  0.000000E+00  0.234649E+04
  0.777399E+00  0.231376E+04  0.177825E+04  0.000000E+00  0.000000E+00  0.000000E+00  0.222451E+04
  0.803749E+00  0.219315E+04  0.168555E+04  0.000000E+00  0.000000E+00  0.000000E+00  0.210855E+04
  0.830992E+00  0.207855E+04  0.159749E+04  0.000000E+00  0.000000E+00  0.000000E+00  0.199837E+04
  0.859158E+00  0.196970E+04  0.151386E+04  0.000000E+00  0.000000E+00  0.000000E+00  0.189372E+04
  0.888280E+00  0.186630E+04  0.143440E+04  0.000000E+00  0.000000E+00  0.000000E+00  0.179432E+04
  0.918388E+00  0.176812E+04  0.135896E+04  0.000000E+00  0.000000E+00  0.000000E+00  0.169993E+04
  0.949517E+00  0.167490E+04  0.128732E+04  0.000000E+00  0.000000E+00  0.000000E+00  0.161031E+04
  0.981700E+00  0.158641E+04  0.121932E+04  0.000000E+00  0.000000E+00  0.000000E+00  0.152523E+04
  0.101498E+01  0.150240E+04  0.115476E+04  0.000000E+00  0.000000E+00  0.000000E+00  0.144446E+04
  0.104938E+01  0.142267E+04  0.109349E+04  0.000000E+00  0.000000E+00  0.000000E+00  0.136781E+04
  0.108495E+01  0.134701E+04  0.103535E+04  0.000000E+00  0.000000E+00  0.000000E+00  0.129507E+04
  0.112172E+01  0.127523E+04  0.980183E+03  0.000000E+00  0.000000E+00  0.000000E+00  0.122605E+04
  0.115974E+01  0.120714E+04  0.927858E+03  0.000000E+00  0.000000E+00  0.000000E+00  0.116059E+04
  0.119905E+01  0.114256E+04  0.878228E+03  0.000000E+00  0.000000E+00  0.000000E+00  0.109851E+04
  0.123969E+01  0.108132E+04  0.831163E+03  0.000000E+00  0.000000E+00  0.000000E+00  0.103963E+04
  0.128171E+01  0.102325E+04  0.786531E+03  0.000000E+00  0.000000E+00  0.000000E+00  0.983798E+03
  0.132516E+01  0.968200E+03  0.744221E+03  0.000000E+00  0.000000E+00  0.000000E+00  0.930870E+03
  0.137007E+01  0.916014E+03  0.704114E+03  0.000000E+00  0.000000E+00  0.000000E+00  0.880698E+03
  0.141651E+01  0.866552E+03  0.666098E+03  0.000000E+00  0.000000E+00  0.000000E+00  0.833143E+03
  0.146453E+01  0.819675E+03  0.630069E+03  0.000000E+00  0.000000E+00  0.000000E+00  0.788074E+03
  0.151417E+01  0.775257E+03  0.595930E+03  0.000000E+00  0.000000E+00  0.000000E+00  0.745369E+03
  0.156549E+01  0.733168E+03  0.563580E+03  0.000000E+00  0.000000E+00  0.000000E+00  0.704903E+03
  0.161855E+01  0.693302E+03  0.532939E+03  0.000000E+00  0.000000E+00  0.000000E+00  0.666575E+03
  0.167341E+01  0.655543E+03  0.503916E+03  0.000000E+00  0.000000E+00  0.000000E+00  0.630272E+03
  0.173013E+01  0.619783E+03  0.476431E+03  0.000000E+00  0.000000E+00  0.000000E+00  0.595891E+03
  0.178878E+01  0.585919E+03  0.450402E+03  0.000000E+00  0.000000E+00  0.000000E+00  0.563333E+03
  0.184941E+01  0.553853E+03  0.425755E+03  0.000000E+00  0.000000E+00  0.000000E+00  0.532504E+03
  0.191209E+01  0.523496E+03  0.402421E+03  0.000000E+00  0.000000E+00  0.000000E+00  0.503317E+03
  0.197690E+01  0.494757E+03  0.380331E+03  0.000000E+00  0.000000E+00  0.000000E+00  0.475686E+03
  0.204391E+01  0.467555E+03  0.359421E+03  0.000000E+00  0.000000E+00  0.000000E+00  0.449532E+03
  0.211319E+01  0.441811E+03  0.339633E+03  0.000000E+00  0.000000E+00  0.000000E+00  0.424781E+03
  0.218481E+01  0.417450E+03  0.320908E+03  0.000000E+00  0.000000E+00  0.000000E+00  0.401360E+03
  0.225887E+01  0.394399E+03  0.303189E+03  0.000000E+00  0.000000E+00  0.000000E+00  0.379198E+03
  0.233543E+01  0.372591E+03  0.286426E+03  0.000000E+00  0.000000E+00  0.000000E+00  0.358230E+03
  0.241459E+01  0.351960E+03  0.270567E+03  0.000000E+00  0.000000E+00  0.000000E+00  0.338394E+03
  0.249644E+01  0.332443E+03  0.255564E+03  0.000000E+00  0.000000E+00  0.000000E+00  0.319629E+03
  0.258105E+01  0.313983E+03  0.241374E+03  0.000000E+00  0.000000E+00  0.000000E+00  0.301882E+03
  0.266854E+01  0.296526E+03  0.227955E+03  0.000000E+00  0.000000E+00  0.000000E+00  0.285098E+03
  0.275899E+01  0.280018E+03  0.215265E+03  0.000000E+00  0.000000E+00  0.000000E+00  0.269226E+03
  0.285251E+01  0.264410E+03  0.203267E+03  0.000000E+00  0.000000E+00  0.000000E+00  0.254219E+03
  0.294919E+01  0.249653E+03  0.191923E+03  0.000000E+00  0.000000E+00  0.000000E+00  0.240032E+03
  0.304916E+01  0.235701E+03  0.181198E+03  0.000000E+00  0.000000E+00  0.000000E+00  0.226617E+03
  0.315251E+01  0.222513E+03  0.171060E+03  0.000000E+00  0.000000E+00  0.000000E+00  0.213937E+03
  0.325936E+01  0.210047E+03  0.161477E+03  0.000000E+00  0.000000E+00  0.000000E+00  0.201952E+03
  0.336984E+01  0.198267E+03  0.152421E+03  0.000000E+00  0.000000E+00  0.000000E+00  0.190626E+03
  0.348406E+01  0.187134E+03  0.143863E+03  0.000000E+00  0.000000E+00  0.000000E+00  0.179922E+03
  0.360215E+01  0.176614E+03  0.135776E+03  0.000000E+00  0.000000E+00  0.000000E+00  0.169808E+03
  0.372425E+01  0.166674E+03  0.128134E+03  0.000000E+00  0.000000E+00  0.000000E+00  0.160250E+03
  0.385048E+01  0.157282E+03  0.120914E+03  0.000000E+00  0.000000E+00  0.000000E+00  0.151221E+03
  0.398099E+01  0.148410E+03  0.114094E+03  0.000000E+00  0.000000E+00  0.000000E+00  0.142691E+03
  0.411593E+01  0.140030E+03  0.107651E+03  0.000000E+00  0.000000E+00  0.000000E+00  0.134633E+03
  0.425544E+01  0.132114E+03  0.101566E+03  0.000000E+00  0.000000E+00  0.000000E+00  0.127023E+03
  0.439968E+01  0.124638E+03  0.958188E+02  0.000000E+00  0.000000E+00  0.000000E+00  0.119835E+03
  0.454881E+01  0.117577E+03  0.903905E+02  0.000000E+00  0.000000E+00  0.000000E+00  0.113046E+03
  0.470299E+01  0.110909E+03  0.852645E+02  0.000000E+00  0.000000E+00  0.000000E+00  0.106635E+03
  0.486240E+01  0.104614E+03  0.804246E+02  0.000000E+00  0.000000E+00  0.000000E+00  0.100582E+03
  0.502721E+01  0.986695E+02  0.758548E+02  0.000000E+00  0.000000E+00  0.000000E+00  0.948670E+02
  0.519761E+01  0.930574E+02  0.715403E+02  0.000000E+00  0.000000E+00  0.000000E+00  0.894712E+02
  0.537378E+01  0.877589E+02  0.674669E+02  0.000000E+00  0.000000E+00  0.000000E+00  0.843769E+02
  0.555592E+01  0.827577E+02  0.636220E+02  0.000000E+00  0.000000E+00  0.000000E+00  0.795684E+02
  0.574424E+01  0.780371E+02  0.599928E+02  0.000000E+00  0.000000E+00  0.000000E+00  0.750297E+02
  0.593894E+01  0.735816E+02  0.565675E+02  0.000000E+00  0.000000E+00  0.000000E+00  0.707459E+02
  0.614025E+01  0.693761E+02  0.533343E+02  0.000000E+00  0.000000E+00  0.000000E+00  0.667025E+02
  0.634837E+01  0.654076E+02  0.502833E+02  0.000000E+00  0.000000E+00  0.000000E+00  0.628869E+02
  0.656355E+01  0.616629E+02  0.474043E+02  0.000000E+00  0.000000E+00  0.000000E+00  0.592864E+02
  0.678602E+01  0.581295E+02  0.446878E+02  0.000000E+00  0.000000E+00  0.000000E+00  0.558892E+02
  0.701603E+01  0.547955E+02  0.421246E+02  0.000000E+00  0.000000E+00  0.000000E+00  0.526837E+02
  0.725384E+01  0.516500E+02  0.397062E+02  0.000000E+00  0.000000E+00  0.000000E+00  0.496593E+02
  0.749971E+01  0.486825E+02  0.374248E+02  0.000000E+00  0.000000E+00  0.000000E+00  0.468062E+02
  0.775392E+01  0.458833E+02  0.352727E+02  0.000000E+00  0.000000E+00  0.000000E+00  0.441149E+02
  0.801674E+01  0.432428E+02  0.332426E+02  0.000000E+00  0.000000E+00  0.000000E+00  0.415761E+02
  0.828847E+01  0.407521E+02  0.313277E+02  0.000000E+00  0.000000E+00  0.000000E+00  0.391813E+02
  0.856940E+01  0.384031E+02  0.295217E+02  0.000000E+00  0.000000E+00  0.000000E+00  0.369229E+02
  0.885987E+01  0.361877E+02  0.278184E+02  0.000000E+00  0.000000E+00  0.000000E+00  0.347928E+02
  0.916017E+01  0.340984E+02  0.262121E+02  0.000000E+00  0.000000E+00  0.000000E+00  0.327841E+02
  0.947066E+01  0.321282E+02  0.246973E+02  0.000000E+00  0.000000E+00  0.000000E+00  0.308897E+02
  0.979166E+01  0.302705E+02  0.232690E+02  0.000000E+00  0.000000E+00  0.000000E+00  0.291036E+02
  0.101236E+02  0.285188E+02  0.219222E+02  0.000000E+00  0.000000E+00  0.000000E+00  0.274194E+02
  0.104667E+02  0.268673E+02  0.206524E+02  0.000000E+00  0.000000E+00  0.000000E+00  0.258315E+02
  0.108215E+02  0.253102E+02  0.194553E+02  0.000000E+00  0.000000E+00  0.000000E+00  0.243344E+02
  0.111883E+02  0.238424E+02  0.183267E+02  0.000000E+00  0.000000E+00  0.000000E+00  0.229231E+02
  0.115675E+02  0.224586E+02  0.172627E+02  0.000000E+00  0.000000E+00  0.000000E+00  0.215926E+02
  0.119596E+02  0.211542E+02  0.162599E+02  0.000000E+00  0.000000E+00  0.000000E+00  0.203385E+02
  0.123649E+02  0.199247E+02  0.153145E+02  0.000000E+00  0.000000E+00  0.000000E+00  0.191563E+02
  0.127841E+02  0.187658E+02  0.144235E+02  0.000000E+00  0.000000E+00  0.000000E+00  0.180421E+02
  0.132174E+02  0.176736E+02  0.135837E+02  0.000000E+00  0.000000E+00  0.000000E+00  0.169920E+02
  0.136654E+02  0.166443E+02  0.127923E+02  0.000000E+00  0.000000E+00  0.000000E+00  0.160023E+02
  0.141286E+02  0.156743E+02  0.120465E+02  0.000000E+00  0.000000E+00  0.000000E+00  0.150696E+02
  0.146075E+02  0.147602E+02  0.113436E+02  0.000000E+00  0.000000E+00  0.000000E+00  0.141907E+02
  0.151026E+02  0.138988E+02  0.106813E+02  0.000000E+00  0.000000E+00  0.000000E+00  0.133626E+02
  0.156145E+02  0.130872E+02  0.100573E+02  0.000000E+00  0.000000E+00  0.000000E+00  0.125822E+02
  0.161437E+02  0.123225E+02  0.946930E+01  0.000000E+00  0.000000E+00  0.000000E+00  0.118470E+02
  0.166909E+02  0.116020E+02  0.891531E+01  0.000000E+00  0.000000E+00  0.000000E+00  0.111542E+02
  0.172567E+02  0.109232E+02  0.839338E+01  0.000000E+00  0.000000E+00  0.000000E+00  0.105016E+02
  0.178416E+02  0.102838E+02  0.790169E+01  0.000000E+00  0.000000E+00  0.000000E+00  0.988675E+01
  0.184463E+02  0.968136E+01  0.743849E+01  0.000000E+00  0.000000E+00  0.000000E+00  0.930755E+01
  0.190716E+02  0.911391E+01  0.700217E+01  0.000000E+00  0.000000E+00  0.000000E+00  0.876195E+01
  0.197180E+02  0.857940E+01  0.659117E+01  0.000000E+00  0.000000E+00  0.000000E+00  0.824803E+01
  0.203863E+02  0.807592E+01  0.620403E+01  0.000000E+00  0.000000E+00  0.000000E+00  0.776394E+01
  0.210773E+02  0.760173E+01  0.583940E+01  0.000000E+00  0.000000E+00  0.000000E+00  0.730801E+01
  0.217917E+02  0.715512E+01  0.549598E+01  0.000000E+00  0.000000E+00  0.000000E+00  0.687859E+01
  0.225304E+02  0.673451E+01  0.517255E+01  0.000000E+00  0.000000E+00  0.000000E+00  0.647418E+01
  0.232941E+02  0.633840E+01  0.486796E+01  0.000000E+00  0.000000E+00  0.000000E+00  0.609333E+01
  0.240836E+02  0.596538E+01  0.458112E+01  0.000000E+00  0.000000E+00  0.000000E+00  0.573467E+01
  0.248999E+02  0.561410E+01  0.431100E+01  0.000000E+00  0.000000E+00  0.000000E+00  0.539692E+01
  0.257439E+02  0.528334E+01  0.405664E+01  0.000000E+00  0.000000E+00  0.000000E+00  0.507889E+01
  0.266165E+02  0.497190E+01  0.381715E+01  0.000000E+00  0.000000E+00  0.000000E+00  0.477945E+01
  0.275187E+02  0.467866E+01  0.359165E+01  0.000000E+00  0.000000E+00  0.000000E+00  0.449749E+01
  0.284514E+02  0.440257E+01  0.337934E+01  0.000000E+00  0.000000E+00  0.000000E+00  0.423203E+01
  0.294158E+02  0.414263E+01  0.317944E+01  0.000000E+00  0.000000E+00  0.000000E+00  0.398210E+01
  0.304128E+02  0.389792E+01  0.299125E+01  0.000000E+00  0.000000E+00  0.000000E+00  0.374681E+01
  0.314437E+02  0.366754E+01  0.281408E+01  0.000000E+00  0.000000E+00  0.000000E+00  0.352530E+01
  0.325095E+02  0.345067E+01  0.264729E+01  0.000000E+00  0.000000E+00  0.000000E+00  0.331677E+01
  0.336114E+02  0.324652E+01  0.249029E+01  0.000000E+00  0.000000E+00  0.000000E+00  0.312048E+01
  0.347507E+02  0.305434E+01  0.234250E+01  0.000000E+00  0.000000E+00  0.000000E+00  0.293570E+01
  0.359285E+02  0.287346E+01  0.220339E+01  0.000000E+00  0.000000E+00  0.000000E+00  0.276178E+01
  0.371463E+02  0.270320E+01  0.207244E+01  0.000000E+00  0.000000E+00  0.000000E+00  0.259808E+01
  0.384054E+02  0.254296E+01  0.194920E+01  0.000000E+00  0.000000E+00  0.000000E+00  0.244400E+01
  0.397072E+02  0.239214E+01  0.183320E+01  0.000000E+00  0.000000E+00  0.000000E+00  0.229899E+01
  0.410530E+02  0.225020E+01  0.172403E+01  0.000000E+00  0.000000E+00  0.000000E+00  0.216251E+01
  0.424445E+02  0.211662E+01  0.162129E+01  0.000000E+00  0.000000E+00  0.000000E+00  0.203407E+01
  0.438832E+02  0.199091E+01  0.152460E+01  0.000000E+00  0.000000E+00  0.000000E+00  0.191319E+01
  0.453706E+02  0.187261E+01  0.143360E+01  0.000000E+00  0.000000E+00  0.000000E+00  0.179944E+01
  0.469085E+02  0.176129E+01  0.134797E+01  0.000000E+00  0.000000E+00  0.000000E+00  0.169241E+01
  0.484984E+02  0.165654E+01  0.126740E+01  0.000000E+00  0.000000E+00  0.000000E+00  0.159168E+01
  0.501423E+02  0.155797E+01  0.119157E+01  0.000000E+00  0.000000E+00  0.000000E+00  0.149690E+01
  0.518419E+02  0.146523E+01  0.112023E+01  0.000000E+00  0.000000E+00  0.000000E+00  0.140773E+01
  0.535990E+02  0.137797E+01  0.105310E+01  0.000000E+00  0.000000E+00  0.000000E+00  0.132382E+01
  0.554158E+02  0.129587E+01  0.989943E+00  0.000000E+00  0.000000E+00  0.000000E+00  0.124488E+01
  0.572942E+02  0.121862E+01  0.930517E+00  0.000000E+00  0.000000E+00  0.000000E+00  0.117060E+01
  0.592361E+02  0.114595E+01  0.874609E+00  0.000000E+00  0.000000E+00  0.000000E+00  0.110073E+01
  0.612440E+02  0.107759E+01  0.822008E+00  0.000000E+00  0.000000E+00  0.000000E+00  0.103499E+01
  0.633198E+02  0.101327E+01  0.772525E+00  0.000000E+00  0.000000E+00  0.000000E+00  0.973148E+00
  0.654661E+02  0.952768E+00  0.725970E+00  0.000000E+00  0.000000E+00  0.000000E+00  0.914969E+00
  0.676850E+02  0.895855E+00  0.682177E+00  0.000000E+00  0.000000E+00  0.000000E+00  0.860242E+00
  0.699792E+02  0.842318E+00  0.640980E+00  0.000000E+00  0.000000E+00  0.000000E+00  0.808762E+00
  0.723511E+02  0.791960E+00  0.602228E+00  0.000000E+00  0.000000E+00  0.000000E+00  0.760338E+00
  0.748035E+02  0.744591E+00  0.565775E+00  0.000000E+00  0.000000E+00  0.000000E+00  0.714789E+00
  0.773390E+02  0.700039E+00  0.531487E+00  0.000000E+00  0.000000E+00  0.000000E+00  0.671947E+00
  0.799604E+02  0.658133E+00  0.499234E+00  0.000000E+00  0.000000E+00  0.000000E+00  0.631650E+00
  0.826706E+02  0.618722E+00  0.468900E+00  0.000000E+00  0.000000E+00  0.000000E+00  0.593752E+00
  0.854728E+02  0.581654E+00  0.440368E+00  0.000000E+00  0.000000E+00  0.000000E+00  0.558106E+00
  0.883699E+02  0.546793E+00  0.413533E+00  0.000000E+00  0.000000E+00  0.000000E+00  0.524583E+00
  0.913652E+02  0.514007E+00  0.388294E+00  0.000000E+00  0.000000E+00  0.000000E+00  0.493055E+00
  0.944620E+02  0.483176E+00  0.364558E+00  0.000000E+00  0.000000E+00  0.000000E+00  0.463406E+00
  0.976639E+02  0.454178E+00  0.342233E+00  0.000000E+00  0.000000E+00  0.000000E+00  0.435521E+00
  0.100974E+03  0.426913E+00  0.321239E+00  0.000000E+00  0.000000E+00  0.000000E+00  0.409300E+00
  0.104397E+03  0.401274E+00  0.301497E+00  0.000000E+00  0.000000E+00  0.000000E+00  0.384644E+00
  0.107935E+03  0.377164E+00  0.282932E+00  0.000000E+00  0.000000E+00  0.000000E+00  0.361459E+00
  0.111594E+03  0.354493E+00  0.265473E+00  0.000000E+00  0.000000E+00  0.000000E+00  0.339657E+00
  0.115376E+03  0.333177E+00  0.249056E+00  0.000000E+00  0.000000E+00  0.000000E+00  0.319157E+00
  0.119287E+03  0.313134E+00  0.233619E+00  0.000000E+00  0.000000E+00  0.000000E+00  0.299882E+00
  0.123330E+03  0.294290E+00  0.219104E+00  0.000000E+00  0.000000E+00  0.000000E+00  0.281759E+00
  0.127510E+03  0.276571E+00  0.205455E+00  0.000000E+00  0.000000E+00  0.000000E+00  0.264718E+00
  0.131832E+03  0.259913E+00  0.192622E+00  0.000000E+00  0.000000E+00  0.000000E+00  0.248698E+00
  0.136301E+03  0.244251E+00  0.180557E+00  0.000000E+00  0.000000E+00  0.000000E+00  0.233635E+00
  0.140921E+03  0.229527E+00  0.169213E+00  0.000000E+00  0.000000E+00  0.000000E+00  0.219475E+00
  0.145697E+03  0.215684E+00  0.158548E+00  0.000000E+00  0.000000E+00  0.000000E+00  0.206161E+00
  0.150636E+03  0.202671E+00  0.148521E+00  0.000000E+00  0.000000E+00  0.000000E+00  0.193646E+00
  0.155742E+03  0.190438E+00  0.139095E+00  0.000000E+00  0.000000E+00  0.000000E+00  0.181881E+00
  0.161021E+03  0.178937E+00  0.130234E+00  0.000000E+00  0.000000E+00  0.000000E+00  0.170820E+00
  0.166478E+03  0.168127E+00  0.121905E+00  0.000000E+00  0.000000E+00  0.000000E+00  0.160423E+00
  0.172121E+03  0.157965E+00  0.114075E+00  0.000000E+00  0.000000E+00  0.000000E+00  0.150650E+00
  0.177955E+03  0.148413E+00  0.106716E+00  0.000000E+00  0.000000E+00  0.000000E+00  0.141464E+00
  0.183987E+03  0.139434E+00  0.997985E-01  0.000000E+00  0.000000E+00  0.000000E+00  0.132828E+00
  0.190223E+03  0.130995E+00  0.932974E-01  0.000000E+00  0.000000E+00  0.000000E+00  0.124712E+00
  0.196671E+03  0.123062E+00  0.871876E-01  0.000000E+00  0.000000E+00  0.000000E+00  0.117083E+00
  0.203337E+03  0.115606E+00  0.814463E-01  0.000000E+00  0.000000E+00  0.000000E+00  0.109913E+00
