  0.106303E-04  0.781354E+07  0.781354E+07  0.104158E+08  0.104158E+08  0.000000E+00  0.781354E+07
  0.109906E-04  0.781354E+07  0.781354E+07  0.104157E+08  0.104157E+08  0.000000E+00  0.781354E+07
  0.113631E-04  0.781353E+07  0.781353E+07  0.104155E+08  0.104155E+08  0.000000E+00  0.781353E+07
  0.117483E-04  0.781353E+07  0.781353E+07  0.104153E+08  0.104153E+08  0.000000E+00  0.781353E+07
  0.121465E-04  0.781353E+07  0.781353E+07  0.104152E+08  0.104151E+08  0.000000E+00  0.781353E+07
  0.125582E-04  0.781353E+07  0.781353E+07  0.104150E+08  0.104149E+08  0.000000E+00  0.781353E+07
  0.129839E-04  0.781353E+07  0.781353E+07  0.104147E+08  0.104147E+08  0.000000E+00  0.781353E+07
  0.134240E-04  0.781353E+07  0.781353E+07  0.104145E+08  0.104145E+08  0.000000E+00  0.781353E+07
  0.138790E-04  0.781353E+07  0.781353E+07  0.104143E+08  0.104143E+08  0.000000E+00  0.781353E+07
  0.143494E-04  0.781353E+07  0.781353E+07  0.104140E+08  0.104140E+08  0.000000E+00  0.781353E+07
  0.148358E-04  0.781353E+07  0.781353E+07  0.104137E+08  0.104137E+08  0.000000E+00  0.781353E+07
  0.153386E-04  0.781353E+07  0.781353E+07  0.104134E+08  0.104134E+08  0.000000E+00  0.781353E+07
  0.158585E-04  0.781352E+07  0.781352E+07  0.104131E+08  0.104131E+08  0.000000E+00  0.781352E+07
  0.163961E-04  0.781352E+07  0.781352E+07  0.104128E+08  0.104128E+08  0.000000E+00  0.781352E+07
  0.169518E-04  0.781352E+07  0.781352E+07  0.104124E+08  0.104124E+08  0.000000E+00  0.781352E+07
  0.175264E-04  0.781352E+07  0.781352E+07  0.104120E+08  0.104120E+08  0.000000E+00  0.781352E+07
  0.181205E-04  0.781352E+07  0.781352E+07  0.104116E+08  0.104116E+08  0.000000E+00  0.781352E+07
  0.187347E-04  0.781352E+07  0.781352E+07  0.104112E+08  0.104111E+08  0.000000E+00  0.781352E+07
  0.193697E-04  0.781351E+07  0.781351E+07  0.104107E+08  0.104107E+08  0.000000E+00  0.781351E+07
  0.200262E-04  0.781351E+07  0.781351E+07  0.104102E+08  0.104101E+08  0.000000E+00  0.781351E+07
  0.207050E-04  0.781351E+07  0.781351E+07  0.104096E+08  0.104096E+08  0.000000E+00  0.781351E+07
  0.214068E-04  0.781351E+07  0.781351E+07  0.104091E+08  0.104090E+08  0.000000E+00  0.781351E+07
  0.221324E-04  0.781350E+07  0.781350E+07  0.104084E+08  0.104084E+08  0.000000E+00  0.781350E+07
  0.228826E-04  0.781350E+07  0.781350E+07  0.104078E+08  0.104077E+08  0.000000E+00  0.781350E+07
  0.236582E-04  0.781350E+07  0.781350E+07  0.104071E+08  0.104070E+08  0.000000E+00  0.781350E+07
  0.244601E-04  0.781350E+07  0.781350E+07  0.104063E+08  0.104063E+08  0.000000E+00  0.781350E+07
  0.252891E-04  0.781349E+07  0.781349E+07  0.104055E+08  0.104054E+08  0.000000E+00  0.781349E+07
  0.261463E-04  0.781349E+07  0.781349E+07  0.104046E+08  0.104046E+08  0.000000E+00  0.781349E+07
  0.270326E-04  0.781349E+07  0.781349E+07  0.104037E+08  0.104036E+08  0.000000E+00  0.781349E+07
  0.279488E-04  0.781348E+07  0.781348E+07  0.104027E+08  0.104027E+08  0.000000E+00  0.781348E+07
  0.288962E-04  0.781348E+07  0.781348E+07  0.104017E+08  0.104016E+08  0.000000E+00  0.781348E+07
  0.298756E-04  0.781347E+07  0.781347E+07  0.104005E+08  0.104005E+08  0.000000E+00  0.781347E+07
  0.308882E-04  0.781347E+07  0.781347E+07  0.103993E+08  0.103992E+08  0.000000E+00  0.781347E+07
  0.319352E-04  0.781346E+07  0.781346E+07  0.103980E+08  0.103979E+08  0.000000E+00  0.781346E+07
  0.330176E-04  0.781346E+07  0.781346E+07  0.103966E+08  0.103966E+08  0.000000E+00  0.781346E+07
  0.341368E-04  0.781345E+07  0.781345E+07  0.103952E+08  0.103951E+08  0.000000E+00  0.781345E+07
  0.352938E-04  0.781344E+07  0.781344E+07  0.103936E+08  0.103935E+08  0.000000E+00  0.781344E+07
  0.364901E-04  0.781344E+07  0.781344E+07  0.103919E+08  0.103918E+08  0.000000E+00  0.781344E+07
  0.377270E-04  0.781343E+07  0.781343E+07  0.103901E+08  0.103900E+08  0.000000E+00  0.781343E+07
  0.390057E-04  0.781342E+07  0.781342E+07  0.103882E+08  0.103881E+08  0.000000E+00  0.781342E+07
  0.403278E-04  0.781341E+07  0.781341E+07  0.103861E+08  0.103860E+08  0.000000E+00  0.781341E+07
  0.416948E-04  0.781340E+07  0.781340E+07  0.103839E+08  0.103838E+08  0.000000E+00  0.781340E+07
  0.431080E-04  0.781340E+07  0.781340E+07  0.103816E+08  0.103814E+08  0.000000E+00  0.781340E+07
  0.445692E-04  0.781338E+07  0.781338E+07  0.103791E+08  0.103789E+08  0.000000E+00  0.781338E+07
  0.460798E-04  0.781337E+07  0.781337E+07  0.103764E+08  0.103762E+08  0.000000E+00  0.781337E+07
  0.476417E-04  0.781336E+07  0.781336E+07  0.103735E+08  0.103734E+08  0.000000E+00  0.781336E+07
  0.492565E-04  0.781335E+07  0.781335E+07  0.103705E+08  0.103703E+08  0.000000E+00  0.781335E+07
  0.509261E-04  0.781334E+07  0.781334E+07  0.103672E+08  0.103670E+08  0.000000E+00  0.781334E+07
  0.526522E-04  0.781332E+07  0.781332E+07  0.103637E+08  0.103635E+08  0.000000E+00  0.781332E+07
  0.544369E-04  0.781331E+07  0.781331E+07  0.103599E+08  0.103597E+08  0.000000E+00  0.781331E+07
  0.562820E-04  0.781329E+07  0.781329E+07  0.103560E+08  0.103557E+08  0.000000E+00  0.781329E+07
  0.581897E-04  0.781327E+07  0.781327E+07  0.103517E+08  0.103514E+08  0.000000E+00  0.781327E+07
  0.601621E-04  0.781325E+07  0.781325E+07  0.103471E+08  0.103468E+08  0.000000E+00  0.781325E+07
  0.622013E-04  0.781323E+07  0.781323E+07  0.103422E+08  0.103420E+08  0.000000E+00  0.781323E+07
  0.643096E-04  0.781321E+07  0.781321E+07  0.103370E+08  0.103367E+08  0.000000E+00  0.781321E+07
  0.664894E-04  0.781319E+07  0.781319E+07  0.103315E+08  0.103311E+08  0.000000E+00  0.781319E+07
  0.687430E-04  0.781317E+07  0.781316E+07  0.103255E+08  0.103252E+08  0.000000E+00  0.781317E+07
  0.710731E-04  0.781314E+07  0.781314E+07  0.103192E+08  0.103188E+08  0.000000E+00  0.781314E+07
  0.734821E-04  0.781311E+07  0.781311E+07  0.103124E+08  0.103120E+08  0.000000E+00  0.781311E+07
  0.759728E-04  0.781308E+07  0.781308E+07  0.103052E+08  0.103047E+08  0.000000E+00  0.781308E+07
  0.785479E-04  0.781305E+07  0.781305E+07  0.102974E+08  0.102970E+08  0.000000E+00  0.781305E+07
  0.812103E-04  0.781302E+07  0.781302E+07  0.102891E+08  0.102886E+08  0.000000E+00  0.781302E+07
  0.839629E-04  0.781298E+07  0.781298E+07  0.102803E+08  0.102798E+08  0.000000E+00  0.781298E+07
  0.868089E-04  0.781294E+07  0.781294E+07  0.102709E+08  0.102703E+08  0.000000E+00  0.781294E+07
  0.897513E-04  0.781290E+07  0.781290E+07  0.102608E+08  0.102602E+08  0.000000E+00  0.781290E+07
  0.927934E-04  0.781285E+07  0.781285E+07  0.102500E+08  0.102494E+08  0.000000E+00  0.781285E+07
  0.959386E-04  0.781281E+07  0.781281E+07  0.102386E+08  0.102379E+08  0.000000E+00  0.781281E+07
  0.991905E-04  0.781276E+07  0.781275E+07  0.102263E+08  0.102256E+08  0.000000E+00  0.781276E+07
  0.102553E-03  0.781270E+07  0.781270E+07  0.102132E+08  0.102124E+08  0.000000E+00  0.781270E+07
  0.106029E-03  0.781264E+07  0.781264E+07  0.101992E+08  0.101984E+08  0.000000E+00  0.781264E+07
  0.109622E-03  0.781258E+07  0.781258E+07  0.101843E+08  0.101834E+08  0.000000E+00  0.781258E+07
  0.113338E-03  0.781252E+07  0.781251E+07  0.101683E+08  0.101674E+08  0.000000E+00  0.781252E+07
  0.117180E-03  0.781244E+07  0.781244E+07  0.101513E+08  0.101503E+08  0.000000E+00  0.781244E+07
  0.121152E-03  0.781237E+07  0.781237E+07  0.101332E+08  0.101321E+08  0.000000E+00  0.781237E+07
  0.125258E-03  0.781229E+07  0.781229E+07  0.101138E+08  0.101127E+08  0.000000E+00  0.781229E+07
  0.129504E-03  0.781220E+07  0.781220E+07  0.100932E+08  0.100919E+08  0.000000E+00  0.781220E+07
  0.133893E-03  0.781211E+07  0.781211E+07  0.100711E+08  0.100698E+08  0.000000E+00  0.781211E+07
  0.138431E-03  0.781201E+07  0.781201E+07  0.100476E+08  0.100462E+08  0.000000E+00  0.781201E+07
  0.143124E-03  0.781190E+07  0.781190E+07  0.100225E+08  0.100210E+08  0.000000E+00  0.781190E+07
  0.147975E-03  0.781179E+07  0.781179E+07  0.999578E+07  0.999420E+07  0.000000E+00  0.781179E+07
  0.152990E-03  0.781167E+07  0.781167E+07  0.996727E+07  0.996559E+07  0.000000E+00  0.781167E+07
  0.158176E-03  0.781154E+07  0.781154E+07  0.993688E+07  0.993509E+07  0.000000E+00  0.781154E+07
  0.163537E-03  0.781141E+07  0.781140E+07  0.990449E+07  0.990258E+07  0.000000E+00  0.781140E+07
  0.169081E-03  0.781126E+07  0.781126E+07  0.986998E+07  0.986795E+07  0.000000E+00  0.781126E+07
  0.174812E-03  0.781110E+07  0.781110E+07  0.983321E+07  0.983105E+07  0.000000E+00  0.781110E+07
  0.180737E-03  0.781093E+07  0.781093E+07  0.979405E+07  0.979175E+07  0.000000E+00  0.781093E+07
  0.186863E-03  0.781076E+07  0.781075E+07  0.975236E+07  0.974991E+07  0.000000E+00  0.781075E+07
  0.193197E-03  0.781056E+07  0.781056E+07  0.970797E+07  0.970536E+07  0.000000E+00  0.781056E+07
  0.199745E-03  0.781036E+07  0.781036E+07  0.966074E+07  0.965796E+07  0.000000E+00  0.781036E+07
  0.206515E-03  0.781014E+07  0.781014E+07  0.961049E+07  0.960754E+07  0.000000E+00  0.781014E+07
  0.213515E-03  0.780991E+07  0.780990E+07  0.955704E+07  0.955391E+07  0.000000E+00  0.780991E+07
  0.220752E-03  0.780966E+07  0.780965E+07  0.950023E+07  0.949690E+07  0.000000E+00  0.780966E+07
  0.228235E-03  0.780939E+07  0.780939E+07  0.943985E+07  0.943632E+07  0.000000E+00  0.780939E+07
  0.235971E-03  0.780911E+07  0.780910E+07  0.937571E+07  0.937196E+07  0.000000E+00  0.780911E+07
  0.243969E-03  0.780881E+07  0.780880E+07  0.930760E+07  0.930362E+07  0.000000E+00  0.780880E+07
  0.252239E-03  0.780848E+07  0.780848E+07  0.923531E+07  0.923110E+07  0.000000E+00  0.780848E+07
  0.260788E-03  0.780814E+07  0.780813E+07  0.915863E+07  0.915416E+07  0.000000E+00  0.780814E+07
  0.269628E-03  0.780777E+07  0.780776E+07  0.907733E+07  0.907260E+07  0.000000E+00  0.780777E+07
  0.278767E-03  0.780737E+07  0.780737E+07  0.899118E+07  0.898618E+07  0.000000E+00  0.780737E+07
  0.288216E-03  0.780695E+07  0.780694E+07  0.889995E+07  0.889466E+07  0.000000E+00  0.780695E+07
  0.297985E-03  0.780650E+07  0.780650E+07  0.880341E+07  0.879781E+07  0.000000E+00  0.780650E+07
  0.308085E-03  0.780603E+07  0.780602E+07  0.870130E+07  0.869539E+07  0.000000E+00  0.780602E+07
  0.318527E-03  0.780552E+07  0.780550E+07  0.859340E+07  0.858717E+07  0.000000E+00  0.780551E+07
  0.329324E-03  0.780497E+07  0.780496E+07  0.847948E+07  0.847290E+07  0.000000E+00  0.780497E+07
  0.340486E-03  0.780439E+07  0.780438E+07  0.835929E+07  0.835236E+07  0.000000E+00  0.780439E+07
  0.352027E-03  0.780377E+07  0.780375E+07  0.823261E+07  0.822532E+07  0.000000E+00  0.780377E+07
  0.363959E-03  0.780311E+07  0.780309E+07  0.809923E+07  0.809157E+07  0.000000E+00  0.780310E+07
  0.376296E-03  0.780240E+07  0.780239E+07  0.795894E+07  0.795089E+07  0.000000E+00  0.780240E+07
  0.389050E-03  0.780165E+07  0.780163E+07  0.781154E+07  0.780311E+07  0.000000E+00  0.780165E+07
  0.402237E-03  0.780085E+07  0.780083E+07  0.765689E+07  0.764806E+07  0.000000E+00  0.780084E+07
  0.415871E-03  0.779999E+07  0.779997E+07  0.749483E+07  0.748560E+07  0.000000E+00  0.779999E+07
  0.429967E-03  0.779908E+07  0.779906E+07  0.732525E+07  0.731561E+07  0.000000E+00  0.779908E+07
  0.444541E-03  0.779811E+07  0.779809E+07  0.714807E+07  0.713802E+07  0.000000E+00  0.779811E+07
  0.459609E-03  0.779708E+07  0.779706E+07  0.696327E+07  0.695281E+07  0.000000E+00  0.779708E+07
  0.475187E-03  0.779598E+07  0.779595E+07  0.677085E+07  0.675998E+07  0.000000E+00  0.779597E+07
  0.491294E-03  0.779481E+07  0.779478E+07  0.657089E+07  0.655961E+07  0.000000E+00  0.779480E+07
  0.507946E-03  0.779356E+07  0.779353E+07  0.636351E+07  0.635184E+07  0.000000E+00  0.779356E+07
  0.525163E-03  0.779223E+07  0.779220E+07  0.614893E+07  0.613687E+07  0.000000E+00  0.779223E+07
  0.542963E-03  0.779082E+07  0.779079E+07  0.592742E+07  0.591500E+07  0.000000E+00  0.779082E+07
  0.561367E-03  0.778932E+07  0.778929E+07  0.569935E+07  0.568658E+07  0.000000E+00  0.778931E+07
  0.580395E-03  0.778772E+07  0.778769E+07  0.546519E+07  0.545209E+07  0.000000E+00  0.778772E+07
  0.600067E-03  0.778603E+07  0.778599E+07  0.522551E+07  0.521210E+07  0.000000E+00  0.778602E+07
  0.620407E-03  0.778423E+07  0.778418E+07  0.498096E+07  0.496727E+07  0.000000E+00  0.778422E+07
  0.641435E-03  0.778231E+07  0.778227E+07  0.473235E+07  0.471841E+07  0.000000E+00  0.778230E+07
  0.663177E-03  0.778028E+07  0.778023E+07  0.448057E+07  0.446642E+07  0.000000E+00  0.778027E+07
  0.685655E-03  0.777812E+07  0.777807E+07  0.422665E+07  0.421233E+07  0.000000E+00  0.777812E+07
  0.708896E-03  0.777584E+07  0.777578E+07  0.397174E+07  0.395727E+07  0.000000E+00  0.777583E+07
  0.732924E-03  0.777341E+07  0.777335E+07  0.371709E+07  0.370252E+07  0.000000E+00  0.777340E+07
  0.757767E-03  0.777084E+07  0.777078E+07  0.346409E+07  0.344944E+07  0.000000E+00  0.777083E+07
  0.783451E-03  0.776812E+07  0.776805E+07  0.321420E+07  0.319951E+07  0.000000E+00  0.776811E+07
  0.810006E-03  0.776524E+07  0.776516E+07  0.296896E+07  0.295427E+07  0.000000E+00  0.776522E+07
  0.837462E-03  0.776219E+07  0.776211E+07  0.273001E+07  0.271532E+07  0.000000E+00  0.776217E+07
  0.865847E-03  0.775896E+07  0.775888E+07  0.249899E+07  0.248432E+07  0.000000E+00  0.775895E+07
  0.895195E-03  0.775555E+07  0.775546E+07  0.227754E+07  0.226289E+07  0.000000E+00  0.775553E+07
  0.925538E-03  0.775194E+07  0.775185E+07  0.206728E+07  0.205264E+07  0.000000E+00  0.775193E+07
  0.956909E-03  0.774814E+07  0.774804E+07  0.186974E+07  0.185508E+07  0.000000E+00  0.774812E+07
  0.989344E-03  0.774412E+07  0.774401E+07  0.168630E+07  0.167158E+07  0.000000E+00  0.774410E+07
  0.102288E-02  0.773989E+07  0.773977E+07  0.151817E+07  0.150333E+07  0.000000E+00  0.773987E+07
  0.105755E-02  0.773542E+07  0.773530E+07  0.136630E+07  0.135126E+07  0.000000E+00  0.773540E+07
  0.109339E-02  0.773072E+07  0.773058E+07  0.123133E+07  0.121600E+07  0.000000E+00  0.773069E+07
  0.113045E-02  0.772576E+07  0.772562E+07  0.111355E+07  0.109783E+07  0.000000E+00  0.772574E+07
  0.116877E-02  0.772055E+07  0.772040E+07  0.101284E+07  0.996615E+06  0.000000E+00  0.772053E+07
  0.120839E-02  0.771507E+07  0.771491E+07  0.928638E+06  0.911797E+06  0.000000E+00  0.771504E+07
  0.124935E-02  0.770931E+07  0.770914E+07  0.859916E+06  0.842362E+06  0.000000E+00  0.770928E+07
  0.129169E-02  0.770326E+07  0.770308E+07  0.805199E+06  0.786851E+06  0.000000E+00  0.770323E+07
  0.133547E-02  0.769691E+07  0.769671E+07  0.762578E+06  0.743392E+06  0.000000E+00  0.769688E+07
  0.138074E-02  0.769025E+07  0.769004E+07  0.729785E+06  0.709761E+06  0.000000E+00  0.769021E+07
  0.142754E-02  0.768326E+07  0.768303E+07  0.704276E+06  0.683482E+06  0.000000E+00  0.768322E+07
  0.147593E-02  0.767593E+07  0.767570E+07  0.683367E+06  0.661944E+06  0.000000E+00  0.767589E+07
  0.152595E-02  0.766826E+07  0.766801E+07  0.664384E+06  0.642562E+06  0.000000E+00  0.766822E+07
  0.157768E-02  0.766023E+07  0.765996E+07  0.644844E+06  0.622947E+06  0.000000E+00  0.766018E+07
  0.163115E-02  0.765182E+07  0.765153E+07  0.622646E+06  0.601088E+06  0.000000E+00  0.765177E+07
  0.168644E-02  0.764302E+07  0.764271E+07  0.596243E+06  0.575518E+06  0.000000E+00  0.764297E+07
  0.174360E-02  0.763383E+07  0.763349E+07  0.564800E+06  0.545459E+06  0.000000E+00  0.763377E+07
  0.180270E-02  0.762421E+07  0.762386E+07  0.528289E+06  0.510904E+06  0.000000E+00  0.762415E+07
  0.186380E-02  0.761416E+07  0.761378E+07  0.487510E+06  0.472628E+06  0.000000E+00  0.761410E+07
  0.192698E-02  0.760367E+07  0.760326E+07  0.444020E+06  0.432108E+06  0.000000E+00  0.760360E+07
  0.199229E-02  0.759271E+07  0.759228E+07  0.399955E+06  0.391340E+06  0.000000E+00  0.759264E+07
  0.205982E-02  0.758128E+07  0.758081E+07  0.357751E+06  0.352570E+06  0.000000E+00  0.758120E+07
  0.212964E-02  0.756934E+07  0.756885E+07  0.319788E+06  0.317942E+06  0.000000E+00  0.756926E+07
  0.220183E-02  0.755690E+07  0.755637E+07  0.288001E+06  0.289144E+06  0.000000E+00  0.755681E+07
  0.227646E-02  0.754392E+07  0.754336E+07  0.263515E+06  0.267072E+06  0.000000E+00  0.754383E+07
  0.235362E-02  0.753039E+07  0.752979E+07  0.246392E+06  0.251614E+06  0.000000E+00  0.753029E+07
  0.243339E-02  0.751630E+07  0.751566E+07  0.235545E+06  0.241605E+06  0.000000E+00  0.751620E+07
  0.251587E-02  0.750163E+07  0.750095E+07  0.000000E+00  0.000000E+00  0.000000E+00  0.750152E+07
  0.260115E-02  0.748635E+07  0.748562E+07  0.000000E+00  0.000000E+00  0.000000E+00  0.748623E+07
  0.268932E-02  0.747045E+07  0.746968E+07  0.000000E+00  0.000000E+00  0.000000E+00  0.747032E+07
  0.278047E-02  0.745392E+07  0.745308E+07  0.000000E+00  0.000000E+00  0.000000E+00  0.745378E+07
  0.287471E-02  0.743672E+07  0.743583E+07  0.000000E+00  0.000000E+00  0.000000E+00  0.743657E+07
  0.297215E-02  0.741884E+07  0.741790E+07  0.000000E+00  0.000000E+00  0.000000E+00  0.741868E+07
  0.307289E-02  0.740027E+07  0.739926E+07  0.000000E+00  0.000000E+00  0.000000E+00  0.740010E+07
  0.317705E-02  0.738097E+07  0.737989E+07  0.000000E+00  0.000000E+00  0.000000E+00  0.738079E+07
  0.328474E-02  0.736094E+07  0.735979E+07  0.000000E+00  0.000000E+00  0.000000E+00  0.736074E+07
  0.339607E-02  0.734014E+07  0.733891E+07  0.000000E+00  0.000000E+00  0.000000E+00  0.733994E+07
  0.351118E-02  0.731856E+07  0.731726E+07  0.000000E+00  0.000000E+00  0.000000E+00  0.731835E+07
  0.363020E-02  0.729619E+07  0.729479E+07  0.000000E+00  0.000000E+00  0.000000E+00  0.729595E+07
  0.375324E-02  0.727298E+07  0.727150E+07  0.000000E+00  0.000000E+00  0.000000E+00  0.727274E+07
  0.388046E-02  0.724894E+07  0.724735E+07  0.000000E+00  0.000000E+00  0.000000E+00  0.724867E+07
  0.401199E-02  0.722402E+07  0.722233E+07  0.000000E+00  0.000000E+00  0.000000E+00  0.722374E+07
  0.414797E-02  0.719822E+07  0.719642E+07  0.000000E+00  0.000000E+00  0.000000E+00  0.719792E+07
  0.428857E-02  0.717151E+07  0.716959E+07  0.000000E+00  0.000000E+00  0.000000E+00  0.717119E+07
  0.443393E-02  0.714387E+07  0.714182E+07  0.000000E+00  0.000000E+00  0.000000E+00  0.714353E+07
  0.458422E-02  0.711528E+07  0.711309E+07  0.000000E+00  0.000000E+00  0.000000E+00  0.711491E+07
  0.473960E-02  0.708571E+07  0.708338E+07  0.000000E+00  0.000000E+00  0.000000E+00  0.708532E+07
  0.490025E-02  0.705514E+07  0.705266E+07  0.000000E+00  0.000000E+00  0.000000E+00  0.705472E+07
  0.506635E-02  0.702355E+07  0.702091E+07  0.000000E+00  0.000000E+00  0.000000E+00  0.702311E+07
  0.523807E-02  0.699092E+07  0.698810E+07  0.000000E+00  0.000000E+00  0.000000E+00  0.699045E+07
  0.541562E-02  0.695722E+07  0.695422E+07  0.000000E+00  0.000000E+00  0.000000E+00  0.695672E+07
  0.559918E-02  0.692244E+07  0.691925E+07  0.000000E+00  0.000000E+00  0.000000E+00  0.692191E+07
  0.578897E-02  0.688655E+07  0.688315E+07  0.000000E+00  0.000000E+00  0.000000E+00  0.688599E+07
  0.598518E-02  0.684953E+07  0.684591E+07  0.000000E+00  0.000000E+00  0.000000E+00  0.684893E+07
  0.618805E-02  0.681136E+07  0.680750E+07  0.000000E+00  0.000000E+00  0.000000E+00  0.681072E+07
  0.639780E-02  0.677201E+07  0.676790E+07  0.000000E+00  0.000000E+00  0.000000E+00  0.677132E+07
  0.661465E-02  0.673146E+07  0.672709E+07  0.000000E+00  0.000000E+00  0.000000E+00  0.673073E+07
  0.683885E-02  0.668969E+07  0.668504E+07  0.000000E+00  0.000000E+00  0.000000E+00  0.668891E+07
  0.707066E-02  0.664667E+07  0.664173E+07  0.000000E+00  0.000000E+00  0.000000E+00  0.664585E+07
  0.731032E-02  0.660239E+07  0.659713E+07  0.000000E+00  0.000000E+00  0.000000E+00  0.660151E+07
  0.755810E-02  0.655682E+07  0.655123E+07  0.000000E+00  0.000000E+00  0.000000E+00  0.655589E+07
  0.781428E-02  0.650994E+07  0.650399E+07  0.000000E+00  0.000000E+00  0.000000E+00  0.650895E+07
  0.807915E-02  0.646172E+07  0.645540E+07  0.000000E+00  0.000000E+00  0.000000E+00  0.646067E+07
  0.835299E-02  0.641215E+07  0.640543E+07  0.000000E+00  0.000000E+00  0.000000E+00  0.641103E+07
  0.863612E-02  0.636119E+07  0.635406E+07  0.000000E+00  0.000000E+00  0.000000E+00  0.636000E+07
  0.892884E-02  0.630884E+07  0.630126E+07  0.000000E+00  0.000000E+00  0.000000E+00  0.630757E+07
  0.923149E-02  0.625505E+07  0.624701E+07  0.000000E+00  0.000000E+00  0.000000E+00  0.625371E+07
  0.954439E-02  0.619982E+07  0.619128E+07  0.000000E+00  0.000000E+00  0.000000E+00  0.619840E+07
  0.986790E-02  0.614313E+07  0.613406E+07  0.000000E+00  0.000000E+00  0.000000E+00  0.614162E+07
  0.102024E-01  0.608493E+07  0.607532E+07  0.000000E+00  0.000000E+00  0.000000E+00  0.608333E+07
  0.105482E-01  0.602523E+07  0.601504E+07  0.000000E+00  0.000000E+00  0.000000E+00  0.602353E+07
  0.109057E-01  0.596399E+07  0.595318E+07  0.000000E+00  0.000000E+00  0.000000E+00  0.596219E+07
  0.112754E-01  0.590119E+07  0.588975E+07  0.000000E+00  0.000000E+00  0.000000E+00  0.589928E+07
  0.116575E-01  0.583682E+07  0.582470E+07  0.000000E+00  0.000000E+00  0.000000E+00  0.583480E+07
  0.120527E-01  0.577085E+07  0.575802E+07  0.000000E+00  0.000000E+00  0.000000E+00  0.576871E+07
  0.124612E-01  0.570327E+07  0.568969E+07  0.000000E+00  0.000000E+00  0.000000E+00  0.570100E+07
  0.128836E-01  0.563405E+07  0.561970E+07  0.000000E+00  0.000000E+00  0.000000E+00  0.563166E+07
  0.133203E-01  0.556319E+07  0.554803E+07  0.000000E+00  0.000000E+00  0.000000E+00  0.556066E+07
  0.137718E-01  0.549067E+07  0.547466E+07  0.000000E+00  0.000000E+00  0.000000E+00  0.548800E+07
  0.142386E-01  0.541648E+07  0.539958E+07  0.000000E+00  0.000000E+00  0.000000E+00  0.541366E+07
  0.147212E-01  0.534060E+07  0.532278E+07  0.000000E+00  0.000000E+00  0.000000E+00  0.533763E+07
  0.152202E-01  0.526305E+07  0.524427E+07  0.000000E+00  0.000000E+00  0.000000E+00  0.525992E+07
  0.157360E-01  0.518381E+07  0.516403E+07  0.000000E+00  0.000000E+00  0.000000E+00  0.518051E+07
  0.162694E-01  0.510288E+07  0.508208E+07  0.000000E+00  0.000000E+00  0.000000E+00  0.509941E+07
  0.168209E-01  0.502028E+07  0.499842E+07  0.000000E+00  0.000000E+00  0.000000E+00  0.501664E+07
  0.173910E-01  0.493602E+07  0.491306E+07  0.000000E+00  0.000000E+00  0.000000E+00  0.493220E+07
  0.179805E-01  0.485013E+07  0.482604E+07  0.000000E+00  0.000000E+00  0.000000E+00  0.484611E+07
  0.185899E-01  0.476262E+07  0.473738E+07  0.000000E+00  0.000000E+00  0.000000E+00  0.475842E+07
  0.192200E-01  0.467354E+07  0.464713E+07  0.000000E+00  0.000000E+00  0.000000E+00  0.466914E+07
  0.198715E-01  0.458294E+07  0.455533E+07  0.000000E+00  0.000000E+00  0.000000E+00  0.457834E+07
  0.205450E-01  0.449087E+07  0.446205E+07  0.000000E+00  0.000000E+00  0.000000E+00  0.448607E+07
  0.212414E-01  0.439740E+07  0.436736E+07  0.000000E+00  0.000000E+00  0.000000E+00  0.439239E+07
  0.219614E-01  0.430262E+07  0.427136E+07  0.000000E+00  0.000000E+00  0.000000E+00  0.429741E+07
  0.227058E-01  0.420662E+07  0.417414E+07  0.000000E+00  0.000000E+00  0.000000E+00  0.420120E+07
  0.234754E-01  0.410951E+07  0.407583E+07  0.000000E+00  0.000000E+00  0.000000E+00  0.410390E+07
  0.242711E-01  0.401143E+07  0.397657E+07  0.000000E+00  0.000000E+00  0.000000E+00  0.400562E+07
  0.250938E-01  0.391252E+07  0.387651E+07  0.000000E+00  0.000000E+00  0.000000E+00  0.390652E+07
  0.259443E-01  0.381294E+07  0.377583E+07  0.000000E+00  0.000000E+00  0.000000E+00  0.380676E+07
  0.268237E-01  0.371289E+07  0.367473E+07  0.000000E+00  0.000000E+00  0.000000E+00  0.370653E+07
  0.277329E-01  0.361256E+07  0.357342E+07  0.000000E+00  0.000000E+00  0.000000E+00  0.360604E+07
  0.286729E-01  0.351218E+07  0.347215E+07  0.000000E+00  0.000000E+00  0.000000E+00  0.350550E+07
  0.296448E-01  0.341199E+07  0.337117E+07  0.000000E+00  0.000000E+00  0.000000E+00  0.340518E+07
  0.306496E-01  0.331226E+07  0.327077E+07  0.000000E+00  0.000000E+00  0.000000E+00  0.330534E+07
  0.316885E-01  0.321326E+07  0.317123E+07  0.000000E+00  0.000000E+00  0.000000E+00  0.320626E+07
  0.327626E-01  0.311531E+07  0.307288E+07  0.000000E+00  0.000000E+00  0.000000E+00  0.310823E+07
  0.338731E-01  0.303577E+07  0.299310E+07  0.000000E+00  0.000000E+00  0.000000E+00  0.302866E+07
  0.350212E-01  0.294139E+07  0.289867E+07  0.000000E+00  0.000000E+00  0.000000E+00  0.293427E+07
  0.362083E-01  0.284767E+07  0.280508E+07  0.000000E+00  0.000000E+00  0.000000E+00  0.284057E+07
  0.374355E-01  0.275607E+07  0.271382E+07  0.000000E+00  0.000000E+00  0.000000E+00  0.274902E+07
  0.387044E-01  0.266698E+07  0.262529E+07  0.000000E+00  0.000000E+00  0.000000E+00  0.266003E+07
  0.400163E-01  0.258076E+07  0.253984E+07  0.000000E+00  0.000000E+00  0.000000E+00  0.257394E+07
  0.413727E-01  0.249771E+07  0.245781E+07  0.000000E+00  0.000000E+00  0.000000E+00  0.249106E+07
  0.427750E-01  0.241812E+07  0.237944E+07  0.000000E+00  0.000000E+00  0.000000E+00  0.241168E+07
  0.442248E-01  0.233217E+07  0.229495E+07  0.000000E+00  0.000000E+00  0.000000E+00  0.232597E+07
  0.457238E-01  0.225994E+07  0.222437E+07  0.000000E+00  0.000000E+00  0.000000E+00  0.225401E+07
  0.472737E-01  0.219143E+07  0.215769E+07  0.000000E+00  0.000000E+00  0.000000E+00  0.218580E+07
  0.488760E-01  0.212650E+07  0.209476E+07  0.000000E+00  0.000000E+00  0.000000E+00  0.212121E+07
  0.505327E-01  0.206495E+07  0.203534E+07  0.000000E+00  0.000000E+00  0.000000E+00  0.206001E+07
  0.522455E-01  0.200652E+07  0.197912E+07  0.000000E+00  0.000000E+00  0.000000E+00  0.200195E+07
  0.540163E-01  0.195614E+07  0.193099E+07  0.000000E+00  0.000000E+00  0.000000E+00  0.195195E+07
  0.558473E-01  0.190280E+07  0.187989E+07  0.000000E+00  0.000000E+00  0.000000E+00  0.189898E+07
  0.577402E-01  0.185154E+07  0.183080E+07  0.000000E+00  0.000000E+00  0.000000E+00  0.184808E+07
  0.596973E-01  0.180192E+07  0.178322E+07  0.000000E+00  0.000000E+00  0.000000E+00  0.179880E+07
  0.617207E-01  0.175341E+07  0.173658E+07  0.000000E+00  0.000000E+00  0.000000E+00  0.175061E+07
  0.638128E-01  0.170184E+07  0.168663E+07  0.000000E+00  0.000000E+00  0.000000E+00  0.169930E+07
  0.659757E-01  0.165349E+07  0.163961E+07  0.000000E+00  0.000000E+00  0.000000E+00  0.165117E+07
  0.682120E-01  0.160420E+07  0.159133E+07  0.000000E+00  0.000000E+00  0.000000E+00  0.160205E+07
  0.705240E-01  0.155343E+07  0.154123E+07  0.000000E+00  0.000000E+00  0.000000E+00  0.155140E+07
  0.729144E-01  0.150197E+07  0.149008E+07  0.000000E+00  0.000000E+00  0.000000E+00  0.149999E+07
  0.753859E-01  0.144797E+07  0.143606E+07  0.000000E+00  0.000000E+00  0.000000E+00  0.144599E+07
  0.779411E-01  0.139247E+07  0.138026E+07  0.000000E+00  0.000000E+00  0.000000E+00  0.139043E+07
  0.805829E-01  0.133579E+07  0.132304E+07  0.000000E+00  0.000000E+00  0.000000E+00  0.133366E+07
  0.833143E-01  0.127835E+07  0.126491E+07  0.000000E+00  0.000000E+00  0.000000E+00  0.127611E+07
  0.861383E-01  0.122072E+07  0.120656E+07  0.000000E+00  0.000000E+00  0.000000E+00  0.121836E+07
  0.890579E-01  0.116378E+07  0.114895E+07  0.000000E+00  0.000000E+00  0.000000E+00  0.116131E+07
  0.920766E-01  0.110865E+07  0.109333E+07  0.000000E+00  0.000000E+00  0.000000E+00  0.110610E+07
  0.951975E-01  0.105658E+07  0.104103E+07  0.000000E+00  0.000000E+00  0.000000E+00  0.105399E+07
  0.984242E-01  0.100869E+07  0.993248E+06  0.000000E+00  0.000000E+00  0.000000E+00  0.100612E+07
  0.101760E+00  0.965717E+06  0.950754E+06  0.000000E+00  0.000000E+00  0.000000E+00  0.963223E+06
  0.105209E+00  0.927831E+06  0.913721E+06  0.000000E+00  0.000000E+00  0.000000E+00  0.925480E+06
  0.108776E+00  0.894638E+06  0.881693E+06  0.000000E+00  0.000000E+00  0.000000E+00  0.892480E+06
  0.112463E+00  0.865262E+06  0.853695E+06  0.000000E+00  0.000000E+00  0.000000E+00  0.863334E+06
  0.116274E+00  0.838594E+06  0.828480E+06  0.000000E+00  0.000000E+00  0.000000E+00  0.836908E+06
  0.120216E+00  0.813425E+06  0.804685E+06  0.000000E+00  0.000000E+00  0.000000E+00  0.811969E+06
  0.124290E+00  0.788403E+06  0.780807E+06  0.000000E+00  0.000000E+00  0.000000E+00  0.787137E+06
  0.128503E+00  0.762066E+06  0.755268E+06  0.000000E+00  0.000000E+00  0.000000E+00  0.760933E+06
  0.132859E+00  0.733301E+06  0.726892E+06  0.000000E+00  0.000000E+00  0.000000E+00  0.732233E+06
  0.137362E+00  0.701831E+06  0.695418E+06  0.000000E+00  0.000000E+00  0.000000E+00  0.700762E+06
  0.142018E+00  0.668261E+06  0.661537E+06  0.000000E+00  0.000000E+00  0.000000E+00  0.667141E+06
  0.146832E+00  0.633799E+06  0.626612E+06  0.000000E+00  0.000000E+00  0.000000E+00  0.632601E+06
  0.151809E+00  0.600010E+06  0.592395E+06  0.000000E+00  0.000000E+00  0.000000E+00  0.598740E+06
  0.156954E+00  0.568510E+06  0.560677E+06  0.000000E+00  0.000000E+00  0.000000E+00  0.567205E+06
  0.162274E+00  0.540643E+06  0.532920E+06  0.000000E+00  0.000000E+00  0.000000E+00  0.539356E+06
  0.167774E+00  0.517154E+06  0.509894E+06  0.000000E+00  0.000000E+00  0.000000E+00  0.515944E+06
  0.173461E+00  0.497713E+06  0.491191E+06  0.000000E+00  0.000000E+00  0.000000E+00  0.496626E+06
  0.179341E+00  0.480911E+06  0.475236E+06  0.000000E+00  0.000000E+00  0.000000E+00  0.479965E+06
  0.185419E+00  0.464805E+06  0.459890E+06  0.000000E+00  0.000000E+00  0.000000E+00  0.463986E+06
  0.191704E+00  0.447569E+06  0.443159E+06  0.000000E+00  0.000000E+00  0.000000E+00  0.446834E+06
  0.198202E+00  0.428250E+06  0.424021E+06  0.000000E+00  0.000000E+00  0.000000E+00  0.427545E+06
  0.204920E+00  0.407037E+06  0.402719E+06  0.000000E+00  0.000000E+00  0.000000E+00  0.406318E+06
  0.211866E+00  0.385104E+06  0.380580E+06  0.000000E+00  0.000000E+00  0.000000E+00  0.384350E+06
  0.219047E+00  0.364212E+06  0.359562E+06  0.000000E+00  0.000000E+00  0.000000E+00  0.363437E+06
  0.226472E+00  0.345941E+06  0.341382E+06  0.000000E+00  0.000000E+00  0.000000E+00  0.345181E+06
  0.234148E+00  0.330735E+06  0.326506E+06  0.000000E+00  0.000000E+00  0.000000E+00  0.330031E+06
  0.242084E+00  0.317818E+06  0.314049E+06  0.000000E+00  0.000000E+00  0.000000E+00  0.317190E+06
  0.250290E+00  0.305680E+06  0.302331E+06  0.000000E+00  0.000000E+00  0.000000E+00  0.305122E+06
  0.258774E+00  0.292711E+06  0.289606E+06  0.000000E+00  0.000000E+00  0.000000E+00  0.292193E+06
  0.267545E+00  0.278437E+06  0.275383E+06  0.000000E+00  0.000000E+00  0.000000E+00  0.277928E+06
  0.276613E+00  0.263699E+06  0.260602E+06  0.000000E+00  0.000000E+00  0.000000E+00  0.263182E+06
  0.285989E+00  0.249828E+06  0.246744E+06  0.000000E+00  0.000000E+00  0.000000E+00  0.249314E+06
  0.295683E+00  0.237800E+06  0.234866E+06  0.000000E+00  0.000000E+00  0.000000E+00  0.237311E+06
  0.305705E+00  0.227452E+06  0.224767E+06  0.000000E+00  0.000000E+00  0.000000E+00  0.227004E+06
  0.316067E+00  0.217720E+06  0.215271E+06  0.000000E+00  0.000000E+00  0.000000E+00  0.217312E+06
  0.326780E+00  0.207622E+06  0.205304E+06  0.000000E+00  0.000000E+00  0.000000E+00  0.207236E+06
  0.337856E+00  0.197056E+06  0.194781E+06  0.000000E+00  0.000000E+00  0.000000E+00  0.196677E+06
  0.349308E+00  0.186843E+06  0.184610E+06  0.000000E+00  0.000000E+00  0.000000E+00  0.186471E+06
  0.361147E+00  0.177674E+06  0.175549E+06  0.000000E+00  0.000000E+00  0.000000E+00  0.177320E+06
  0.373389E+00  0.169476E+06  0.167505E+06  0.000000E+00  0.000000E+00  0.000000E+00  0.169148E+06
  0.386045E+00  0.161576E+06  0.159733E+06  0.000000E+00  0.000000E+00  0.000000E+00  0.161269E+06
  0.399130E+00  0.153567E+06  0.151798E+06  0.000000E+00  0.000000E+00  0.000000E+00  0.153272E+06
  0.412659E+00  0.145705E+06  0.143993E+06  0.000000E+00  0.000000E+00  0.000000E+00  0.145420E+06
  0.426645E+00  0.138453E+06  0.136823E+06  0.000000E+00  0.000000E+00  0.000000E+00  0.138182E+06
  0.441107E+00  0.131780E+06  0.130251E+06  0.000000E+00  0.000000E+00  0.000000E+00  0.131525E+06
  0.456058E+00  0.125337E+06  0.123891E+06  0.000000E+00  0.000000E+00  0.000000E+00  0.125096E+06
  0.471516E+00  0.118998E+06  0.117613E+06  0.000000E+00  0.000000E+00  0.000000E+00  0.118767E+06
  0.487498E+00  0.112972E+06  0.111650E+06  0.000000E+00  0.000000E+00  0.000000E+00  0.112752E+06
  0.504022E+00  0.107361E+06  0.106111E+06  0.000000E+00  0.000000E+00  0.000000E+00  0.107152E+06
  0.521106E+00  0.102006E+06  0.100824E+06  0.000000E+00  0.000000E+00  0.000000E+00  0.101809E+06
  0.538769E+00  0.968258E+05  0.956991E+05  0.000000E+00  0.000000E+00  0.000000E+00  0.966380E+05
  0.557030E+00  0.919051E+05  0.908340E+05  0.000000E+00  0.000000E+00  0.000000E+00  0.917266E+05
  0.575911E+00  0.872647E+05  0.862507E+05  0.000000E+00  0.000000E+00  0.000000E+00  0.870957E+05
  0.595431E+00  0.828264E+05  0.818641E+05  0.000000E+00  0.000000E+00  0.000000E+00  0.826660E+05
  0.615614E+00  0.785844E+05  0.776699E+05  0.000000E+00  0.000000E+00  0.000000E+00  0.784319E+05
  0.636481E+00  0.745663E+05  0.736993E+05  0.000000E+00  0.000000E+00  0.000000E+00  0.744218E+05
  0.658054E+00  0.707430E+05  0.699209E+05  0.000000E+00  0.000000E+00  0.000000E+00  0.706060E+05
  0.680359E+00  0.670978E+05  0.663176E+05  0.000000E+00  0.000000E+00  0.000000E+00  0.669678E+05
  0.703419E+00  0.636370E+05  0.628973E+05  0.000000E+00  0.000000E+00  0.000000E+00  0.635137E+05
  0.727262E+00  0.603457E+05  0.596444E+05  0.000000E+00  0.000000E+00  0.000000E+00  0.602288E+05
  0.751912E+00  0.572150E+05  0.565499E+05  0.000000E+00  0.000000E+00  0.000000E+00  0.571041E+05
  0.777399E+00  0.542407E+05  0.536104E+05  0.000000E+00  0.000000E+00  0.000000E+00  0.541357E+05
  0.803749E+00  0.514132E+05  0.508157E+05  0.000000E+00  0.000000E+00  0.000000E+00  0.513136E+05
  0.830992E+00  0.487268E+05  0.481605E+05  0.000000E+00  0.000000E+00  0.000000E+00  0.486324E+05
  0.859158E+00  0.461750E+05  0.456385E+05  0.000000E+00  0.000000E+00  0.000000E+00  0.460856E+05
  0.888280E+00  0.437512E+05  0.432429E+05  0.000000E+00  0.000000E+00  0.000000E+00  0.436665E+05
  0.918388E+00  0.414497E+05  0.409681E+05  0.000000E+00  0.000000E+00  0.000000E+00  0.413694E+05
  0.949517E+00  0.392644E+05  0.388082E+05  0.000000E+00  0.000000E+00  0.000000E+00  0.391884E+05
  0.981700E+00  0.371899E+05  0.367578E+05  0.000000E+00  0.000000E+00  0.000000E+00  0.371179E+05
  0.101498E+01  0.352205E+05  0.348114E+05  0.000000E+00  0.000000E+00  0.000000E+00  0.351523E+05
  0.104938E+01  0.333515E+05  0.329640E+05  0.000000E+00  0.000000E+00  0.000000E+00  0.332869E+05
  0.108495E+01  0.315778E+05  0.312110E+05  0.000000E+00  0.000000E+00  0.000000E+00  0.315167E+05
  0.112172E+01  0.298950E+05  0.295478E+05  0.000000E+00  0.000000E+00  0.000000E+00  0.298372E+05
  0.115974E+01  0.282989E+05  0.279702E+05  0.000000E+00  0.000000E+00  0.000000E+00  0.282441E+05
  0.119905E+01  0.267850E+05  0.264739E+05  0.000000E+00  0.000000E+00  0.000000E+00  0.267332E+05
  0.123969E+01  0.253494E+05  0.250550E+05  0.000000E+00  0.000000E+00  0.000000E+00  0.253004E+05
  0.128171E+01  0.239881E+05  0.237094E+05  0.000000E+00  0.000000E+00  0.000000E+00  0.239416E+05
  0.132516E+01  0.226975E+05  0.224339E+05  0.000000E+00  0.000000E+00  0.000000E+00  0.226536E+05
  0.137007E+01  0.214741E+05  0.212247E+05  0.000000E+00  0.000000E+00  0.000000E+00  0.214326E+05
  0.141651E+01  0.203146E+05  0.200787E+05  0.000000E+00  0.000000E+00  0.000000E+00  0.202753E+05
  0.146453E+01  0.192157E+05  0.189925E+05  0.000000E+00  0.000000E+00  0.000000E+00  0.191785E+05
  0.151417E+01  0.181744E+05  0.179633E+05  0.000000E+00  0.000000E+00  0.000000E+00  0.181392E+05
  0.156549E+01  0.171877E+05  0.169881E+05  0.000000E+00  0.000000E+00  0.000000E+00  0.171544E+05
  0.161855E+01  0.162532E+05  0.160644E+05  0.000000E+00  0.000000E+00  0.000000E+00  0.162217E+05
  0.167341E+01  0.153680E+05  0.151895E+05  0.000000E+00  0.000000E+00  0.000000E+00  0.153382E+05
  0.173013E+01  0.145297E+05  0.143609E+05  0.000000E+00  0.000000E+00  0.000000E+00  0.145015E+05
  0.178878E+01  0.137358E+05  0.135763E+05  0.000000E+00  0.000000E+00  0.000000E+00  0.137092E+05
  0.184941E+01  0.129841E+05  0.128333E+05  0.000000E+00  0.000000E+00  0.000000E+00  0.129589E+05
  0.191209E+01  0.122724E+05  0.121299E+05  0.000000E+00  0.000000E+00  0.000000E+00  0.122486E+05
  0.197690E+01  0.115987E+05  0.114640E+05  0.000000E+00  0.000000E+00  0.000000E+00  0.115762E+05
  0.204391E+01  0.109610E+05  0.108337E+05  0.000000E+00  0.000000E+00  0.000000E+00  0.109398E+05
  0.211319E+01  0.103575E+05  0.102372E+05  0.000000E+00  0.000000E+00  0.000000E+00  0.103374E+05
  0.218481E+01  0.978637E+04  0.967273E+04  0.000000E+00  0.000000E+00  0.000000E+00  0.976743E+04
  0.225887E+01  0.924599E+04  0.913862E+04  0.000000E+00  0.000000E+00  0.000000E+00  0.922809E+04
  0.233543E+01  0.873474E+04  0.863331E+04  0.000000E+00  0.000000E+00  0.000000E+00  0.871783E+04
  0.241459E+01  0.825107E+04  0.815525E+04  0.000000E+00  0.000000E+00  0.000000E+00  0.823510E+04
  0.249644E+01  0.779353E+04  0.770303E+04  0.000000E+00  0.000000E+00  0.000000E+00  0.777844E+04
  0.258105E+01  0.736078E+04  0.727530E+04  0.000000E+00  0.000000E+00  0.000000E+00  0.734653E+04
  0.266854E+01  0.695154E+04  0.687081E+04  0.000000E+00  0.000000E+00  0.000000E+00  0.693809E+04
  0.275899E+01  0.656454E+04  0.648831E+04  0.000000E+00  0.000000E+00  0.000000E+00  0.655183E+04
  0.285251E+01  0.619863E+04  0.612664E+04  0.000000E+00  0.000000E+00  0.000000E+00  0.618663E+04
  0.294919E+01  0.585269E+04  0.578472E+04  0.000000E+00  0.000000E+00  0.000000E+00  0.584136E+04
  0.304916E+01  0.552560E+04  0.546142E+04  0.000000E+00  0.000000E+00  0.000000E+00  0.551490E+04
  0.315251E+01  0.521642E+04  0.515584E+04  0.000000E+00  0.000000E+00  0.000000E+00  0.520633E+04
  0.325936E+01  0.492419E+04  0.486699E+04  0.000000E+00  0.000000E+00  0.000000E+00  0.491465E+04
  0.336984E+01  0.464802E+04  0.459403E+04  0.000000E+00  0.000000E+00  0.000000E+00  0.463902E+04
  0.348406E+01  0.438703E+04  0.433607E+04  0.000000E+00  0.000000E+00  0.000000E+00  0.437853E+04
  0.360215E+01  0.414041E+04  0.409231E+04  0.000000E+00  0.000000E+00  0.000000E+00  0.413239E+04
  0.372425E+01  0.390737E+04  0.386198E+04  0.000000E+00  0.000000E+00  0.000000E+00  0.389981E+04
  0.385048E+01  0.368721E+04  0.364437E+04  0.000000E+00  0.000000E+00  0.000000E+00  0.368007E+04
  0.398099E+01  0.347921E+04  0.343879E+04  0.000000E+00  0.000000E+00  0.000000E+00  0.347248E+04
  0.411593E+01  0.328275E+04  0.324461E+04  0.000000E+00  0.000000E+00  0.000000E+00  0.327640E+04
  0.425544E+01  0.309718E+04  0.306120E+04  0.000000E+00  0.000000E+00  0.000000E+00  0.309119E+04
  0.439968E+01  0.292192E+04  0.288796E+04  0.000000E+00  0.000000E+00  0.000000E+00  0.291626E+04
  0.454881E+01  0.275638E+04  0.272435E+04  0.000000E+00  0.000000E+00  0.000000E+00  0.275104E+04
  0.470299E+01  0.260007E+04  0.256985E+04  0.000000E+00  0.000000E+00  0.000000E+00  0.259503E+04
  0.486240E+01  0.245248E+04  0.242397E+04  0.000000E+00  0.000000E+00  0.000000E+00  0.244773E+04
  0.502721E+01  0.231313E+04  0.228624E+04  0.000000E+00  0.000000E+00  0.000000E+00  0.230864E+04
  0.519761E+01  0.218156E+04  0.215620E+04  0.000000E+00  0.000000E+00  0.000000E+00  0.217733E+04
  0.537378E+01  0.205735E+04  0.203342E+04  0.000000E+00  0.000000E+00  0.000000E+00  0.205336E+04
  0.555592E+01  0.194010E+04  0.191754E+04  0.000000E+00  0.000000E+00  0.000000E+00  0.193634E+04
  0.574424E+01  0.182943E+04  0.180815E+04  0.000000E+00  0.000000E+00  0.000000E+00  0.182589E+04
  0.593894E+01  0.172498E+04  0.170491E+04  0.000000E+00  0.000000E+00  0.000000E+00  0.172164E+04
  0.614025E+01  0.162639E+04  0.160746E+04  0.000000E+00  0.000000E+00  0.000000E+00  0.162324E+04
  0.634837E+01  0.153335E+04  0.151551E+04  0.000000E+00  0.000000E+00  0.000000E+00  0.153038E+04
  0.656355E+01  0.144556E+04  0.142874E+04  0.000000E+00  0.000000E+00  0.000000E+00  0.144276E+04
  0.678602E+01  0.136273E+04  0.134686E+04  0.000000E+00  0.000000E+00  0.000000E+00  0.136009E+04
  0.701603E+01  0.128457E+04  0.126961E+04  0.000000E+00  0.000000E+00  0.000000E+00  0.128207E+04
  0.725384E+01  0.121083E+04  0.119672E+04  0.000000E+00  0.000000E+00  0.000000E+00  0.120848E+04
  0.749971E+01  0.114126E+04  0.112796E+04  0.000000E+00  0.000000E+00  0.000000E+00  0.113904E+04
  0.775392E+01  0.107564E+04  0.106310E+04  0.000000E+00  0.000000E+00  0.000000E+00  0.107355E+04
  0.801674E+01  0.101373E+04  0.100191E+04  0.000000E+00  0.000000E+00  0.000000E+00  0.101176E+04
  0.828847E+01  0.955340E+03  0.944198E+03  0.000000E+00  0.000000E+00  0.000000E+00  0.953483E+03
  0.856940E+01  0.900272E+03  0.889768E+03  0.000000E+00  0.000000E+00  0.000000E+00  0.898521E+03
  0.885987E+01  0.848335E+03  0.838433E+03  0.000000E+00  0.000000E+00  0.000000E+00  0.846685E+03
  0.916017E+01  0.799355E+03  0.790021E+03  0.000000E+00  0.000000E+00  0.000000E+00  0.797799E+03
  0.947066E+01  0.753166E+03  0.744367E+03  0.000000E+00  0.000000E+00  0.000000E+00  0.751699E+03
  0.979166E+01  0.709615E+03  0.701321E+03  0.000000E+00  0.000000E+00  0.000000E+00  0.708232E+03
  0.101236E+02  0.668548E+03  0.660730E+03  0.000000E+00  0.000000E+00  0.000000E+00  0.667245E+03
  0.104667E+02  0.629829E+03  0.622460E+03  0.000000E+00  0.000000E+00  0.000000E+00  0.628601E+03
  0.108215E+02  0.593327E+03  0.586380E+03  0.000000E+00  0.000000E+00  0.000000E+00  0.592169E+03
  0.111883E+02  0.558915E+03  0.552368E+03  0.000000E+00  0.000000E+00  0.000000E+00  0.557824E+03
  0.115675E+02  0.526473E+03  0.520301E+03  0.000000E+00  0.000000E+00  0.000000E+00  0.525444E+03
  0.119596E+02  0.495894E+03  0.490077E+03  0.000000E+00  0.000000E+00  0.000000E+00  0.494924E+03
  0.123649E+02  0.467069E+03  0.461586E+03  0.000000E+00  0.000000E+00  0.000000E+00  0.466155E+03
  0.127841E+02  0.439900E+03  0.434732E+03  0.000000E+00  0.000000E+00  0.000000E+00  0.439039E+03
  0.132174E+02  0.414296E+03  0.409424E+03  0.000000E+00  0.000000E+00  0.000000E+00  0.413484E+03
  0.136654E+02  0.390164E+03  0.385572E+03  0.000000E+00  0.000000E+00  0.000000E+00  0.389399E+03
  0.141286E+02  0.367423E+03  0.363094E+03  0.000000E+00  0.000000E+00  0.000000E+00  0.366702E+03
  0.146075E+02  0.345993E+03  0.341912E+03  0.000000E+00  0.000000E+00  0.000000E+00  0.345313E+03
  0.151026E+02  0.325800E+03  0.321953E+03  0.000000E+00  0.000000E+00  0.000000E+00  0.325159E+03
  0.156145E+02  0.306772E+03  0.303145E+03  0.000000E+00  0.000000E+00  0.000000E+00  0.306167E+03
  0.161437E+02  0.288844E+03  0.285425E+03  0.000000E+00  0.000000E+00  0.000000E+00  0.288275E+03
  0.166909E+02  0.271953E+03  0.268729E+03  0.000000E+00  0.000000E+00  0.000000E+00  0.271416E+03
  0.172567E+02  0.256040E+03  0.253000E+03  0.000000E+00  0.000000E+00  0.000000E+00  0.255533E+03
  0.178416E+02  0.241048E+03  0.238182E+03  0.000000E+00  0.000000E+00  0.000000E+00  0.240571E+03
  0.184463E+02  0.226925E+03  0.224223E+03  0.000000E+00  0.000000E+00  0.000000E+00  0.226475E+03
  0.190716E+02  0.213622E+03  0.211073E+03  0.000000E+00  0.000000E+00  0.000000E+00  0.213197E+03
  0.197180E+02  0.201091E+03  0.198687E+03  0.000000E+00  0.000000E+00  0.000000E+00  0.200690E+03
  0.203863E+02  0.189287E+03  0.187020E+03  0.000000E+00  0.000000E+00  0.000000E+00  0.188910E+03
  0.210773E+02  0.178170E+03  0.176031E+03  0.000000E+00  0.000000E+00  0.000000E+00  0.177814E+03
  0.217917E+02  0.167700E+03  0.165682E+03  0.000000E+00  0.000000E+00  0.000000E+00  0.167363E+03
  0.225304E+02  0.157839E+03  0.155935E+03  0.000000E+00  0.000000E+00  0.000000E+00  0.157522E+03
  0.232941E+02  0.148553E+03  0.146755E+03  0.000000E+00  0.000000E+00  0.000000E+00  0.148253E+03
  0.240836E+02  0.139807E+03  0.138111E+03  0.000000E+00  0.000000E+00  0.000000E+00  0.139525E+03
  0.248999E+02  0.131572E+03  0.129971E+03  0.000000E+00  0.000000E+00  0.000000E+00  0.131305E+03
  0.257439E+02  0.123817E+03  0.122306E+03  0.000000E+00  0.000000E+00  0.000000E+00  0.123565E+03
  0.266165E+02  0.116516E+03  0.115089E+03  0.000000E+00  0.000000E+00  0.000000E+00  0.116278E+03
  0.275187E+02  0.109641E+03  0.108293E+03  0.000000E+00  0.000000E+00  0.000000E+00  0.109416E+03
  0.284514E+02  0.103168E+03  0.101895E+03  0.000000E+00  0.000000E+00  0.000000E+00  0.102956E+03
  0.294158E+02  0.970737E+02  0.958707E+02  0.000000E+00  0.000000E+00  0.000000E+00  0.968732E+02
  0.304128E+02  0.913365E+02  0.901995E+02  0.000000E+00  0.000000E+00  0.000000E+00  0.911470E+02
  0.314437E+02  0.859353E+02  0.848605E+02  0.000000E+00  0.000000E+00  0.000000E+00  0.857561E+02
  0.325095E+02  0.808507E+02  0.798345E+02  0.000000E+00  0.000000E+00  0.000000E+00  0.806813E+02
  0.336114E+02  0.760643E+02  0.751032E+02  0.000000E+00  0.000000E+00  0.000000E+00  0.759042E+02
  0.347507E+02  0.715589E+02  0.706495E+02  0.000000E+00  0.000000E+00  0.000000E+00  0.714073E+02
  0.359285E+02  0.673181E+02  0.664575E+02  0.000000E+00  0.000000E+00  0.000000E+00  0.671747E+02
  0.371463E+02  0.633263E+02  0.625116E+02  0.000000E+00  0.000000E+00  0.000000E+00  0.631906E+02
  0.384054E+02  0.595695E+02  0.587979E+02  0.000000E+00  0.000000E+00  0.000000E+00  0.594409E+02
  0.397072E+02  0.560334E+02  0.553024E+02  0.000000E+00  0.000000E+00  0.000000E+00  0.559116E+02
  0.410530E+02  0.527056E+02  0.520127E+02  0.000000E+00  0.000000E+00  0.000000E+00  0.525901E+02
  0.424445E+02  0.495736E+02  0.489167E+02  0.000000E+00  0.000000E+00  0.000000E+00  0.494641E+02
  0.438832E+02  0.466263E+02  0.460030E+02  0.000000E+00  0.000000E+00  0.000000E+00  0.465224E+02
  0.453706E+02  0.438526E+02  0.432611E+02  0.000000E+00  0.000000E+00  0.000000E+00  0.437540E+02
  0.469085E+02  0.412426E+02  0.406810E+02  0.000000E+00  0.000000E+00  0.000000E+00  0.411490E+02
  0.484984E+02  0.387866E+02  0.382530E+02  0.000000E+00  0.000000E+00  0.000000E+00  0.386976E+02
  0.501423E+02  0.364755E+02  0.359683E+02  0.000000E+00  0.000000E+00  0.000000E+00  0.363910E+02
  0.518419E+02  0.343010E+02  0.338185E+02  0.000000E+00  0.000000E+00  0.000000E+00  0.342206E+02
  0.535990E+02  0.322550E+02  0.317959E+02  0.000000E+00  0.000000E+00  0.000000E+00  0.321785E+02
  0.554158E+02  0.303300E+02  0.298928E+02  0.000000E+00  0.000000E+00  0.000000E+00  0.302572E+02
  0.572942E+02  0.285189E+02  0.281023E+02  0.000000E+00  0.000000E+00  0.000000E+00  0.284495E+02
  0.592361E+02  0.268150E+02  0.264178E+02  0.000000E+00  0.000000E+00  0.000000E+00  0.267488E+02
  0.612440E+02  0.252120E+02  0.248329E+02  0.000000E+00  0.000000E+00  0.000000E+00  0.251488E+02
  0.633198E+02  0.237040E+02  0.233420E+02  0.000000E+00  0.000000E+00  0.000000E+00  0.236437E+02
  0.654661E+02  0.222853E+02  0.219394E+02  0.000000E+00  0.000000E+00  0.000000E+00  0.222276E+02
  0.676850E+02  0.209508E+02  0.206199E+02  0.000000E+00  0.000000E+00  0.000000E+00  0.208957E+02
  0.699792E+02  0.196954E+02  0.193788E+02  0.000000E+00  0.000000E+00  0.000000E+00  0.196427E+02
  0.723511E+02  0.185146E+02  0.182113E+02  0.000000E+00  0.000000E+00  0.000000E+00  0.184641E+02
  0.748035E+02  0.174039E+02  0.171130E+02  0.000000E+00  0.000000E+00  0.000000E+00  0.173554E+02
  0.773390E+02  0.163592E+02  0.160801E+02  0.000000E+00  0.000000E+00  0.000000E+00  0.163127E+02
  0.799604E+02  0.153765E+02  0.151084E+02  0.000000E+00  0.000000E+00  0.000000E+00  0.153319E+02
  0.826706E+02  0.144524E+02  0.141946E+02  0.000000E+00  0.000000E+00  0.000000E+00  0.144094E+02
  0.854728E+02  0.135831E+02  0.133351E+02  0.000000E+00  0.000000E+00  0.000000E+00  0.135418E+02
  0.883699E+02  0.127657E+02  0.125267E+02  0.000000E+00  0.000000E+00  0.000000E+00  0.127258E+02
  0.913652E+02  0.119968E+02  0.117665E+02  0.000000E+00  0.000000E+00  0.000000E+00  0.119584E+02
  0.944620E+02  0.112738E+02  0.110515E+02  0.000000E+00  0.000000E+00  0.000000E+00  0.112368E+02
  0.976639E+02  0.105938E+02  0.103791E+02  0.000000E+00  0.000000E+00  0.000000E+00  0.105580E+02
  0.100974E+03  0.995437E+01  0.974675E+01  0.000000E+00  0.000000E+00  0.000000E+00  0.991977E+01
  0.104397E+03  0.935310E+01  0.915215E+01  0.000000E+00  0.000000E+00  0.000000E+00  0.931961E+01
  0.107935E+03  0.878770E+01  0.859300E+01  0.000000E+00  0.000000E+00  0.000000E+00  0.875525E+01
  0.111594E+03  0.825602E+01  0.806720E+01  0.000000E+00  0.000000E+00  0.000000E+00  0.822455E+01
  0.115376E+03  0.775611E+01  0.757281E+01  0.000000E+00  0.000000E+00  0.000000E+00  0.772556E+01
  0.119287E+03  0.728607E+01  0.710796E+01  0.000000E+00  0.000000E+00  0.000000E+00  0.725638E+01
  0.123330E+03  0.684411E+01  0.667088E+01  0.000000E+00  0.000000E+00  0.000000E+00  0.681524E+01
  0.127510E+03  0.642855E+01  0.625990E+01  0.000000E+00  0.000000E+00  0.000000E+00  0.640044E+01
  0.131832E+03  0.603787E+01  0.587353E+01  0.000000E+00  0.000000E+00  0.000000E+00  0.601048E+01
  0.136301E+03  0.567056E+01  0.551028E+01  0.000000E+00  0.000000E+00  0.000000E+00  0.564384E+01
  0.140921E+03  0.532524E+01  0.516878E+01  0.000000E+00  0.000000E+00  0.000000E+00  0.529917E+01
  0.145697E+03  0.500058E+01  0.484772E+01  0.000000E+00  0.000000E+00  0.000000E+00  0.497510E+01
  0.150636E+03  0.469539E+01  0.454592E+01  0.000000E+00  0.000000E+00  0.000000E+00  0.467047E+01
  0.155742E+03  0.440849E+01  0.426222E+01  0.000000E+00  0.000000E+00  0.000000E+00  0.438411E+01
  0.161021E+03  0.413878E+01  0.399554E+01  0.000000E+00  0.000000E+00  0.000000E+00  0.411491E+01
  0.166478E+03  0.388526E+01  0.374488E+01  0.000000E+00  0.000000E+00  0.000000E+00  0.386186E+01
  0.172121E+03  0.364696E+01  0.350929E+01  0.000000E+00  0.000000E+00  0.000000E+00  0.362402E+01
  0.177955E+03  0.342297E+01  0.328787E+01  0.000000E+00  0.000000E+00  0.000000E+00  0.340046E+01
  0.183987E+03  0.321243E+01  0.307977E+01  0.000000E+00  0.000000E+00  0.000000E+00  0.319032E+01
  0.190223E+03  0.301455E+01  0.288422E+01  0.000000E+00  0.000000E+00  0.000000E+00  0.299283E+01
  0.196671E+03  0.282857E+01  0.270046E+01  0.000000E+00  0.000000E+00  0.000000E+00  0.280722E+01
  0.203337E+03  0.265379E+01  0.252780E+01  0.000000E+00  0.000000E+00  0.000000E+00  0.263279E+01
