  0.106157E-04  0.711308E+06  0.711308E+06  0.948394E+06  0.948394E+06  0.713300E+06  0.711394E+06
  0.109755E-04  0.711308E+06  0.711308E+06  0.948393E+06  0.948392E+06  0.713299E+06  0.711394E+06
  0.113475E-04  0.711308E+06  0.711308E+06  0.948392E+06  0.948391E+06  0.713299E+06  0.711394E+06
  0.117321E-04  0.711308E+06  0.711308E+06  0.948391E+06  0.948390E+06  0.713299E+06  0.711394E+06
  0.121298E-04  0.711308E+06  0.711308E+06  0.948389E+06  0.948388E+06  0.713299E+06  0.711394E+06
  0.125409E-04  0.711308E+06  0.711308E+06  0.948388E+06  0.948387E+06  0.713299E+06  0.711394E+06
  0.129660E-04  0.711308E+06  0.711308E+06  0.948386E+06  0.948385E+06  0.713299E+06  0.711394E+06
  0.134055E-04  0.711308E+06  0.711308E+06  0.948384E+06  0.948383E+06  0.713299E+06  0.711394E+06
  0.138599E-04  0.711308E+06  0.711308E+06  0.948383E+06  0.948382E+06  0.713298E+06  0.711394E+06
  0.143296E-04  0.711308E+06  0.711307E+06  0.948381E+06  0.948380E+06  0.713298E+06  0.711394E+06
  0.148154E-04  0.711307E+06  0.711307E+06  0.948379E+06  0.948377E+06  0.713298E+06  0.711394E+06
  0.153175E-04  0.711307E+06  0.711307E+06  0.948376E+06  0.948375E+06  0.713298E+06  0.711394E+06
  0.158367E-04  0.711307E+06  0.711307E+06  0.948374E+06  0.948373E+06  0.713298E+06  0.711394E+06
  0.163735E-04  0.711307E+06  0.711307E+06  0.948371E+06  0.948370E+06  0.713297E+06  0.711394E+06
  0.169285E-04  0.711307E+06  0.711307E+06  0.948369E+06  0.948367E+06  0.713297E+06  0.711394E+06
  0.175023E-04  0.711307E+06  0.711307E+06  0.948366E+06  0.948364E+06  0.713297E+06  0.711394E+06
  0.180955E-04  0.711307E+06  0.711307E+06  0.948363E+06  0.948361E+06  0.713297E+06  0.711394E+06
  0.187089E-04  0.711307E+06  0.711307E+06  0.948359E+06  0.948357E+06  0.713296E+06  0.711394E+06
  0.193430E-04  0.711307E+06  0.711307E+06  0.948356E+06  0.948354E+06  0.713296E+06  0.711394E+06
  0.199986E-04  0.711307E+06  0.711307E+06  0.948352E+06  0.948350E+06  0.713296E+06  0.711394E+06
  0.206765E-04  0.711307E+06  0.711307E+06  0.948348E+06  0.948346E+06  0.713295E+06  0.711393E+06
  0.213773E-04  0.711307E+06  0.711307E+06  0.948344E+06  0.948341E+06  0.713295E+06  0.711393E+06
  0.221019E-04  0.711307E+06  0.711307E+06  0.948339E+06  0.948336E+06  0.713295E+06  0.711393E+06
  0.228511E-04  0.711307E+06  0.711306E+06  0.948334E+06  0.948331E+06  0.713294E+06  0.711393E+06
  0.236256E-04  0.711306E+06  0.711306E+06  0.948329E+06  0.948326E+06  0.713294E+06  0.711393E+06
  0.244264E-04  0.711306E+06  0.711306E+06  0.948323E+06  0.948320E+06  0.713293E+06  0.711393E+06
  0.252543E-04  0.711306E+06  0.711306E+06  0.948317E+06  0.948314E+06  0.713293E+06  0.711393E+06
  0.261103E-04  0.711306E+06  0.711306E+06  0.948311E+06  0.948307E+06  0.713292E+06  0.711393E+06
  0.269953E-04  0.711306E+06  0.711306E+06  0.948304E+06  0.948300E+06  0.713291E+06  0.711392E+06
  0.279103E-04  0.711306E+06  0.711306E+06  0.948297E+06  0.948292E+06  0.713291E+06  0.711392E+06
  0.288564E-04  0.711306E+06  0.711306E+06  0.948289E+06  0.948284E+06  0.713290E+06  0.711392E+06
  0.298345E-04  0.711306E+06  0.711305E+06  0.948280E+06  0.948275E+06  0.713289E+06  0.711392E+06
  0.308457E-04  0.711305E+06  0.711305E+06  0.948271E+06  0.948266E+06  0.713288E+06  0.711392E+06
  0.318912E-04  0.711305E+06  0.711305E+06  0.948262E+06  0.948256E+06  0.713288E+06  0.711392E+06
  0.329722E-04  0.711305E+06  0.711305E+06  0.948251E+06  0.948245E+06  0.713287E+06  0.711391E+06
  0.340898E-04  0.711305E+06  0.711305E+06  0.948240E+06  0.948234E+06  0.713286E+06  0.711391E+06
  0.352452E-04  0.711304E+06  0.711304E+06  0.948229E+06  0.948222E+06  0.713285E+06  0.711391E+06
  0.364399E-04  0.711304E+06  0.711304E+06  0.948216E+06  0.948208E+06  0.713284E+06  0.711390E+06
  0.376750E-04  0.711304E+06  0.711304E+06  0.948203E+06  0.948195E+06  0.713282E+06  0.711390E+06
  0.389520E-04  0.711304E+06  0.711304E+06  0.948188E+06  0.948180E+06  0.713281E+06  0.711390E+06
  0.402723E-04  0.711303E+06  0.711303E+06  0.948173E+06  0.948164E+06  0.713280E+06  0.711389E+06
  0.416373E-04  0.711303E+06  0.711303E+06  0.948157E+06  0.948147E+06  0.713278E+06  0.711389E+06
  0.430486E-04  0.711303E+06  0.711303E+06  0.948139E+06  0.948128E+06  0.713277E+06  0.711389E+06
  0.445078E-04  0.711302E+06  0.711302E+06  0.948120E+06  0.948109E+06  0.713275E+06  0.711388E+06
  0.460164E-04  0.711302E+06  0.711302E+06  0.948100E+06  0.948088E+06  0.713273E+06  0.711388E+06
  0.475761E-04  0.711302E+06  0.711301E+06  0.948079E+06  0.948066E+06  0.713271E+06  0.711387E+06
  0.491887E-04  0.711301E+06  0.711301E+06  0.948056E+06  0.948042E+06  0.713269E+06  0.711387E+06
  0.508560E-04  0.711301E+06  0.711300E+06  0.948032E+06  0.948017E+06  0.713267E+06  0.711386E+06
  0.525797E-04  0.711300E+06  0.711300E+06  0.948006E+06  0.947990E+06  0.713265E+06  0.711386E+06
  0.543619E-04  0.711300E+06  0.711299E+06  0.947978E+06  0.947961E+06  0.713262E+06  0.711385E+06
  0.562045E-04  0.711299E+06  0.711299E+06  0.947948E+06  0.947930E+06  0.713260E+06  0.711384E+06
  0.581096E-04  0.711298E+06  0.711298E+06  0.947916E+06  0.947897E+06  0.713257E+06  0.711384E+06
  0.600792E-04  0.711298E+06  0.711297E+06  0.947882E+06  0.947861E+06  0.713254E+06  0.711383E+06
  0.621156E-04  0.711297E+06  0.711297E+06  0.947846E+06  0.947823E+06  0.713250E+06  0.711382E+06
  0.642210E-04  0.711296E+06  0.711296E+06  0.947807E+06  0.947783E+06  0.713247E+06  0.711381E+06
  0.663978E-04  0.711295E+06  0.711295E+06  0.947765E+06  0.947740E+06  0.713243E+06  0.711380E+06
  0.686484E-04  0.711295E+06  0.711294E+06  0.947720E+06  0.947693E+06  0.713239E+06  0.711379E+06
  0.709752E-04  0.711294E+06  0.711293E+06  0.947673E+06  0.947644E+06  0.713235E+06  0.711378E+06
  0.733809E-04  0.711293E+06  0.711292E+06  0.947622E+06  0.947591E+06  0.713230E+06  0.711377E+06
  0.758682E-04  0.711292E+06  0.711291E+06  0.947568E+06  0.947534E+06  0.713226E+06  0.711376E+06
  0.784397E-04  0.711290E+06  0.711290E+06  0.947510E+06  0.947474E+06  0.713220E+06  0.711374E+06
  0.810985E-04  0.711289E+06  0.711289E+06  0.947447E+06  0.947410E+06  0.713215E+06  0.711373E+06
  0.838473E-04  0.711288E+06  0.711287E+06  0.947381E+06  0.947340E+06  0.713209E+06  0.711371E+06
  0.866893E-04  0.711286E+06  0.711286E+06  0.947310E+06  0.947267E+06  0.713202E+06  0.711370E+06
  0.896277E-04  0.711285E+06  0.711284E+06  0.947234E+06  0.947188E+06  0.713196E+06  0.711368E+06
  0.926656E-04  0.711283E+06  0.711283E+06  0.947153E+06  0.947104E+06  0.713188E+06  0.711366E+06
  0.958065E-04  0.711282E+06  0.711281E+06  0.947066E+06  0.947014E+06  0.713181E+06  0.711364E+06
  0.990539E-04  0.711280E+06  0.711279E+06  0.946974E+06  0.946917E+06  0.713172E+06  0.711362E+06
  0.102411E-03  0.711278E+06  0.711277E+06  0.946875E+06  0.946815E+06  0.713164E+06  0.711360E+06
  0.105883E-03  0.711276E+06  0.711275E+06  0.946769E+06  0.946705E+06  0.713154E+06  0.711358E+06
  0.109471E-03  0.711274E+06  0.711273E+06  0.946656E+06  0.946587E+06  0.713144E+06  0.711355E+06
  0.113182E-03  0.711271E+06  0.711270E+06  0.946535E+06  0.946462E+06  0.713133E+06  0.711352E+06
  0.117018E-03  0.711269E+06  0.711268E+06  0.946406E+06  0.946327E+06  0.713122E+06  0.711349E+06
  0.120985E-03  0.711266E+06  0.711265E+06  0.946268E+06  0.946184E+06  0.713109E+06  0.711346E+06
  0.125085E-03  0.711263E+06  0.711262E+06  0.946120E+06  0.946030E+06  0.713096E+06  0.711343E+06
  0.129325E-03  0.711260E+06  0.711258E+06  0.945963E+06  0.945866E+06  0.713082E+06  0.711339E+06
  0.133709E-03  0.711257E+06  0.711255E+06  0.945794E+06  0.945691E+06  0.713067E+06  0.711335E+06
  0.138241E-03  0.711253E+06  0.711251E+06  0.945614E+06  0.945504E+06  0.713051E+06  0.711331E+06
  0.142927E-03  0.711250E+06  0.711248E+06  0.945421E+06  0.945304E+06  0.713033E+06  0.711327E+06
  0.147771E-03  0.711246E+06  0.711243E+06  0.945216E+06  0.945090E+06  0.713015E+06  0.711322E+06
  0.152780E-03  0.711241E+06  0.711239E+06  0.944996E+06  0.944862E+06  0.712995E+06  0.711317E+06
  0.157958E-03  0.711237E+06  0.711234E+06  0.944761E+06  0.944618E+06  0.712974E+06  0.711312E+06
  0.163312E-03  0.711232E+06  0.711229E+06  0.944510E+06  0.944356E+06  0.712952E+06  0.711306E+06
  0.168848E-03  0.711226E+06  0.711224E+06  0.944241E+06  0.944078E+06  0.712928E+06  0.711300E+06
  0.174571E-03  0.711221E+06  0.711218E+06  0.943954E+06  0.943780E+06  0.712902E+06  0.711294E+06
  0.180488E-03  0.711215E+06  0.711212E+06  0.943648E+06  0.943461E+06  0.712874E+06  0.711286E+06
  0.186606E-03  0.711208E+06  0.711205E+06  0.943320E+06  0.943121E+06  0.712845E+06  0.711279E+06
  0.192931E-03  0.711201E+06  0.711198E+06  0.942970E+06  0.942757E+06  0.712814E+06  0.711271E+06
  0.199470E-03  0.711194E+06  0.711190E+06  0.942596E+06  0.942368E+06  0.712780E+06  0.711262E+06
  0.206231E-03  0.711186E+06  0.711182E+06  0.942197E+06  0.941953E+06  0.712744E+06  0.711253E+06
  0.213221E-03  0.711178E+06  0.711173E+06  0.941770E+06  0.941509E+06  0.712706E+06  0.711244E+06
  0.220448E-03  0.711169E+06  0.711164E+06  0.941313E+06  0.941035E+06  0.712665E+06  0.711233E+06
  0.227921E-03  0.711159E+06  0.711154E+06  0.940826E+06  0.940529E+06  0.712621E+06  0.711222E+06
  0.235646E-03  0.711149E+06  0.711144E+06  0.940305E+06  0.939988E+06  0.712574E+06  0.711210E+06
  0.243633E-03  0.711138E+06  0.711132E+06  0.939748E+06  0.939410E+06  0.712524E+06  0.711197E+06
  0.251891E-03  0.711126E+06  0.711120E+06  0.939154E+06  0.938792E+06  0.712470E+06  0.711184E+06
  0.260429E-03  0.711114E+06  0.711107E+06  0.938519E+06  0.938132E+06  0.712413E+06  0.711169E+06
  0.269256E-03  0.711100E+06  0.711093E+06  0.937840E+06  0.937427E+06  0.712352E+06  0.711154E+06
  0.278383E-03  0.711086E+06  0.711079E+06  0.937115E+06  0.936674E+06  0.712287E+06  0.711137E+06
  0.287819E-03  0.711071E+06  0.711063E+06  0.936341E+06  0.935870E+06  0.712217E+06  0.711119E+06
  0.297574E-03  0.711055E+06  0.711046E+06  0.935514E+06  0.935011E+06  0.712142E+06  0.711100E+06
  0.307661E-03  0.711037E+06  0.711028E+06  0.934631E+06  0.934094E+06  0.712063E+06  0.711080E+06
  0.318089E-03  0.711018E+06  0.711009E+06  0.933688E+06  0.933114E+06  0.711977E+06  0.711059E+06
  0.328871E-03  0.710998E+06  0.710988E+06  0.932680E+06  0.932068E+06  0.711886E+06  0.711035E+06
  0.340018E-03  0.710977E+06  0.710966E+06  0.931605E+06  0.930951E+06  0.711789E+06  0.711011E+06
  0.351543E-03  0.710954E+06  0.710942E+06  0.930456E+06  0.929759E+06  0.711685E+06  0.710984E+06
  0.363458E-03  0.710930E+06  0.710917E+06  0.929230E+06  0.928485E+06  0.711574E+06  0.710956E+06
  0.375778E-03  0.710904E+06  0.710890E+06  0.927920E+06  0.927126E+06  0.711455E+06  0.710926E+06
  0.388515E-03  0.710876E+06  0.710862E+06  0.926522E+06  0.925675E+06  0.711328E+06  0.710894E+06
  0.401683E-03  0.710847E+06  0.710831E+06  0.925030E+06  0.924126E+06  0.711193E+06  0.710859E+06
  0.415298E-03  0.710815E+06  0.710798E+06  0.923438E+06  0.922473E+06  0.711048E+06  0.710822E+06
  0.429375E-03  0.710781E+06  0.710763E+06  0.921738E+06  0.920709E+06  0.710893E+06  0.710783E+06
  0.443929E-03  0.710745E+06  0.710726E+06  0.919925E+06  0.918827E+06  0.710727E+06  0.710741E+06
  0.458976E-03  0.710706E+06  0.710686E+06  0.917990E+06  0.916819E+06  0.710551E+06  0.710696E+06
  0.474533E-03  0.710664E+06  0.710643E+06  0.915925E+06  0.914677E+06  0.710362E+06  0.710648E+06
  0.490617E-03  0.710620E+06  0.710597E+06  0.913723E+06  0.912393E+06  0.710160E+06  0.710596E+06
  0.507247E-03  0.710573E+06  0.710548E+06  0.911374E+06  0.909957E+06  0.709944E+06  0.710542E+06
  0.524440E-03  0.710522E+06  0.710496E+06  0.908870E+06  0.907359E+06  0.709714E+06  0.710483E+06
  0.542216E-03  0.710469E+06  0.710440E+06  0.906200E+06  0.904590E+06  0.709468E+06  0.710420E+06
  0.560594E-03  0.710411E+06  0.710381E+06  0.903353E+06  0.901639E+06  0.709205E+06  0.710353E+06
  0.579596E-03  0.710349E+06  0.710317E+06  0.900319E+06  0.898494E+06  0.708925E+06  0.710282E+06
  0.599241E-03  0.710284E+06  0.710249E+06  0.897086E+06  0.895144E+06  0.708625E+06  0.710206E+06
  0.619552E-03  0.710213E+06  0.710176E+06  0.893642E+06  0.891575E+06  0.708305E+06  0.710124E+06
  0.640552E-03  0.710138E+06  0.710099E+06  0.889974E+06  0.887774E+06  0.707963E+06  0.710037E+06
  0.662264E-03  0.710058E+06  0.710016E+06  0.886068E+06  0.883728E+06  0.707598E+06  0.709944E+06
  0.684711E-03  0.709972E+06  0.709927E+06  0.881910E+06  0.879422E+06  0.707208E+06  0.709844E+06
  0.707920E-03  0.709881E+06  0.709833E+06  0.877484E+06  0.874841E+06  0.706791E+06  0.709738E+06
  0.731915E-03  0.709783E+06  0.709732E+06  0.872776E+06  0.869968E+06  0.706347E+06  0.709625E+06
  0.756723E-03  0.709679E+06  0.709624E+06  0.867768E+06  0.864786E+06  0.705872E+06  0.709504E+06
  0.782372E-03  0.709567E+06  0.709508E+06  0.862444E+06  0.859279E+06  0.705366E+06  0.709374E+06
  0.808891E-03  0.709448E+06  0.709385E+06  0.856785E+06  0.853428E+06  0.704825E+06  0.709236E+06
  0.836308E-03  0.709321E+06  0.709254E+06  0.850774E+06  0.847215E+06  0.704248E+06  0.709089E+06
  0.864655E-03  0.709186E+06  0.709114E+06  0.844390E+06  0.840619E+06  0.703632E+06  0.708932E+06
  0.893963E-03  0.709041E+06  0.708964E+06  0.837614E+06  0.833621E+06  0.702974E+06  0.708764E+06
  0.924264E-03  0.708886E+06  0.708804E+06  0.830426E+06  0.826200E+06  0.702273E+06  0.708584E+06
  0.955592E-03  0.708721E+06  0.708633E+06  0.822804E+06  0.818335E+06  0.701525E+06  0.708393E+06
  0.987981E-03  0.708545E+06  0.708451E+06  0.814727E+06  0.810004E+06  0.700727E+06  0.708189E+06
  0.102147E-02  0.708357E+06  0.708257E+06  0.806172E+06  0.801185E+06  0.699876E+06  0.707971E+06
  0.105609E-02  0.708156E+06  0.708049E+06  0.797118E+06  0.791857E+06  0.698969E+06  0.707738E+06
  0.109189E-02  0.707942E+06  0.707828E+06  0.787541E+06  0.781997E+06  0.698001E+06  0.707490E+06
  0.112890E-02  0.707714E+06  0.707592E+06  0.777421E+06  0.771584E+06  0.696970E+06  0.707226E+06
  0.116716E-02  0.707470E+06  0.707340E+06  0.766733E+06  0.760594E+06  0.695871E+06  0.706943E+06
  0.120672E-02  0.707211E+06  0.707071E+06  0.755456E+06  0.749008E+06  0.694700E+06  0.706642E+06
  0.124763E-02  0.706934E+06  0.706784E+06  0.743569E+06  0.736804E+06  0.693452E+06  0.706322E+06
  0.128991E-02  0.706638E+06  0.706479E+06  0.731051E+06  0.723963E+06  0.692123E+06  0.705980E+06
  0.133364E-02  0.706324E+06  0.706153E+06  0.717883E+06  0.710467E+06  0.690708E+06  0.705615E+06
  0.137884E-02  0.705988E+06  0.705806E+06  0.704046E+06  0.696301E+06  0.689202E+06  0.705227E+06
  0.142558E-02  0.705631E+06  0.705436E+06  0.689526E+06  0.681449E+06  0.687599E+06  0.704813E+06
  0.147390E-02  0.705250E+06  0.705041E+06  0.674307E+06  0.665901E+06  0.685894E+06  0.704372E+06
  0.152385E-02  0.704844E+06  0.704622E+06  0.658380E+06  0.649648E+06  0.684080E+06  0.703903E+06
  0.157550E-02  0.704412E+06  0.704174E+06  0.641737E+06  0.632686E+06  0.682152E+06  0.703403E+06
  0.162891E-02  0.703952E+06  0.703698E+06  0.624375E+06  0.615015E+06  0.680103E+06  0.702871E+06
  0.168412E-02  0.703463E+06  0.703191E+06  0.606294E+06  0.596639E+06  0.677926E+06  0.702305E+06
  0.174120E-02  0.702942E+06  0.702652E+06  0.587502E+06  0.577569E+06  0.675614E+06  0.701704E+06
  0.180022E-02  0.702388E+06  0.702078E+06  0.568009E+06  0.557821E+06  0.673161E+06  0.701063E+06
  0.186124E-02  0.701799E+06  0.701467E+06  0.547837E+06  0.537421E+06  0.670557E+06  0.700383E+06
  0.192432E-02  0.701173E+06  0.700818E+06  0.527011E+06  0.516398E+06  0.667797E+06  0.699660E+06
  0.198955E-02  0.700507E+06  0.700129E+06  0.505565E+06  0.494795E+06  0.664871E+06  0.698892E+06
  0.205699E-02  0.699800E+06  0.699396E+06  0.483546E+06  0.472660E+06  0.661772E+06  0.698077E+06
  0.212671E-02  0.699050E+06  0.698618E+06  0.461005E+06  0.450052E+06  0.658492E+06  0.697211E+06
  0.219879E-02  0.698253E+06  0.697791E+06  0.438008E+06  0.427043E+06  0.655022E+06  0.696293E+06
  0.227332E-02  0.697408E+06  0.696915E+06  0.414629E+06  0.403712E+06  0.651354E+06  0.695320E+06
  0.235038E-02  0.696511E+06  0.695984E+06  0.390956E+06  0.380153E+06  0.647479E+06  0.694288E+06
  0.243004E-02  0.695561E+06  0.694998E+06  0.367088E+06  0.356468E+06  0.643389E+06  0.693195E+06
  0.251241E-02  0.694555E+06  0.693954E+06  0.343135E+06  0.332773E+06  0.639076E+06  0.692038E+06
  0.259757E-02  0.693489E+06  0.692847E+06  0.319219E+06  0.309191E+06  0.634532E+06  0.690814E+06
  0.268561E-02  0.692361E+06  0.691675E+06  0.295475E+06  0.285859E+06  0.629748E+06  0.689520E+06
  0.277664E-02  0.691168E+06  0.690436E+06  0.272045E+06  0.262920E+06  0.624718E+06  0.688152E+06
  0.287076E-02  0.689907E+06  0.689125E+06  0.249082E+06  0.240523E+06  0.619434E+06  0.686708E+06
  0.296806E-02  0.688576E+06  0.687741E+06  0.226745E+06  0.218823E+06  0.613889E+06  0.685183E+06
  0.306866E-02  0.687170E+06  0.686278E+06  0.205198E+06  0.197974E+06  0.608079E+06  0.683576E+06
  0.317268E-02  0.685687E+06  0.684735E+06  0.184604E+06  0.178131E+06  0.601999E+06  0.681883E+06
  0.328021E-02  0.684124E+06  0.683108E+06  0.165126E+06  0.159440E+06  0.595643E+06  0.680101E+06
  0.339140E-02  0.682477E+06  0.681393E+06  0.146919E+06  0.142038E+06  0.589011E+06  0.678226E+06
  0.350635E-02  0.680744E+06  0.679587E+06  0.130123E+06  0.126044E+06  0.582099E+06  0.676255E+06
  0.362520E-02  0.678922E+06  0.677686E+06  0.114863E+06  0.111557E+06  0.574909E+06  0.674186E+06
  0.374807E-02  0.677007E+06  0.675688E+06  0.101239E+06  0.986509E+05  0.567441E+06  0.672015E+06
  0.387512E-02  0.674997E+06  0.673589E+06  0.893228E+05  0.873647E+05  0.559698E+06  0.669740E+06
  0.400646E-02  0.672888E+06  0.671385E+06  0.791482E+05  0.777027E+05  0.551687E+06  0.667358E+06
  0.414226E-02  0.670677E+06  0.669074E+06  0.707093E+05  0.696284E+05  0.543414E+06  0.664867E+06
  0.428266E-02  0.668362E+06  0.666652E+06  0.639547E+05  0.630626E+05  0.534889E+06  0.662264E+06
  0.442783E-02  0.665940E+06  0.664116E+06  0.587846E+05  0.578830E+05  0.526122E+06  0.659546E+06
  0.457791E-02  0.663408E+06  0.661462E+06  0.550506E+05  0.539261E+05  0.517128E+06  0.656712E+06
  0.473308E-02  0.660764E+06  0.658689E+06  0.525568E+05  0.509918E+05  0.507922E+06  0.653761E+06
  0.489350E-02  0.658005E+06  0.655792E+06  0.510656E+05  0.488509E+05  0.498523E+06  0.650690E+06
  0.505937E-02  0.655128E+06  0.652769E+06  0.503053E+05  0.472564E+05  0.488951E+06  0.647497E+06
  0.523086E-02  0.652132E+06  0.649617E+06  0.499832E+05  0.459569E+05  0.479228E+06  0.644182E+06
  0.540816E-02  0.649014E+06  0.646333E+06  0.498003E+05  0.447129E+05  0.469379E+06  0.640743E+06
  0.559147E-02  0.645772E+06  0.642915E+06  0.494708E+05  0.433142E+05  0.459427E+06  0.637180E+06
  0.578099E-02  0.642405E+06  0.639359E+06  0.487424E+05  0.415973E+05  0.449401E+06  0.633491E+06
  0.597694E-02  0.638909E+06  0.635664E+06  0.474172E+05  0.394611E+05  0.439327E+06  0.629676E+06
  0.617953E-02  0.635284E+06  0.631827E+06  0.453714E+05  0.368775E+05  0.429231E+06  0.625733E+06
  0.638899E-02  0.631527E+06  0.627845E+06  0.425704E+05  0.338969E+05  0.419140E+06  0.621663E+06
  0.660554E-02  0.627637E+06  0.623717E+06  0.390764E+05  0.306439E+05  0.409080E+06  0.617465E+06
  0.682944E-02  0.623613E+06  0.619439E+06  0.350477E+05  0.273041E+05  0.399074E+06  0.613138E+06
  0.706092E-02  0.619454E+06  0.615010E+06  0.307246E+05  0.241008E+05  0.389143E+06  0.608682E+06
  0.730025E-02  0.615157E+06  0.610428E+06  0.264048E+05  0.212626E+05  0.379307E+06  0.604096E+06
  0.754769E-02  0.610722E+06  0.605690E+06  0.224054E+05  0.189864E+05  0.369578E+06  0.599380E+06
  0.780352E-02  0.606148E+06  0.600795E+06  0.190185E+05  0.174007E+05  0.359969E+06  0.594534E+06
  0.806802E-02  0.601434E+06  0.595742E+06  0.164627E+05  0.165359E+05  0.350487E+06  0.589556E+06
  0.834149E-02  0.596581E+06  0.590529E+06  0.148415E+05  0.163086E+05  0.341135E+06  0.584446E+06
  0.862423E-02  0.591586E+06  0.585153E+06  0.141158E+05  0.165274E+05  0.331911E+06  0.579204E+06
  0.891655E-02  0.586450E+06  0.579614E+06  0.000000E+00  0.000000E+00  0.322811E+06  0.573828E+06
  0.921878E-02  0.581172E+06  0.573911E+06  0.000000E+00  0.000000E+00  0.313828E+06  0.568318E+06
  0.953125E-02  0.575753E+06  0.568042E+06  0.000000E+00  0.000000E+00  0.304953E+06  0.562674E+06
  0.985431E-02  0.570192E+06  0.562006E+06  0.000000E+00  0.000000E+00  0.296175E+06  0.556893E+06
  0.101883E-01  0.564489E+06  0.555802E+06  0.000000E+00  0.000000E+00  0.287483E+06  0.550977E+06
  0.105337E-01  0.558643E+06  0.549429E+06  0.000000E+00  0.000000E+00  0.278869E+06  0.544922E+06
  0.108907E-01  0.552654E+06  0.542884E+06  0.000000E+00  0.000000E+00  0.270324E+06  0.538729E+06
  0.112598E-01  0.546521E+06  0.536166E+06  0.000000E+00  0.000000E+00  0.261843E+06  0.532397E+06
  0.116415E-01  0.540244E+06  0.529275E+06  0.000000E+00  0.000000E+00  0.253424E+06  0.525924E+06
  0.120361E-01  0.533822E+06  0.522207E+06  0.000000E+00  0.000000E+00  0.245069E+06  0.519310E+06
  0.124440E-01  0.527255E+06  0.514963E+06  0.000000E+00  0.000000E+00  0.236782E+06  0.512555E+06
  0.128658E-01  0.520541E+06  0.507541E+06  0.000000E+00  0.000000E+00  0.228569E+06  0.505658E+06
  0.133019E-01  0.513681E+06  0.499939E+06  0.000000E+00  0.000000E+00  0.220438E+06  0.498619E+06
  0.137528E-01  0.506674E+06  0.492157E+06  0.000000E+00  0.000000E+00  0.212400E+06  0.491438E+06
  0.142189E-01  0.499521E+06  0.484196E+06  0.000000E+00  0.000000E+00  0.204462E+06  0.484116E+06
  0.147009E-01  0.492220E+06  0.476053E+06  0.000000E+00  0.000000E+00  0.196634E+06  0.476652E+06
  0.151992E-01  0.484773E+06  0.467732E+06  0.000000E+00  0.000000E+00  0.188922E+06  0.469048E+06
  0.157144E-01  0.477180E+06  0.459231E+06  0.000000E+00  0.000000E+00  0.181333E+06  0.461303E+06
  0.162470E-01  0.469442E+06  0.450554E+06  0.000000E+00  0.000000E+00  0.173873E+06  0.453421E+06
  0.167977E-01  0.461560E+06  0.441703E+06  0.000000E+00  0.000000E+00  0.166544E+06  0.445402E+06
  0.173671E-01  0.453537E+06  0.432681E+06  0.000000E+00  0.000000E+00  0.159351E+06  0.437249E+06
  0.179557E-01  0.445375E+06  0.423494E+06  0.000000E+00  0.000000E+00  0.152299E+06  0.428964E+06
  0.185643E-01  0.437078E+06  0.414146E+06  0.000000E+00  0.000000E+00  0.145390E+06  0.420552E+06
  0.191936E-01  0.428648E+06  0.404644E+06  0.000000E+00  0.000000E+00  0.138628E+06  0.412016E+06
  0.198441E-01  0.420091E+06  0.394998E+06  0.000000E+00  0.000000E+00  0.132018E+06  0.403363E+06
  0.205168E-01  0.411412E+06  0.385217E+06  0.000000E+00  0.000000E+00  0.125565E+06  0.394597E+06
  0.212122E-01  0.402618E+06  0.375313E+06  0.000000E+00  0.000000E+00  0.119272E+06  0.385727E+06
  0.219312E-01  0.393716E+06  0.365299E+06  0.000000E+00  0.000000E+00  0.113146E+06  0.376760E+06
  0.226745E-01  0.384715E+06  0.355191E+06  0.000000E+00  0.000000E+00  0.107191E+06  0.367708E+06
  0.234431E-01  0.375625E+06  0.345007E+06  0.000000E+00  0.000000E+00  0.101411E+06  0.358580E+06
  0.242377E-01  0.366457E+06  0.334767E+06  0.000000E+00  0.000000E+00  0.958126E+05  0.349389E+06
  0.250592E-01  0.357226E+06  0.324493E+06  0.000000E+00  0.000000E+00  0.903996E+05  0.340150E+06
  0.259086E-01  0.347944E+06  0.314210E+06  0.000000E+00  0.000000E+00  0.851763E+05  0.330878E+06
  0.267868E-01  0.338628E+06  0.303946E+06  0.000000E+00  0.000000E+00  0.801471E+05  0.321591E+06
  0.276947E-01  0.329297E+06  0.293732E+06  0.000000E+00  0.000000E+00  0.753154E+05  0.312308E+06
  0.286334E-01  0.319969E+06  0.283600E+06  0.000000E+00  0.000000E+00  0.706847E+05  0.303051E+06
  0.296040E-01  0.310667E+06  0.273585E+06  0.000000E+00  0.000000E+00  0.662576E+05  0.293843E+06
  0.306074E-01  0.301413E+06  0.263725E+06  0.000000E+00  0.000000E+00  0.620363E+05  0.284707E+06
  0.316449E-01  0.292232E+06  0.254059E+06  0.000000E+00  0.000000E+00  0.580220E+05  0.275670E+06
  0.327175E-01  0.283151E+06  0.244629E+06  0.000000E+00  0.000000E+00  0.542144E+05  0.266760E+06
  0.338264E-01  0.275450E+06  0.236718E+06  0.000000E+00  0.000000E+00  0.474325E+05  0.259065E+06
  0.349730E-01  0.266699E+06  0.227930E+06  0.000000E+00  0.000000E+00  0.441356E+05  0.250545E+06
  0.361584E-01  0.258129E+06  0.219499E+06  0.000000E+00  0.000000E+00  0.410323E+05  0.242236E+06
  0.373840E-01  0.249658E+06  0.211353E+06  0.000000E+00  0.000000E+00  0.380979E+05  0.234061E+06
  0.386511E-01  0.241405E+06  0.203620E+06  0.000000E+00  0.000000E+00  0.353417E+05  0.226134E+06
  0.399612E-01  0.233412E+06  0.196349E+06  0.000000E+00  0.000000E+00  0.327636E+05  0.218497E+06
  0.413157E-01  0.225709E+06  0.189571E+06  0.000000E+00  0.000000E+00  0.303649E+05  0.211179E+06
  0.427161E-01  0.218320E+06  0.183311E+06  0.000000E+00  0.000000E+00  0.281466E+05  0.204203E+06
  0.441639E-01  0.210467E+06  0.176789E+06  0.000000E+00  0.000000E+00  0.272516E+05  0.196876E+06
  0.456609E-01  0.203726E+06  0.171558E+06  0.000000E+00  0.000000E+00  0.253500E+05  0.190597E+06
  0.472086E-01  0.197325E+06  0.166833E+06  0.000000E+00  0.000000E+00  0.235868E+05  0.184677E+06
  0.488087E-01  0.191252E+06  0.162578E+06  0.000000E+00  0.000000E+00  0.219414E+05  0.179100E+06
  0.504631E-01  0.185489E+06  0.158744E+06  0.000000E+00  0.000000E+00  0.204068E+05  0.173842E+06
  0.521736E-01  0.180013E+06  0.155271E+06  0.000000E+00  0.000000E+00  0.189887E+05  0.168877E+06
  0.539420E-01  0.175251E+06  0.152539E+06  0.000000E+00  0.000000E+00  0.171974E+05  0.164583E+06
  0.557704E-01  0.170258E+06  0.149562E+06  0.000000E+00  0.000000E+00  0.160105E+05  0.160091E+06
  0.576607E-01  0.165449E+06  0.146702E+06  0.000000E+00  0.000000E+00  0.148906E+05  0.155768E+06
  0.596151E-01  0.160787E+06  0.143867E+06  0.000000E+00  0.000000E+00  0.138286E+05  0.151567E+06
  0.616357E-01  0.156227E+06  0.140964E+06  0.000000E+00  0.000000E+00  0.128390E+05  0.147439E+06
  0.637249E-01  0.151407E+06  0.137582E+06  0.000000E+00  0.000000E+00  0.121928E+05  0.143040E+06
  0.658849E-01  0.146902E+06  0.134251E+06  0.000000E+00  0.000000E+00  0.113108E+05  0.138888E+06
  0.681181E-01  0.142350E+06  0.130580E+06  0.000000E+00  0.000000E+00  0.104598E+05  0.134644E+06
  0.704269E-01  0.137706E+06  0.126507E+06  0.000000E+00  0.000000E+00  0.966260E+04  0.130263E+06
  0.728140E-01  0.133027E+06  0.122087E+06  0.000000E+00  0.000000E+00  0.880273E+04  0.125794E+06
  0.752820E-01  0.128139E+06  0.117167E+06  0.000000E+00  0.000000E+00  0.808066E+04  0.121082E+06
  0.778338E-01  0.123135E+06  0.111878E+06  0.000000E+00  0.000000E+00  0.738962E+04  0.116218E+06
  0.804719E-01  0.118050E+06  0.106314E+06  0.000000E+00  0.000000E+00  0.673540E+04  0.111246E+06
  0.831996E-01  0.112933E+06  0.100602E+06  0.000000E+00  0.000000E+00  0.612660E+04  0.106226E+06
  0.860197E-01  0.107845E+06  0.948927E+05  0.000000E+00  0.000000E+00  0.556062E+04  0.101232E+06
  0.889353E-01  0.102853E+06  0.893509E+05  0.000000E+00  0.000000E+00  0.502857E+04  0.963427E+05
  0.919498E-01  0.980332E+05  0.841457E+05  0.000000E+00  0.000000E+00  0.454976E+04  0.916475E+05
  0.950664E-01  0.934671E+05  0.794419E+05  0.000000E+00  0.000000E+00  0.411725E+04  0.872385E+05
  0.982887E-01  0.892390E+05  0.753829E+05  0.000000E+00  0.000000E+00  0.373449E+04  0.832060E+05
  0.101620E+00  0.854186E+05  0.720646E+05  0.000000E+00  0.000000E+00  0.339500E+04  0.796209E+05
  0.105065E+00  0.820363E+05  0.695037E+05  0.000000E+00  0.000000E+00  0.309796E+04  0.765099E+05
  0.108626E+00  0.790665E+05  0.676177E+05  0.000000E+00  0.000000E+00  0.283585E+04  0.738385E+05
  0.112308E+00  0.764271E+05  0.662281E+05  0.000000E+00  0.000000E+00  0.260951E+04  0.715125E+05
  0.116114E+00  0.740024E+05  0.650934E+05  0.000000E+00  0.000000E+00  0.239992E+04  0.693992E+05
  0.120050E+00  0.716717E+05  0.639551E+05  0.000000E+00  0.000000E+00  0.221094E+04  0.673605E+05
  0.124119E+00  0.693281E+05  0.625777E+05  0.000000E+00  0.000000E+00  0.203079E+04  0.652721E+05
  0.128326E+00  0.668809E+05  0.607755E+05  0.000000E+00  0.000000E+00  0.185916E+04  0.630315E+05
  0.132676E+00  0.642605E+05  0.584373E+05  0.000000E+00  0.000000E+00  0.169178E+04  0.605650E+05
  0.137173E+00  0.614385E+05  0.555596E+05  0.000000E+00  0.000000E+00  0.153064E+04  0.578496E+05
  0.141822E+00  0.584553E+05  0.522751E+05  0.000000E+00  0.000000E+00  0.137685E+04  0.549394E+05
  0.146629E+00  0.554229E+05  0.488400E+05  0.000000E+00  0.000000E+00  0.123356E+04  0.519658E+05
  0.151600E+00  0.524894E+05  0.455678E+05  0.000000E+00  0.000000E+00  0.110259E+04  0.490979E+05
  0.156738E+00  0.497885E+05  0.427397E+05  0.000000E+00  0.000000E+00  0.986572E+03  0.464884E+05
  0.162051E+00  0.474078E+05  0.405317E+05  0.000000E+00  0.000000E+00  0.889755E+03  0.442360E+05
  0.167543E+00  0.453777E+05  0.389771E+05  0.000000E+00  0.000000E+00  0.804751E+03  0.423698E+05
  0.173222E+00  0.436603E+05  0.379499E+05  0.000000E+00  0.000000E+00  0.733588E+03  0.408391E+05
  0.179094E+00  0.421429E+05  0.371822E+05  0.000000E+00  0.000000E+00  0.670445E+03  0.395100E+05
  0.185164E+00  0.406647E+05  0.363395E+05  0.000000E+00  0.000000E+00  0.612622E+03  0.381995E+05
  0.191440E+00  0.390811E+05  0.351460E+05  0.000000E+00  0.000000E+00  0.556407E+03  0.367475E+05
  0.197929E+00  0.373251E+05  0.334958E+05  0.000000E+00  0.000000E+00  0.502141E+03  0.350832E+05
  0.204638E+00  0.354322E+05  0.314946E+05  0.000000E+00  0.000000E+00  0.448792E+03  0.332524E+05
  0.211574E+00  0.335214E+05  0.294120E+05  0.000000E+00  0.000000E+00  0.400494E+03  0.313941E+05
  0.218745E+00  0.317363E+05  0.275571E+05  0.000000E+00  0.000000E+00  0.356920E+03  0.296731E+05
  0.226160E+00  0.301803E+05  0.261362E+05  0.000000E+00  0.000000E+00  0.319945E+03  0.282059E+05
  0.233826E+00  0.288758E+05  0.251629E+05  0.000000E+00  0.000000E+00  0.289099E+03  0.270120E+05
  0.241751E+00  0.277402E+05  0.244415E+05  0.000000E+00  0.000000E+00  0.262418E+03  0.259937E+05
  0.249945E+00  0.266342E+05  0.236813E+05  0.000000E+00  0.000000E+00  0.237862E+03  0.249925E+05
  0.258417E+00  0.254573E+05  0.226817E+05  0.000000E+00  0.000000E+00  0.214134E+03  0.238954E+05
  0.267176E+00  0.241864E+05  0.214296E+05  0.000000E+00  0.000000E+00  0.191520E+03  0.226819E+05
  0.276232E+00  0.228985E+05  0.201091E+05  0.000000E+00  0.000000E+00  0.170826E+03  0.214438E+05
  0.285595E+00  0.217144E+05  0.189649E+05  0.000000E+00  0.000000E+00  0.152449E+03  0.203171E+05
  0.295275E+00  0.206883E+05  0.181008E+05  0.000000E+00  0.000000E+00  0.136632E+03  0.193620E+05
  0.305284E+00  0.197869E+05  0.174287E+05  0.000000E+00  0.000000E+00  0.123257E+03  0.185375E+05
  0.315631E+00  0.189177E+05  0.167520E+05  0.000000E+00  0.000000E+00  0.111084E+03  0.177377E+05
  0.326330E+00  0.180133E+05  0.159438E+05  0.000000E+00  0.000000E+00  0.995088E+02  0.168882E+05
  0.337391E+00  0.170866E+05  0.150498E+05  0.000000E+00  0.000000E+00  0.887917E+02  0.160069E+05
  0.348827E+00  0.162062E+05  0.142198E+05  0.000000E+00  0.000000E+00  0.791675E+02  0.151728E+05
  0.360650E+00  0.154204E+05  0.135448E+05  0.000000E+00  0.000000E+00  0.708724E+02  0.144393E+05
  0.372875E+00  0.147056E+05  0.129669E+05  0.000000E+00  0.000000E+00  0.635910E+02  0.137781E+05
  0.385513E+00  0.140061E+05  0.123713E+05  0.000000E+00  0.000000E+00  0.569608E+02  0.131261E+05
  0.398580E+00  0.133010E+05  0.117254E+05  0.000000E+00  0.000000E+00  0.507990E+02  0.124613E+05
  0.412090E+00  0.126206E+05  0.110996E+05  0.000000E+00  0.000000E+00  0.453307E+02  0.118194E+05
  0.426058E+00  0.119952E+05  0.105546E+05  0.000000E+00  0.000000E+00  0.405344E+02  0.112344E+05
  0.440499E+00  0.114142E+05  0.100628E+05  0.000000E+00  0.000000E+00  0.362425E+02  0.106934E+05
  0.455430E+00  0.108483E+05  0.956619E+04  0.000000E+00  0.000000E+00  0.323725E+02  0.101636E+05
  0.470867E+00  0.102960E+05  0.906737E+04  0.000000E+00  0.000000E+00  0.288553E+02  0.964409E+04
  0.486827E+00  0.977507E+04  0.860575E+04  0.000000E+00  0.000000E+00  0.256929E+02  0.915559E+04
  0.503328E+00  0.928798E+04  0.818417E+04  0.000000E+00  0.000000E+00  0.229630E+02  0.870052E+04
  0.520388E+00  0.882070E+04  0.777410E+04  0.000000E+00  0.000000E+00  0.204571E+02  0.826301E+04
  0.538027E+00  0.837027E+04  0.737287E+04  0.000000E+00  0.000000E+00  0.182460E+02  0.784030E+04
  0.556263E+00  0.794419E+04  0.699750E+04  0.000000E+00  0.000000E+00  0.162527E+02  0.744114E+04
  0.575118E+00  0.754122E+04  0.664504E+04  0.000000E+00  0.000000E+00  0.144724E+02  0.706406E+04
  0.594612E+00  0.715534E+04  0.630435E+04  0.000000E+00  0.000000E+00  0.128935E+02  0.670245E+04
  0.614766E+00  0.678764E+04  0.597947E+04  0.000000E+00  0.000000E+00  0.114891E+02  0.635784E+04
  0.635604E+00  0.643934E+04  0.567351E+04  0.000000E+00  0.000000E+00  0.102191E+02  0.603171E+04
  0.657148E+00  0.610759E+04  0.538129E+04  0.000000E+00  0.000000E+00  0.909779E+01  0.572095E+04
  0.679422E+00  0.579168E+04  0.510259E+04  0.000000E+00  0.000000E+00  0.808752E+01  0.542495E+04
  0.702451E+00  0.549186E+04  0.483874E+04  0.000000E+00  0.000000E+00  0.719081E+01  0.514415E+04
  0.726261E+00  0.520669E+04  0.458749E+04  0.000000E+00  0.000000E+00  0.640818E+01  0.487701E+04
  0.750877E+00  0.493557E+04  0.434857E+04  0.000000E+00  0.000000E+00  0.568151E+01  0.462304E+04
  0.776328E+00  0.467807E+04  0.412180E+04  0.000000E+00  0.000000E+00  0.505366E+01  0.438185E+04
  0.802642E+00  0.443334E+04  0.390615E+04  0.000000E+00  0.000000E+00  0.448516E+01  0.415259E+04
  0.829848E+00  0.420089E+04  0.370138E+04  0.000000E+00  0.000000E+00  0.399380E+01  0.393486E+04
  0.857975E+00  0.398014E+04  0.350690E+04  0.000000E+00  0.000000E+00  0.354845E+01  0.372808E+04
  0.887057E+00  0.377051E+04  0.332221E+04  0.000000E+00  0.000000E+00  0.315352E+01  0.353172E+04
  0.917123E+00  0.357152E+04  0.314690E+04  0.000000E+00  0.000000E+00  0.279685E+01  0.334533E+04
  0.948209E+00  0.338261E+04  0.298047E+04  0.000000E+00  0.000000E+00  0.248596E+01  0.316838E+04
  0.980349E+00  0.320333E+04  0.282252E+04  0.000000E+00  0.000000E+00  0.220036E+01  0.300045E+04
  0.101358E+01  0.303318E+04  0.267262E+04  0.000000E+00  0.000000E+00  0.195239E+01  0.284108E+04
  0.104793E+01  0.287173E+04  0.253037E+04  0.000000E+00  0.000000E+00  0.173412E+01  0.268984E+04
  0.108345E+01  0.271855E+04  0.239541E+04  0.000000E+00  0.000000E+00  0.154030E+01  0.254637E+04
  0.112018E+01  0.257326E+04  0.226740E+04  0.000000E+00  0.000000E+00  0.136495E+01  0.241028E+04
  0.115815E+01  0.243548E+04  0.214600E+04  0.000000E+00  0.000000E+00  0.121163E+01  0.228122E+04
  0.119740E+01  0.230483E+04  0.203089E+04  0.000000E+00  0.000000E+00  0.107278E+01  0.215884E+04
  0.123799E+01  0.218096E+04  0.192175E+04  0.000000E+00  0.000000E+00  0.950749E+00  0.204281E+04
  0.127995E+01  0.206352E+04  0.181828E+04  0.000000E+00  0.000000E+00  0.841752E+00  0.193282E+04
  0.132333E+01  0.195221E+04  0.172020E+04  0.000000E+00  0.000000E+00  0.746369E+00  0.182855E+04
  0.136819E+01  0.184671E+04  0.162725E+04  0.000000E+00  0.000000E+00  0.661598E+00  0.172974E+04
  0.141456E+01  0.174675E+04  0.153917E+04  0.000000E+00  0.000000E+00  0.586987E+00  0.163610E+04
  0.146251E+01  0.165202E+04  0.145571E+04  0.000000E+00  0.000000E+00  0.519292E+00  0.154738E+04
  0.151208E+01  0.156228E+04  0.137663E+04  0.000000E+00  0.000000E+00  0.459633E+00  0.146332E+04
  0.156333E+01  0.147726E+04  0.130173E+04  0.000000E+00  0.000000E+00  0.406377E+00  0.138369E+04
  0.161632E+01  0.139675E+04  0.123079E+04  0.000000E+00  0.000000E+00  0.360522E+00  0.130828E+04
  0.167111E+01  0.132051E+04  0.116361E+04  0.000000E+00  0.000000E+00  0.319209E+00  0.123686E+04
  0.172775E+01  0.124831E+04  0.109999E+04  0.000000E+00  0.000000E+00  0.282337E+00  0.116924E+04
  0.178631E+01  0.117995E+04  0.103976E+04  0.000000E+00  0.000000E+00  0.250158E+00  0.110521E+04
  0.184686E+01  0.111524E+04  0.982736E+03  0.000000E+00  0.000000E+00  0.221630E+00  0.104460E+04
  0.190946E+01  0.105398E+04  0.928759E+03  0.000000E+00  0.000000E+00  0.195945E+00  0.987219E+03
  0.197418E+01  0.995999E+03  0.877667E+03  0.000000E+00  0.000000E+00  0.172854E+00  0.932908E+03
  0.204110E+01  0.941127E+03  0.829315E+03  0.000000E+00  0.000000E+00  0.153282E+00  0.881511E+03
  0.211028E+01  0.889204E+03  0.783563E+03  0.000000E+00  0.000000E+00  0.135224E+00  0.832878E+03
  0.218181E+01  0.840078E+03  0.740275E+03  0.000000E+00  0.000000E+00  0.119764E+00  0.786863E+03
  0.225576E+01  0.793600E+03  0.699321E+03  0.000000E+00  0.000000E+00  0.106043E+00  0.743330E+03
  0.233222E+01  0.749636E+03  0.660580E+03  0.000000E+00  0.000000E+00  0.936427E-01  0.702150E+03
  0.241127E+01  0.708047E+03  0.623934E+03  0.000000E+00  0.000000E+00  0.828293E-01  0.663196E+03
  0.249300E+01  0.668713E+03  0.589273E+03  0.000000E+00  0.000000E+00  0.732512E-01  0.626353E+03
  0.257750E+01  0.631514E+03  0.556494E+03  0.000000E+00  0.000000E+00  0.646766E-01  0.591511E+03
  0.266486E+01  0.596341E+03  0.525500E+03  0.000000E+00  0.000000E+00  0.572408E-01  0.558565E+03
  0.275519E+01  0.563085E+03  0.496195E+03  0.000000E+00  0.000000E+00  0.504731E-01  0.527416E+03
  0.284858E+01  0.531644E+03  0.468490E+03  0.000000E+00  0.000000E+00  0.446273E-01  0.497967E+03
  0.294513E+01  0.501923E+03  0.442300E+03  0.000000E+00  0.000000E+00  0.394313E-01  0.470128E+03
  0.304496E+01  0.473827E+03  0.417542E+03  0.000000E+00  0.000000E+00  0.348711E-01  0.443812E+03
  0.314817E+01  0.447272E+03  0.394142E+03  0.000000E+00  0.000000E+00  0.307425E-01  0.418939E+03
  0.325487E+01  0.422175E+03  0.372026E+03  0.000000E+00  0.000000E+00  0.273174E-01  0.395432E+03
  0.336520E+01  0.398461E+03  0.351129E+03  0.000000E+00  0.000000E+00  0.239965E-01  0.373220E+03
  0.347926E+01  0.376053E+03  0.331383E+03  0.000000E+00  0.000000E+00  0.212306E-01  0.352231E+03
  0.359719E+01  0.354881E+03  0.312726E+03  0.000000E+00  0.000000E+00  0.187906E-01  0.332400E+03
  0.371912E+01  0.334877E+03  0.295099E+03  0.000000E+00  0.000000E+00  0.165364E-01  0.313664E+03
  0.384518E+01  0.315981E+03  0.278447E+03  0.000000E+00  0.000000E+00  0.145742E-01  0.295964E+03
  0.397551E+01  0.298131E+03  0.262717E+03  0.000000E+00  0.000000E+00  0.128941E-01  0.279245E+03
  0.411026E+01  0.281273E+03  0.247861E+03  0.000000E+00  0.000000E+00  0.113621E-01  0.263455E+03
  0.424958E+01  0.265351E+03  0.233830E+03  0.000000E+00  0.000000E+00  0.100634E-01  0.248542E+03
  0.439362E+01  0.250314E+03  0.220580E+03  0.000000E+00  0.000000E+00  0.885838E-02  0.234458E+03
  0.454254E+01  0.236115E+03  0.208067E+03  0.000000E+00  0.000000E+00  0.784131E-02  0.221157E+03
  0.469651E+01  0.222707E+03  0.196251E+03  0.000000E+00  0.000000E+00  0.689215E-02  0.208599E+03
  0.485570E+01  0.210049E+03  0.185097E+03  0.000000E+00  0.000000E+00  0.610453E-02  0.196743E+03
  0.502029E+01  0.198099E+03  0.174566E+03  0.000000E+00  0.000000E+00  0.539293E-02  0.185549E+03
  0.519045E+01  0.186817E+03  0.164624E+03  0.000000E+00  0.000000E+00  0.473853E-02  0.174982E+03
  0.536638E+01  0.176167E+03  0.155239E+03  0.000000E+00  0.000000E+00  0.419432E-02  0.165007E+03
  0.554827E+01  0.166115E+03  0.146381E+03  0.000000E+00  0.000000E+00  0.369962E-02  0.155592E+03
  0.573633E+01  0.156629E+03  0.138020E+03  0.000000E+00  0.000000E+00  0.326461E-02  0.146706E+03
  0.593077E+01  0.147675E+03  0.130130E+03  0.000000E+00  0.000000E+00  0.287819E-02  0.138320E+03
  0.613179E+01  0.139226E+03  0.122684E+03  0.000000E+00  0.000000E+00  0.254549E-02  0.130406E+03
  0.633963E+01  0.131253E+03  0.115658E+03  0.000000E+00  0.000000E+00  0.223307E-02  0.122938E+03
  0.655451E+01  0.123730E+03  0.109028E+03  0.000000E+00  0.000000E+00  0.197568E-02  0.115891E+03
  0.677667E+01  0.116632E+03  0.102773E+03  0.000000E+00  0.000000E+00  0.173827E-02  0.109243E+03
  0.700637E+01  0.109935E+03  0.968719E+02  0.000000E+00  0.000000E+00  0.153925E-02  0.102971E+03
  0.724385E+01  0.103618E+03  0.913044E+02  0.000000E+00  0.000000E+00  0.135632E-02  0.970531E+02
  0.748939E+01  0.976586E+02  0.860527E+02  0.000000E+00  0.000000E+00  0.119399E-02  0.914712E+02
  0.774324E+01  0.920375E+02  0.810989E+02  0.000000E+00  0.000000E+00  0.105864E-02  0.862061E+02
  0.800570E+01  0.867355E+02  0.764264E+02  0.000000E+00  0.000000E+00  0.925296E-03  0.812400E+02
  0.827705E+01  0.817347E+02  0.720193E+02  0.000000E+00  0.000000E+00  0.817416E-03  0.765559E+02
  0.855760E+01  0.770188E+02  0.678633E+02  0.000000E+00  0.000000E+00  0.719870E-03  0.721387E+02
  0.884767E+01  0.725714E+02  0.639440E+02  0.000000E+00  0.000000E+00  0.637341E-03  0.679730E+02
  0.914755E+01  0.683775E+02  0.602479E+02  0.000000E+00  0.000000E+00  0.564616E-03  0.640447E+02
  0.945762E+01  0.644229E+02  0.567628E+02  0.000000E+00  0.000000E+00  0.498171E-03  0.603406E+02
  0.977818E+01  0.606945E+02  0.534770E+02  0.000000E+00  0.000000E+00  0.434263E-03  0.568483E+02
  0.101096E+02  0.571790E+02  0.503788E+02  0.000000E+00  0.000000E+00  0.384720E-03  0.535555E+02
  0.104523E+02  0.538647E+02  0.474579E+02  0.000000E+00  0.000000E+00  0.338831E-03  0.504510E+02
  0.108066E+02  0.507403E+02  0.447044E+02  0.000000E+00  0.000000E+00  0.297614E-03  0.475245E+02
  0.111728E+02  0.477950E+02  0.421088E+02  0.000000E+00  0.000000E+00  0.263451E-03  0.447658E+02
  0.115516E+02  0.450186E+02  0.396619E+02  0.000000E+00  0.000000E+00  0.232823E-03  0.421652E+02
  0.119431E+02  0.424018E+02  0.373557E+02  0.000000E+00  0.000000E+00  0.203426E-03  0.397141E+02
  0.123479E+02  0.399353E+02  0.351819E+02  0.000000E+00  0.000000E+00  0.178272E-03  0.374039E+02
  0.127664E+02  0.376106E+02  0.331332E+02  0.000000E+00  0.000000E+00  0.158779E-03  0.352264E+02
  0.131992E+02  0.354199E+02  0.312025E+02  0.000000E+00  0.000000E+00  0.140007E-03  0.331745E+02
  0.136466E+02  0.333554E+02  0.293829E+02  0.000000E+00  0.000000E+00  0.123327E-03  0.312407E+02
  0.141091E+02  0.314099E+02  0.276683E+02  0.000000E+00  0.000000E+00  0.107677E-03  0.294184E+02
  0.145873E+02  0.295767E+02  0.260527E+02  0.000000E+00  0.000000E+00  0.961344E-04  0.277013E+02
  0.150818E+02  0.278494E+02  0.245303E+02  0.000000E+00  0.000000E+00  0.852807E-04  0.260834E+02
  0.155930E+02  0.262218E+02  0.230959E+02  0.000000E+00  0.000000E+00  0.740747E-04  0.245589E+02
  0.161215E+02  0.246885E+02  0.217446E+02  0.000000E+00  0.000000E+00  0.650188E-04  0.231227E+02
  0.166679E+02  0.232439E+02  0.204714E+02  0.000000E+00  0.000000E+00  0.574533E-04  0.217696E+02
  0.172329E+02  0.218830E+02  0.192719E+02  0.000000E+00  0.000000E+00  0.509588E-04  0.204948E+02
  0.178170E+02  0.206010E+02  0.181420E+02  0.000000E+00  0.000000E+00  0.449626E-04  0.192940E+02
  0.184209E+02  0.193934E+02  0.170777E+02  0.000000E+00  0.000000E+00  0.386401E-04  0.181628E+02
  0.190453E+02  0.182559E+02  0.160751E+02  0.000000E+00  0.000000E+00  0.345269E-04  0.170973E+02
  0.196908E+02  0.171844E+02  0.151308E+02  0.000000E+00  0.000000E+00  0.308546E-04  0.160938E+02
  0.203583E+02  0.161753E+02  0.142413E+02  0.000000E+00  0.000000E+00  0.267707E-04  0.151485E+02
  0.210483E+02  0.152249E+02  0.134036E+02  0.000000E+00  0.000000E+00  0.240835E-04  0.142583E+02
  0.217617E+02  0.143298E+02  0.126147E+02  0.000000E+00  0.000000E+00  0.207274E-04  0.134198E+02
  0.224994E+02  0.134868E+02  0.118717E+02  0.000000E+00  0.000000E+00  0.185080E-04  0.126303E+02
  0.232620E+02  0.126930E+02  0.111721E+02  0.000000E+00  0.000000E+00  0.161892E-04  0.118867E+02
  0.240505E+02  0.119455E+02  0.105132E+02  0.000000E+00  0.000000E+00  0.144239E-04  0.111866E+02
  0.248656E+02  0.112416E+02  0.989281E+01  0.000000E+00  0.000000E+00  0.125554E-04  0.105273E+02
  0.257085E+02  0.105789E+02  0.930863E+01  0.000000E+00  0.000000E+00  0.109857E-04  0.990646E+01
  0.265798E+02  0.995487E+01  0.875861E+01  0.000000E+00  0.000000E+00  0.991092E-05  0.932196E+01
  0.274808E+02  0.936734E+01  0.824073E+01  0.000000E+00  0.000000E+00  0.867805E-05  0.877162E+01
  0.284122E+02  0.881421E+01  0.775317E+01  0.000000E+00  0.000000E+00  0.746497E-05  0.825351E+01
  0.293753E+02  0.829345E+01  0.729414E+01  0.000000E+00  0.000000E+00  0.676612E-05  0.776571E+01
  0.303709E+02  0.780322E+01  0.686201E+01  0.000000E+00  0.000000E+00  0.593184E-05  0.730652E+01
  0.314004E+02  0.734172E+01  0.645520E+01  0.000000E+00  0.000000E+00  0.509388E-05  0.687423E+01
  0.324647E+02  0.690730E+01  0.607226E+01  0.000000E+00  0.000000E+00  0.439862E-05  0.646731E+01
  0.335651E+02  0.649837E+01  0.571178E+01  0.000000E+00  0.000000E+00  0.395823E-05  0.608426E+01
  0.347028E+02  0.611344E+01  0.537246E+01  0.000000E+00  0.000000E+00  0.353469E-05  0.572370E+01
  0.358790E+02  0.575116E+01  0.505309E+01  0.000000E+00  0.000000E+00  0.298674E-05  0.538435E+01
  0.370952E+02  0.541016E+01  0.475248E+01  0.000000E+00  0.000000E+00  0.278980E-05  0.506493E+01
  0.383525E+02  0.508924E+01  0.446956E+01  0.000000E+00  0.000000E+00  0.241051E-05  0.476432E+01
  0.396525E+02  0.478719E+01  0.420328E+01  0.000000E+00  0.000000E+00  0.212272E-05  0.448139E+01
  0.409965E+02  0.450294E+01  0.395268E+01  0.000000E+00  0.000000E+00  0.192449E-05  0.421513E+01
  0.423861E+02  0.423544E+01  0.371684E+01  0.000000E+00  0.000000E+00  0.154572E-05  0.396455E+01
  0.438228E+02  0.398371E+01  0.349491E+01  0.000000E+00  0.000000E+00  0.149212E-05  0.372875E+01
  0.453082E+02  0.374682E+01  0.328606E+01  0.000000E+00  0.000000E+00  0.126850E-05  0.350685E+01
  0.468439E+02  0.352392E+01  0.308953E+01  0.000000E+00  0.000000E+00  0.116267E-05  0.329805E+01
  0.484317E+02  0.331418E+01  0.290459E+01  0.000000E+00  0.000000E+00  0.991405E-06  0.310158E+01
  0.500732E+02  0.311683E+01  0.273059E+01  0.000000E+00  0.000000E+00  0.867138E-06  0.291672E+01
  0.517705E+02  0.293114E+01  0.256686E+01  0.000000E+00  0.000000E+00  0.747708E-06  0.274278E+01
  0.535252E+02  0.275644E+01  0.241281E+01  0.000000E+00  0.000000E+00  0.680746E-06  0.257912E+01
  0.553395E+02  0.259207E+01  0.226787E+01  0.000000E+00  0.000000E+00  0.622069E-06  0.242515E+01
  0.572153E+02  0.243743E+01  0.213150E+01  0.000000E+00  0.000000E+00  0.516136E-06  0.228029E+01
  0.591545E+02  0.229196E+01  0.200321E+01  0.000000E+00  0.000000E+00  0.453102E-06  0.214402E+01
  0.611596E+02  0.215510E+01  0.188251E+01  0.000000E+00  0.000000E+00  0.397720E-06  0.201581E+01
  0.632326E+02  0.202635E+01  0.176897E+01  0.000000E+00  0.000000E+00  0.362516E-06  0.189521E+01
  0.653759E+02  0.190524E+01  0.166215E+01  0.000000E+00  0.000000E+00  0.305119E-06  0.178175E+01
  0.675918E+02  0.179132E+01  0.156167E+01  0.000000E+00  0.000000E+00  0.310186E-06  0.167503E+01
  0.698829E+02  0.168415E+01  0.146715E+01  0.000000E+00  0.000000E+00  0.270326E-06  0.157464E+01
  0.722515E+02  0.158336E+01  0.137824E+01  0.000000E+00  0.000000E+00  0.190296E-06  0.148022E+01
  0.747005E+02  0.148855E+01  0.129460E+01  0.000000E+00  0.000000E+00  0.187867E-06  0.139140E+01
  0.772325E+02  0.139938E+01  0.121594E+01  0.000000E+00  0.000000E+00  0.165395E-06  0.130786E+01
  0.798503E+02  0.131551E+01  0.114195E+01  0.000000E+00  0.000000E+00  0.125923E-06  0.122929E+01
  0.825568E+02  0.123663E+01  0.107236E+01  0.000000E+00  0.000000E+00  0.125688E-06  0.115539E+01
  0.853551E+02  0.116244E+01  0.100690E+01  0.000000E+00  0.000000E+00  0.112287E-06  0.108589E+01
  0.882482E+02  0.109267E+01  0.945343E+00  0.000000E+00  0.000000E+00  0.972177E-07  0.102053E+01
  0.912394E+02  0.102706E+01  0.887447E+00  0.000000E+00  0.000000E+00  0.101175E-06  0.959063E+00
  0.943319E+02  0.965360E+00  0.833000E+00  0.000000E+00  0.000000E+00  0.751250E-07  0.901258E+00
  0.975294E+02  0.907334E+00  0.781793E+00  0.000000E+00  0.000000E+00  0.509003E-07  0.846896E+00
  0.100835E+03  0.852772E+00  0.733640E+00  0.000000E+00  0.000000E+00  0.665414E-07  0.795779E+00
  0.104253E+03  0.801466E+00  0.688359E+00  0.000000E+00  0.000000E+00  0.451548E-07  0.747711E+00
  0.107787E+03  0.753222E+00  0.645778E+00  0.000000E+00  0.000000E+00  0.445083E-07  0.702512E+00
  0.111440E+03  0.707857E+00  0.605735E+00  0.000000E+00  0.000000E+00  0.491057E-07  0.660009E+00
  0.115217E+03  0.665204E+00  0.568085E+00  0.000000E+00  0.000000E+00  0.419328E-07  0.620048E+00
  0.119123E+03  0.625099E+00  0.532684E+00  0.000000E+00  0.000000E+00  0.441845E-07  0.582474E+00
  0.123160E+03  0.587393E+00  0.499398E+00  0.000000E+00  0.000000E+00  0.277415E-07  0.547146E+00
  0.127335E+03  0.551939E+00  0.468100E+00  0.000000E+00  0.000000E+00  0.203049E-07  0.513930E+00
  0.131651E+03  0.518609E+00  0.438675E+00  0.000000E+00  0.000000E+00  0.124242E-07  0.482702E+00
  0.136113E+03  0.487273E+00  0.411011E+00  0.000000E+00  0.000000E+00  0.159441E-07  0.453343E+00
  0.140727E+03  0.457814E+00  0.385004E+00  0.000000E+00  0.000000E+00  0.226891E-07  0.425742E+00
  0.145497E+03  0.430118E+00  0.360554E+00  0.000000E+00  0.000000E+00  0.982963E-08  0.399793E+00
  0.150428E+03  0.404083E+00  0.337570E+00  0.000000E+00  0.000000E+00  0.118104E-07  0.375400E+00
  0.155527E+03  0.379608E+00  0.315966E+00  0.000000E+00  0.000000E+00  0.142742E-07  0.352470E+00
  0.160799E+03  0.356600E+00  0.295658E+00  0.000000E+00  0.000000E+00  0.193358E-08  0.330913E+00
  0.166249E+03  0.334973E+00  0.276571E+00  0.000000E+00  0.000000E+00  0.569953E-08  0.310652E+00
  0.171884E+03  0.314644E+00  0.258633E+00  0.000000E+00  0.000000E+00  0.488282E-08  0.291606E+00
  0.177710E+03  0.295535E+00  0.241774E+00  0.000000E+00  0.000000E+00  0.426046E-08  0.273705E+00
  0.183734E+03  0.277573E+00  0.225931E+00  0.000000E+00  0.000000E+00  0.341978E-09  0.256878E+00
  0.189961E+03  0.260691E+00  0.211044E+00  0.000000E+00  0.000000E+00  0.756343E-08  0.241064E+00
  0.196400E+03  0.244824E+00  0.197058E+00  0.000000E+00  0.000000E+00  0.403299E-08  0.226202E+00
  0.203057E+03  0.229911E+00  0.183918E+00  0.000000E+00  0.000000E+00  0.752853E-08  0.212233E+00
