  0.106157E-04  0.183475E+07  0.183475E+07  0.244622E+07  0.244621E+07  0.183446E+07  0.183474E+07
  0.109755E-04  0.183475E+07  0.183475E+07  0.244621E+07  0.244621E+07  0.183446E+07  0.183474E+07
  0.113475E-04  0.183475E+07  0.183475E+07  0.244620E+07  0.244620E+07  0.183446E+07  0.183474E+07
  0.117321E-04  0.183475E+07  0.183475E+07  0.244619E+07  0.244619E+07  0.183446E+07  0.183474E+07
  0.121298E-04  0.183475E+07  0.183475E+07  0.244618E+07  0.244618E+07  0.183445E+07  0.183474E+07
  0.125409E-04  0.183475E+07  0.183475E+07  0.244617E+07  0.244617E+07  0.183445E+07  0.183474E+07
  0.129660E-04  0.183475E+07  0.183475E+07  0.244616E+07  0.244616E+07  0.183445E+07  0.183474E+07
  0.134055E-04  0.183475E+07  0.183475E+07  0.244615E+07  0.244614E+07  0.183445E+07  0.183473E+07
  0.138599E-04  0.183475E+07  0.183475E+07  0.244613E+07  0.244613E+07  0.183445E+07  0.183473E+07
  0.143296E-04  0.183475E+07  0.183475E+07  0.244612E+07  0.244612E+07  0.183445E+07  0.183473E+07
  0.148154E-04  0.183475E+07  0.183475E+07  0.244610E+07  0.244610E+07  0.183445E+07  0.183473E+07
  0.153175E-04  0.183475E+07  0.183475E+07  0.244609E+07  0.244608E+07  0.183445E+07  0.183473E+07
  0.158367E-04  0.183475E+07  0.183475E+07  0.244607E+07  0.244607E+07  0.183445E+07  0.183473E+07
  0.163735E-04  0.183475E+07  0.183475E+07  0.244605E+07  0.244605E+07  0.183445E+07  0.183473E+07
  0.169285E-04  0.183475E+07  0.183475E+07  0.244603E+07  0.244603E+07  0.183445E+07  0.183473E+07
  0.175023E-04  0.183475E+07  0.183475E+07  0.244601E+07  0.244601E+07  0.183445E+07  0.183473E+07
  0.180955E-04  0.183475E+07  0.183475E+07  0.244599E+07  0.244599E+07  0.183445E+07  0.183473E+07
  0.187089E-04  0.183475E+07  0.183475E+07  0.244597E+07  0.244596E+07  0.183445E+07  0.183473E+07
  0.193430E-04  0.183475E+07  0.183475E+07  0.244594E+07  0.244594E+07  0.183445E+07  0.183473E+07
  0.199986E-04  0.183475E+07  0.183475E+07  0.244592E+07  0.244591E+07  0.183445E+07  0.183473E+07
  0.206765E-04  0.183475E+07  0.183474E+07  0.244589E+07  0.244588E+07  0.183445E+07  0.183473E+07
  0.213773E-04  0.183474E+07  0.183474E+07  0.244586E+07  0.244585E+07  0.183445E+07  0.183473E+07
  0.221019E-04  0.183474E+07  0.183474E+07  0.244582E+07  0.244582E+07  0.183444E+07  0.183473E+07
  0.228511E-04  0.183474E+07  0.183474E+07  0.244579E+07  0.244578E+07  0.183444E+07  0.183473E+07
  0.236256E-04  0.183474E+07  0.183474E+07  0.244575E+07  0.244574E+07  0.183444E+07  0.183473E+07
  0.244264E-04  0.183474E+07  0.183474E+07  0.244571E+07  0.244570E+07  0.183444E+07  0.183473E+07
  0.252543E-04  0.183474E+07  0.183474E+07  0.244567E+07  0.244566E+07  0.183444E+07  0.183473E+07
  0.261103E-04  0.183474E+07  0.183474E+07  0.244562E+07  0.244561E+07  0.183444E+07  0.183473E+07
  0.269953E-04  0.183474E+07  0.183474E+07  0.244558E+07  0.244556E+07  0.183444E+07  0.183473E+07
  0.279103E-04  0.183474E+07  0.183474E+07  0.244552E+07  0.244551E+07  0.183444E+07  0.183473E+07
  0.288564E-04  0.183474E+07  0.183474E+07  0.244547E+07  0.244545E+07  0.183443E+07  0.183473E+07
  0.298345E-04  0.183474E+07  0.183474E+07  0.244541E+07  0.244539E+07  0.183443E+07  0.183473E+07
  0.308457E-04  0.183474E+07  0.183474E+07  0.244534E+07  0.244533E+07  0.183443E+07  0.183473E+07
  0.318912E-04  0.183474E+07  0.183474E+07  0.244528E+07  0.244526E+07  0.183443E+07  0.183473E+07
  0.329722E-04  0.183474E+07  0.183474E+07  0.244520E+07  0.244518E+07  0.183443E+07  0.183472E+07
  0.340898E-04  0.183474E+07  0.183474E+07  0.244512E+07  0.244511E+07  0.183443E+07  0.183472E+07
  0.352452E-04  0.183474E+07  0.183474E+07  0.244504E+07  0.244502E+07  0.183442E+07  0.183472E+07
  0.364399E-04  0.183474E+07  0.183474E+07  0.244495E+07  0.244493E+07  0.183442E+07  0.183472E+07
  0.376750E-04  0.183473E+07  0.183473E+07  0.244486E+07  0.244483E+07  0.183442E+07  0.183472E+07
  0.389520E-04  0.183473E+07  0.183473E+07  0.244476E+07  0.244473E+07  0.183442E+07  0.183472E+07
  0.402723E-04  0.183473E+07  0.183473E+07  0.244465E+07  0.244462E+07  0.183441E+07  0.183472E+07
  0.416373E-04  0.183473E+07  0.183473E+07  0.244453E+07  0.244450E+07  0.183441E+07  0.183472E+07
  0.430486E-04  0.183473E+07  0.183473E+07  0.244441E+07  0.244438E+07  0.183441E+07  0.183472E+07
  0.445078E-04  0.183473E+07  0.183473E+07  0.244427E+07  0.244424E+07  0.183440E+07  0.183471E+07
  0.460164E-04  0.183473E+07  0.183473E+07  0.244413E+07  0.244410E+07  0.183440E+07  0.183471E+07
  0.475761E-04  0.183473E+07  0.183473E+07  0.244398E+07  0.244394E+07  0.183439E+07  0.183471E+07
  0.491887E-04  0.183472E+07  0.183472E+07  0.244382E+07  0.244378E+07  0.183439E+07  0.183471E+07
  0.508560E-04  0.183472E+07  0.183472E+07  0.244364E+07  0.244360E+07  0.183438E+07  0.183471E+07
  0.525797E-04  0.183472E+07  0.183472E+07  0.244346E+07  0.244341E+07  0.183438E+07  0.183471E+07
  0.543619E-04  0.183472E+07  0.183472E+07  0.244326E+07  0.244321E+07  0.183437E+07  0.183470E+07
  0.562045E-04  0.183472E+07  0.183472E+07  0.244305E+07  0.244300E+07  0.183437E+07  0.183470E+07
  0.581096E-04  0.183471E+07  0.183471E+07  0.244282E+07  0.244277E+07  0.183436E+07  0.183470E+07
  0.600792E-04  0.183471E+07  0.183471E+07  0.244258E+07  0.244252E+07  0.183435E+07  0.183470E+07
  0.621156E-04  0.183471E+07  0.183471E+07  0.244232E+07  0.244226E+07  0.183435E+07  0.183469E+07
  0.642210E-04  0.183471E+07  0.183471E+07  0.244205E+07  0.244198E+07  0.183434E+07  0.183469E+07
  0.663978E-04  0.183470E+07  0.183470E+07  0.244175E+07  0.244168E+07  0.183433E+07  0.183469E+07
  0.686484E-04  0.183470E+07  0.183470E+07  0.244144E+07  0.244136E+07  0.183432E+07  0.183468E+07
  0.709752E-04  0.183470E+07  0.183470E+07  0.244110E+07  0.244102E+07  0.183431E+07  0.183468E+07
  0.733809E-04  0.183469E+07  0.183469E+07  0.244074E+07  0.244065E+07  0.183430E+07  0.183468E+07
  0.758682E-04  0.183469E+07  0.183469E+07  0.244035E+07  0.244026E+07  0.183429E+07  0.183467E+07
  0.784397E-04  0.183469E+07  0.183468E+07  0.243994E+07  0.243984E+07  0.183428E+07  0.183467E+07
  0.810985E-04  0.183468E+07  0.183468E+07  0.243950E+07  0.243940E+07  0.183427E+07  0.183466E+07
  0.838473E-04  0.183468E+07  0.183468E+07  0.243903E+07  0.243892E+07  0.183426E+07  0.183466E+07
  0.866893E-04  0.183467E+07  0.183467E+07  0.243853E+07  0.243841E+07  0.183424E+07  0.183465E+07
  0.896277E-04  0.183467E+07  0.183467E+07  0.243799E+07  0.243786E+07  0.183423E+07  0.183465E+07
  0.926656E-04  0.183466E+07  0.183466E+07  0.243742E+07  0.243728E+07  0.183421E+07  0.183464E+07
  0.958065E-04  0.183465E+07  0.183465E+07  0.243681E+07  0.243666E+07  0.183419E+07  0.183463E+07
  0.990539E-04  0.183465E+07  0.183465E+07  0.243615E+07  0.243599E+07  0.183418E+07  0.183463E+07
  0.102411E-03  0.183464E+07  0.183464E+07  0.243545E+07  0.243528E+07  0.183416E+07  0.183462E+07
  0.105883E-03  0.183463E+07  0.183463E+07  0.243470E+07  0.243452E+07  0.183413E+07  0.183461E+07
  0.109471E-03  0.183463E+07  0.183462E+07  0.243390E+07  0.243370E+07  0.183411E+07  0.183460E+07
  0.113182E-03  0.183462E+07  0.183462E+07  0.243305E+07  0.243284E+07  0.183409E+07  0.183459E+07
  0.117018E-03  0.183461E+07  0.183461E+07  0.243213E+07  0.243191E+07  0.183406E+07  0.183458E+07
  0.120985E-03  0.183460E+07  0.183460E+07  0.243116E+07  0.243092E+07  0.183404E+07  0.183457E+07
  0.125085E-03  0.183459E+07  0.183459E+07  0.243011E+07  0.242986E+07  0.183401E+07  0.183456E+07
  0.129325E-03  0.183458E+07  0.183457E+07  0.242900E+07  0.242873E+07  0.183398E+07  0.183455E+07
  0.133709E-03  0.183456E+07  0.183456E+07  0.242781E+07  0.242752E+07  0.183394E+07  0.183454E+07
  0.138241E-03  0.183455E+07  0.183455E+07  0.242654E+07  0.242622E+07  0.183391E+07  0.183452E+07
  0.142927E-03  0.183454E+07  0.183454E+07  0.242518E+07  0.242484E+07  0.183387E+07  0.183451E+07
  0.147771E-03  0.183452E+07  0.183452E+07  0.242373E+07  0.242337E+07  0.183383E+07  0.183449E+07
  0.152780E-03  0.183451E+07  0.183450E+07  0.242217E+07  0.242179E+07  0.183378E+07  0.183448E+07
  0.157958E-03  0.183449E+07  0.183449E+07  0.242052E+07  0.242011E+07  0.183374E+07  0.183446E+07
  0.163312E-03  0.183447E+07  0.183447E+07  0.241875E+07  0.241831E+07  0.183369E+07  0.183444E+07
  0.168848E-03  0.183445E+07  0.183445E+07  0.241686E+07  0.241639E+07  0.183363E+07  0.183442E+07
  0.174571E-03  0.183443E+07  0.183443E+07  0.241484E+07  0.241434E+07  0.183358E+07  0.183440E+07
  0.180488E-03  0.183441E+07  0.183441E+07  0.241268E+07  0.241215E+07  0.183352E+07  0.183437E+07
  0.186606E-03  0.183439E+07  0.183438E+07  0.241037E+07  0.240981E+07  0.183345E+07  0.183435E+07
  0.192931E-03  0.183436E+07  0.183436E+07  0.240791E+07  0.240731E+07  0.183338E+07  0.183432E+07
  0.199470E-03  0.183434E+07  0.183433E+07  0.240529E+07  0.240464E+07  0.183331E+07  0.183429E+07
  0.206231E-03  0.183431E+07  0.183430E+07  0.240248E+07  0.240179E+07  0.183323E+07  0.183426E+07
  0.213221E-03  0.183428E+07  0.183427E+07  0.239948E+07  0.239875E+07  0.183314E+07  0.183423E+07
  0.220448E-03  0.183425E+07  0.183424E+07  0.239628E+07  0.239550E+07  0.183305E+07  0.183419E+07
  0.227921E-03  0.183421E+07  0.183421E+07  0.239287E+07  0.239203E+07  0.183296E+07  0.183416E+07
  0.235646E-03  0.183417E+07  0.183417E+07  0.238922E+07  0.238833E+07  0.183285E+07  0.183412E+07
  0.243633E-03  0.183413E+07  0.183413E+07  0.238533E+07  0.238438E+07  0.183274E+07  0.183407E+07
  0.251891E-03  0.183409E+07  0.183409E+07  0.238118E+07  0.238016E+07  0.183263E+07  0.183403E+07
  0.260429E-03  0.183405E+07  0.183404E+07  0.237675E+07  0.237566E+07  0.183250E+07  0.183398E+07
  0.269256E-03  0.183400E+07  0.183399E+07  0.237202E+07  0.237086E+07  0.183236E+07  0.183393E+07
  0.278383E-03  0.183395E+07  0.183394E+07  0.236697E+07  0.236574E+07  0.183222E+07  0.183387E+07
  0.287819E-03  0.183389E+07  0.183388E+07  0.236159E+07  0.236028E+07  0.183207E+07  0.183381E+07
  0.297574E-03  0.183383E+07  0.183382E+07  0.235585E+07  0.235445E+07  0.183190E+07  0.183375E+07
  0.307661E-03  0.183377E+07  0.183376E+07  0.234973E+07  0.234823E+07  0.183173E+07  0.183368E+07
  0.318089E-03  0.183370E+07  0.183369E+07  0.234320E+07  0.234161E+07  0.183154E+07  0.183361E+07
  0.328871E-03  0.183363E+07  0.183362E+07  0.233624E+07  0.233454E+07  0.183134E+07  0.183353E+07
  0.340018E-03  0.183355E+07  0.183354E+07  0.232882E+07  0.232702E+07  0.183112E+07  0.183345E+07
  0.351543E-03  0.183347E+07  0.183346E+07  0.232091E+07  0.231899E+07  0.183089E+07  0.183336E+07
  0.363458E-03  0.183338E+07  0.183337E+07  0.231249E+07  0.231045E+07  0.183065E+07  0.183326E+07
  0.375778E-03  0.183329E+07  0.183327E+07  0.230352E+07  0.230134E+07  0.183039E+07  0.183316E+07
  0.388515E-03  0.183319E+07  0.183317E+07  0.229396E+07  0.229165E+07  0.183011E+07  0.183305E+07
  0.401683E-03  0.183308E+07  0.183307E+07  0.228379E+07  0.228133E+07  0.182981E+07  0.183294E+07
  0.415298E-03  0.183297E+07  0.183295E+07  0.227296E+07  0.227034E+07  0.182949E+07  0.183281E+07
  0.429375E-03  0.183285E+07  0.183283E+07  0.226144E+07  0.225866E+07  0.182915E+07  0.183268E+07
  0.443929E-03  0.183272E+07  0.183269E+07  0.224918E+07  0.224623E+07  0.182878E+07  0.183254E+07
  0.458976E-03  0.183258E+07  0.183255E+07  0.223615E+07  0.223301E+07  0.182839E+07  0.183239E+07
  0.474533E-03  0.183243E+07  0.183240E+07  0.222229E+07  0.221897E+07  0.182798E+07  0.183223E+07
  0.490617E-03  0.183227E+07  0.183224E+07  0.220757E+07  0.220404E+07  0.182753E+07  0.183206E+07
  0.507247E-03  0.183210E+07  0.183207E+07  0.219193E+07  0.218819E+07  0.182706E+07  0.183188E+07
  0.524440E-03  0.183192E+07  0.183189E+07  0.217533E+07  0.217137E+07  0.182655E+07  0.183168E+07
  0.542216E-03  0.183172E+07  0.183169E+07  0.215772E+07  0.215352E+07  0.182601E+07  0.183147E+07
  0.560594E-03  0.183152E+07  0.183148E+07  0.213903E+07  0.213459E+07  0.182543E+07  0.183125E+07
  0.579596E-03  0.183130E+07  0.183126E+07  0.211923E+07  0.211454E+07  0.182482E+07  0.183101E+07
  0.599241E-03  0.183106E+07  0.183102E+07  0.209824E+07  0.209329E+07  0.182416E+07  0.183076E+07
  0.619552E-03  0.183081E+07  0.183077E+07  0.207603E+07  0.207080E+07  0.182345E+07  0.183048E+07
  0.640552E-03  0.183054E+07  0.183050E+07  0.205253E+07  0.204701E+07  0.182270E+07  0.183019E+07
  0.662264E-03  0.183026E+07  0.183021E+07  0.202768E+07  0.202187E+07  0.182190E+07  0.182989E+07
  0.684711E-03  0.182995E+07  0.182990E+07  0.200143E+07  0.199531E+07  0.182105E+07  0.182956E+07
  0.707920E-03  0.182962E+07  0.182957E+07  0.197372E+07  0.196729E+07  0.182013E+07  0.182920E+07
  0.731915E-03  0.182928E+07  0.182922E+07  0.194450E+07  0.193774E+07  0.181916E+07  0.182883E+07
  0.756723E-03  0.182890E+07  0.182884E+07  0.191371E+07  0.190662E+07  0.181812E+07  0.182843E+07
  0.782372E-03  0.182851E+07  0.182844E+07  0.188130E+07  0.187388E+07  0.181701E+07  0.182800E+07
  0.808891E-03  0.182809E+07  0.182802E+07  0.184723E+07  0.183947E+07  0.181583E+07  0.182754E+07
  0.836308E-03  0.182764E+07  0.182756E+07  0.181146E+07  0.180335E+07  0.181456E+07  0.182706E+07
  0.864655E-03  0.182716E+07  0.182708E+07  0.177393E+07  0.176548E+07  0.181322E+07  0.182654E+07
  0.893963E-03  0.182665E+07  0.182656E+07  0.173464E+07  0.172585E+07  0.181178E+07  0.182599E+07
  0.924264E-03  0.182610E+07  0.182601E+07  0.169354E+07  0.168441E+07  0.181025E+07  0.182540E+07
  0.955592E-03  0.182552E+07  0.182542E+07  0.165063E+07  0.164117E+07  0.180862E+07  0.182477E+07
  0.987981E-03  0.182490E+07  0.182480E+07  0.160591E+07  0.159612E+07  0.180688E+07  0.182410E+07
  0.102147E-02  0.182424E+07  0.182413E+07  0.155937E+07  0.154928E+07  0.180503E+07  0.182339E+07
  0.105609E-02  0.182354E+07  0.182342E+07  0.151105E+07  0.150068E+07  0.180305E+07  0.182263E+07
  0.109189E-02  0.182280E+07  0.182267E+07  0.146099E+07  0.145034E+07  0.180095E+07  0.182183E+07
  0.112890E-02  0.182200E+07  0.182187E+07  0.140923E+07  0.139835E+07  0.179871E+07  0.182097E+07
  0.116716E-02  0.182116E+07  0.182101E+07  0.135586E+07  0.134477E+07  0.179633E+07  0.182006E+07
  0.120672E-02  0.182026E+07  0.182010E+07  0.130097E+07  0.128972E+07  0.179379E+07  0.181908E+07
  0.124763E-02  0.181930E+07  0.181914E+07  0.124469E+07  0.123331E+07  0.179110E+07  0.181805E+07
  0.128991E-02  0.181829E+07  0.181811E+07  0.118716E+07  0.117570E+07  0.178823E+07  0.181695E+07
  0.133364E-02  0.181721E+07  0.181702E+07  0.112856E+07  0.111707E+07  0.178518E+07  0.181579E+07
  0.137884E-02  0.181606E+07  0.181586E+07  0.106908E+07  0.105763E+07  0.178193E+07  0.181455E+07
  0.142558E-02  0.181484E+07  0.181463E+07  0.100896E+07  0.997597E+06  0.177849E+07  0.181323E+07
  0.147390E-02  0.181355E+07  0.181332E+07  0.948458E+06  0.937249E+06  0.177482E+07  0.181183E+07
  0.152385E-02  0.181218E+07  0.181193E+07  0.887858E+06  0.876874E+06  0.177094E+07  0.181035E+07
  0.157550E-02  0.181073E+07  0.181046E+07  0.827478E+06  0.816789E+06  0.176681E+07  0.180878E+07
  0.162891E-02  0.180918E+07  0.180890E+07  0.767663E+06  0.757336E+06  0.176244E+07  0.180711E+07
  0.168412E-02  0.180755E+07  0.180725E+07  0.708778E+06  0.698879E+06  0.175780E+07  0.180534E+07
  0.174120E-02  0.180582E+07  0.180550E+07  0.651207E+06  0.641797E+06  0.175289E+07  0.180347E+07
  0.180022E-02  0.180399E+07  0.180365E+07  0.595347E+06  0.586480E+06  0.174768E+07  0.180149E+07
  0.186124E-02  0.180206E+07  0.180169E+07  0.541603E+06  0.533321E+06  0.174217E+07  0.179940E+07
  0.192432E-02  0.180001E+07  0.179962E+07  0.490375E+06  0.482707E+06  0.173634E+07  0.179718E+07
  0.198955E-02  0.179785E+07  0.179743E+07  0.442049E+06  0.435008E+06  0.173018E+07  0.179484E+07
  0.205699E-02  0.179556E+07  0.179512E+07  0.396989E+06  0.390567E+06  0.172367E+07  0.179237E+07
  0.212671E-02  0.179315E+07  0.179267E+07  0.355521E+06  0.349686E+06  0.171680E+07  0.178976E+07
  0.219879E-02  0.179061E+07  0.179010E+07  0.317916E+06  0.312611E+06  0.170955E+07  0.178701E+07
  0.227332E-02  0.178792E+07  0.178738E+07  0.284382E+06  0.279521E+06  0.170190E+07  0.178410E+07
  0.235038E-02  0.178510E+07  0.178452E+07  0.255045E+06  0.250515E+06  0.169386E+07  0.178104E+07
  0.243004E-02  0.178212E+07  0.178150E+07  0.229938E+06  0.225599E+06  0.168538E+07  0.177782E+07
  0.251241E-02  0.177899E+07  0.177833E+07  0.208987E+06  0.204674E+06  0.167648E+07  0.177443E+07
  0.259757E-02  0.177570E+07  0.177499E+07  0.192007E+06  0.187538E+06  0.166712E+07  0.177087E+07
  0.268561E-02  0.177223E+07  0.177148E+07  0.178696E+06  0.173877E+06  0.165731E+07  0.176712E+07
  0.277664E-02  0.176860E+07  0.176779E+07  0.168638E+06  0.163275E+06  0.164702E+07  0.176319E+07
  0.287076E-02  0.176478E+07  0.176392E+07  0.161313E+06  0.155224E+06  0.163624E+07  0.175906E+07
  0.296806E-02  0.176078E+07  0.175986E+07  0.156111E+06  0.149145E+06  0.162497E+07  0.175473E+07
  0.306866E-02  0.175658E+07  0.175560E+07  0.152365E+06  0.144415E+06  0.161320E+07  0.175020E+07
  0.317268E-02  0.175218E+07  0.175114E+07  0.149378E+06  0.140401E+06  0.160092E+07  0.174545E+07
  0.328021E-02  0.174757E+07  0.174646E+07  0.146471E+06  0.136503E+06  0.158811E+07  0.174047E+07
  0.339140E-02  0.174275E+07  0.174157E+07  0.143025E+06  0.132196E+06  0.157479E+07  0.173527E+07
  0.350635E-02  0.173771E+07  0.173644E+07  0.138534E+06  0.127071E+06  0.156095E+07  0.172983E+07
  0.362520E-02  0.173244E+07  0.173109E+07  0.132651E+06  0.120879E+06  0.154658E+07  0.172416E+07
  0.374807E-02  0.172693E+07  0.172549E+07  0.125222E+06  0.113553E+06  0.153170E+07  0.171823E+07
  0.387512E-02  0.172118E+07  0.171965E+07  0.116314E+06  0.105218E+06  0.151629E+07  0.171204E+07
  0.400646E-02  0.171518E+07  0.171354E+07  0.106212E+06  0.961844E+05  0.150039E+07  0.170560E+07
  0.414226E-02  0.170893E+07  0.170718E+07  0.953987E+05  0.869116E+05  0.148398E+07  0.169888E+07
  0.428266E-02  0.170240E+07  0.170054E+07  0.845023E+05  0.779470E+05  0.146709E+07  0.169189E+07
  0.442783E-02  0.169561E+07  0.169362E+07  0.742144E+05  0.698486E+05  0.144973E+07  0.168461E+07
  0.457791E-02  0.168854E+07  0.168642E+07  0.651930E+05  0.630930E+05  0.143192E+07  0.167705E+07
  0.473308E-02  0.168118E+07  0.167892E+07  0.579542E+05  0.579866E+05  0.141368E+07  0.166920E+07
  0.489350E-02  0.167353E+07  0.167112E+07  0.527748E+05  0.545965E+05  0.139504E+07  0.166105E+07
  0.505937E-02  0.166559E+07  0.166302E+07  0.496236E+05  0.527176E+05  0.137601E+07  0.165260E+07
  0.523086E-02  0.165734E+07  0.165460E+07  0.481445E+05  0.518916E+05  0.135662E+07  0.164384E+07
  0.540816E-02  0.164878E+07  0.164586E+07  0.000000E+00  0.000000E+00  0.133691E+07  0.163477E+07
  0.559147E-02  0.163991E+07  0.163681E+07  0.000000E+00  0.000000E+00  0.131689E+07  0.162539E+07
  0.578099E-02  0.163073E+07  0.162742E+07  0.000000E+00  0.000000E+00  0.129660E+07  0.161569E+07
  0.597694E-02  0.162122E+07  0.161770E+07  0.000000E+00  0.000000E+00  0.127606E+07  0.160567E+07
  0.617953E-02  0.161140E+07  0.160764E+07  0.000000E+00  0.000000E+00  0.125529E+07  0.159533E+07
  0.638899E-02  0.160124E+07  0.159724E+07  0.000000E+00  0.000000E+00  0.123433E+07  0.158466E+07
  0.660554E-02  0.159075E+07  0.158650E+07  0.000000E+00  0.000000E+00  0.121319E+07  0.157367E+07
  0.682944E-02  0.157994E+07  0.157541E+07  0.000000E+00  0.000000E+00  0.119188E+07  0.156235E+07
  0.706092E-02  0.156878E+07  0.156396E+07  0.000000E+00  0.000000E+00  0.117043E+07  0.155070E+07
  0.730025E-02  0.155729E+07  0.155216E+07  0.000000E+00  0.000000E+00  0.114884E+07  0.153872E+07
  0.754769E-02  0.154546E+07  0.154001E+07  0.000000E+00  0.000000E+00  0.112713E+07  0.152641E+07
  0.780352E-02  0.153329E+07  0.152749E+07  0.000000E+00  0.000000E+00  0.110528E+07  0.151376E+07
  0.806802E-02  0.152078E+07  0.151462E+07  0.000000E+00  0.000000E+00  0.108332E+07  0.150078E+07
  0.834149E-02  0.150793E+07  0.150137E+07  0.000000E+00  0.000000E+00  0.106123E+07  0.148746E+07
  0.862423E-02  0.149473E+07  0.148777E+07  0.000000E+00  0.000000E+00  0.103902E+07  0.147381E+07
  0.891655E-02  0.148119E+07  0.147379E+07  0.000000E+00  0.000000E+00  0.101668E+07  0.145981E+07
  0.921878E-02  0.146730E+07  0.145944E+07  0.000000E+00  0.000000E+00  0.994221E+06  0.144547E+07
  0.953125E-02  0.145306E+07  0.144472E+07  0.000000E+00  0.000000E+00  0.971637E+06  0.143079E+07
  0.985431E-02  0.143847E+07  0.142962E+07  0.000000E+00  0.000000E+00  0.948935E+06  0.141576E+07
  0.101883E-01  0.142353E+07  0.141414E+07  0.000000E+00  0.000000E+00  0.926120E+06  0.140039E+07
  0.105337E-01  0.140823E+07  0.139827E+07  0.000000E+00  0.000000E+00  0.903203E+06  0.138467E+07
  0.108907E-01  0.139258E+07  0.138203E+07  0.000000E+00  0.000000E+00  0.880197E+06  0.136860E+07
  0.112598E-01  0.137657E+07  0.136539E+07  0.000000E+00  0.000000E+00  0.857119E+06  0.135218E+07
  0.116415E-01  0.136020E+07  0.134836E+07  0.000000E+00  0.000000E+00  0.833987E+06  0.133541E+07
  0.120361E-01  0.134347E+07  0.133094E+07  0.000000E+00  0.000000E+00  0.810822E+06  0.131828E+07
  0.124440E-01  0.132638E+07  0.131312E+07  0.000000E+00  0.000000E+00  0.787648E+06  0.130080E+07
  0.128658E-01  0.130892E+07  0.129490E+07  0.000000E+00  0.000000E+00  0.764486E+06  0.128297E+07
  0.133019E-01  0.129109E+07  0.127628E+07  0.000000E+00  0.000000E+00  0.741362E+06  0.126478E+07
  0.137528E-01  0.127290E+07  0.125726E+07  0.000000E+00  0.000000E+00  0.718298E+06  0.124624E+07
  0.142189E-01  0.125435E+07  0.123783E+07  0.000000E+00  0.000000E+00  0.695318E+06  0.122735E+07
  0.147009E-01  0.123542E+07  0.121801E+07  0.000000E+00  0.000000E+00  0.672446E+06  0.120811E+07
  0.151992E-01  0.121614E+07  0.119778E+07  0.000000E+00  0.000000E+00  0.649704E+06  0.118851E+07
  0.157144E-01  0.119649E+07  0.117716E+07  0.000000E+00  0.000000E+00  0.627114E+06  0.116857E+07
  0.162470E-01  0.117648E+07  0.115614E+07  0.000000E+00  0.000000E+00  0.604701E+06  0.114829E+07
  0.167977E-01  0.115611E+07  0.113474E+07  0.000000E+00  0.000000E+00  0.582485E+06  0.112767E+07
  0.173671E-01  0.113539E+07  0.111296E+07  0.000000E+00  0.000000E+00  0.560491E+06  0.110672E+07
  0.179557E-01  0.111434E+07  0.109080E+07  0.000000E+00  0.000000E+00  0.538741E+06  0.108545E+07
  0.185643E-01  0.109294E+07  0.106829E+07  0.000000E+00  0.000000E+00  0.517258E+06  0.106387E+07
  0.191936E-01  0.107123E+07  0.104542E+07  0.000000E+00  0.000000E+00  0.496065E+06  0.104198E+07
  0.198441E-01  0.104920E+07  0.102223E+07  0.000000E+00  0.000000E+00  0.475186E+06  0.101981E+07
  0.205168E-01  0.102688E+07  0.998734E+06  0.000000E+00  0.000000E+00  0.454644E+06  0.997369E+06
  0.212122E-01  0.100427E+07  0.974948E+06  0.000000E+00  0.000000E+00  0.434461E+06  0.974674E+06
  0.219312E-01  0.981413E+06  0.950903E+06  0.000000E+00  0.000000E+00  0.414661E+06  0.951749E+06
  0.226745E-01  0.958319E+06  0.926630E+06  0.000000E+00  0.000000E+00  0.395266E+06  0.928619E+06
  0.234431E-01  0.935018E+06  0.902165E+06  0.000000E+00  0.000000E+00  0.376297E+06  0.905312E+06
  0.242377E-01  0.911540E+06  0.877548E+06  0.000000E+00  0.000000E+00  0.357775E+06  0.881860E+06
  0.250592E-01  0.887922E+06  0.852824E+06  0.000000E+00  0.000000E+00  0.339723E+06  0.858299E+06
  0.259086E-01  0.864202E+06  0.828044E+06  0.000000E+00  0.000000E+00  0.322161E+06  0.834669E+06
  0.267868E-01  0.840423E+06  0.803262E+06  0.000000E+00  0.000000E+00  0.305110E+06  0.811015E+06
  0.276947E-01  0.816633E+06  0.778542E+06  0.000000E+00  0.000000E+00  0.288591E+06  0.787385E+06
  0.286334E-01  0.792885E+06  0.753948E+06  0.000000E+00  0.000000E+00  0.272623E+06  0.763833E+06
  0.296040E-01  0.769236E+06  0.729553E+06  0.000000E+00  0.000000E+00  0.257226E+06  0.740418E+06
  0.306074E-01  0.745747E+06  0.705434E+06  0.000000E+00  0.000000E+00  0.242415E+06  0.717200E+06
  0.316449E-01  0.722483E+06  0.681671E+06  0.000000E+00  0.000000E+00  0.228203E+06  0.694246E+06
  0.327175E-01  0.699514E+06  0.658350E+06  0.000000E+00  0.000000E+00  0.214601E+06  0.671624E+06
  0.338264E-01  0.679841E+06  0.638476E+06  0.000000E+00  0.000000E+00  0.193824E+06  0.651870E+06
  0.349730E-01  0.657804E+06  0.616424E+06  0.000000E+00  0.000000E+00  0.181616E+06  0.630257E+06
  0.361584E-01  0.636275E+06  0.595070E+06  0.000000E+00  0.000000E+00  0.170025E+06  0.609188E+06
  0.373840E-01  0.615050E+06  0.574220E+06  0.000000E+00  0.000000E+00  0.158981E+06  0.588467E+06
  0.386511E-01  0.594428E+06  0.554182E+06  0.000000E+00  0.000000E+00  0.148555E+06  0.568384E+06
  0.399612E-01  0.574514E+06  0.535070E+06  0.000000E+00  0.000000E+00  0.138761E+06  0.549043E+06
  0.413157E-01  0.555385E+06  0.516961E+06  0.000000E+00  0.000000E+00  0.129597E+06  0.530516E+06
  0.427161E-01  0.537102E+06  0.499915E+06  0.000000E+00  0.000000E+00  0.121043E+06  0.512861E+06
  0.441639E-01  0.517792E+06  0.482059E+06  0.000000E+00  0.000000E+00  0.115726E+06  0.494400E+06
  0.456609E-01  0.501239E+06  0.467150E+06  0.000000E+00  0.000000E+00  0.108238E+06  0.478514E+06
  0.472086E-01  0.485582E+06  0.453314E+06  0.000000E+00  0.000000E+00  0.101260E+06  0.463537E+06
  0.488087E-01  0.470788E+06  0.440490E+06  0.000000E+00  0.000000E+00  0.947823E+05  0.449432E+06
  0.504631E-01  0.456802E+06  0.428590E+06  0.000000E+00  0.000000E+00  0.887746E+05  0.436140E+06
  0.521736E-01  0.443557E+06  0.417506E+06  0.000000E+00  0.000000E+00  0.831794E+05  0.423587E+06
  0.539420E-01  0.432078E+06  0.408214E+06  0.000000E+00  0.000000E+00  0.768301E+05  0.412695E+06
  0.557704E-01  0.420054E+06  0.398357E+06  0.000000E+00  0.000000E+00  0.719190E+05  0.401340E+06
  0.576607E-01  0.408480E+06  0.388872E+06  0.000000E+00  0.000000E+00  0.673289E+05  0.390417E+06
  0.596151E-01  0.397245E+06  0.379592E+06  0.000000E+00  0.000000E+00  0.630038E+05  0.379807E+06
  0.616357E-01  0.386230E+06  0.370342E+06  0.000000E+00  0.000000E+00  0.588933E+05  0.369386E+06
  0.637249E-01  0.374533E+06  0.360170E+06  0.000000E+00  0.000000E+00  0.555881E+05  0.358307E+06
  0.658849E-01  0.363543E+06  0.350418E+06  0.000000E+00  0.000000E+00  0.518766E+05  0.347839E+06
  0.681181E-01  0.352368E+06  0.340163E+06  0.000000E+00  0.000000E+00  0.483058E+05  0.337148E+06
  0.704269E-01  0.340890E+06  0.329267E+06  0.000000E+00  0.000000E+00  0.448701E+05  0.326115E+06
  0.728140E-01  0.329245E+06  0.317866E+06  0.000000E+00  0.000000E+00  0.413246E+05  0.314862E+06
  0.752820E-01  0.317016E+06  0.305569E+06  0.000000E+00  0.000000E+00  0.381441E+05  0.303014E+06
  0.778338E-01  0.304438E+06  0.292652E+06  0.000000E+00  0.000000E+00  0.350939E+05  0.290793E+06
  0.804719E-01  0.291612E+06  0.279281E+06  0.000000E+00  0.000000E+00  0.321829E+05  0.278306E+06
  0.831996E-01  0.278680E+06  0.265682E+06  0.000000E+00  0.000000E+00  0.294241E+05  0.265704E+06
  0.860197E-01  0.265815E+06  0.252127E+06  0.000000E+00  0.000000E+00  0.268341E+05  0.253170E+06
  0.889353E-01  0.253212E+06  0.238915E+06  0.000000E+00  0.000000E+00  0.244345E+05  0.240907E+06
  0.919498E-01  0.241077E+06  0.226356E+06  0.000000E+00  0.000000E+00  0.222313E+05  0.229133E+06
  0.950664E-01  0.229639E+06  0.214765E+06  0.000000E+00  0.000000E+00  0.202302E+05  0.218078E+06
  0.982887E-01  0.219120E+06  0.204429E+06  0.000000E+00  0.000000E+00  0.184325E+05  0.207968E+06
  0.101620E+00  0.209702E+06  0.195556E+06  0.000000E+00  0.000000E+00  0.168472E+05  0.198981E+06
  0.105065E+00  0.201457E+06  0.188201E+06  0.000000E+00  0.000000E+00  0.154564E+05  0.191181E+06
  0.108626E+00  0.194307E+06  0.182224E+06  0.000000E+00  0.000000E+00  0.142338E+05  0.184484E+06
  0.112308E+00  0.188023E+06  0.177291E+06  0.000000E+00  0.000000E+00  0.131524E+05  0.178651E+06
  0.116114E+00  0.182286E+06  0.172944E+06  0.000000E+00  0.000000E+00  0.121691E+05  0.173352E+06
  0.120050E+00  0.176761E+06  0.168699E+06  0.000000E+00  0.000000E+00  0.112585E+05  0.168240E+06
  0.124119E+00  0.171150E+06  0.164119E+06  0.000000E+00  0.000000E+00  0.103953E+05  0.163006E+06
  0.128326E+00  0.165202E+06  0.158852E+06  0.000000E+00  0.000000E+00  0.955855E+04  0.157394E+06
  0.132676E+00  0.158735E+06  0.152671E+06  0.000000E+00  0.000000E+00  0.874713E+04  0.151220E+06
  0.137173E+00  0.151683E+06  0.145539E+06  0.000000E+00  0.000000E+00  0.794985E+04  0.144426E+06
  0.141822E+00  0.144170E+06  0.137683E+06  0.000000E+00  0.000000E+00  0.718298E+04  0.137148E+06
  0.146629E+00  0.136508E+06  0.129572E+06  0.000000E+00  0.000000E+00  0.646056E+04  0.129713E+06
  0.151600E+00  0.129110E+06  0.121798E+06  0.000000E+00  0.000000E+00  0.580384E+04  0.122544E+06
  0.156738E+00  0.122343E+06  0.114889E+06  0.000000E+00  0.000000E+00  0.522206E+04  0.116021E+06
  0.162051E+00  0.116448E+06  0.109179E+06  0.000000E+00  0.000000E+00  0.472049E+04  0.110391E+06
  0.167543E+00  0.111501E+06  0.104746E+06  0.000000E+00  0.000000E+00  0.429339E+04  0.105726E+06
  0.173222E+00  0.107388E+06  0.101378E+06  0.000000E+00  0.000000E+00  0.392891E+04  0.101899E+06
  0.179094E+00  0.103788E+06  0.985853E+05  0.000000E+00  0.000000E+00  0.360785E+04  0.985764E+05
  0.185164E+00  0.100259E+06  0.957361E+05  0.000000E+00  0.000000E+00  0.330918E+04  0.953005E+05
  0.191440E+00  0.964072E+05  0.922966E+05  0.000000E+00  0.000000E+00  0.301830E+04  0.916721E+05
  0.197929E+00  0.920565E+05  0.880492E+05  0.000000E+00  0.000000E+00  0.273231E+04  0.875149E+05
  0.204638E+00  0.873123E+05  0.831777E+05  0.000000E+00  0.000000E+00  0.245473E+04  0.829432E+05
  0.211574E+00  0.825077E+05  0.781797E+05  0.000000E+00  0.000000E+00  0.219585E+04  0.783034E+05
  0.218745E+00  0.780410E+05  0.736330E+05  0.000000E+00  0.000000E+00  0.196576E+04  0.740072E+05
  0.226160E+00  0.741959E+05  0.699317E+05  0.000000E+00  0.000000E+00  0.176941E+04  0.703443E+05
  0.233826E+00  0.710255E+05  0.671176E+05  0.000000E+00  0.000000E+00  0.160414E+04  0.673636E+05
  0.241751E+00  0.682969E+05  0.648340E+05  0.000000E+00  0.000000E+00  0.146082E+04  0.648213E+05
  0.249945E+00  0.656258E+05  0.625317E+05  0.000000E+00  0.000000E+00  0.132889E+04  0.623218E+05
  0.258417E+00  0.627369E+05  0.598281E+05  0.000000E+00  0.000000E+00  0.120187E+04  0.595835E+05
  0.267176E+00  0.595748E+05  0.566800E+05  0.000000E+00  0.000000E+00  0.107844E+04  0.565555E+05
  0.276232E+00  0.563577E+05  0.534228E+05  0.000000E+00  0.000000E+00  0.963919E+03  0.534663E+05
  0.285595E+00  0.534169E+05  0.505219E+05  0.000000E+00  0.000000E+00  0.863216E+03  0.506553E+05
  0.295275E+00  0.508998E+05  0.481777E+05  0.000000E+00  0.000000E+00  0.777165E+03  0.482725E+05
  0.305284E+00  0.487100E+05  0.462333E+05  0.000000E+00  0.000000E+00  0.702850E+03  0.462153E+05
  0.315631E+00  0.465918E+05  0.443195E+05  0.000000E+00  0.000000E+00  0.635008E+03  0.442200E+05
  0.326330E+00  0.443622E+05  0.421896E+05  0.000000E+00  0.000000E+00  0.570706E+03  0.421010E+05
  0.337391E+00  0.420616E+05  0.399206E+05  0.000000E+00  0.000000E+00  0.510630E+03  0.399028E+05
  0.348827E+00  0.398804E+05  0.377912E+05  0.000000E+00  0.000000E+00  0.456761E+03  0.378225E+05
  0.360650E+00  0.379499E+05  0.359782E+05  0.000000E+00  0.000000E+00  0.410028E+03  0.359933E+05
  0.372875E+00  0.362027E+05  0.343766E+05  0.000000E+00  0.000000E+00  0.369006E+03  0.343444E+05
  0.385513E+00  0.344857E+05  0.327690E+05  0.000000E+00  0.000000E+00  0.331538E+03  0.327184E+05
  0.398580E+00  0.327437E+05  0.310882E+05  0.000000E+00  0.000000E+00  0.296718E+03  0.310607E+05
  0.412090E+00  0.310620E+05  0.294632E+05  0.000000E+00  0.000000E+00  0.265276E+03  0.294600E+05
  0.426058E+00  0.295238E+05  0.280099E+05  0.000000E+00  0.000000E+00  0.237591E+03  0.280014E+05
  0.440499E+00  0.280985E+05  0.266789E+05  0.000000E+00  0.000000E+00  0.213065E+03  0.266525E+05
  0.455430E+00  0.267059E+05  0.253590E+05  0.000000E+00  0.000000E+00  0.190762E+03  0.253315E+05
  0.470867E+00  0.253432E+05  0.240521E+05  0.000000E+00  0.000000E+00  0.170454E+03  0.240363E+05
  0.486827E+00  0.240601E+05  0.228313E+05  0.000000E+00  0.000000E+00  0.152362E+03  0.228185E+05
  0.503328E+00  0.228628E+05  0.217032E+05  0.000000E+00  0.000000E+00  0.136325E+03  0.216840E+05
  0.520388E+00  0.217129E+05  0.206134E+05  0.000000E+00  0.000000E+00  0.121853E+03  0.205933E+05
  0.538027E+00  0.206030E+05  0.195551E+05  0.000000E+00  0.000000E+00  0.108794E+03  0.195396E+05
  0.556263E+00  0.195541E+05  0.185595E+05  0.000000E+00  0.000000E+00  0.971606E+02  0.185446E+05
  0.575118E+00  0.185628E+05  0.176213E+05  0.000000E+00  0.000000E+00  0.867520E+02  0.176046E+05
  0.594612E+00  0.176127E+05  0.167187E+05  0.000000E+00  0.000000E+00  0.774244E+02  0.167033E+05
  0.614766E+00  0.167074E+05  0.158583E+05  0.000000E+00  0.000000E+00  0.690512E+02  0.158443E+05
  0.635604E+00  0.158502E+05  0.150456E+05  0.000000E+00  0.000000E+00  0.615972E+02  0.150314E+05
  0.657148E+00  0.150336E+05  0.142705E+05  0.000000E+00  0.000000E+00  0.549153E+02  0.142568E+05
  0.679422E+00  0.142559E+05  0.135319E+05  0.000000E+00  0.000000E+00  0.489510E+02  0.135191E+05
  0.702451E+00  0.135179E+05  0.128318E+05  0.000000E+00  0.000000E+00  0.436205E+02  0.128192E+05
  0.726261E+00  0.128159E+05  0.121654E+05  0.000000E+00  0.000000E+00  0.388535E+02  0.121534E+05
  0.750877E+00  0.121486E+05  0.115319E+05  0.000000E+00  0.000000E+00  0.346046E+02  0.115204E+05
  0.776328E+00  0.115148E+05  0.109304E+05  0.000000E+00  0.000000E+00  0.308128E+02  0.109193E+05
  0.802642E+00  0.109123E+05  0.103585E+05  0.000000E+00  0.000000E+00  0.274187E+02  0.103480E+05
  0.829848E+00  0.103402E+05  0.981541E+04  0.000000E+00  0.000000E+00  0.243992E+02  0.980534E+04
  0.857975E+00  0.979679E+04  0.929963E+04  0.000000E+00  0.000000E+00  0.217038E+02  0.929001E+04
  0.887057E+00  0.928078E+04  0.880983E+04  0.000000E+00  0.000000E+00  0.193048E+02  0.880065E+04
  0.917123E+00  0.879098E+04  0.834490E+04  0.000000E+00  0.000000E+00  0.171658E+02  0.833614E+04
  0.948209E+00  0.832600E+04  0.790354E+04  0.000000E+00  0.000000E+00  0.152581E+02  0.789518E+04
  0.980349E+00  0.788471E+04  0.748466E+04  0.000000E+00  0.000000E+00  0.135594E+02  0.747669E+04
  0.101358E+01  0.746590E+04  0.708711E+04  0.000000E+00  0.000000E+00  0.120497E+02  0.707952E+04
  0.104793E+01  0.706849E+04  0.670988E+04  0.000000E+00  0.000000E+00  0.107044E+02  0.670264E+04
  0.108345E+01  0.669146E+04  0.635199E+04  0.000000E+00  0.000000E+00  0.950503E+01  0.634510E+04
  0.112018E+01  0.633383E+04  0.601251E+04  0.000000E+00  0.000000E+00  0.844065E+01  0.600596E+04
  0.115815E+01  0.599469E+04  0.569059E+04  0.000000E+00  0.000000E+00  0.749171E+01  0.568435E+04
  0.119740E+01  0.567310E+04  0.538532E+04  0.000000E+00  0.000000E+00  0.664893E+01  0.537940E+04
  0.123799E+01  0.536820E+04  0.509590E+04  0.000000E+00  0.000000E+00  0.590098E+01  0.509027E+04
  0.127995E+01  0.507914E+04  0.482151E+04  0.000000E+00  0.000000E+00  0.523453E+01  0.481616E+04
  0.132333E+01  0.480516E+04  0.456143E+04  0.000000E+00  0.000000E+00  0.464244E+01  0.455635E+04
  0.136819E+01  0.454549E+04  0.431494E+04  0.000000E+00  0.000000E+00  0.411810E+01  0.431012E+04
  0.141456E+01  0.429943E+04  0.408137E+04  0.000000E+00  0.000000E+00  0.365086E+01  0.407679E+04
  0.146251E+01  0.406627E+04  0.386004E+04  0.000000E+00  0.000000E+00  0.323716E+01  0.385569E+04
  0.151208E+01  0.384537E+04  0.365035E+04  0.000000E+00  0.000000E+00  0.286942E+01  0.364623E+04
  0.156333E+01  0.363612E+04  0.345172E+04  0.000000E+00  0.000000E+00  0.254263E+01  0.344781E+04
  0.161632E+01  0.343795E+04  0.326360E+04  0.000000E+00  0.000000E+00  0.225289E+01  0.325990E+04
  0.167111E+01  0.325029E+04  0.308546E+04  0.000000E+00  0.000000E+00  0.199598E+01  0.308195E+04
  0.172775E+01  0.307258E+04  0.291677E+04  0.000000E+00  0.000000E+00  0.176776E+01  0.291344E+04
  0.178631E+01  0.290433E+04  0.275705E+04  0.000000E+00  0.000000E+00  0.156569E+01  0.275390E+04
  0.184686E+01  0.274504E+04  0.260584E+04  0.000000E+00  0.000000E+00  0.138636E+01  0.260285E+04
  0.190946E+01  0.259426E+04  0.246271E+04  0.000000E+00  0.000000E+00  0.122729E+01  0.245988E+04
  0.197418E+01  0.245154E+04  0.232723E+04  0.000000E+00  0.000000E+00  0.108654E+01  0.232455E+04
  0.204110E+01  0.231648E+04  0.219902E+04  0.000000E+00  0.000000E+00  0.961805E+00  0.219648E+04
  0.211028E+01  0.218867E+04  0.207769E+04  0.000000E+00  0.000000E+00  0.851003E+00  0.207530E+04
  0.218181E+01  0.206776E+04  0.196291E+04  0.000000E+00  0.000000E+00  0.753050E+00  0.196064E+04
  0.225576E+01  0.195336E+04  0.185431E+04  0.000000E+00  0.000000E+00  0.666156E+00  0.185217E+04
  0.233222E+01  0.184514E+04  0.175159E+04  0.000000E+00  0.000000E+00  0.589319E+00  0.174956E+04
  0.241127E+01  0.174278E+04  0.165441E+04  0.000000E+00  0.000000E+00  0.521235E+00  0.165249E+04
  0.249300E+01  0.164596E+04  0.156250E+04  0.000000E+00  0.000000E+00  0.461024E+00  0.156069E+04
  0.257750E+01  0.155440E+04  0.147559E+04  0.000000E+00  0.000000E+00  0.407525E+00  0.147387E+04
  0.266486E+01  0.146782E+04  0.139340E+04  0.000000E+00  0.000000E+00  0.360441E+00  0.139178E+04
  0.275519E+01  0.138597E+04  0.131569E+04  0.000000E+00  0.000000E+00  0.318649E+00  0.131416E+04
  0.284858E+01  0.130858E+04  0.124223E+04  0.000000E+00  0.000000E+00  0.281667E+00  0.124079E+04
  0.294513E+01  0.123543E+04  0.117279E+04  0.000000E+00  0.000000E+00  0.248974E+00  0.117142E+04
  0.304496E+01  0.116627E+04  0.110714E+04  0.000000E+00  0.000000E+00  0.220015E+00  0.110585E+04
  0.314817E+01  0.110091E+04  0.104509E+04  0.000000E+00  0.000000E+00  0.194445E+00  0.104387E+04
  0.325487E+01  0.103913E+04  0.986447E+03  0.000000E+00  0.000000E+00  0.171820E+00  0.985297E+03
  0.336520E+01  0.980764E+03  0.931036E+03  0.000000E+00  0.000000E+00  0.151804E+00  0.929950E+03
  0.347926E+01  0.925609E+03  0.878677E+03  0.000000E+00  0.000000E+00  0.134083E+00  0.877652E+03
  0.359719E+01  0.873497E+03  0.829207E+03  0.000000E+00  0.000000E+00  0.118422E+00  0.828240E+03
  0.371912E+01  0.824261E+03  0.782466E+03  0.000000E+00  0.000000E+00  0.104624E+00  0.781554E+03
  0.384518E+01  0.777749E+03  0.738312E+03  0.000000E+00  0.000000E+00  0.923596E-01  0.737452E+03
  0.397551E+01  0.733814E+03  0.696604E+03  0.000000E+00  0.000000E+00  0.815707E-01  0.695793E+03
  0.411026E+01  0.692320E+03  0.657213E+03  0.000000E+00  0.000000E+00  0.720612E-01  0.656448E+03
  0.424958E+01  0.653130E+03  0.620009E+03  0.000000E+00  0.000000E+00  0.636056E-01  0.619288E+03
  0.439362E+01  0.616119E+03  0.584874E+03  0.000000E+00  0.000000E+00  0.561556E-01  0.584195E+03
  0.454254E+01  0.581168E+03  0.551695E+03  0.000000E+00  0.000000E+00  0.495700E-01  0.551054E+03
  0.469651E+01  0.548166E+03  0.520366E+03  0.000000E+00  0.000000E+00  0.437614E-01  0.519762E+03
  0.485570E+01  0.517010E+03  0.490789E+03  0.000000E+00  0.000000E+00  0.386152E-01  0.490221E+03
  0.502029E+01  0.487596E+03  0.462865E+03  0.000000E+00  0.000000E+00  0.340804E-01  0.462330E+03
  0.519045E+01  0.459827E+03  0.436504E+03  0.000000E+00  0.000000E+00  0.300783E-01  0.436000E+03
  0.536638E+01  0.433614E+03  0.411619E+03  0.000000E+00  0.000000E+00  0.265348E-01  0.411145E+03
  0.554827E+01  0.408873E+03  0.388131E+03  0.000000E+00  0.000000E+00  0.234200E-01  0.387685E+03
  0.573633E+01  0.385522E+03  0.365964E+03  0.000000E+00  0.000000E+00  0.206673E-01  0.365544E+03
  0.593077E+01  0.363485E+03  0.345043E+03  0.000000E+00  0.000000E+00  0.182251E-01  0.344649E+03
  0.613179E+01  0.342687E+03  0.325300E+03  0.000000E+00  0.000000E+00  0.160904E-01  0.324928E+03
  0.633963E+01  0.323062E+03  0.306669E+03  0.000000E+00  0.000000E+00  0.141840E-01  0.306320E+03
  0.655451E+01  0.304545E+03  0.289090E+03  0.000000E+00  0.000000E+00  0.125091E-01  0.288763E+03
  0.677667E+01  0.287075E+03  0.272505E+03  0.000000E+00  0.000000E+00  0.110385E-01  0.272198E+03
  0.700637E+01  0.270592E+03  0.256857E+03  0.000000E+00  0.000000E+00  0.973639E-02  0.256568E+03
  0.724385E+01  0.255042E+03  0.242095E+03  0.000000E+00  0.000000E+00  0.858440E-02  0.241824E+03
  0.748939E+01  0.240374E+03  0.228170E+03  0.000000E+00  0.000000E+00  0.757035E-02  0.227916E+03
  0.774324E+01  0.226538E+03  0.215035E+03  0.000000E+00  0.000000E+00  0.667730E-02  0.214797E+03
  0.800570E+01  0.213488E+03  0.202646E+03  0.000000E+00  0.000000E+00  0.588300E-02  0.202423E+03
  0.827705E+01  0.201179E+03  0.190961E+03  0.000000E+00  0.000000E+00  0.519072E-02  0.190751E+03
  0.855760E+01  0.189571E+03  0.179941E+03  0.000000E+00  0.000000E+00  0.457477E-02  0.179745E+03
  0.884767E+01  0.178624E+03  0.169549E+03  0.000000E+00  0.000000E+00  0.403458E-02  0.169365E+03
  0.914755E+01  0.168301E+03  0.159749E+03  0.000000E+00  0.000000E+00  0.355580E-02  0.159577E+03
  0.945762E+01  0.158567E+03  0.150508E+03  0.000000E+00  0.000000E+00  0.313336E-02  0.150348E+03
  0.977818E+01  0.149390E+03  0.141796E+03  0.000000E+00  0.000000E+00  0.276281E-02  0.141646E+03
  0.101096E+02  0.140737E+03  0.133581E+03  0.000000E+00  0.000000E+00  0.243679E-02  0.133441E+03
  0.104523E+02  0.132579E+03  0.125836E+03  0.000000E+00  0.000000E+00  0.214581E-02  0.125706E+03
  0.108066E+02  0.124889E+03  0.118535E+03  0.000000E+00  0.000000E+00  0.189112E-02  0.118414E+03
  0.111728E+02  0.117640E+03  0.111653E+03  0.000000E+00  0.000000E+00  0.166700E-02  0.111540E+03
  0.115516E+02  0.110806E+03  0.105165E+03  0.000000E+00  0.000000E+00  0.146865E-02  0.105060E+03
  0.119431E+02  0.104365E+03  0.990503E+02  0.000000E+00  0.000000E+00  0.129545E-02  0.989531E+02
  0.123479E+02  0.982938E+02  0.932868E+02  0.000000E+00  0.000000E+00  0.114048E-02  0.931966E+02
  0.127664E+02  0.925718E+02  0.878545E+02  0.000000E+00  0.000000E+00  0.100496E-02  0.877711E+02
  0.131992E+02  0.871796E+02  0.827353E+02  0.000000E+00  0.000000E+00  0.885402E-03  0.826582E+02
  0.136466E+02  0.820980E+02  0.779110E+02  0.000000E+00  0.000000E+00  0.780421E-03  0.778398E+02
  0.141091E+02  0.773093E+02  0.733647E+02  0.000000E+00  0.000000E+00  0.687170E-03  0.732992E+02
  0.145873E+02  0.727970E+02  0.690808E+02  0.000000E+00  0.000000E+00  0.604934E-03  0.690207E+02
  0.150818E+02  0.685454E+02  0.650445E+02  0.000000E+00  0.000000E+00  0.533846E-03  0.649894E+02
  0.155930E+02  0.645394E+02  0.612412E+02  0.000000E+00  0.000000E+00  0.469727E-03  0.611908E+02
  0.161215E+02  0.607653E+02  0.576581E+02  0.000000E+00  0.000000E+00  0.413480E-03  0.576122E+02
  0.166679E+02  0.572095E+02  0.542823E+02  0.000000E+00  0.000000E+00  0.364904E-03  0.542406E+02
  0.172329E+02  0.538597E+02  0.511020E+02  0.000000E+00  0.000000E+00  0.321049E-03  0.510644E+02
  0.178170E+02  0.507042E+02  0.481062E+02  0.000000E+00  0.000000E+00  0.283198E-03  0.480723E+02
  0.184209E+02  0.477317E+02  0.452841E+02  0.000000E+00  0.000000E+00  0.249096E-03  0.452538E+02
  0.190453E+02  0.449318E+02  0.426258E+02  0.000000E+00  0.000000E+00  0.219447E-03  0.425989E+02
  0.196908E+02  0.422946E+02  0.401220E+02  0.000000E+00  0.000000E+00  0.193286E-03  0.400983E+02
  0.203583E+02  0.398106E+02  0.377637E+02  0.000000E+00  0.000000E+00  0.170322E-03  0.377430E+02
  0.210483E+02  0.374713E+02  0.355426E+02  0.000000E+00  0.000000E+00  0.149742E-03  0.355248E+02
  0.217617E+02  0.352680E+02  0.334508E+02  0.000000E+00  0.000000E+00  0.132011E-03  0.334357E+02
  0.224994E+02  0.331932E+02  0.314809E+02  0.000000E+00  0.000000E+00  0.116034E-03  0.314683E+02
  0.232620E+02  0.312393E+02  0.296258E+02  0.000000E+00  0.000000E+00  0.102385E-03  0.296156E+02
  0.240505E+02  0.293994E+02  0.278789E+02  0.000000E+00  0.000000E+00  0.900579E-04  0.278710E+02
  0.248656E+02  0.276669E+02  0.262340E+02  0.000000E+00  0.000000E+00  0.792792E-04  0.262282E+02
  0.257085E+02  0.260355E+02  0.246851E+02  0.000000E+00  0.000000E+00  0.696486E-04  0.246814E+02
  0.265798E+02  0.244996E+02  0.232267E+02  0.000000E+00  0.000000E+00  0.613415E-04  0.232250E+02
  0.274808E+02  0.230534E+02  0.218536E+02  0.000000E+00  0.000000E+00  0.540315E-04  0.218537E+02
  0.284122E+02  0.216919E+02  0.205609E+02  0.000000E+00  0.000000E+00  0.476322E-04  0.205627E+02
  0.293753E+02  0.204101E+02  0.193438E+02  0.000000E+00  0.000000E+00  0.418457E-04  0.193473E+02
  0.303709E+02  0.192034E+02  0.181981E+02  0.000000E+00  0.000000E+00  0.369268E-04  0.182031E+02
  0.314004E+02  0.180675E+02  0.171195E+02  0.000000E+00  0.000000E+00  0.325358E-04  0.171260E+02
  0.324647E+02  0.169982E+02  0.161042E+02  0.000000E+00  0.000000E+00  0.285145E-04  0.161120E+02
  0.335651E+02  0.159916E+02  0.151484E+02  0.000000E+00  0.000000E+00  0.251455E-04  0.151576E+02
  0.347028E+02  0.150441E+02  0.142488E+02  0.000000E+00  0.000000E+00  0.220662E-04  0.142592E+02
  0.358790E+02  0.141524E+02  0.134020E+02  0.000000E+00  0.000000E+00  0.194392E-04  0.134136E+02
  0.370952E+02  0.133130E+02  0.126050E+02  0.000000E+00  0.000000E+00  0.172034E-04  0.126177E+02
  0.383525E+02  0.125231E+02  0.118549E+02  0.000000E+00  0.000000E+00  0.151368E-04  0.118686E+02
  0.396525E+02  0.117796E+02  0.111489E+02  0.000000E+00  0.000000E+00  0.132650E-04  0.111637E+02
  0.409965E+02  0.110800E+02  0.104844E+02  0.000000E+00  0.000000E+00  0.116597E-04  0.105002E+02
  0.423861E+02  0.104215E+02  0.985915E+01  0.000000E+00  0.000000E+00  0.102571E-04  0.987583E+01
  0.438228E+02  0.980188E+01  0.927073E+01  0.000000E+00  0.000000E+00  0.906768E-05  0.928827E+01
  0.453082E+02  0.921879E+01  0.871700E+01  0.000000E+00  0.000000E+00  0.795804E-05  0.873537E+01
  0.468439E+02  0.867012E+01  0.819594E+01  0.000000E+00  0.000000E+00  0.702328E-05  0.821509E+01
  0.484317E+02  0.815384E+01  0.770563E+01  0.000000E+00  0.000000E+00  0.618758E-05  0.772553E+01
  0.500732E+02  0.766808E+01  0.724429E+01  0.000000E+00  0.000000E+00  0.540489E-05  0.726490E+01
  0.517705E+02  0.721100E+01  0.681019E+01  0.000000E+00  0.000000E+00  0.478673E-05  0.683148E+01
  0.535252E+02  0.678097E+01  0.640177E+01  0.000000E+00  0.000000E+00  0.419570E-05  0.642370E+01
  0.553395E+02  0.637638E+01  0.601749E+01  0.000000E+00  0.000000E+00  0.367265E-05  0.604004E+01
  0.572153E+02  0.599573E+01  0.565595E+01  0.000000E+00  0.000000E+00  0.325568E-05  0.567908E+01
  0.591545E+02  0.563764E+01  0.531582E+01  0.000000E+00  0.000000E+00  0.287102E-05  0.533951E+01
  0.611596E+02  0.530075E+01  0.499582E+01  0.000000E+00  0.000000E+00  0.252865E-05  0.502005E+01
  0.632326E+02  0.498384E+01  0.469479E+01  0.000000E+00  0.000000E+00  0.220506E-05  0.471953E+01
  0.653759E+02  0.468572E+01  0.441160E+01  0.000000E+00  0.000000E+00  0.194751E-05  0.443683E+01
  0.675918E+02  0.440529E+01  0.414521E+01  0.000000E+00  0.000000E+00  0.172301E-05  0.417090E+01
  0.698829E+02  0.414150E+01  0.389462E+01  0.000000E+00  0.000000E+00  0.151284E-05  0.392075E+01
  0.722515E+02  0.389338E+01  0.365890E+01  0.000000E+00  0.000000E+00  0.133276E-05  0.368546E+01
  0.747005E+02  0.366000E+01  0.343718E+01  0.000000E+00  0.000000E+00  0.114964E-05  0.346414E+01
  0.772325E+02  0.344050E+01  0.322864E+01  0.000000E+00  0.000000E+00  0.101202E-05  0.325598E+01
  0.798503E+02  0.323404E+01  0.303248E+01  0.000000E+00  0.000000E+00  0.901628E-06  0.306020E+01
  0.825568E+02  0.303987E+01  0.284799E+01  0.000000E+00  0.000000E+00  0.802217E-06  0.287606E+01
  0.853551E+02  0.285725E+01  0.267447E+01  0.000000E+00  0.000000E+00  0.686478E-06  0.270288E+01
  0.882482E+02  0.268551E+01  0.251128E+01  0.000000E+00  0.000000E+00  0.617995E-06  0.254001E+01
  0.912394E+02  0.252400E+01  0.235780E+01  0.000000E+00  0.000000E+00  0.527246E-06  0.238684E+01
  0.943319E+02  0.237211E+01  0.221346E+01  0.000000E+00  0.000000E+00  0.476541E-06  0.224280E+01
  0.975294E+02  0.222927E+01  0.207772E+01  0.000000E+00  0.000000E+00  0.417524E-06  0.210734E+01
  0.100835E+03  0.209496E+01  0.195007E+01  0.000000E+00  0.000000E+00  0.369920E-06  0.197996E+01
  0.104253E+03  0.196866E+01  0.183004E+01  0.000000E+00  0.000000E+00  0.316968E-06  0.186018E+01
  0.107787E+03  0.184990E+01  0.171717E+01  0.000000E+00  0.000000E+00  0.275992E-06  0.174755E+01
  0.111440E+03  0.173822E+01  0.161103E+01  0.000000E+00  0.000000E+00  0.243032E-06  0.164164E+01
  0.115217E+03  0.163322E+01  0.151123E+01  0.000000E+00  0.000000E+00  0.219940E-06  0.154206E+01
  0.119123E+03  0.153449E+01  0.141739E+01  0.000000E+00  0.000000E+00  0.193382E-06  0.144843E+01
  0.123160E+03  0.144167E+01  0.132916E+01  0.000000E+00  0.000000E+00  0.176809E-06  0.136040E+01
  0.127335E+03  0.135439E+01  0.124621E+01  0.000000E+00  0.000000E+00  0.146096E-06  0.127763E+01
  0.131651E+03  0.127234E+01  0.116822E+01  0.000000E+00  0.000000E+00  0.124734E-06  0.119981E+01
  0.136113E+03  0.119520E+01  0.109490E+01  0.000000E+00  0.000000E+00  0.114385E-06  0.112665E+01
  0.140727E+03  0.112268E+01  0.102597E+01  0.000000E+00  0.000000E+00  0.962618E-07  0.105788E+01
  0.145497E+03  0.105450E+01  0.961171E+00  0.000000E+00  0.000000E+00  0.867924E-07  0.993215E+00
  0.150428E+03  0.990409E+00  0.900262E+00  0.000000E+00  0.000000E+00  0.773322E-07  0.932434E+00
  0.155527E+03  0.930160E+00  0.843009E+00  0.000000E+00  0.000000E+00  0.633913E-07  0.875297E+00
  0.160799E+03  0.873520E+00  0.789194E+00  0.000000E+00  0.000000E+00  0.602195E-07  0.821584E+00
  0.166249E+03  0.820282E+00  0.738617E+00  0.000000E+00  0.000000E+00  0.495331E-07  0.771098E+00
  0.171884E+03  0.770239E+00  0.691084E+00  0.000000E+00  0.000000E+00  0.494995E-07  0.723644E+00
  0.177710E+03  0.723201E+00  0.646415E+00  0.000000E+00  0.000000E+00  0.362449E-07  0.679041E+00
  0.183734E+03  0.678987E+00  0.604438E+00  0.000000E+00  0.000000E+00  0.365807E-07  0.637117E+00
  0.189961E+03  0.637432E+00  0.564999E+00  0.000000E+00  0.000000E+00  0.283904E-07  0.597716E+00
  0.196400E+03  0.598375E+00  0.527946E+00  0.000000E+00  0.000000E+00  0.293299E-07  0.560688E+00
  0.203057E+03  0.561669E+00  0.493138E+00  0.000000E+00  0.000000E+00  0.238955E-07  0.525889E+00
