  0.106157E-04  0.266392E+06  0.266392E+06  0.355188E+06  0.355187E+06  0.272019E+06  0.266644E+06
  0.109755E-04  0.266392E+06  0.266392E+06  0.355187E+06  0.355187E+06  0.272019E+06  0.266644E+06
  0.113475E-04  0.266392E+06  0.266392E+06  0.355187E+06  0.355187E+06  0.272019E+06  0.266644E+06
  0.117321E-04  0.266392E+06  0.266392E+06  0.355187E+06  0.355187E+06  0.272019E+06  0.266644E+06
  0.121298E-04  0.266392E+06  0.266392E+06  0.355187E+06  0.355187E+06  0.272019E+06  0.266644E+06
  0.125409E-04  0.266392E+06  0.266392E+06  0.355187E+06  0.355186E+06  0.272019E+06  0.266644E+06
  0.129660E-04  0.266392E+06  0.266392E+06  0.355186E+06  0.355186E+06  0.272019E+06  0.266644E+06
  0.134055E-04  0.266392E+06  0.266392E+06  0.355186E+06  0.355186E+06  0.272019E+06  0.266644E+06
  0.138599E-04  0.266392E+06  0.266392E+06  0.355186E+06  0.355186E+06  0.272019E+06  0.266644E+06
  0.143296E-04  0.266392E+06  0.266392E+06  0.355186E+06  0.355185E+06  0.272019E+06  0.266644E+06
  0.148154E-04  0.266392E+06  0.266392E+06  0.355186E+06  0.355185E+06  0.272019E+06  0.266644E+06
  0.153175E-04  0.266392E+06  0.266392E+06  0.355185E+06  0.355185E+06  0.272019E+06  0.266644E+06
  0.158367E-04  0.266392E+06  0.266392E+06  0.355185E+06  0.355185E+06  0.272019E+06  0.266644E+06
  0.163735E-04  0.266392E+06  0.266392E+06  0.355185E+06  0.355184E+06  0.272019E+06  0.266644E+06
  0.169285E-04  0.266392E+06  0.266392E+06  0.355184E+06  0.355184E+06  0.272018E+06  0.266644E+06
  0.175023E-04  0.266392E+06  0.266392E+06  0.355184E+06  0.355183E+06  0.272018E+06  0.266644E+06
  0.180955E-04  0.266392E+06  0.266392E+06  0.355184E+06  0.355183E+06  0.272018E+06  0.266644E+06
  0.187089E-04  0.266392E+06  0.266392E+06  0.355183E+06  0.355183E+06  0.272018E+06  0.266644E+06
  0.193430E-04  0.266392E+06  0.266392E+06  0.355183E+06  0.355182E+06  0.272018E+06  0.266644E+06
  0.199986E-04  0.266392E+06  0.266392E+06  0.355182E+06  0.355182E+06  0.272018E+06  0.266644E+06
  0.206765E-04  0.266392E+06  0.266392E+06  0.355182E+06  0.355181E+06  0.272018E+06  0.266644E+06
  0.213773E-04  0.266392E+06  0.266392E+06  0.355181E+06  0.355180E+06  0.272018E+06  0.266644E+06
  0.221019E-04  0.266392E+06  0.266392E+06  0.355181E+06  0.355180E+06  0.272018E+06  0.266644E+06
  0.228511E-04  0.266392E+06  0.266392E+06  0.355180E+06  0.355179E+06  0.272017E+06  0.266644E+06
  0.236256E-04  0.266392E+06  0.266392E+06  0.355180E+06  0.355178E+06  0.272017E+06  0.266644E+06
  0.244264E-04  0.266392E+06  0.266392E+06  0.355179E+06  0.355178E+06  0.272017E+06  0.266644E+06
  0.252543E-04  0.266392E+06  0.266392E+06  0.355178E+06  0.355177E+06  0.272017E+06  0.266644E+06
  0.261103E-04  0.266392E+06  0.266392E+06  0.355177E+06  0.355176E+06  0.272017E+06  0.266644E+06
  0.269953E-04  0.266392E+06  0.266392E+06  0.355176E+06  0.355175E+06  0.272016E+06  0.266644E+06
  0.279103E-04  0.266392E+06  0.266392E+06  0.355176E+06  0.355174E+06  0.272016E+06  0.266644E+06
  0.288564E-04  0.266392E+06  0.266392E+06  0.355175E+06  0.355173E+06  0.272016E+06  0.266644E+06
  0.298345E-04  0.266392E+06  0.266391E+06  0.355174E+06  0.355172E+06  0.272016E+06  0.266643E+06
  0.308457E-04  0.266392E+06  0.266391E+06  0.355172E+06  0.355171E+06  0.272015E+06  0.266643E+06
  0.318912E-04  0.266391E+06  0.266391E+06  0.355171E+06  0.355169E+06  0.272015E+06  0.266643E+06
  0.329722E-04  0.266391E+06  0.266391E+06  0.355170E+06  0.355168E+06  0.272015E+06  0.266643E+06
  0.340898E-04  0.266391E+06  0.266391E+06  0.355169E+06  0.355167E+06  0.272014E+06  0.266643E+06
  0.352452E-04  0.266391E+06  0.266391E+06  0.355167E+06  0.355165E+06  0.272014E+06  0.266643E+06
  0.364399E-04  0.266391E+06  0.266391E+06  0.355166E+06  0.355163E+06  0.272013E+06  0.266643E+06
  0.376750E-04  0.266391E+06  0.266391E+06  0.355164E+06  0.355161E+06  0.272013E+06  0.266643E+06
  0.389520E-04  0.266391E+06  0.266391E+06  0.355162E+06  0.355160E+06  0.272012E+06  0.266643E+06
  0.402723E-04  0.266391E+06  0.266391E+06  0.355160E+06  0.355157E+06  0.272012E+06  0.266643E+06
  0.416373E-04  0.266391E+06  0.266391E+06  0.355158E+06  0.355155E+06  0.272011E+06  0.266643E+06
  0.430486E-04  0.266391E+06  0.266391E+06  0.355156E+06  0.355153E+06  0.272011E+06  0.266643E+06
  0.445078E-04  0.266391E+06  0.266391E+06  0.355154E+06  0.355150E+06  0.272010E+06  0.266643E+06
  0.460164E-04  0.266391E+06  0.266391E+06  0.355151E+06  0.355148E+06  0.272010E+06  0.266642E+06
  0.475761E-04  0.266391E+06  0.266390E+06  0.355149E+06  0.355145E+06  0.272009E+06  0.266642E+06
  0.491887E-04  0.266391E+06  0.266390E+06  0.355146E+06  0.355142E+06  0.272008E+06  0.266642E+06
  0.508560E-04  0.266390E+06  0.266390E+06  0.355143E+06  0.355138E+06  0.272007E+06  0.266642E+06
  0.525797E-04  0.266390E+06  0.266390E+06  0.355140E+06  0.355135E+06  0.272006E+06  0.266642E+06
  0.543619E-04  0.266390E+06  0.266390E+06  0.355136E+06  0.355131E+06  0.272006E+06  0.266642E+06
  0.562045E-04  0.266390E+06  0.266390E+06  0.355133E+06  0.355127E+06  0.272004E+06  0.266642E+06
  0.581096E-04  0.266390E+06  0.266390E+06  0.355129E+06  0.355123E+06  0.272003E+06  0.266641E+06
  0.600792E-04  0.266390E+06  0.266389E+06  0.355125E+06  0.355118E+06  0.272002E+06  0.266641E+06
  0.621156E-04  0.266390E+06  0.266389E+06  0.355120E+06  0.355113E+06  0.272001E+06  0.266641E+06
  0.642210E-04  0.266389E+06  0.266389E+06  0.355115E+06  0.355108E+06  0.272000E+06  0.266641E+06
  0.663978E-04  0.266389E+06  0.266389E+06  0.355110E+06  0.355102E+06  0.271998E+06  0.266640E+06
  0.686484E-04  0.266389E+06  0.266389E+06  0.355105E+06  0.355096E+06  0.271997E+06  0.266640E+06
  0.709752E-04  0.266389E+06  0.266388E+06  0.355099E+06  0.355090E+06  0.271995E+06  0.266640E+06
  0.733809E-04  0.266389E+06  0.266388E+06  0.355093E+06  0.355083E+06  0.271994E+06  0.266640E+06
  0.758682E-04  0.266388E+06  0.266388E+06  0.355086E+06  0.355076E+06  0.271992E+06  0.266639E+06
  0.784397E-04  0.266388E+06  0.266388E+06  0.355079E+06  0.355068E+06  0.271990E+06  0.266639E+06
  0.810985E-04  0.266388E+06  0.266387E+06  0.355071E+06  0.355059E+06  0.271988E+06  0.266639E+06
  0.838473E-04  0.266387E+06  0.266387E+06  0.355063E+06  0.355050E+06  0.271986E+06  0.266638E+06
  0.866893E-04  0.266387E+06  0.266387E+06  0.355054E+06  0.355041E+06  0.271983E+06  0.266638E+06
  0.896277E-04  0.266387E+06  0.266386E+06  0.355045E+06  0.355031E+06  0.271981E+06  0.266637E+06
  0.926656E-04  0.266386E+06  0.266386E+06  0.355035E+06  0.355020E+06  0.271978E+06  0.266637E+06
  0.958065E-04  0.266386E+06  0.266385E+06  0.355025E+06  0.355008E+06  0.271975E+06  0.266636E+06
  0.990539E-04  0.266386E+06  0.266385E+06  0.355013E+06  0.354995E+06  0.271972E+06  0.266636E+06
  0.102411E-03  0.266385E+06  0.266384E+06  0.355001E+06  0.354982E+06  0.271969E+06  0.266635E+06
  0.105883E-03  0.266385E+06  0.266384E+06  0.354988E+06  0.354968E+06  0.271965E+06  0.266634E+06
  0.109471E-03  0.266384E+06  0.266383E+06  0.354974E+06  0.354952E+06  0.271961E+06  0.266634E+06
  0.113182E-03  0.266384E+06  0.266383E+06  0.354959E+06  0.354936E+06  0.271957E+06  0.266633E+06
  0.117018E-03  0.266383E+06  0.266382E+06  0.354944E+06  0.354919E+06  0.271953E+06  0.266632E+06
  0.120985E-03  0.266382E+06  0.266381E+06  0.354927E+06  0.354900E+06  0.271948E+06  0.266632E+06
  0.125085E-03  0.266382E+06  0.266380E+06  0.354908E+06  0.354880E+06  0.271944E+06  0.266631E+06
  0.129325E-03  0.266381E+06  0.266380E+06  0.354889E+06  0.354859E+06  0.271938E+06  0.266630E+06
  0.133709E-03  0.266380E+06  0.266379E+06  0.354868E+06  0.354836E+06  0.271933E+06  0.266629E+06
  0.138241E-03  0.266379E+06  0.266378E+06  0.354846E+06  0.354812E+06  0.271927E+06  0.266628E+06
  0.142927E-03  0.266379E+06  0.266377E+06  0.354823E+06  0.354786E+06  0.271920E+06  0.266626E+06
  0.147771E-03  0.266378E+06  0.266376E+06  0.354797E+06  0.354758E+06  0.271913E+06  0.266625E+06
  0.152780E-03  0.266377E+06  0.266375E+06  0.354770E+06  0.354728E+06  0.271906E+06  0.266624E+06
  0.157958E-03  0.266376E+06  0.266373E+06  0.354741E+06  0.354696E+06  0.271898E+06  0.266623E+06
  0.163312E-03  0.266374E+06  0.266372E+06  0.354711E+06  0.354662E+06  0.271890E+06  0.266621E+06
  0.168848E-03  0.266373E+06  0.266371E+06  0.354678E+06  0.354626E+06  0.271881E+06  0.266620E+06
  0.174571E-03  0.266372E+06  0.266369E+06  0.354642E+06  0.354587E+06  0.271871E+06  0.266618E+06
  0.180488E-03  0.266370E+06  0.266368E+06  0.354605E+06  0.354546E+06  0.271861E+06  0.266616E+06
  0.186606E-03  0.266369E+06  0.266366E+06  0.354564E+06  0.354501E+06  0.271850E+06  0.266614E+06
  0.192931E-03  0.266367E+06  0.266364E+06  0.354521E+06  0.354454E+06  0.271838E+06  0.266612E+06
  0.199470E-03  0.266366E+06  0.266362E+06  0.354475E+06  0.354403E+06  0.271826E+06  0.266610E+06
  0.206231E-03  0.266364E+06  0.266360E+06  0.354426E+06  0.354349E+06  0.271812E+06  0.266607E+06
  0.213221E-03  0.266362E+06  0.266358E+06  0.354373E+06  0.354291E+06  0.271798E+06  0.266605E+06
  0.220448E-03  0.266360E+06  0.266356E+06  0.354317E+06  0.354229E+06  0.271783E+06  0.266602E+06
  0.227921E-03  0.266358E+06  0.266353E+06  0.354257E+06  0.354163E+06  0.271767E+06  0.266599E+06
  0.235646E-03  0.266355E+06  0.266351E+06  0.354193E+06  0.354092E+06  0.271749E+06  0.266596E+06
  0.243633E-03  0.266353E+06  0.266348E+06  0.354124E+06  0.354017E+06  0.271730E+06  0.266593E+06
  0.251891E-03  0.266350E+06  0.266345E+06  0.354051E+06  0.353936E+06  0.271711E+06  0.266589E+06
  0.260429E-03  0.266347E+06  0.266341E+06  0.353973E+06  0.353850E+06  0.271689E+06  0.266585E+06
  0.269256E-03  0.266344E+06  0.266338E+06  0.353889E+06  0.353758E+06  0.271666E+06  0.266581E+06
  0.278383E-03  0.266341E+06  0.266334E+06  0.353799E+06  0.353659E+06  0.271642E+06  0.266577E+06
  0.287819E-03  0.266337E+06  0.266330E+06  0.353704E+06  0.353554E+06  0.271616E+06  0.266572E+06
  0.297574E-03  0.266333E+06  0.266326E+06  0.353602E+06  0.353442E+06  0.271588E+06  0.266567E+06
  0.307661E-03  0.266329E+06  0.266321E+06  0.353492E+06  0.353321E+06  0.271559E+06  0.266562E+06
  0.318089E-03  0.266325E+06  0.266317E+06  0.353376E+06  0.353193E+06  0.271527E+06  0.266556E+06
  0.328871E-03  0.266320E+06  0.266311E+06  0.353251E+06  0.353056E+06  0.271493E+06  0.266550E+06
  0.340018E-03  0.266315E+06  0.266306E+06  0.353118E+06  0.352909E+06  0.271457E+06  0.266544E+06
  0.351543E-03  0.266310E+06  0.266300E+06  0.352975E+06  0.352752E+06  0.271418E+06  0.266537E+06
  0.363458E-03  0.266304E+06  0.266293E+06  0.352823E+06  0.352585E+06  0.271376E+06  0.266530E+06
  0.375778E-03  0.266298E+06  0.266287E+06  0.352660E+06  0.352406E+06  0.271332E+06  0.266522E+06
  0.388515E-03  0.266292E+06  0.266279E+06  0.352486E+06  0.352215E+06  0.271285E+06  0.266513E+06
  0.401683E-03  0.266285E+06  0.266272E+06  0.352301E+06  0.352010E+06  0.271234E+06  0.266504E+06
  0.415298E-03  0.266277E+06  0.266263E+06  0.352102E+06  0.351792E+06  0.271180E+06  0.266495E+06
  0.429375E-03  0.266269E+06  0.266254E+06  0.351890E+06  0.351559E+06  0.271122E+06  0.266484E+06
  0.443929E-03  0.266261E+06  0.266245E+06  0.351664E+06  0.351310E+06  0.271061E+06  0.266473E+06
  0.458976E-03  0.266252E+06  0.266235E+06  0.351422E+06  0.351044E+06  0.270995E+06  0.266462E+06
  0.474533E-03  0.266242E+06  0.266224E+06  0.351164E+06  0.350760E+06  0.270924E+06  0.266449E+06
  0.490617E-03  0.266232E+06  0.266212E+06  0.350888E+06  0.350456E+06  0.270849E+06  0.266436E+06
  0.507247E-03  0.266221E+06  0.266200E+06  0.350593E+06  0.350132E+06  0.270768E+06  0.266421E+06
  0.524440E-03  0.266209E+06  0.266187E+06  0.350278E+06  0.349786E+06  0.270682E+06  0.266406E+06
  0.542216E-03  0.266197E+06  0.266173E+06  0.349941E+06  0.349416E+06  0.270590E+06  0.266389E+06
  0.560594E-03  0.266183E+06  0.266158E+06  0.349582E+06  0.349021E+06  0.270492E+06  0.266372E+06
  0.579596E-03  0.266169E+06  0.266141E+06  0.349198E+06  0.348599E+06  0.270387E+06  0.266353E+06
  0.599241E-03  0.266153E+06  0.266124E+06  0.348788E+06  0.348149E+06  0.270275E+06  0.266333E+06
  0.619552E-03  0.266137E+06  0.266106E+06  0.348351E+06  0.347668E+06  0.270156E+06  0.266312E+06
  0.640552E-03  0.266119E+06  0.266086E+06  0.347884E+06  0.347155E+06  0.270028E+06  0.266289E+06
  0.662264E-03  0.266101E+06  0.266065E+06  0.347385E+06  0.346607E+06  0.269891E+06  0.266264E+06
  0.684711E-03  0.266081E+06  0.266042E+06  0.346852E+06  0.346023E+06  0.269745E+06  0.266238E+06
  0.707920E-03  0.266059E+06  0.266018E+06  0.346284E+06  0.345399E+06  0.269589E+06  0.266210E+06
  0.731915E-03  0.266036E+06  0.265993E+06  0.345677E+06  0.344733E+06  0.269423E+06  0.266181E+06
  0.756723E-03  0.266012E+06  0.265965E+06  0.345030E+06  0.344022E+06  0.269245E+06  0.266149E+06
  0.782372E-03  0.265986E+06  0.265936E+06  0.344339E+06  0.343264E+06  0.269055E+06  0.266115E+06
  0.808891E-03  0.265958E+06  0.265904E+06  0.343601E+06  0.342456E+06  0.268852E+06  0.266078E+06
  0.836308E-03  0.265928E+06  0.265871E+06  0.342815E+06  0.341593E+06  0.268636E+06  0.266040E+06
  0.864655E-03  0.265896E+06  0.265835E+06  0.341976E+06  0.340673E+06  0.268404E+06  0.265998E+06
  0.893963E-03  0.265862E+06  0.265797E+06  0.341081E+06  0.339693E+06  0.268157E+06  0.265954E+06
  0.924264E-03  0.265826E+06  0.265756E+06  0.340126E+06  0.338647E+06  0.267894E+06  0.265907E+06
  0.955592E-03  0.265787E+06  0.265712E+06  0.339109E+06  0.337533E+06  0.267612E+06  0.265856E+06
  0.987981E-03  0.265745E+06  0.265666E+06  0.338024E+06  0.336345E+06  0.267312E+06  0.265802E+06
  0.102147E-02  0.265701E+06  0.265616E+06  0.336867E+06  0.335080E+06  0.266992E+06  0.265744E+06
  0.105609E-02  0.265653E+06  0.265563E+06  0.335635E+06  0.333733E+06  0.266650E+06  0.265683E+06
  0.109189E-02  0.265603E+06  0.265506E+06  0.334322E+06  0.332297E+06  0.266285E+06  0.265617E+06
  0.112890E-02  0.265549E+06  0.265445E+06  0.332924E+06  0.330770E+06  0.265895E+06  0.265547E+06
  0.116716E-02  0.265491E+06  0.265380E+06  0.331435E+06  0.329143E+06  0.265480E+06  0.265472E+06
  0.120672E-02  0.265429E+06  0.265311E+06  0.329849E+06  0.327413E+06  0.265037E+06  0.265392E+06
  0.124763E-02  0.265363E+06  0.265237E+06  0.328162E+06  0.325572E+06  0.264564E+06  0.265306E+06
  0.128991E-02  0.265293E+06  0.265158E+06  0.326366E+06  0.323616E+06  0.264060E+06  0.265215E+06
  0.133364E-02  0.265218E+06  0.265073E+06  0.324457E+06  0.321535E+06  0.263523E+06  0.265118E+06
  0.137884E-02  0.265138E+06  0.264983E+06  0.322426E+06  0.319325E+06  0.262950E+06  0.265014E+06
  0.142558E-02  0.265052E+06  0.264887E+06  0.320268E+06  0.316978E+06  0.262340E+06  0.264903E+06
  0.147390E-02  0.264961E+06  0.264784E+06  0.317975E+06  0.314486E+06  0.261690E+06  0.264785E+06
  0.152385E-02  0.264863E+06  0.264675E+06  0.315539E+06  0.311842E+06  0.260997E+06  0.264659E+06
  0.157550E-02  0.264759E+06  0.264558E+06  0.312954E+06  0.309038E+06  0.260259E+06  0.264524E+06
  0.162891E-02  0.264648E+06  0.264433E+06  0.310210E+06  0.306066E+06  0.259474E+06  0.264380E+06
  0.168412E-02  0.264530E+06  0.264299E+06  0.307301E+06  0.302918E+06  0.258638E+06  0.264227E+06
  0.174120E-02  0.264403E+06  0.264157E+06  0.304218E+06  0.299585E+06  0.257748E+06  0.264064E+06
  0.180022E-02  0.264268E+06  0.264005E+06  0.300952E+06  0.296059E+06  0.256802E+06  0.263890E+06
  0.186124E-02  0.264124E+06  0.263843E+06  0.297494E+06  0.292332E+06  0.255795E+06  0.263704E+06
  0.192432E-02  0.263971E+06  0.263671E+06  0.293837E+06  0.288395E+06  0.254726E+06  0.263507E+06
  0.198955E-02  0.263807E+06  0.263486E+06  0.289971E+06  0.284240E+06  0.253589E+06  0.263296E+06
  0.205699E-02  0.263633E+06  0.263290E+06  0.285887E+06  0.279859E+06  0.252381E+06  0.263072E+06
  0.212671E-02  0.263447E+06  0.263080E+06  0.281578E+06  0.275244E+06  0.251098E+06  0.262833E+06
  0.219879E-02  0.263249E+06  0.262857E+06  0.277034E+06  0.270387E+06  0.249737E+06  0.262578E+06
  0.227332E-02  0.263038E+06  0.262619E+06  0.272248E+06  0.265282E+06  0.248294E+06  0.262308E+06
  0.235038E-02  0.262813E+06  0.262366E+06  0.267211E+06  0.259922E+06  0.246763E+06  0.262019E+06
  0.243004E-02  0.262573E+06  0.262096E+06  0.261918E+06  0.254301E+06  0.245142E+06  0.261713E+06
  0.251241E-02  0.262318E+06  0.261808E+06  0.256361E+06  0.248417E+06  0.243424E+06  0.261387E+06
  0.259757E-02  0.262047E+06  0.261501E+06  0.250536E+06  0.242264E+06  0.241607E+06  0.261040E+06
  0.268561E-02  0.261758E+06  0.261175E+06  0.244437E+06  0.235841E+06  0.239685E+06  0.260672E+06
  0.277664E-02  0.261450E+06  0.260828E+06  0.238061E+06  0.229148E+06  0.237654E+06  0.260281E+06
  0.287076E-02  0.261123E+06  0.260459E+06  0.231407E+06  0.222187E+06  0.235509E+06  0.259865E+06
  0.296806E-02  0.260776E+06  0.260066E+06  0.224476E+06  0.214961E+06  0.233247E+06  0.259424E+06
  0.306866E-02  0.260406E+06  0.259648E+06  0.217268E+06  0.207476E+06  0.230862E+06  0.258956E+06
  0.317268E-02  0.260014E+06  0.259204E+06  0.209789E+06  0.199742E+06  0.228351E+06  0.258460E+06
  0.328021E-02  0.259597E+06  0.258732E+06  0.202044E+06  0.191768E+06  0.225709E+06  0.257935E+06
  0.339140E-02  0.259154E+06  0.258230E+06  0.194045E+06  0.183572E+06  0.222933E+06  0.257378E+06
  0.350635E-02  0.258685E+06  0.257698E+06  0.185804E+06  0.175171E+06  0.220019E+06  0.256788E+06
  0.362520E-02  0.258187E+06  0.257133E+06  0.177338E+06  0.166587E+06  0.216965E+06  0.256165E+06
  0.374807E-02  0.257659E+06  0.256533E+06  0.168666E+06  0.157846E+06  0.213768E+06  0.255505E+06
  0.387512E-02  0.257099E+06  0.255898E+06  0.159813E+06  0.148980E+06  0.210425E+06  0.254808E+06
  0.400646E-02  0.256507E+06  0.255224E+06  0.150808E+06  0.140022E+06  0.206937E+06  0.254073E+06
  0.414226E-02  0.255880E+06  0.254511E+06  0.141684E+06  0.131012E+06  0.203302E+06  0.253297E+06
  0.428266E-02  0.255217E+06  0.253756E+06  0.132479E+06  0.121992E+06  0.199521E+06  0.252479E+06
  0.442783E-02  0.254516E+06  0.252956E+06  0.123236E+06  0.113010E+06  0.195596E+06  0.251617E+06
  0.457791E-02  0.253776E+06  0.252111E+06  0.114001E+06  0.104117E+06  0.191528E+06  0.250710E+06
  0.473308E-02  0.252995E+06  0.251218E+06  0.104827E+06  0.953677E+05  0.187322E+06  0.249757E+06
  0.489350E-02  0.252171E+06  0.250275E+06  0.957697E+05  0.868187E+05  0.182984E+06  0.248756E+06
  0.505937E-02  0.251303E+06  0.249281E+06  0.868893E+05  0.785288E+05  0.178518E+06  0.247706E+06
  0.523086E-02  0.250389E+06  0.248231E+06  0.782485E+05  0.705575E+05  0.173935E+06  0.246605E+06
  0.540816E-02  0.249427E+06  0.247126E+06  0.699121E+05  0.629635E+05  0.169242E+06  0.245452E+06
  0.559147E-02  0.248416E+06  0.245962E+06  0.619462E+05  0.558037E+05  0.164453E+06  0.244246E+06
  0.578099E-02  0.247355E+06  0.244738E+06  0.544162E+05  0.491308E+05  0.159579E+06  0.242987E+06
  0.597694E-02  0.246241E+06  0.243452E+06  0.473852E+05  0.429919E+05  0.154635E+06  0.241674E+06
  0.617953E-02  0.245075E+06  0.242101E+06  0.409124E+05  0.374263E+05  0.149638E+06  0.240305E+06
  0.638899E-02  0.243853E+06  0.240684E+06  0.350504E+05  0.324633E+05  0.144606E+06  0.238880E+06
  0.660554E-02  0.242576E+06  0.239199E+06  0.298433E+05  0.281205E+05  0.139558E+06  0.237399E+06
  0.682944E-02  0.241242E+06  0.237644E+06  0.253241E+05  0.244017E+05  0.134513E+06  0.235862E+06
  0.706092E-02  0.239850E+06  0.236018E+06  0.215122E+05  0.212955E+05  0.129494E+06  0.234269E+06
  0.730025E-02  0.238400E+06  0.234319E+06  0.184111E+05  0.187745E+05  0.124521E+06  0.232619E+06
  0.754769E-02  0.236890E+06  0.232545E+06  0.160066E+05  0.167946E+05  0.119617E+06  0.230913E+06
  0.780352E-02  0.235320E+06  0.230695E+06  0.142650E+05  0.152960E+05  0.114803E+06  0.229151E+06
  0.806802E-02  0.233689E+06  0.228768E+06  0.131326E+05  0.142046E+05  0.110099E+06  0.227334E+06
  0.834149E-02  0.231998E+06  0.226762E+06  0.125357E+05  0.134349E+05  0.105525E+06  0.225461E+06
  0.862423E-02  0.230247E+06  0.224678E+06  0.123822E+05  0.128937E+05  0.101097E+06  0.223534E+06
  0.891655E-02  0.228434E+06  0.222512E+06  0.125640E+05  0.124857E+05  0.968294E+05  0.221553E+06
  0.921878E-02  0.226560E+06  0.220266E+06  0.129616E+05  0.121191E+05  0.927331E+05  0.219517E+06
  0.953125E-02  0.224625E+06  0.217937E+06  0.134493E+05  0.117127E+05  0.888156E+05  0.217428E+06
  0.985431E-02  0.222629E+06  0.215526E+06  0.139029E+05  0.112019E+05  0.850799E+05  0.215285E+06
  0.101883E-01  0.220573E+06  0.213031E+06  0.142076E+05  0.105457E+05  0.815250E+05  0.213089E+06
  0.105337E-01  0.218456E+06  0.210451E+06  0.142665E+05  0.973025E+04  0.781458E+05  0.210839E+06
  0.108907E-01  0.216279E+06  0.207786E+06  0.140095E+05  0.877194E+04  0.749330E+05  0.208534E+06
  0.112598E-01  0.214043E+06  0.205036E+06  0.134007E+05  0.771578E+04  0.718738E+05  0.206175E+06
  0.116415E-01  0.211746E+06  0.202200E+06  0.124434E+05  0.663105E+04  0.689528E+05  0.203761E+06
  0.120361E-01  0.209389E+06  0.199276E+06  0.111819E+05  0.560257E+04  0.661527E+05  0.201290E+06
  0.124440E-01  0.206973E+06  0.196265E+06  0.969934E+04  0.471877E+04  0.634558E+05  0.198762E+06
  0.128658E-01  0.204498E+06  0.193165E+06  0.810998E+04  0.405736E+04  0.608450E+05  0.196177E+06
  0.133019E-01  0.201963E+06  0.189977E+06  0.654659E+04  0.367090E+04  0.583051E+05  0.193533E+06
  0.137528E-01  0.199368E+06  0.186700E+06  0.514371E+04  0.357450E+04  0.558241E+05  0.190830E+06
  0.142189E-01  0.196715E+06  0.183334E+06  0.401817E+04  0.373884E+04  0.533941E+05  0.188068E+06
  0.147009E-01  0.194002E+06  0.179878E+06  0.324977E+04  0.409088E+04  0.510111E+05  0.185246E+06
  0.151992E-01  0.191229E+06  0.176333E+06  0.000000E+00  0.000000E+00  0.486751E+05  0.182364E+06
  0.157144E-01  0.188396E+06  0.172700E+06  0.000000E+00  0.000000E+00  0.463903E+05  0.179423E+06
  0.162470E-01  0.185506E+06  0.168979E+06  0.000000E+00  0.000000E+00  0.441650E+05  0.176424E+06
  0.167977E-01  0.182559E+06  0.165174E+06  0.000000E+00  0.000000E+00  0.420072E+05  0.173369E+06
  0.173671E-01  0.179555E+06  0.161285E+06  0.000000E+00  0.000000E+00  0.399244E+05  0.170259E+06
  0.179557E-01  0.176495E+06  0.157316E+06  0.000000E+00  0.000000E+00  0.379217E+05  0.167096E+06
  0.185643E-01  0.173381E+06  0.153270E+06  0.000000E+00  0.000000E+00  0.360013E+05  0.163880E+06
  0.191936E-01  0.170213E+06  0.149151E+06  0.000000E+00  0.000000E+00  0.341615E+05  0.160613E+06
  0.198441E-01  0.166994E+06  0.144964E+06  0.000000E+00  0.000000E+00  0.323974E+05  0.157298E+06
  0.205168E-01  0.163724E+06  0.140714E+06  0.000000E+00  0.000000E+00  0.307015E+05  0.153936E+06
  0.212122E-01  0.160408E+06  0.136408E+06  0.000000E+00  0.000000E+00  0.290658E+05  0.150530E+06
  0.219312E-01  0.157047E+06  0.132055E+06  0.000000E+00  0.000000E+00  0.274831E+05  0.147084E+06
  0.226745E-01  0.153643E+06  0.127662E+06  0.000000E+00  0.000000E+00  0.259479E+05  0.143599E+06
  0.234431E-01  0.150202E+06  0.123240E+06  0.000000E+00  0.000000E+00  0.244578E+05  0.140082E+06
  0.242377E-01  0.146726E+06  0.118801E+06  0.000000E+00  0.000000E+00  0.230123E+05  0.136537E+06
  0.250592E-01  0.143220E+06  0.114357E+06  0.000000E+00  0.000000E+00  0.216125E+05  0.132969E+06
  0.259086E-01  0.139689E+06  0.109922E+06  0.000000E+00  0.000000E+00  0.202601E+05  0.129385E+06
  0.267868E-01  0.136138E+06  0.105512E+06  0.000000E+00  0.000000E+00  0.189560E+05  0.125792E+06
  0.276947E-01  0.132573E+06  0.101144E+06  0.000000E+00  0.000000E+00  0.177008E+05  0.122197E+06
  0.286334E-01  0.129002E+06  0.968358E+05  0.000000E+00  0.000000E+00  0.164955E+05  0.118609E+06
  0.296040E-01  0.125431E+06  0.926068E+05  0.000000E+00  0.000000E+00  0.153419E+05  0.115037E+06
  0.306074E-01  0.121868E+06  0.884776E+05  0.000000E+00  0.000000E+00  0.142431E+05  0.111490E+06
  0.316449E-01  0.118323E+06  0.844696E+05  0.000000E+00  0.000000E+00  0.132032E+05  0.107980E+06
  0.327175E-01  0.114803E+06  0.806052E+05  0.000000E+00  0.000000E+00  0.122265E+05  0.104517E+06
  0.338264E-01  0.111832E+06  0.774105E+05  0.000000E+00  0.000000E+00  0.105108E+05  0.101565E+06
  0.349730E-01  0.108412E+06  0.739168E+05  0.000000E+00  0.000000E+00  0.970801E+04  0.982498E+05
  0.361584E-01  0.105047E+06  0.706318E+05  0.000000E+00  0.000000E+00  0.896232E+04  0.950154E+05
  0.373840E-01  0.101705E+06  0.675323E+05  0.000000E+00  0.000000E+00  0.826787E+04  0.918322E+05
  0.386511E-01  0.984305E+05  0.646721E+05  0.000000E+00  0.000000E+00  0.762444E+04  0.887448E+05
  0.399612E-01  0.952400E+05  0.620729E+05  0.000000E+00  0.000000E+00  0.702837E+04  0.857690E+05
  0.413157E-01  0.921449E+05  0.597491E+05  0.000000E+00  0.000000E+00  0.647517E+04  0.829161E+05
  0.427161E-01  0.891551E+05  0.577099E+05  0.000000E+00  0.000000E+00  0.596099E+04  0.801954E+05
  0.441639E-01  0.859589E+05  0.556438E+05  0.000000E+00  0.000000E+00  0.578742E+04  0.773227E+05
  0.456609E-01  0.831886E+05  0.541637E+05  0.000000E+00  0.000000E+00  0.532990E+04  0.748707E+05
  0.472086E-01  0.805363E+05  0.529513E+05  0.000000E+00  0.000000E+00  0.491352E+04  0.725582E+05
  0.488087E-01  0.779999E+05  0.519838E+05  0.000000E+00  0.000000E+00  0.453859E+04  0.703797E+05
  0.504631E-01  0.755745E+05  0.512301E+05  0.000000E+00  0.000000E+00  0.420154E+04  0.683260E+05
  0.521736E-01  0.732544E+05  0.506530E+05  0.000000E+00  0.000000E+00  0.389500E+04  0.663862E+05
  0.539420E-01  0.712141E+05  0.503864E+05  0.000000E+00  0.000000E+00  0.350147E+04  0.647148E+05
  0.557704E-01  0.690800E+05  0.500217E+05  0.000000E+00  0.000000E+00  0.322938E+04  0.629586E+05
  0.576607E-01  0.670227E+05  0.496823E+05  0.000000E+00  0.000000E+00  0.297401E+04  0.612679E+05
  0.596151E-01  0.650312E+05  0.493113E+05  0.000000E+00  0.000000E+00  0.274195E+04  0.596248E+05
  0.616357E-01  0.630930E+05  0.488508E+05  0.000000E+00  0.000000E+00  0.253558E+04  0.580102E+05
  0.637249E-01  0.610675E+05  0.481198E+05  0.000000E+00  0.000000E+00  0.241659E+04  0.562855E+05
  0.658849E-01  0.591875E+05  0.473101E+05  0.000000E+00  0.000000E+00  0.222902E+04  0.546594E+05
  0.681181E-01  0.573124E+05  0.462547E+05  0.000000E+00  0.000000E+00  0.204327E+04  0.529963E+05
  0.704269E-01  0.554257E+05  0.449204E+05  0.000000E+00  0.000000E+00  0.186962E+04  0.512783E+05
  0.728140E-01  0.535517E+05  0.433273E+05  0.000000E+00  0.000000E+00  0.169821E+04  0.495273E+05
  0.752820E-01  0.516182E+05  0.414212E+05  0.000000E+00  0.000000E+00  0.155410E+04  0.476786E+05
  0.778338E-01  0.496602E+05  0.392673E+05  0.000000E+00  0.000000E+00  0.141020E+04  0.457692E+05
  0.804719E-01  0.476864E+05  0.369242E+05  0.000000E+00  0.000000E+00  0.127462E+04  0.438163E+05
  0.831996E-01  0.457104E+05  0.344710E+05  0.000000E+00  0.000000E+00  0.115751E+04  0.418442E+05
  0.860197E-01  0.437490E+05  0.320016E+05  0.000000E+00  0.000000E+00  0.105110E+04  0.398814E+05
  0.889353E-01  0.418212E+05  0.296186E+05  0.000000E+00  0.000000E+00  0.945681E+03  0.379594E+05
  0.919498E-01  0.399487E+05  0.274259E+05  0.000000E+00  0.000000E+00  0.849524E+03  0.361133E+05
  0.950664E-01  0.381574E+05  0.255215E+05  0.000000E+00  0.000000E+00  0.767005E+03  0.343796E+05
  0.982887E-01  0.364750E+05  0.239862E+05  0.000000E+00  0.000000E+00  0.690611E+03  0.327937E+05
  0.101620E+00  0.349264E+05  0.228696E+05  0.000000E+00  0.000000E+00  0.623501E+03  0.313834E+05
  0.105065E+00  0.335242E+05  0.221752E+05  0.000000E+00  0.000000E+00  0.567224E+03  0.301592E+05
  0.108626E+00  0.322625E+05  0.218505E+05  0.000000E+00  0.000000E+00  0.517943E+03  0.291078E+05
  0.112308E+00  0.311168E+05  0.217900E+05  0.000000E+00  0.000000E+00  0.475510E+03  0.281921E+05
  0.116114E+00  0.300517E+05  0.218512E+05  0.000000E+00  0.000000E+00  0.433757E+03  0.273603E+05
  0.120050E+00  0.290309E+05  0.218792E+05  0.000000E+00  0.000000E+00  0.398885E+03  0.265581E+05
  0.124119E+00  0.280224E+05  0.217308E+05  0.000000E+00  0.000000E+00  0.364912E+03  0.257364E+05
  0.128326E+00  0.269983E+05  0.212940E+05  0.000000E+00  0.000000E+00  0.331543E+03  0.248545E+05
  0.132676E+00  0.259351E+05  0.205067E+05  0.000000E+00  0.000000E+00  0.300542E+03  0.238834E+05
  0.137173E+00  0.248201E+05  0.193748E+05  0.000000E+00  0.000000E+00  0.271247E+03  0.228142E+05
  0.141822E+00  0.236622E+05  0.179841E+05  0.000000E+00  0.000000E+00  0.244060E+03  0.216682E+05
  0.146629E+00  0.224941E+05  0.164893E+05  0.000000E+00  0.000000E+00  0.216868E+03  0.204969E+05
  0.151600E+00  0.213608E+05  0.150774E+05  0.000000E+00  0.000000E+00  0.193585E+03  0.193670E+05
  0.156738E+00  0.203030E+05  0.139170E+05  0.000000E+00  0.000000E+00  0.172179E+03  0.183385E+05
  0.162051E+00  0.193478E+05  0.131141E+05  0.000000E+00  0.000000E+00  0.155017E+03  0.174506E+05
  0.167543E+00  0.185065E+05  0.126855E+05  0.000000E+00  0.000000E+00  0.139385E+03  0.167150E+05
  0.173222E+00  0.177707E+05  0.125500E+05  0.000000E+00  0.000000E+00  0.127918E+03  0.161116E+05
  0.179094E+00  0.171083E+05  0.125436E+05  0.000000E+00  0.000000E+00  0.114915E+03  0.155874E+05
  0.185164E+00  0.164698E+05  0.124676E+05  0.000000E+00  0.000000E+00  0.104936E+03  0.150707E+05
  0.191440E+00  0.158093E+05  0.121614E+05  0.000000E+00  0.000000E+00  0.954186E+02  0.144983E+05
  0.197929E+00  0.151039E+05  0.115658E+05  0.000000E+00  0.000000E+00  0.858244E+02  0.138424E+05
  0.204638E+00  0.143623E+05  0.107469E+05  0.000000E+00  0.000000E+00  0.761042E+02  0.131207E+05
  0.211574E+00  0.136194E+05  0.986764E+04  0.000000E+00  0.000000E+00  0.681205E+02  0.123880E+05
  0.218745E+00  0.129185E+05  0.911373E+04  0.000000E+00  0.000000E+00  0.609787E+02  0.117094E+05
  0.226160E+00  0.122919E+05  0.860801E+04  0.000000E+00  0.000000E+00  0.535963E+02  0.111306E+05
  0.233826E+00  0.117485E+05  0.835467E+04  0.000000E+00  0.000000E+00  0.483836E+02  0.106596E+05
  0.241751E+00  0.112647E+05  0.823488E+04  0.000000E+00  0.000000E+00  0.440749E+02  0.102578E+05
  0.249945E+00  0.107977E+05  0.807585E+04  0.000000E+00  0.000000E+00  0.397117E+02  0.986286E+04
  0.258417E+00  0.103163E+05  0.775855E+04  0.000000E+00  0.000000E+00  0.356509E+02  0.943012E+04
  0.267176E+00  0.981078E+04  0.727980E+04  0.000000E+00  0.000000E+00  0.319480E+02  0.895153E+04
  0.276232E+00  0.930322E+04  0.675209E+04  0.000000E+00  0.000000E+00  0.283865E+02  0.846320E+04
  0.285595E+00  0.883108E+04  0.631968E+04  0.000000E+00  0.000000E+00  0.252473E+02  0.801868E+04
  0.295275E+00  0.841154E+04  0.604431E+04  0.000000E+00  0.000000E+00  0.223952E+02  0.764179E+04
  0.305284E+00  0.803560E+04  0.587155E+04  0.000000E+00  0.000000E+00  0.203157E+02  0.731642E+04
  0.315631E+00  0.767520E+04  0.568402E+04  0.000000E+00  0.000000E+00  0.181958E+02  0.700083E+04
  0.326330E+00  0.730868E+04  0.540778E+04  0.000000E+00  0.000000E+00  0.164149E+02  0.666568E+04
  0.337391E+00  0.693874E+04  0.507231E+04  0.000000E+00  0.000000E+00  0.144496E+02  0.631795E+04
  0.348827E+00  0.658583E+04  0.476777E+04  0.000000E+00  0.000000E+00  0.129040E+02  0.598883E+04
  0.360650E+00  0.626550E+04  0.454708E+04  0.000000E+00  0.000000E+00  0.115681E+02  0.569938E+04
  0.372875E+00  0.597100E+04  0.437531E+04  0.000000E+00  0.000000E+00  0.103719E+02  0.543844E+04
  0.385513E+00  0.568517E+04  0.418427E+04  0.000000E+00  0.000000E+00  0.923628E+01  0.518114E+04
  0.398580E+00  0.540083E+04  0.395588E+04  0.000000E+00  0.000000E+00  0.821096E+01  0.491880E+04
  0.412090E+00  0.512673E+04  0.373304E+04  0.000000E+00  0.000000E+00  0.732639E+01  0.466547E+04
  0.426058E+00  0.487235E+04  0.355166E+04  0.000000E+00  0.000000E+00  0.654877E+01  0.443460E+04
  0.440499E+00  0.463478E+04  0.339483E+04  0.000000E+00  0.000000E+00  0.579014E+01  0.422107E+04
  0.455430E+00  0.440479E+04  0.322854E+04  0.000000E+00  0.000000E+00  0.521215E+01  0.401196E+04
  0.470867E+00  0.418150E+04  0.305500E+04  0.000000E+00  0.000000E+00  0.464106E+01  0.380693E+04
  0.486827E+00  0.397021E+04  0.289807E+04  0.000000E+00  0.000000E+00  0.412374E+01  0.361412E+04
  0.503328E+00  0.377180E+04  0.275929E+04  0.000000E+00  0.000000E+00  0.368815E+01  0.343450E+04
  0.520388E+00  0.358189E+04  0.262187E+04  0.000000E+00  0.000000E+00  0.327881E+01  0.326182E+04
  0.538027E+00  0.339934E+04  0.248467E+04  0.000000E+00  0.000000E+00  0.294192E+01  0.309498E+04
  0.556263E+00  0.322632E+04  0.235810E+04  0.000000E+00  0.000000E+00  0.259038E+01  0.293742E+04
  0.575118E+00  0.306247E+04  0.224044E+04  0.000000E+00  0.000000E+00  0.230270E+01  0.278859E+04
  0.594612E+00  0.290582E+04  0.212530E+04  0.000000E+00  0.000000E+00  0.204689E+01  0.264585E+04
  0.614766E+00  0.275658E+04  0.201536E+04  0.000000E+00  0.000000E+00  0.181893E+01  0.250982E+04
  0.635604E+00  0.261506E+04  0.191262E+04  0.000000E+00  0.000000E+00  0.163227E+01  0.238109E+04
  0.657148E+00  0.248034E+04  0.181414E+04  0.000000E+00  0.000000E+00  0.143349E+01  0.225843E+04
  0.679422E+00  0.235207E+04  0.172003E+04  0.000000E+00  0.000000E+00  0.129213E+01  0.214159E+04
  0.702451E+00  0.223029E+04  0.163122E+04  0.000000E+00  0.000000E+00  0.113360E+01  0.203074E+04
  0.726261E+00  0.211448E+04  0.154653E+04  0.000000E+00  0.000000E+00  0.101709E+01  0.192529E+04
  0.750877E+00  0.200439E+04  0.146596E+04  0.000000E+00  0.000000E+00  0.892965E+00  0.182504E+04
  0.776328E+00  0.189981E+04  0.138956E+04  0.000000E+00  0.000000E+00  0.806286E+00  0.172983E+04
  0.802642E+00  0.180043E+04  0.131685E+04  0.000000E+00  0.000000E+00  0.700045E+00  0.163933E+04
  0.829848E+00  0.170603E+04  0.124783E+04  0.000000E+00  0.000000E+00  0.633514E+00  0.155338E+04
  0.857975E+00  0.161638E+04  0.118228E+04  0.000000E+00  0.000000E+00  0.561485E+00  0.147175E+04
  0.887057E+00  0.153124E+04  0.112002E+04  0.000000E+00  0.000000E+00  0.495827E+00  0.139424E+04
  0.917123E+00  0.145043E+04  0.106093E+04  0.000000E+00  0.000000E+00  0.436585E+00  0.132066E+04
  0.948209E+00  0.137372E+04  0.100483E+04  0.000000E+00  0.000000E+00  0.389805E+00  0.125081E+04
  0.980349E+00  0.130091E+04  0.951582E+03  0.000000E+00  0.000000E+00  0.344197E+00  0.118451E+04
  0.101358E+01  0.123181E+04  0.901049E+03  0.000000E+00  0.000000E+00  0.303243E+00  0.112160E+04
  0.104793E+01  0.116624E+04  0.853096E+03  0.000000E+00  0.000000E+00  0.271078E+00  0.106190E+04
  0.108345E+01  0.110403E+04  0.807602E+03  0.000000E+00  0.000000E+00  0.241612E+00  0.100526E+04
  0.112018E+01  0.104503E+04  0.764449E+03  0.000000E+00  0.000000E+00  0.214383E+00  0.951533E+03
  0.115815E+01  0.989074E+03  0.723525E+03  0.000000E+00  0.000000E+00  0.187416E+00  0.900584E+03
  0.119740E+01  0.936015E+03  0.684718E+03  0.000000E+00  0.000000E+00  0.166342E+00  0.852273E+03
  0.123799E+01  0.885710E+03  0.647924E+03  0.000000E+00  0.000000E+00  0.148617E+00  0.806469E+03
  0.127995E+01  0.838018E+03  0.613042E+03  0.000000E+00  0.000000E+00  0.130861E+00  0.763045E+03
  0.132333E+01  0.792813E+03  0.579978E+03  0.000000E+00  0.000000E+00  0.116719E+00  0.721884E+03
  0.136819E+01  0.749970E+03  0.548642E+03  0.000000E+00  0.000000E+00  0.103450E+00  0.682875E+03
  0.141456E+01  0.709372E+03  0.518948E+03  0.000000E+00  0.000000E+00  0.914700E-01  0.645910E+03
  0.146251E+01  0.670903E+03  0.490809E+03  0.000000E+00  0.000000E+00  0.806010E-01  0.610882E+03
  0.151208E+01  0.634457E+03  0.464150E+03  0.000000E+00  0.000000E+00  0.719321E-01  0.577697E+03
  0.156333E+01  0.599933E+03  0.438897E+03  0.000000E+00  0.000000E+00  0.635218E-01  0.546262E+03
  0.161632E+01  0.567236E+03  0.414980E+03  0.000000E+00  0.000000E+00  0.563925E-01  0.516491E+03
  0.167111E+01  0.536273E+03  0.392331E+03  0.000000E+00  0.000000E+00  0.499775E-01  0.488298E+03
  0.172775E+01  0.506953E+03  0.370883E+03  0.000000E+00  0.000000E+00  0.433155E-01  0.461601E+03
  0.178631E+01  0.479192E+03  0.350576E+03  0.000000E+00  0.000000E+00  0.381618E-01  0.436324E+03
  0.184686E+01  0.452911E+03  0.331351E+03  0.000000E+00  0.000000E+00  0.348481E-01  0.412394E+03
  0.190946E+01  0.428033E+03  0.313153E+03  0.000000E+00  0.000000E+00  0.305315E-01  0.389743E+03
  0.197418E+01  0.404486E+03  0.295927E+03  0.000000E+00  0.000000E+00  0.267681E-01  0.368302E+03
  0.204110E+01  0.382201E+03  0.279625E+03  0.000000E+00  0.000000E+00  0.239726E-01  0.348011E+03
  0.211028E+01  0.361115E+03  0.264200E+03  0.000000E+00  0.000000E+00  0.209485E-01  0.328811E+03
  0.218181E+01  0.341164E+03  0.249605E+03  0.000000E+00  0.000000E+00  0.183608E-01  0.310645E+03
  0.225576E+01  0.322289E+03  0.235797E+03  0.000000E+00  0.000000E+00  0.165068E-01  0.293459E+03
  0.233222E+01  0.304435E+03  0.222735E+03  0.000000E+00  0.000000E+00  0.145430E-01  0.277202E+03
  0.241127E+01  0.287545E+03  0.210379E+03  0.000000E+00  0.000000E+00  0.126358E-01  0.261823E+03
  0.249300E+01  0.271571E+03  0.198693E+03  0.000000E+00  0.000000E+00  0.115006E-01  0.247278E+03
  0.257750E+01  0.256464E+03  0.187641E+03  0.000000E+00  0.000000E+00  0.997758E-02  0.233523E+03
  0.266486E+01  0.242180E+03  0.177191E+03  0.000000E+00  0.000000E+00  0.880922E-02  0.220516E+03
  0.275519E+01  0.228674E+03  0.167310E+03  0.000000E+00  0.000000E+00  0.790768E-02  0.208219E+03
  0.284858E+01  0.215906E+03  0.157969E+03  0.000000E+00  0.000000E+00  0.706757E-02  0.196593E+03
  0.294513E+01  0.203836E+03  0.149138E+03  0.000000E+00  0.000000E+00  0.614409E-02  0.185603E+03
  0.304496E+01  0.192426E+03  0.140791E+03  0.000000E+00  0.000000E+00  0.552423E-02  0.175213E+03
  0.314817E+01  0.181642E+03  0.132901E+03  0.000000E+00  0.000000E+00  0.485506E-02  0.165394E+03
  0.325487E+01  0.171449E+03  0.125444E+03  0.000000E+00  0.000000E+00  0.439084E-02  0.156113E+03
  0.336520E+01  0.161819E+03  0.118398E+03  0.000000E+00  0.000000E+00  0.368101E-02  0.147344E+03
  0.347926E+01  0.152719E+03  0.111740E+03  0.000000E+00  0.000000E+00  0.329023E-02  0.139058E+03
  0.359719E+01  0.144121E+03  0.105449E+03  0.000000E+00  0.000000E+00  0.293932E-02  0.131229E+03
  0.371912E+01  0.135997E+03  0.995058E+02  0.000000E+00  0.000000E+00  0.261879E-02  0.123832E+03
  0.384518E+01  0.128323E+03  0.938911E+02  0.000000E+00  0.000000E+00  0.217015E-02  0.116845E+03
  0.397551E+01  0.121074E+03  0.885874E+02  0.000000E+00  0.000000E+00  0.202907E-02  0.110244E+03
  0.411026E+01  0.114228E+03  0.835783E+02  0.000000E+00  0.000000E+00  0.179684E-02  0.104010E+03
  0.424958E+01  0.107762E+03  0.788473E+02  0.000000E+00  0.000000E+00  0.158378E-02  0.981226E+02
  0.439362E+01  0.101655E+03  0.743795E+02  0.000000E+00  0.000000E+00  0.133331E-02  0.925624E+02
  0.454254E+01  0.958884E+02  0.701602E+02  0.000000E+00  0.000000E+00  0.123409E-02  0.873115E+02
  0.469651E+01  0.904435E+02  0.661762E+02  0.000000E+00  0.000000E+00  0.109180E-02  0.823536E+02
  0.485570E+01  0.853030E+02  0.624151E+02  0.000000E+00  0.000000E+00  0.968981E-03  0.776729E+02
  0.502029E+01  0.804498E+02  0.588641E+02  0.000000E+00  0.000000E+00  0.852525E-03  0.732538E+02
  0.519045E+01  0.758683E+02  0.555119E+02  0.000000E+00  0.000000E+00  0.741211E-03  0.690821E+02
  0.536638E+01  0.715432E+02  0.523473E+02  0.000000E+00  0.000000E+00  0.663662E-03  0.651439E+02
  0.554827E+01  0.674612E+02  0.493605E+02  0.000000E+00  0.000000E+00  0.575847E-03  0.614270E+02
  0.573633E+01  0.636085E+02  0.465415E+02  0.000000E+00  0.000000E+00  0.507611E-03  0.579189E+02
  0.593077E+01  0.599725E+02  0.438811E+02  0.000000E+00  0.000000E+00  0.446570E-03  0.546082E+02
  0.613179E+01  0.565411E+02  0.413702E+02  0.000000E+00  0.000000E+00  0.435779E-03  0.514836E+02
  0.633963E+01  0.533031E+02  0.390010E+02  0.000000E+00  0.000000E+00  0.377447E-03  0.485353E+02
  0.655451E+01  0.502480E+02  0.367655E+02  0.000000E+00  0.000000E+00  0.320950E-03  0.457534E+02
  0.677667E+01  0.473656E+02  0.346564E+02  0.000000E+00  0.000000E+00  0.265970E-03  0.431288E+02
  0.700637E+01  0.446460E+02  0.326665E+02  0.000000E+00  0.000000E+00  0.236956E-03  0.406525E+02
  0.724385E+01  0.420804E+02  0.307892E+02  0.000000E+00  0.000000E+00  0.220939E-03  0.383163E+02
  0.748939E+01  0.396603E+02  0.290183E+02  0.000000E+00  0.000000E+00  0.188679E-03  0.361127E+02
  0.774324E+01  0.373775E+02  0.273479E+02  0.000000E+00  0.000000E+00  0.173705E-03  0.340340E+02
  0.800570E+01  0.352243E+02  0.257723E+02  0.000000E+00  0.000000E+00  0.149167E-03  0.320734E+02
  0.827705E+01  0.331934E+02  0.242863E+02  0.000000E+00  0.000000E+00  0.130970E-03  0.302242E+02
  0.855760E+01  0.312783E+02  0.228849E+02  0.000000E+00  0.000000E+00  0.123814E-03  0.284803E+02
  0.884767E+01  0.294722E+02  0.215633E+02  0.000000E+00  0.000000E+00  0.106814E-03  0.268358E+02
  0.914755E+01  0.277690E+02  0.203170E+02  0.000000E+00  0.000000E+00  0.915825E-04  0.252849E+02
  0.945762E+01  0.261630E+02  0.191418E+02  0.000000E+00  0.000000E+00  0.852931E-04  0.238226E+02
  0.977818E+01  0.246488E+02  0.180338E+02  0.000000E+00  0.000000E+00  0.708873E-04  0.224438E+02
  0.101096E+02  0.232212E+02  0.169891E+02  0.000000E+00  0.000000E+00  0.659475E-04  0.211438E+02
  0.104523E+02  0.218752E+02  0.160042E+02  0.000000E+00  0.000000E+00  0.551187E-04  0.199183E+02
  0.108066E+02  0.206064E+02  0.150757E+02  0.000000E+00  0.000000E+00  0.511023E-04  0.187629E+02
  0.111728E+02  0.194103E+02  0.142004E+02  0.000000E+00  0.000000E+00  0.382618E-04  0.176738E+02
  0.115516E+02  0.182828E+02  0.133753E+02  0.000000E+00  0.000000E+00  0.362536E-04  0.166471E+02
  0.119431E+02  0.172200E+02  0.125977E+02  0.000000E+00  0.000000E+00  0.318494E-04  0.156794E+02
  0.123479E+02  0.162184E+02  0.118647E+02  0.000000E+00  0.000000E+00  0.303473E-04  0.147674E+02
  0.127664E+02  0.152743E+02  0.111738E+02  0.000000E+00  0.000000E+00  0.245537E-04  0.139077E+02
  0.131992E+02  0.143847E+02  0.105228E+02  0.000000E+00  0.000000E+00  0.228512E-04  0.130976E+02
  0.136466E+02  0.135463E+02  0.990922E+01  0.000000E+00  0.000000E+00  0.221661E-04  0.123342E+02
  0.141091E+02  0.127562E+02  0.933104E+01  0.000000E+00  0.000000E+00  0.165972E-04  0.116147E+02
  0.145873E+02  0.120117E+02  0.878623E+01  0.000000E+00  0.000000E+00  0.160666E-04  0.109368E+02
  0.150818E+02  0.113102E+02  0.827289E+01  0.000000E+00  0.000000E+00  0.127765E-04  0.102981E+02
  0.155930E+02  0.106493E+02  0.778920E+01  0.000000E+00  0.000000E+00  0.118427E-04  0.969626E+01
  0.161215E+02  0.100266E+02  0.733351E+01  0.000000E+00  0.000000E+00  0.108439E-04  0.912926E+01
  0.166679E+02  0.943992E+01  0.690418E+01  0.000000E+00  0.000000E+00  0.828498E-05  0.859506E+01
  0.172329E+02  0.888724E+01  0.649971E+01  0.000000E+00  0.000000E+00  0.807584E-05  0.809181E+01
  0.178170E+02  0.836662E+01  0.611871E+01  0.000000E+00  0.000000E+00  0.812717E-05  0.761774E+01
  0.184209E+02  0.787619E+01  0.575979E+01  0.000000E+00  0.000000E+00  0.632592E-05  0.717117E+01
  0.190453E+02  0.741424E+01  0.542172E+01  0.000000E+00  0.000000E+00  0.581019E-05  0.675052E+01
  0.196908E+02  0.697913E+01  0.510329E+01  0.000000E+00  0.000000E+00  0.449588E-05  0.635432E+01
  0.203583E+02  0.656930E+01  0.480336E+01  0.000000E+00  0.000000E+00  0.415788E-05  0.598114E+01
  0.210483E+02  0.618333E+01  0.452088E+01  0.000000E+00  0.000000E+00  0.342183E-05  0.562969E+01
  0.217617E+02  0.581983E+01  0.425485E+01  0.000000E+00  0.000000E+00  0.357396E-05  0.529869E+01
  0.224994E+02  0.547751E+01  0.400431E+01  0.000000E+00  0.000000E+00  0.302948E-05  0.498697E+01
  0.232620E+02  0.515514E+01  0.376838E+01  0.000000E+00  0.000000E+00  0.271233E-05  0.469343E+01
  0.240505E+02  0.485157E+01  0.354621E+01  0.000000E+00  0.000000E+00  0.210386E-05  0.441701E+01
  0.248656E+02  0.456573E+01  0.333700E+01  0.000000E+00  0.000000E+00  0.185748E-05  0.415673E+01
  0.257085E+02  0.429658E+01  0.314002E+01  0.000000E+00  0.000000E+00  0.211632E-05  0.391164E+01
  0.265798E+02  0.404317E+01  0.295454E+01  0.000000E+00  0.000000E+00  0.153714E-05  0.368089E+01
  0.274808E+02  0.380457E+01  0.277991E+01  0.000000E+00  0.000000E+00  0.168168E-05  0.346362E+01
  0.284122E+02  0.357995E+01  0.261550E+01  0.000000E+00  0.000000E+00  0.123900E-05  0.325908E+01
  0.293753E+02  0.336847E+01  0.246071E+01  0.000000E+00  0.000000E+00  0.115626E-05  0.306651E+01
  0.303709E+02  0.316938E+01  0.231500E+01  0.000000E+00  0.000000E+00  0.906087E-06  0.288522E+01
  0.314004E+02  0.298196E+01  0.217782E+01  0.000000E+00  0.000000E+00  0.839203E-06  0.271456E+01
  0.324647E+02  0.280555E+01  0.204869E+01  0.000000E+00  0.000000E+00  0.673720E-06  0.255392E+01
  0.335651E+02  0.263948E+01  0.192713E+01  0.000000E+00  0.000000E+00  0.701102E-06  0.240270E+01
  0.347028E+02  0.248316E+01  0.181271E+01  0.000000E+00  0.000000E+00  0.561776E-06  0.226035E+01
  0.358790E+02  0.233604E+01  0.170502E+01  0.000000E+00  0.000000E+00  0.677380E-06  0.212638E+01
  0.370952E+02  0.219756E+01  0.160365E+01  0.000000E+00  0.000000E+00  0.522821E-06  0.200028E+01
  0.383525E+02  0.206723E+01  0.150825E+01  0.000000E+00  0.000000E+00  0.428667E-06  0.188161E+01
  0.396525E+02  0.194457E+01  0.141846E+01  0.000000E+00  0.000000E+00  0.245977E-06  0.176991E+01
  0.409965E+02  0.182914E+01  0.133396E+01  0.000000E+00  0.000000E+00  0.325707E-06  0.166480E+01
  0.423861E+02  0.172051E+01  0.125443E+01  0.000000E+00  0.000000E+00  0.324814E-06  0.156587E+01
  0.438228E+02  0.161828E+01  0.117960E+01  0.000000E+00  0.000000E+00  0.344093E-06  0.147278E+01
  0.453082E+02  0.152208E+01  0.110917E+01  0.000000E+00  0.000000E+00  0.307100E-06  0.138518E+01
  0.468439E+02  0.143156E+01  0.104290E+01  0.000000E+00  0.000000E+00  0.225007E-06  0.130276E+01
  0.484317E+02  0.134639E+01  0.980545E+00  0.000000E+00  0.000000E+00  0.216353E-06  0.122519E+01
  0.500732E+02  0.126625E+01  0.921870E+00  0.000000E+00  0.000000E+00  0.162401E-06  0.115221E+01
  0.517705E+02  0.119084E+01  0.866661E+00  0.000000E+00  0.000000E+00  0.117064E-06  0.108355E+01
  0.535252E+02  0.111989E+01  0.814716E+00  0.000000E+00  0.000000E+00  0.120301E-06  0.101894E+01
  0.553395E+02  0.105315E+01  0.765843E+00  0.000000E+00  0.000000E+00  0.122549E-06  0.958157E+00
  0.572153E+02  0.990348E+00  0.719861E+00  0.000000E+00  0.000000E+00  0.104435E-06  0.900971E+00
  0.591545E+02  0.931271E+00  0.676602E+00  0.000000E+00  0.000000E+00  0.440308E-07  0.847173E+00
  0.611596E+02  0.875694E+00  0.635904E+00  0.000000E+00  0.000000E+00  0.107675E-06  0.796561E+00
  0.632326E+02  0.823412E+00  0.597619E+00  0.000000E+00  0.000000E+00  0.182678E-06  0.748951E+00
  0.653759E+02  0.774230E+00  0.561601E+00  0.000000E+00  0.000000E+00  0.107321E-06  0.704163E+00
  0.675918E+02  0.727968E+00  0.527721E+00  0.000000E+00  0.000000E+00  0.875497E-07  0.662034E+00
  0.698829E+02  0.684451E+00  0.495849E+00  0.000000E+00  0.000000E+00  0.456533E-07  0.622404E+00
  0.722515E+02  0.643519E+00  0.465870E+00  0.000000E+00  0.000000E+00  0.350788E-07  0.585129E+00
  0.747005E+02  0.605019E+00  0.437670E+00  0.000000E+00  0.000000E+00  0.474799E-07  0.550067E+00
  0.772325E+02  0.568808E+00  0.411146E+00  0.000000E+00  0.000000E+00  0.235205E-07  0.517090E+00
  0.798503E+02  0.534750E+00  0.386198E+00  0.000000E+00  0.000000E+00  0.376393E-07  0.486074E+00
  0.825568E+02  0.502719E+00  0.362733E+00  0.000000E+00  0.000000E+00  0.544746E-07  0.456903E+00
  0.853551E+02  0.472594E+00  0.340663E+00  0.000000E+00  0.000000E+00  0.226302E-07  0.429468E+00
  0.882482E+02  0.444263E+00  0.319907E+00  0.000000E+00  0.000000E+00  0.126304E-07  0.403667E+00
  0.912394E+02  0.417619E+00  0.300385E+00  0.000000E+00  0.000000E+00  0.243383E-07  0.379402E+00
  0.943319E+02  0.392565E+00  0.282027E+00  0.000000E+00  0.000000E+00  0.288824E-07  0.356584E+00
  0.975294E+02  0.369002E+00  0.264761E+00  0.000000E+00  0.000000E+00  0.328411E-07  0.335125E+00
  0.100835E+03  0.346846E+00  0.248525E+00  0.000000E+00  0.000000E+00  0.296852E-08  0.314947E+00
  0.104253E+03  0.326013E+00  0.233256E+00  0.000000E+00  0.000000E+00  0.789633E-08  0.295972E+00
  0.107787E+03  0.306423E+00  0.218898E+00  0.000000E+00  0.000000E+00 -0.245281E-08  0.278131E+00
  0.111440E+03  0.288001E+00  0.205396E+00  0.000000E+00  0.000000E+00  0.568255E-08  0.261353E+00
  0.115217E+03  0.270682E+00  0.192701E+00  0.000000E+00  0.000000E+00  0.697089E-08  0.245579E+00
  0.119123E+03  0.254397E+00  0.180763E+00  0.000000E+00  0.000000E+00  0.693919E-08  0.230747E+00
  0.123160E+03  0.239086E+00  0.169538E+00  0.000000E+00  0.000000E+00 -0.196895E-07  0.216802E+00
  0.127335E+03  0.224690E+00  0.158984E+00  0.000000E+00  0.000000E+00  0.490339E-08  0.203690E+00
  0.131651E+03  0.211156E+00  0.149060E+00  0.000000E+00  0.000000E+00  0.217838E-08  0.191363E+00
  0.136113E+03  0.198432E+00  0.139731E+00  0.000000E+00  0.000000E+00 -0.907934E-08  0.179774E+00
  0.140727E+03  0.186470E+00  0.130959E+00  0.000000E+00  0.000000E+00 -0.474783E-08  0.168879E+00
  0.145497E+03  0.175224E+00  0.122712E+00  0.000000E+00  0.000000E+00 -0.586849E-09  0.158636E+00
  0.150428E+03  0.164653E+00  0.114959E+00  0.000000E+00  0.000000E+00 -0.517543E-08  0.149007E+00
  0.155527E+03  0.154715E+00  0.107671E+00  0.000000E+00  0.000000E+00  0.647659E-08  0.139955E+00
  0.160799E+03  0.145372E+00  0.100819E+00  0.000000E+00  0.000000E+00  0.143068E-07  0.131446E+00
  0.166249E+03  0.136591E+00  0.943788E-01  0.000000E+00  0.000000E+00 -0.336052E-08  0.123447E+00
  0.171884E+03  0.128336E+00  0.883249E-01  0.000000E+00  0.000000E+00 -0.176651E-08  0.115929E+00
  0.177710E+03  0.120577E+00  0.826346E-01  0.000000E+00  0.000000E+00  0.158067E-07  0.108861E+00
  0.183734E+03  0.113283E+00  0.772859E-01  0.000000E+00  0.000000E+00  0.496638E-08  0.102218E+00
  0.189961E+03  0.106428E+00  0.722593E-01  0.000000E+00  0.000000E+00  0.164829E-08  0.959745E-01
  0.196400E+03  0.999852E-01  0.675352E-01  0.000000E+00  0.000000E+00 -0.533691E-08  0.901061E-01
  0.203057E+03  0.939294E-01  0.630959E-01  0.000000E+00  0.000000E+00  0.313666E-08  0.845906E-01
