  0.106303E-04  0.424699E+07  0.424699E+07  0.566201E+07  0.566201E+07  0.000000E+00  0.424699E+07
  0.109906E-04  0.424699E+07  0.424699E+07  0.566197E+07  0.566196E+07  0.000000E+00  0.424699E+07
  0.113631E-04  0.424699E+07  0.424699E+07  0.566192E+07  0.566192E+07  0.000000E+00  0.424699E+07
  0.117483E-04  0.424699E+07  0.424699E+07  0.566187E+07  0.566186E+07  0.000000E+00  0.424699E+07
  0.121465E-04  0.424699E+07  0.424699E+07  0.566182E+07  0.566181E+07  0.000000E+00  0.424699E+07
  0.125582E-04  0.424699E+07  0.424699E+07  0.566176E+07  0.566175E+07  0.000000E+00  0.424699E+07
  0.129839E-04  0.424699E+07  0.424699E+07  0.566170E+07  0.566169E+07  0.000000E+00  0.424699E+07
  0.134240E-04  0.424699E+07  0.424699E+07  0.566163E+07  0.566162E+07  0.000000E+00  0.424699E+07
  0.138790E-04  0.424699E+07  0.424699E+07  0.566156E+07  0.566155E+07  0.000000E+00  0.424699E+07
  0.143494E-04  0.424699E+07  0.424699E+07  0.566148E+07  0.566147E+07  0.000000E+00  0.424699E+07
  0.148358E-04  0.424698E+07  0.424698E+07  0.566140E+07  0.566139E+07  0.000000E+00  0.424698E+07
  0.153386E-04  0.424698E+07  0.424698E+07  0.566131E+07  0.566130E+07  0.000000E+00  0.424698E+07
  0.158585E-04  0.424698E+07  0.424698E+07  0.566122E+07  0.566121E+07  0.000000E+00  0.424698E+07
  0.163961E-04  0.424698E+07  0.424698E+07  0.566112E+07  0.566111E+07  0.000000E+00  0.424698E+07
  0.169518E-04  0.424698E+07  0.424698E+07  0.566102E+07  0.566101E+07  0.000000E+00  0.424698E+07
  0.175264E-04  0.424698E+07  0.424698E+07  0.566090E+07  0.566089E+07  0.000000E+00  0.424698E+07
  0.181205E-04  0.424698E+07  0.424698E+07  0.566078E+07  0.566077E+07  0.000000E+00  0.424698E+07
  0.187347E-04  0.424698E+07  0.424698E+07  0.566065E+07  0.566064E+07  0.000000E+00  0.424698E+07
  0.193697E-04  0.424698E+07  0.424698E+07  0.566052E+07  0.566050E+07  0.000000E+00  0.424698E+07
  0.200262E-04  0.424698E+07  0.424698E+07  0.566037E+07  0.566035E+07  0.000000E+00  0.424698E+07
  0.207050E-04  0.424698E+07  0.424698E+07  0.566021E+07  0.566019E+07  0.000000E+00  0.424698E+07
  0.214068E-04  0.424698E+07  0.424698E+07  0.566004E+07  0.566002E+07  0.000000E+00  0.424698E+07
  0.221324E-04  0.424698E+07  0.424698E+07  0.565986E+07  0.565984E+07  0.000000E+00  0.424698E+07
  0.228826E-04  0.424697E+07  0.424697E+07  0.565967E+07  0.565965E+07  0.000000E+00  0.424697E+07
  0.236582E-04  0.424697E+07  0.424697E+07  0.565946E+07  0.565944E+07  0.000000E+00  0.424697E+07
  0.244601E-04  0.424697E+07  0.424697E+07  0.565924E+07  0.565922E+07  0.000000E+00  0.424697E+07
  0.252891E-04  0.424697E+07  0.424697E+07  0.565901E+07  0.565898E+07  0.000000E+00  0.424697E+07
  0.261463E-04  0.424697E+07  0.424697E+07  0.565876E+07  0.565873E+07  0.000000E+00  0.424697E+07
  0.270326E-04  0.424697E+07  0.424697E+07  0.565849E+07  0.565846E+07  0.000000E+00  0.424697E+07
  0.279488E-04  0.424696E+07  0.424696E+07  0.565820E+07  0.565817E+07  0.000000E+00  0.424696E+07
  0.288962E-04  0.424696E+07  0.424696E+07  0.565789E+07  0.565786E+07  0.000000E+00  0.424696E+07
  0.298756E-04  0.424696E+07  0.424696E+07  0.565756E+07  0.565753E+07  0.000000E+00  0.424696E+07
  0.308882E-04  0.424696E+07  0.424696E+07  0.565721E+07  0.565718E+07  0.000000E+00  0.424696E+07
  0.319352E-04  0.424696E+07  0.424696E+07  0.565684E+07  0.565680E+07  0.000000E+00  0.424696E+07
  0.330176E-04  0.424695E+07  0.424695E+07  0.565644E+07  0.565639E+07  0.000000E+00  0.424695E+07
  0.341368E-04  0.424695E+07  0.424695E+07  0.565601E+07  0.565596E+07  0.000000E+00  0.424695E+07
  0.352938E-04  0.424695E+07  0.424695E+07  0.565555E+07  0.565550E+07  0.000000E+00  0.424695E+07
  0.364901E-04  0.424694E+07  0.424694E+07  0.565506E+07  0.565501E+07  0.000000E+00  0.424694E+07
  0.377270E-04  0.424694E+07  0.424694E+07  0.565454E+07  0.565448E+07  0.000000E+00  0.424694E+07
  0.390057E-04  0.424694E+07  0.424694E+07  0.565398E+07  0.565392E+07  0.000000E+00  0.424694E+07
  0.403278E-04  0.424693E+07  0.424693E+07  0.565338E+07  0.565332E+07  0.000000E+00  0.424693E+07
  0.416948E-04  0.424693E+07  0.424693E+07  0.565274E+07  0.565267E+07  0.000000E+00  0.424693E+07
  0.431080E-04  0.424692E+07  0.424692E+07  0.565206E+07  0.565198E+07  0.000000E+00  0.424692E+07
  0.445692E-04  0.424692E+07  0.424692E+07  0.565133E+07  0.565125E+07  0.000000E+00  0.424692E+07
  0.460798E-04  0.424692E+07  0.424691E+07  0.565055E+07  0.565046E+07  0.000000E+00  0.424692E+07
  0.476417E-04  0.424691E+07  0.424691E+07  0.564971E+07  0.564962E+07  0.000000E+00  0.424691E+07
  0.492565E-04  0.424690E+07  0.424690E+07  0.564882E+07  0.564872E+07  0.000000E+00  0.424690E+07
  0.509261E-04  0.424690E+07  0.424690E+07  0.564787E+07  0.564777E+07  0.000000E+00  0.424690E+07
  0.526522E-04  0.424689E+07  0.424689E+07  0.564685E+07  0.564674E+07  0.000000E+00  0.424689E+07
  0.544369E-04  0.424688E+07  0.424688E+07  0.564576E+07  0.564564E+07  0.000000E+00  0.424688E+07
  0.562820E-04  0.424688E+07  0.424688E+07  0.564460E+07  0.564447E+07  0.000000E+00  0.424688E+07
  0.581897E-04  0.424687E+07  0.424687E+07  0.564336E+07  0.564322E+07  0.000000E+00  0.424687E+07
  0.601621E-04  0.424686E+07  0.424686E+07  0.564203E+07  0.564188E+07  0.000000E+00  0.424686E+07
  0.622013E-04  0.424685E+07  0.424685E+07  0.564061E+07  0.564046E+07  0.000000E+00  0.424685E+07
  0.643096E-04  0.424684E+07  0.424684E+07  0.563909E+07  0.563893E+07  0.000000E+00  0.424684E+07
  0.664894E-04  0.424683E+07  0.424683E+07  0.563747E+07  0.563730E+07  0.000000E+00  0.424683E+07
  0.687430E-04  0.424682E+07  0.424682E+07  0.563574E+07  0.563555E+07  0.000000E+00  0.424682E+07
  0.710731E-04  0.424681E+07  0.424681E+07  0.563388E+07  0.563369E+07  0.000000E+00  0.424681E+07
  0.734821E-04  0.424679E+07  0.424679E+07  0.563191E+07  0.563169E+07  0.000000E+00  0.424679E+07
  0.759728E-04  0.424678E+07  0.424678E+07  0.562979E+07  0.562957E+07  0.000000E+00  0.424678E+07
  0.785479E-04  0.424677E+07  0.424676E+07  0.562753E+07  0.562729E+07  0.000000E+00  0.424676E+07
  0.812103E-04  0.424675E+07  0.424675E+07  0.562512E+07  0.562486E+07  0.000000E+00  0.424675E+07
  0.839629E-04  0.424673E+07  0.424673E+07  0.562254E+07  0.562226E+07  0.000000E+00  0.424673E+07
  0.868089E-04  0.424672E+07  0.424671E+07  0.561978E+07  0.561949E+07  0.000000E+00  0.424672E+07
  0.897513E-04  0.424670E+07  0.424670E+07  0.561684E+07  0.561652E+07  0.000000E+00  0.424670E+07
  0.927934E-04  0.424668E+07  0.424667E+07  0.561369E+07  0.561336E+07  0.000000E+00  0.424668E+07
  0.959386E-04  0.424665E+07  0.424665E+07  0.561033E+07  0.560997E+07  0.000000E+00  0.424665E+07
  0.991905E-04  0.424663E+07  0.424663E+07  0.560674E+07  0.560636E+07  0.000000E+00  0.424663E+07
  0.102553E-03  0.424660E+07  0.424660E+07  0.560291E+07  0.560250E+07  0.000000E+00  0.424660E+07
  0.106029E-03  0.424658E+07  0.424658E+07  0.559881E+07  0.559837E+07  0.000000E+00  0.424658E+07
  0.109622E-03  0.424655E+07  0.424655E+07  0.559443E+07  0.559396E+07  0.000000E+00  0.424655E+07
  0.113338E-03  0.424652E+07  0.424652E+07  0.558976E+07  0.558926E+07  0.000000E+00  0.424652E+07
  0.117180E-03  0.424649E+07  0.424648E+07  0.558476E+07  0.558423E+07  0.000000E+00  0.424649E+07
  0.121152E-03  0.424645E+07  0.424645E+07  0.557943E+07  0.557886E+07  0.000000E+00  0.424645E+07
  0.125258E-03  0.424641E+07  0.424641E+07  0.557374E+07  0.557313E+07  0.000000E+00  0.424641E+07
  0.129504E-03  0.424637E+07  0.424637E+07  0.556765E+07  0.556700E+07  0.000000E+00  0.424637E+07
  0.133893E-03  0.424633E+07  0.424633E+07  0.556116E+07  0.556046E+07  0.000000E+00  0.424633E+07
  0.138431E-03  0.424629E+07  0.424628E+07  0.555423E+07  0.555348E+07  0.000000E+00  0.424629E+07
  0.143124E-03  0.424624E+07  0.424624E+07  0.554682E+07  0.554603E+07  0.000000E+00  0.424624E+07
  0.147975E-03  0.424619E+07  0.424618E+07  0.553892E+07  0.553807E+07  0.000000E+00  0.424618E+07
  0.152990E-03  0.424613E+07  0.424613E+07  0.553048E+07  0.552958E+07  0.000000E+00  0.424613E+07
  0.158176E-03  0.424607E+07  0.424607E+07  0.552148E+07  0.552052E+07  0.000000E+00  0.424607E+07
  0.163537E-03  0.424601E+07  0.424600E+07  0.551187E+07  0.551084E+07  0.000000E+00  0.424601E+07
  0.169081E-03  0.424594E+07  0.424594E+07  0.550161E+07  0.550052E+07  0.000000E+00  0.424594E+07
  0.174812E-03  0.424587E+07  0.424586E+07  0.549067E+07  0.548950E+07  0.000000E+00  0.424587E+07
  0.180737E-03  0.424579E+07  0.424579E+07  0.547899E+07  0.547775E+07  0.000000E+00  0.424579E+07
  0.186863E-03  0.424571E+07  0.424570E+07  0.546654E+07  0.546521E+07  0.000000E+00  0.424571E+07
  0.193197E-03  0.424562E+07  0.424561E+07  0.545326E+07  0.545184E+07  0.000000E+00  0.424562E+07
  0.199745E-03  0.424552E+07  0.424552E+07  0.543909E+07  0.543758E+07  0.000000E+00  0.424552E+07
  0.206515E-03  0.424542E+07  0.424542E+07  0.542399E+07  0.542238E+07  0.000000E+00  0.424542E+07
  0.213515E-03  0.424532E+07  0.424531E+07  0.540788E+07  0.540617E+07  0.000000E+00  0.424531E+07
  0.220752E-03  0.424520E+07  0.424519E+07  0.539072E+07  0.538890E+07  0.000000E+00  0.424520E+07
  0.228235E-03  0.424508E+07  0.424507E+07  0.537243E+07  0.537049E+07  0.000000E+00  0.424508E+07
  0.235971E-03  0.424494E+07  0.424494E+07  0.535295E+07  0.535088E+07  0.000000E+00  0.424494E+07
  0.243969E-03  0.424480E+07  0.424480E+07  0.533219E+07  0.533000E+07  0.000000E+00  0.424480E+07
  0.252239E-03  0.424465E+07  0.424465E+07  0.531009E+07  0.530775E+07  0.000000E+00  0.424465E+07
  0.260788E-03  0.424449E+07  0.424449E+07  0.528656E+07  0.528407E+07  0.000000E+00  0.424449E+07
  0.269628E-03  0.424432E+07  0.424432E+07  0.526151E+07  0.525887E+07  0.000000E+00  0.424432E+07
  0.278767E-03  0.424414E+07  0.424413E+07  0.523487E+07  0.523205E+07  0.000000E+00  0.424414E+07
  0.288216E-03  0.424394E+07  0.424394E+07  0.520652E+07  0.520353E+07  0.000000E+00  0.424394E+07
  0.297985E-03  0.424374E+07  0.424373E+07  0.517638E+07  0.517321E+07  0.000000E+00  0.424373E+07
  0.308085E-03  0.424351E+07  0.424350E+07  0.514434E+07  0.514098E+07  0.000000E+00  0.424351E+07
  0.318527E-03  0.424328E+07  0.424326E+07  0.511030E+07  0.510673E+07  0.000000E+00  0.424327E+07
  0.329324E-03  0.424302E+07  0.424301E+07  0.507415E+07  0.507037E+07  0.000000E+00  0.424302E+07
  0.340486E-03  0.424275E+07  0.424274E+07  0.503578E+07  0.503176E+07  0.000000E+00  0.424275E+07
  0.352027E-03  0.424246E+07  0.424245E+07  0.499506E+07  0.499080E+07  0.000000E+00  0.424246E+07
  0.363959E-03  0.424215E+07  0.424214E+07  0.495187E+07  0.494737E+07  0.000000E+00  0.424215E+07
  0.376296E-03  0.424182E+07  0.424181E+07  0.490610E+07  0.490134E+07  0.000000E+00  0.424182E+07
  0.389050E-03  0.424147E+07  0.424145E+07  0.485761E+07  0.485258E+07  0.000000E+00  0.424147E+07
  0.402237E-03  0.424109E+07  0.424108E+07  0.480628E+07  0.480097E+07  0.000000E+00  0.424109E+07
  0.415871E-03  0.424069E+07  0.424067E+07  0.475198E+07  0.474638E+07  0.000000E+00  0.424069E+07
  0.429967E-03  0.424027E+07  0.424025E+07  0.469458E+07  0.468867E+07  0.000000E+00  0.424026E+07
  0.444541E-03  0.423981E+07  0.423979E+07  0.463395E+07  0.462773E+07  0.000000E+00  0.423981E+07
  0.459609E-03  0.423932E+07  0.423930E+07  0.456996E+07  0.456341E+07  0.000000E+00  0.423932E+07
  0.475187E-03  0.423880E+07  0.423878E+07  0.450248E+07  0.449560E+07  0.000000E+00  0.423880E+07
  0.491294E-03  0.423825E+07  0.423822E+07  0.443140E+07  0.442418E+07  0.000000E+00  0.423825E+07
  0.507946E-03  0.423766E+07  0.423763E+07  0.435660E+07  0.434903E+07  0.000000E+00  0.423766E+07
  0.525163E-03  0.423703E+07  0.423700E+07  0.427798E+07  0.427004E+07  0.000000E+00  0.423703E+07
  0.542963E-03  0.423636E+07  0.423633E+07  0.419542E+07  0.418713E+07  0.000000E+00  0.423636E+07
  0.561367E-03  0.423565E+07  0.423561E+07  0.410887E+07  0.410021E+07  0.000000E+00  0.423564E+07
  0.580395E-03  0.423489E+07  0.423485E+07  0.401824E+07  0.400921E+07  0.000000E+00  0.423488E+07
  0.600067E-03  0.423408E+07  0.423404E+07  0.392348E+07  0.391409E+07  0.000000E+00  0.423407E+07
  0.620407E-03  0.423321E+07  0.423317E+07  0.382456E+07  0.381482E+07  0.000000E+00  0.423321E+07
  0.641435E-03  0.423229E+07  0.423225E+07  0.372148E+07  0.371139E+07  0.000000E+00  0.423229E+07
  0.663177E-03  0.423132E+07  0.423127E+07  0.361427E+07  0.360383E+07  0.000000E+00  0.423131E+07
  0.685655E-03  0.423028E+07  0.423022E+07  0.350298E+07  0.349221E+07  0.000000E+00  0.423027E+07
  0.708896E-03  0.422917E+07  0.422911E+07  0.338770E+07  0.337662E+07  0.000000E+00  0.422916E+07
  0.732924E-03  0.422799E+07  0.422793E+07  0.326857E+07  0.325720E+07  0.000000E+00  0.422798E+07
  0.757767E-03  0.422674E+07  0.422668E+07  0.314576E+07  0.313413E+07  0.000000E+00  0.422673E+07
  0.783451E-03  0.422541E+07  0.422535E+07  0.301952E+07  0.300765E+07  0.000000E+00  0.422540E+07
  0.810006E-03  0.422400E+07  0.422393E+07  0.289012E+07  0.287805E+07  0.000000E+00  0.422399E+07
  0.837462E-03  0.422250E+07  0.422242E+07  0.275790E+07  0.274567E+07  0.000000E+00  0.422249E+07
  0.865847E-03  0.422091E+07  0.422083E+07  0.262327E+07  0.261092E+07  0.000000E+00  0.422089E+07
  0.895195E-03  0.421922E+07  0.421913E+07  0.248669E+07  0.247427E+07  0.000000E+00  0.421920E+07
  0.925538E-03  0.421743E+07  0.421734E+07  0.234869E+07  0.233624E+07  0.000000E+00  0.421741E+07
  0.956909E-03  0.421553E+07  0.421543E+07  0.220988E+07  0.219746E+07  0.000000E+00  0.421551E+07
  0.989344E-03  0.421352E+07  0.421341E+07  0.207091E+07  0.205856E+07  0.000000E+00  0.421350E+07
  0.102288E-02  0.421139E+07  0.421127E+07  0.193251E+07  0.192029E+07  0.000000E+00  0.421137E+07
  0.105755E-02  0.420913E+07  0.420901E+07  0.179546E+07  0.178343E+07  0.000000E+00  0.420911E+07
  0.109339E-02  0.420675E+07  0.420662E+07  0.166060E+07  0.164880E+07  0.000000E+00  0.420673E+07
  0.113045E-02  0.420422E+07  0.420409E+07  0.152880E+07  0.151727E+07  0.000000E+00  0.420420E+07
  0.116877E-02  0.420156E+07  0.420141E+07  0.140097E+07  0.138973E+07  0.000000E+00  0.420154E+07
  0.120839E-02  0.419874E+07  0.419859E+07  0.127800E+07  0.126708E+07  0.000000E+00  0.419872E+07
  0.124935E-02  0.419577E+07  0.419561E+07  0.116080E+07  0.115021E+07  0.000000E+00  0.419575E+07
  0.129169E-02  0.419264E+07  0.419246E+07  0.105023E+07  0.103996E+07  0.000000E+00  0.419261E+07
  0.133547E-02  0.418934E+07  0.418915E+07  0.947090E+06  0.937113E+06  0.000000E+00  0.418931E+07
  0.138074E-02  0.418586E+07  0.418566E+07  0.852101E+06  0.842365E+06  0.000000E+00  0.418583E+07
  0.142754E-02  0.418220E+07  0.418198E+07  0.765849E+06  0.756282E+06  0.000000E+00  0.418216E+07
  0.147593E-02  0.417835E+07  0.417812E+07  0.688769E+06  0.679278E+06  0.000000E+00  0.417831E+07
  0.152595E-02  0.417430E+07  0.417405E+07  0.621113E+06  0.611583E+06  0.000000E+00  0.417426E+07
  0.157768E-02  0.417005E+07  0.416978E+07  0.562918E+06  0.553214E+06  0.000000E+00  0.417000E+07
  0.163115E-02  0.416558E+07  0.416530E+07  0.513984E+06  0.503958E+06  0.000000E+00  0.416554E+07
  0.168644E-02  0.416090E+07  0.416060E+07  0.473860E+06  0.463358E+06  0.000000E+00  0.416085E+07
  0.174360E-02  0.415599E+07  0.415567E+07  0.441838E+06  0.430710E+06  0.000000E+00  0.415594E+07
  0.180270E-02  0.415085E+07  0.415050E+07  0.416963E+06  0.405074E+06  0.000000E+00  0.415079E+07
  0.186380E-02  0.414546E+07  0.414509E+07  0.398057E+06  0.385302E+06  0.000000E+00  0.414540E+07
  0.192698E-02  0.413983E+07  0.413943E+07  0.383765E+06  0.370084E+06  0.000000E+00  0.413976E+07
  0.199229E-02  0.413394E+07  0.413351E+07  0.372613E+06  0.358009E+06  0.000000E+00  0.413387E+07
  0.205982E-02  0.412778E+07  0.412733E+07  0.363092E+06  0.347644E+06  0.000000E+00  0.412770E+07
  0.212964E-02  0.412135E+07  0.412087E+07  0.353746E+06  0.337625E+06  0.000000E+00  0.412127E+07
  0.220183E-02  0.411463E+07  0.411412E+07  0.343285E+06  0.326757E+06  0.000000E+00  0.411455E+07
  0.227646E-02  0.410763E+07  0.410708E+07  0.330680E+06  0.314109E+06  0.000000E+00  0.410753E+07
  0.235362E-02  0.410032E+07  0.409973E+07  0.315266E+06  0.299101E+06  0.000000E+00  0.410022E+07
  0.243339E-02  0.409270E+07  0.409208E+07  0.296810E+06  0.281563E+06  0.000000E+00  0.409260E+07
  0.251587E-02  0.408476E+07  0.408410E+07  0.275549E+06  0.261759E+06  0.000000E+00  0.408465E+07
  0.260115E-02  0.407649E+07  0.407578E+07  0.252176E+06  0.240367E+06  0.000000E+00  0.407638E+07
  0.268932E-02  0.406788E+07  0.406712E+07  0.227772E+06  0.218393E+06  0.000000E+00  0.406776E+07
  0.278047E-02  0.405893E+07  0.405811E+07  0.203679E+06  0.197048E+06  0.000000E+00  0.405879E+07
  0.287471E-02  0.404960E+07  0.404874E+07  0.181313E+06  0.177564E+06  0.000000E+00  0.404946E+07
  0.297215E-02  0.403991E+07  0.403899E+07  0.161952E+06  0.161000E+06  0.000000E+00  0.403976E+07
  0.307289E-02  0.402984E+07  0.402885E+07  0.146513E+06  0.148038E+06  0.000000E+00  0.402967E+07
  0.317705E-02  0.401937E+07  0.401831E+07  0.135365E+06  0.138840E+06  0.000000E+00  0.401919E+07
  0.328474E-02  0.400849E+07  0.400737E+07  0.128226E+06  0.132972E+06  0.000000E+00  0.400830E+07
  0.339607E-02  0.399720E+07  0.399600E+07  0.124170E+06  0.129456E+06  0.000000E+00  0.399700E+07
  0.351118E-02  0.398548E+07  0.398421E+07  0.000000E+00  0.000000E+00  0.000000E+00  0.398527E+07
  0.363020E-02  0.397333E+07  0.397196E+07  0.000000E+00  0.000000E+00  0.000000E+00  0.397310E+07
  0.375324E-02  0.396072E+07  0.395927E+07  0.000000E+00  0.000000E+00  0.000000E+00  0.396048E+07
  0.388046E-02  0.394765E+07  0.394610E+07  0.000000E+00  0.000000E+00  0.000000E+00  0.394740E+07
  0.401199E-02  0.393411E+07  0.393246E+07  0.000000E+00  0.000000E+00  0.000000E+00  0.393384E+07
  0.414797E-02  0.392009E+07  0.391833E+07  0.000000E+00  0.000000E+00  0.000000E+00  0.391980E+07
  0.428857E-02  0.390557E+07  0.390369E+07  0.000000E+00  0.000000E+00  0.000000E+00  0.390526E+07
  0.443393E-02  0.389054E+07  0.388854E+07  0.000000E+00  0.000000E+00  0.000000E+00  0.389021E+07
  0.458422E-02  0.387500E+07  0.387286E+07  0.000000E+00  0.000000E+00  0.000000E+00  0.387464E+07
  0.473960E-02  0.385892E+07  0.385664E+07  0.000000E+00  0.000000E+00  0.000000E+00  0.385854E+07
  0.490025E-02  0.384230E+07  0.383987E+07  0.000000E+00  0.000000E+00  0.000000E+00  0.384189E+07
  0.506635E-02  0.382512E+07  0.382253E+07  0.000000E+00  0.000000E+00  0.000000E+00  0.382469E+07
  0.523807E-02  0.380737E+07  0.380462E+07  0.000000E+00  0.000000E+00  0.000000E+00  0.380691E+07
  0.541562E-02  0.378905E+07  0.378611E+07  0.000000E+00  0.000000E+00  0.000000E+00  0.378856E+07
  0.559918E-02  0.377013E+07  0.376700E+07  0.000000E+00  0.000000E+00  0.000000E+00  0.376961E+07
  0.578897E-02  0.375061E+07  0.374728E+07  0.000000E+00  0.000000E+00  0.000000E+00  0.375005E+07
  0.598518E-02  0.373047E+07  0.372693E+07  0.000000E+00  0.000000E+00  0.000000E+00  0.372988E+07
  0.618805E-02  0.370971E+07  0.370594E+07  0.000000E+00  0.000000E+00  0.000000E+00  0.370908E+07
  0.639780E-02  0.368830E+07  0.368429E+07  0.000000E+00  0.000000E+00  0.000000E+00  0.368763E+07
  0.661465E-02  0.366625E+07  0.366197E+07  0.000000E+00  0.000000E+00  0.000000E+00  0.366554E+07
  0.683885E-02  0.364353E+07  0.363898E+07  0.000000E+00  0.000000E+00  0.000000E+00  0.364277E+07
  0.707066E-02  0.362013E+07  0.361529E+07  0.000000E+00  0.000000E+00  0.000000E+00  0.361932E+07
  0.731032E-02  0.359604E+07  0.359089E+07  0.000000E+00  0.000000E+00  0.000000E+00  0.359518E+07
  0.755810E-02  0.357125E+07  0.356578E+07  0.000000E+00  0.000000E+00  0.000000E+00  0.357034E+07
  0.781428E-02  0.354575E+07  0.353993E+07  0.000000E+00  0.000000E+00  0.000000E+00  0.354478E+07
  0.807915E-02  0.351953E+07  0.351334E+07  0.000000E+00  0.000000E+00  0.000000E+00  0.351849E+07
  0.835299E-02  0.349256E+07  0.348598E+07  0.000000E+00  0.000000E+00  0.000000E+00  0.349146E+07
  0.863612E-02  0.346485E+07  0.345786E+07  0.000000E+00  0.000000E+00  0.000000E+00  0.346368E+07
  0.892884E-02  0.343637E+07  0.342894E+07  0.000000E+00  0.000000E+00  0.000000E+00  0.343513E+07
  0.923149E-02  0.340712E+07  0.339923E+07  0.000000E+00  0.000000E+00  0.000000E+00  0.340580E+07
  0.954439E-02  0.337708E+07  0.336871E+07  0.000000E+00  0.000000E+00  0.000000E+00  0.337568E+07
  0.986790E-02  0.334624E+07  0.333736E+07  0.000000E+00  0.000000E+00  0.000000E+00  0.334476E+07
  0.102024E-01  0.331459E+07  0.330517E+07  0.000000E+00  0.000000E+00  0.000000E+00  0.331302E+07
  0.105482E-01  0.328212E+07  0.327213E+07  0.000000E+00  0.000000E+00  0.000000E+00  0.328046E+07
  0.109057E-01  0.324881E+07  0.323823E+07  0.000000E+00  0.000000E+00  0.000000E+00  0.324705E+07
  0.112754E-01  0.321466E+07  0.320345E+07  0.000000E+00  0.000000E+00  0.000000E+00  0.321279E+07
  0.116575E-01  0.317966E+07  0.316778E+07  0.000000E+00  0.000000E+00  0.000000E+00  0.317768E+07
  0.120527E-01  0.314378E+07  0.313121E+07  0.000000E+00  0.000000E+00  0.000000E+00  0.314169E+07
  0.124612E-01  0.310703E+07  0.309373E+07  0.000000E+00  0.000000E+00  0.000000E+00  0.310482E+07
  0.128836E-01  0.306940E+07  0.305533E+07  0.000000E+00  0.000000E+00  0.000000E+00  0.306705E+07
  0.133203E-01  0.303086E+07  0.301600E+07  0.000000E+00  0.000000E+00  0.000000E+00  0.302839E+07
  0.137718E-01  0.299143E+07  0.297574E+07  0.000000E+00  0.000000E+00  0.000000E+00  0.298882E+07
  0.142386E-01  0.295109E+07  0.293453E+07  0.000000E+00  0.000000E+00  0.000000E+00  0.294833E+07
  0.147212E-01  0.290984E+07  0.289237E+07  0.000000E+00  0.000000E+00  0.000000E+00  0.290693E+07
  0.152202E-01  0.286767E+07  0.284926E+07  0.000000E+00  0.000000E+00  0.000000E+00  0.286460E+07
  0.157360E-01  0.282459E+07  0.280520E+07  0.000000E+00  0.000000E+00  0.000000E+00  0.282136E+07
  0.162694E-01  0.278059E+07  0.276019E+07  0.000000E+00  0.000000E+00  0.000000E+00  0.277719E+07
  0.168209E-01  0.273569E+07  0.271424E+07  0.000000E+00  0.000000E+00  0.000000E+00  0.273211E+07
  0.173910E-01  0.268988E+07  0.266736E+07  0.000000E+00  0.000000E+00  0.000000E+00  0.268613E+07
  0.179805E-01  0.264318E+07  0.261956E+07  0.000000E+00  0.000000E+00  0.000000E+00  0.263925E+07
  0.185899E-01  0.259561E+07  0.257086E+07  0.000000E+00  0.000000E+00  0.000000E+00  0.259149E+07
  0.192200E-01  0.254719E+07  0.252127E+07  0.000000E+00  0.000000E+00  0.000000E+00  0.254287E+07
  0.198715E-01  0.249793E+07  0.247084E+07  0.000000E+00  0.000000E+00  0.000000E+00  0.249341E+07
  0.205450E-01  0.244788E+07  0.241960E+07  0.000000E+00  0.000000E+00  0.000000E+00  0.244316E+07
  0.212414E-01  0.239706E+07  0.236759E+07  0.000000E+00  0.000000E+00  0.000000E+00  0.239215E+07
  0.219614E-01  0.234553E+07  0.231486E+07  0.000000E+00  0.000000E+00  0.000000E+00  0.234042E+07
  0.227058E-01  0.229334E+07  0.226147E+07  0.000000E+00  0.000000E+00  0.000000E+00  0.228803E+07
  0.234754E-01  0.224054E+07  0.220749E+07  0.000000E+00  0.000000E+00  0.000000E+00  0.223503E+07
  0.242711E-01  0.218721E+07  0.215300E+07  0.000000E+00  0.000000E+00  0.000000E+00  0.218151E+07
  0.250938E-01  0.213343E+07  0.209808E+07  0.000000E+00  0.000000E+00  0.000000E+00  0.212754E+07
  0.259443E-01  0.207928E+07  0.204285E+07  0.000000E+00  0.000000E+00  0.000000E+00  0.207321E+07
  0.268237E-01  0.202486E+07  0.198741E+07  0.000000E+00  0.000000E+00  0.000000E+00  0.201862E+07
  0.277329E-01  0.197029E+07  0.193187E+07  0.000000E+00  0.000000E+00  0.000000E+00  0.196389E+07
  0.286729E-01  0.191569E+07  0.187639E+07  0.000000E+00  0.000000E+00  0.000000E+00  0.190914E+07
  0.296448E-01  0.186119E+07  0.182111E+07  0.000000E+00  0.000000E+00  0.000000E+00  0.185451E+07
  0.306496E-01  0.180692E+07  0.176617E+07  0.000000E+00  0.000000E+00  0.000000E+00  0.180013E+07
  0.316885E-01  0.175305E+07  0.171176E+07  0.000000E+00  0.000000E+00  0.000000E+00  0.174617E+07
  0.327626E-01  0.169973E+07  0.165805E+07  0.000000E+00  0.000000E+00  0.000000E+00  0.169278E+07
  0.338731E-01  0.165643E+07  0.161451E+07  0.000000E+00  0.000000E+00  0.000000E+00  0.164945E+07
  0.350212E-01  0.160504E+07  0.156306E+07  0.000000E+00  0.000000E+00  0.000000E+00  0.159804E+07
  0.362083E-01  0.155399E+07  0.151213E+07  0.000000E+00  0.000000E+00  0.000000E+00  0.154701E+07
  0.374355E-01  0.150407E+07  0.146255E+07  0.000000E+00  0.000000E+00  0.000000E+00  0.149715E+07
  0.387044E-01  0.145552E+07  0.141453E+07  0.000000E+00  0.000000E+00  0.000000E+00  0.144869E+07
  0.400163E-01  0.140850E+07  0.136828E+07  0.000000E+00  0.000000E+00  0.000000E+00  0.140180E+07
  0.413727E-01  0.136321E+07  0.132396E+07  0.000000E+00  0.000000E+00  0.000000E+00  0.135666E+07
  0.427750E-01  0.131977E+07  0.128172E+07  0.000000E+00  0.000000E+00  0.000000E+00  0.131343E+07
  0.442248E-01  0.127286E+07  0.123623E+07  0.000000E+00  0.000000E+00  0.000000E+00  0.126675E+07
  0.457238E-01  0.123340E+07  0.119839E+07  0.000000E+00  0.000000E+00  0.000000E+00  0.122756E+07
  0.472737E-01  0.119595E+07  0.116274E+07  0.000000E+00  0.000000E+00  0.000000E+00  0.119042E+07
  0.488760E-01  0.116045E+07  0.112919E+07  0.000000E+00  0.000000E+00  0.000000E+00  0.115524E+07
  0.505327E-01  0.112677E+07  0.109760E+07  0.000000E+00  0.000000E+00  0.000000E+00  0.112191E+07
  0.522455E-01  0.109479E+07  0.106778E+07  0.000000E+00  0.000000E+00  0.000000E+00  0.109029E+07
  0.540163E-01  0.106719E+07  0.104239E+07  0.000000E+00  0.000000E+00  0.000000E+00  0.106306E+07
  0.558473E-01  0.103798E+07  0.101537E+07  0.000000E+00  0.000000E+00  0.000000E+00  0.103421E+07
  0.577402E-01  0.100990E+07  0.989424E+06  0.000000E+00  0.000000E+00  0.000000E+00  0.100649E+07
  0.596973E-01  0.982729E+06  0.964259E+06  0.000000E+00  0.000000E+00  0.000000E+00  0.979651E+06
  0.617207E-01  0.956178E+06  0.939536E+06  0.000000E+00  0.000000E+00  0.000000E+00  0.953404E+06
  0.638128E-01  0.927970E+06  0.912925E+06  0.000000E+00  0.000000E+00  0.000000E+00  0.925463E+06
  0.659757E-01  0.901539E+06  0.887808E+06  0.000000E+00  0.000000E+00  0.000000E+00  0.899250E+06
  0.682120E-01  0.874620E+06  0.861887E+06  0.000000E+00  0.000000E+00  0.000000E+00  0.872498E+06
  0.705240E-01  0.846923E+06  0.834849E+06  0.000000E+00  0.000000E+00  0.000000E+00  0.844911E+06
  0.729144E-01  0.818875E+06  0.807116E+06  0.000000E+00  0.000000E+00  0.000000E+00  0.816915E+06
  0.753859E-01  0.789464E+06  0.777697E+06  0.000000E+00  0.000000E+00  0.000000E+00  0.787503E+06
  0.779411E-01  0.759259E+06  0.747198E+06  0.000000E+00  0.000000E+00  0.000000E+00  0.757249E+06
  0.805829E-01  0.728428E+06  0.715849E+06  0.000000E+00  0.000000E+00  0.000000E+00  0.726332E+06
  0.833143E-01  0.697192E+06  0.683950E+06  0.000000E+00  0.000000E+00  0.000000E+00  0.694985E+06
  0.861383E-01  0.665862E+06  0.651911E+06  0.000000E+00  0.000000E+00  0.000000E+00  0.663537E+06
  0.890579E-01  0.634899E+06  0.620298E+06  0.000000E+00  0.000000E+00  0.000000E+00  0.632465E+06
  0.920766E-01  0.604908E+06  0.589824E+06  0.000000E+00  0.000000E+00  0.000000E+00  0.602394E+06
  0.951975E-01  0.576569E+06  0.561260E+06  0.000000E+00  0.000000E+00  0.000000E+00  0.574017E+06
  0.984242E-01  0.550480E+06  0.535278E+06  0.000000E+00  0.000000E+00  0.000000E+00  0.547947E+06
  0.101760E+00  0.527039E+06  0.512310E+06  0.000000E+00  0.000000E+00  0.000000E+00  0.524584E+06
  0.105209E+00  0.506344E+06  0.492449E+06  0.000000E+00  0.000000E+00  0.000000E+00  0.504028E+06
  0.108776E+00  0.488182E+06  0.475429E+06  0.000000E+00  0.000000E+00  0.000000E+00  0.486057E+06
  0.112463E+00  0.472084E+06  0.460680E+06  0.000000E+00  0.000000E+00  0.000000E+00  0.470183E+06
  0.116274E+00  0.457455E+06  0.447475E+06  0.000000E+00  0.000000E+00  0.000000E+00  0.455792E+06
  0.120216E+00  0.443648E+06  0.435015E+06  0.000000E+00  0.000000E+00  0.000000E+00  0.442209E+06
  0.124290E+00  0.429937E+06  0.422428E+06  0.000000E+00  0.000000E+00  0.000000E+00  0.428685E+06
  0.128503E+00  0.415535E+06  0.408812E+06  0.000000E+00  0.000000E+00  0.000000E+00  0.414414E+06
  0.132859E+00  0.399840E+06  0.393504E+06  0.000000E+00  0.000000E+00  0.000000E+00  0.398784E+06
  0.137362E+00  0.382701E+06  0.376364E+06  0.000000E+00  0.000000E+00  0.000000E+00  0.381645E+06
  0.142018E+00  0.364440E+06  0.357803E+06  0.000000E+00  0.000000E+00  0.000000E+00  0.363334E+06
  0.146832E+00  0.345704E+06  0.338618E+06  0.000000E+00  0.000000E+00  0.000000E+00  0.344523E+06
  0.151809E+00  0.327332E+06  0.319830E+06  0.000000E+00  0.000000E+00  0.000000E+00  0.326082E+06
  0.156954E+00  0.310193E+06  0.302478E+06  0.000000E+00  0.000000E+00  0.000000E+00  0.308907E+06
  0.162274E+00  0.295008E+06  0.287402E+06  0.000000E+00  0.000000E+00  0.000000E+00  0.293740E+06
  0.167774E+00  0.282182E+06  0.275029E+06  0.000000E+00  0.000000E+00  0.000000E+00  0.280990E+06
  0.173461E+00  0.271541E+06  0.265111E+06  0.000000E+00  0.000000E+00  0.000000E+00  0.270469E+06
  0.179341E+00  0.262328E+06  0.256730E+06  0.000000E+00  0.000000E+00  0.000000E+00  0.261395E+06
  0.185419E+00  0.253502E+06  0.248648E+06  0.000000E+00  0.000000E+00  0.000000E+00  0.252693E+06
  0.191704E+00  0.244078E+06  0.239721E+06  0.000000E+00  0.000000E+00  0.000000E+00  0.243352E+06
  0.198202E+00  0.233543E+06  0.229366E+06  0.000000E+00  0.000000E+00  0.000000E+00  0.232847E+06
  0.204920E+00  0.221996E+06  0.217734E+06  0.000000E+00  0.000000E+00  0.000000E+00  0.221286E+06
  0.211866E+00  0.210065E+06  0.205605E+06  0.000000E+00  0.000000E+00  0.000000E+00  0.209322E+06
  0.219047E+00  0.198697E+06  0.194114E+06  0.000000E+00  0.000000E+00  0.000000E+00  0.197933E+06
  0.226472E+00  0.188739E+06  0.184246E+06  0.000000E+00  0.000000E+00  0.000000E+00  0.187990E+06
  0.234148E+00  0.180434E+06  0.176264E+06  0.000000E+00  0.000000E+00  0.000000E+00  0.179739E+06
  0.242084E+00  0.173366E+06  0.169648E+06  0.000000E+00  0.000000E+00  0.000000E+00  0.172746E+06
  0.250290E+00  0.166724E+06  0.163419E+06  0.000000E+00  0.000000E+00  0.000000E+00  0.166173E+06
  0.258774E+00  0.159643E+06  0.156579E+06  0.000000E+00  0.000000E+00  0.000000E+00  0.159132E+06
  0.267545E+00  0.151866E+06  0.148852E+06  0.000000E+00  0.000000E+00  0.000000E+00  0.151363E+06
  0.276613E+00  0.143842E+06  0.140787E+06  0.000000E+00  0.000000E+00  0.000000E+00  0.143333E+06
  0.285989E+00  0.136287E+06  0.133246E+06  0.000000E+00  0.000000E+00  0.000000E+00  0.135780E+06
  0.295683E+00  0.129725E+06  0.126831E+06  0.000000E+00  0.000000E+00  0.000000E+00  0.129243E+06
  0.305705E+00  0.124071E+06  0.121423E+06  0.000000E+00  0.000000E+00  0.000000E+00  0.123630E+06
  0.316067E+00  0.118754E+06  0.116337E+06  0.000000E+00  0.000000E+00  0.000000E+00  0.118351E+06
  0.326780E+00  0.113244E+06  0.110958E+06  0.000000E+00  0.000000E+00  0.000000E+00  0.112863E+06
  0.337856E+00  0.107487E+06  0.105243E+06  0.000000E+00  0.000000E+00  0.000000E+00  0.107113E+06
  0.349308E+00  0.101921E+06  0.997197E+05  0.000000E+00  0.000000E+00  0.000000E+00  0.101554E+06
  0.361147E+00  0.969200E+05  0.948245E+05  0.000000E+00  0.000000E+00  0.000000E+00  0.965708E+05
  0.373389E+00  0.924443E+05  0.904992E+05  0.000000E+00  0.000000E+00  0.000000E+00  0.921201E+05
  0.386045E+00  0.881321E+05  0.863138E+05  0.000000E+00  0.000000E+00  0.000000E+00  0.878290E+05
  0.399130E+00  0.837647E+05  0.820197E+05  0.000000E+00  0.000000E+00  0.000000E+00  0.834739E+05
  0.412659E+00  0.794792E+05  0.777899E+05  0.000000E+00  0.000000E+00  0.000000E+00  0.791977E+05
  0.426645E+00  0.755235E+05  0.739154E+05  0.000000E+00  0.000000E+00  0.000000E+00  0.752555E+05
  0.441107E+00  0.718818E+05  0.703730E+05  0.000000E+00  0.000000E+00  0.000000E+00  0.716304E+05
  0.456058E+00  0.683668E+05  0.669404E+05  0.000000E+00  0.000000E+00  0.000000E+00  0.681291E+05
  0.471516E+00  0.649101E+05  0.635439E+05  0.000000E+00  0.000000E+00  0.000000E+00  0.646824E+05
  0.487498E+00  0.616235E+05  0.603195E+05  0.000000E+00  0.000000E+00  0.000000E+00  0.614062E+05
  0.504022E+00  0.585620E+05  0.573298E+05  0.000000E+00  0.000000E+00  0.000000E+00  0.583566E+05
  0.521106E+00  0.556411E+05  0.544748E+05  0.000000E+00  0.000000E+00  0.000000E+00  0.554467E+05
  0.538769E+00  0.528156E+05  0.517042E+05  0.000000E+00  0.000000E+00  0.000000E+00  0.526303E+05
  0.557030E+00  0.501316E+05  0.490750E+05  0.000000E+00  0.000000E+00  0.000000E+00  0.499555E+05
  0.575911E+00  0.476002E+05  0.465999E+05  0.000000E+00  0.000000E+00  0.000000E+00  0.474335E+05
  0.595431E+00  0.451792E+05  0.442299E+05  0.000000E+00  0.000000E+00  0.000000E+00  0.450210E+05
  0.615614E+00  0.428654E+05  0.419633E+05  0.000000E+00  0.000000E+00  0.000000E+00  0.427151E+05
  0.636481E+00  0.406736E+05  0.398184E+05  0.000000E+00  0.000000E+00  0.000000E+00  0.405311E+05
  0.658054E+00  0.385881E+05  0.377771E+05  0.000000E+00  0.000000E+00  0.000000E+00  0.384529E+05
  0.680359E+00  0.365998E+05  0.358301E+05  0.000000E+00  0.000000E+00  0.000000E+00  0.364715E+05
  0.703419E+00  0.347120E+05  0.339823E+05  0.000000E+00  0.000000E+00  0.000000E+00  0.345904E+05
  0.727262E+00  0.329167E+05  0.322249E+05  0.000000E+00  0.000000E+00  0.000000E+00  0.328014E+05
  0.751912E+00  0.312090E+05  0.305530E+05  0.000000E+00  0.000000E+00  0.000000E+00  0.310997E+05
  0.777399E+00  0.295866E+05  0.289648E+05  0.000000E+00  0.000000E+00  0.000000E+00  0.294830E+05
  0.803749E+00  0.280443E+05  0.274549E+05  0.000000E+00  0.000000E+00  0.000000E+00  0.279461E+05
  0.830992E+00  0.265790E+05  0.260204E+05  0.000000E+00  0.000000E+00  0.000000E+00  0.264859E+05
  0.859158E+00  0.251871E+05  0.246578E+05  0.000000E+00  0.000000E+00  0.000000E+00  0.250988E+05
  0.888280E+00  0.238649E+05  0.233634E+05  0.000000E+00  0.000000E+00  0.000000E+00  0.237814E+05
  0.918388E+00  0.226095E+05  0.221344E+05  0.000000E+00  0.000000E+00  0.000000E+00  0.225304E+05
  0.949517E+00  0.214175E+05  0.209675E+05  0.000000E+00  0.000000E+00  0.000000E+00  0.213425E+05
  0.981700E+00  0.202859E+05  0.198597E+05  0.000000E+00  0.000000E+00  0.000000E+00  0.202149E+05
  0.101498E+01  0.192117E+05  0.188081E+05  0.000000E+00  0.000000E+00  0.000000E+00  0.191444E+05
  0.104938E+01  0.181922E+05  0.178100E+05  0.000000E+00  0.000000E+00  0.000000E+00  0.181285E+05
  0.108495E+01  0.172247E+05  0.168629E+05  0.000000E+00  0.000000E+00  0.000000E+00  0.171644E+05
  0.112172E+01  0.163068E+05  0.159642E+05  0.000000E+00  0.000000E+00  0.000000E+00  0.162497E+05
  0.115974E+01  0.154362E+05  0.151119E+05  0.000000E+00  0.000000E+00  0.000000E+00  0.153821E+05
  0.119905E+01  0.146104E+05  0.143035E+05  0.000000E+00  0.000000E+00  0.000000E+00  0.145592E+05
  0.123969E+01  0.138273E+05  0.135369E+05  0.000000E+00  0.000000E+00  0.000000E+00  0.137789E+05
  0.128171E+01  0.130847E+05  0.128099E+05  0.000000E+00  0.000000E+00  0.000000E+00  0.130389E+05
  0.132516E+01  0.123808E+05  0.121207E+05  0.000000E+00  0.000000E+00  0.000000E+00  0.123374E+05
  0.137007E+01  0.117135E+05  0.114674E+05  0.000000E+00  0.000000E+00  0.000000E+00  0.116725E+05
  0.141651E+01  0.110810E+05  0.108482E+05  0.000000E+00  0.000000E+00  0.000000E+00  0.110422E+05
  0.146453E+01  0.104816E+05  0.102614E+05  0.000000E+00  0.000000E+00  0.000000E+00  0.104449E+05
  0.151417E+01  0.991357E+04  0.970537E+04  0.000000E+00  0.000000E+00  0.000000E+00  0.987887E+04
  0.156549E+01  0.937536E+04  0.917846E+04  0.000000E+00  0.000000E+00  0.000000E+00  0.934254E+04
  0.161855E+01  0.886559E+04  0.867940E+04  0.000000E+00  0.000000E+00  0.000000E+00  0.883456E+04
  0.167341E+01  0.838274E+04  0.820670E+04  0.000000E+00  0.000000E+00  0.000000E+00  0.835340E+04
  0.173013E+01  0.792547E+04  0.775903E+04  0.000000E+00  0.000000E+00  0.000000E+00  0.789773E+04
  0.178878E+01  0.749244E+04  0.733510E+04  0.000000E+00  0.000000E+00  0.000000E+00  0.746622E+04
  0.184941E+01  0.708240E+04  0.693367E+04  0.000000E+00  0.000000E+00  0.000000E+00  0.705761E+04
  0.191209E+01  0.669421E+04  0.655363E+04  0.000000E+00  0.000000E+00  0.000000E+00  0.667078E+04
  0.197690E+01  0.632671E+04  0.619385E+04  0.000000E+00  0.000000E+00  0.000000E+00  0.630457E+04
  0.204391E+01  0.597886E+04  0.585331E+04  0.000000E+00  0.000000E+00  0.000000E+00  0.595794E+04
  0.211319E+01  0.564967E+04  0.553103E+04  0.000000E+00  0.000000E+00  0.000000E+00  0.562989E+04
  0.218481E+01  0.533816E+04  0.522606E+04  0.000000E+00  0.000000E+00  0.000000E+00  0.531948E+04
  0.225887E+01  0.504340E+04  0.493749E+04  0.000000E+00  0.000000E+00  0.000000E+00  0.502574E+04
  0.233543E+01  0.476453E+04  0.466448E+04  0.000000E+00  0.000000E+00  0.000000E+00  0.474785E+04
  0.241459E+01  0.450070E+04  0.440619E+04  0.000000E+00  0.000000E+00  0.000000E+00  0.448495E+04
  0.249644E+01  0.425112E+04  0.416185E+04  0.000000E+00  0.000000E+00  0.000000E+00  0.423625E+04
  0.258105E+01  0.401507E+04  0.393076E+04  0.000000E+00  0.000000E+00  0.000000E+00  0.400102E+04
  0.266854E+01  0.379185E+04  0.371222E+04  0.000000E+00  0.000000E+00  0.000000E+00  0.377858E+04
  0.275899E+01  0.358075E+04  0.350556E+04  0.000000E+00  0.000000E+00  0.000000E+00  0.356822E+04
  0.285251E+01  0.338116E+04  0.331015E+04  0.000000E+00  0.000000E+00  0.000000E+00  0.336932E+04
  0.294919E+01  0.319246E+04  0.312541E+04  0.000000E+00  0.000000E+00  0.000000E+00  0.318128E+04
  0.304916E+01  0.301404E+04  0.295074E+04  0.000000E+00  0.000000E+00  0.000000E+00  0.300349E+04
  0.315251E+01  0.284540E+04  0.278564E+04  0.000000E+00  0.000000E+00  0.000000E+00  0.283544E+04
  0.325936E+01  0.268599E+04  0.262958E+04  0.000000E+00  0.000000E+00  0.000000E+00  0.267659E+04
  0.336984E+01  0.253535E+04  0.248210E+04  0.000000E+00  0.000000E+00  0.000000E+00  0.252647E+04
  0.348406E+01  0.239299E+04  0.234273E+04  0.000000E+00  0.000000E+00  0.000000E+00  0.238461E+04
  0.360215E+01  0.225846E+04  0.221103E+04  0.000000E+00  0.000000E+00  0.000000E+00  0.225056E+04
  0.372425E+01  0.213135E+04  0.208658E+04  0.000000E+00  0.000000E+00  0.000000E+00  0.212389E+04
  0.385048E+01  0.201126E+04  0.196901E+04  0.000000E+00  0.000000E+00  0.000000E+00  0.200421E+04
  0.398099E+01  0.189780E+04  0.185794E+04  0.000000E+00  0.000000E+00  0.000000E+00  0.189116E+04
  0.411593E+01  0.179064E+04  0.175302E+04  0.000000E+00  0.000000E+00  0.000000E+00  0.178437E+04
  0.425544E+01  0.168942E+04  0.165393E+04  0.000000E+00  0.000000E+00  0.000000E+00  0.168350E+04
  0.439968E+01  0.159382E+04  0.156033E+04  0.000000E+00  0.000000E+00  0.000000E+00  0.158823E+04
  0.454881E+01  0.150352E+04  0.147193E+04  0.000000E+00  0.000000E+00  0.000000E+00  0.149826E+04
  0.470299E+01  0.141826E+04  0.138846E+04  0.000000E+00  0.000000E+00  0.000000E+00  0.141329E+04
  0.486240E+01  0.133775E+04  0.130964E+04  0.000000E+00  0.000000E+00  0.000000E+00  0.133307E+04
  0.502721E+01  0.126174E+04  0.123522E+04  0.000000E+00  0.000000E+00  0.000000E+00  0.125732E+04
  0.519761E+01  0.118997E+04  0.116496E+04  0.000000E+00  0.000000E+00  0.000000E+00  0.118581E+04
  0.537378E+01  0.112222E+04  0.109863E+04  0.000000E+00  0.000000E+00  0.000000E+00  0.111829E+04
  0.555592E+01  0.105827E+04  0.103602E+04  0.000000E+00  0.000000E+00  0.000000E+00  0.105456E+04
  0.574424E+01  0.997899E+03  0.976919E+03  0.000000E+00  0.000000E+00  0.000000E+00  0.994402E+03
  0.593894E+01  0.940924E+03  0.921140E+03  0.000000E+00  0.000000E+00  0.000000E+00  0.937627E+03
  0.614025E+01  0.887146E+03  0.868490E+03  0.000000E+00  0.000000E+00  0.000000E+00  0.884037E+03
  0.634837E+01  0.836398E+03  0.818806E+03  0.000000E+00  0.000000E+00  0.000000E+00  0.833466E+03
  0.656355E+01  0.788511E+03  0.771924E+03  0.000000E+00  0.000000E+00  0.000000E+00  0.785747E+03
  0.678602E+01  0.743328E+03  0.727689E+03  0.000000E+00  0.000000E+00  0.000000E+00  0.740722E+03
  0.701603E+01  0.700693E+03  0.685948E+03  0.000000E+00  0.000000E+00  0.000000E+00  0.698236E+03
  0.725384E+01  0.660469E+03  0.646568E+03  0.000000E+00  0.000000E+00  0.000000E+00  0.658153E+03
  0.749971E+01  0.622523E+03  0.609417E+03  0.000000E+00  0.000000E+00  0.000000E+00  0.620338E+03
  0.775392E+01  0.586727E+03  0.574373E+03  0.000000E+00  0.000000E+00  0.000000E+00  0.584668E+03
  0.801674E+01  0.552961E+03  0.541315E+03  0.000000E+00  0.000000E+00  0.000000E+00  0.551020E+03
  0.828847E+01  0.521110E+03  0.510132E+03  0.000000E+00  0.000000E+00  0.000000E+00  0.519281E+03
  0.856940E+01  0.491072E+03  0.480724E+03  0.000000E+00  0.000000E+00  0.000000E+00  0.489347E+03
  0.885987E+01  0.462743E+03  0.452988E+03  0.000000E+00  0.000000E+00  0.000000E+00  0.461117E+03
  0.916017E+01  0.436025E+03  0.426831E+03  0.000000E+00  0.000000E+00  0.000000E+00  0.434493E+03
  0.947066E+01  0.410831E+03  0.402165E+03  0.000000E+00  0.000000E+00  0.000000E+00  0.409386E+03
  0.979166E+01  0.387075E+03  0.378907E+03  0.000000E+00  0.000000E+00  0.000000E+00  0.385714E+03
  0.101236E+02  0.364674E+03  0.356977E+03  0.000000E+00  0.000000E+00  0.000000E+00  0.363392E+03
  0.104667E+02  0.343555E+03  0.336300E+03  0.000000E+00  0.000000E+00  0.000000E+00  0.342345E+03
  0.108215E+02  0.323644E+03  0.316806E+03  0.000000E+00  0.000000E+00  0.000000E+00  0.322504E+03
  0.111883E+02  0.304873E+03  0.298429E+03  0.000000E+00  0.000000E+00  0.000000E+00  0.303799E+03
  0.115675E+02  0.287177E+03  0.281104E+03  0.000000E+00  0.000000E+00  0.000000E+00  0.286165E+03
  0.119596E+02  0.270497E+03  0.264774E+03  0.000000E+00  0.000000E+00  0.000000E+00  0.269543E+03
  0.123649E+02  0.254774E+03  0.249380E+03  0.000000E+00  0.000000E+00  0.000000E+00  0.253875E+03
  0.127841E+02  0.239954E+03  0.234871E+03  0.000000E+00  0.000000E+00  0.000000E+00  0.239107E+03
  0.132174E+02  0.225988E+03  0.221197E+03  0.000000E+00  0.000000E+00  0.000000E+00  0.225190E+03
  0.136654E+02  0.212825E+03  0.208310E+03  0.000000E+00  0.000000E+00  0.000000E+00  0.212073E+03
  0.141286E+02  0.200421E+03  0.196166E+03  0.000000E+00  0.000000E+00  0.000000E+00  0.199711E+03
  0.146075E+02  0.188731E+03  0.184721E+03  0.000000E+00  0.000000E+00  0.000000E+00  0.188063E+03
  0.151026E+02  0.177717E+03  0.173937E+03  0.000000E+00  0.000000E+00  0.000000E+00  0.177087E+03
  0.156145E+02  0.167337E+03  0.163775E+03  0.000000E+00  0.000000E+00  0.000000E+00  0.166744E+03
  0.161437E+02  0.157559E+03  0.154201E+03  0.000000E+00  0.000000E+00  0.000000E+00  0.156999E+03
  0.166909E+02  0.148345E+03  0.145181E+03  0.000000E+00  0.000000E+00  0.000000E+00  0.147818E+03
  0.172567E+02  0.139665E+03  0.136682E+03  0.000000E+00  0.000000E+00  0.000000E+00  0.139168E+03
  0.178416E+02  0.131487E+03  0.128676E+03  0.000000E+00  0.000000E+00  0.000000E+00  0.131019E+03
  0.184463E+02  0.123784E+03  0.121134E+03  0.000000E+00  0.000000E+00  0.000000E+00  0.123342E+03
  0.190716E+02  0.116527E+03  0.114029E+03  0.000000E+00  0.000000E+00  0.000000E+00  0.116111E+03
  0.197180E+02  0.109692E+03  0.107337E+03  0.000000E+00  0.000000E+00  0.000000E+00  0.109300E+03
  0.203863E+02  0.103254E+03  0.101033E+03  0.000000E+00  0.000000E+00  0.000000E+00  0.102884E+03
  0.210773E+02  0.971897E+02  0.950962E+02  0.000000E+00  0.000000E+00  0.000000E+00  0.968408E+02
  0.217917E+02  0.914783E+02  0.895043E+02  0.000000E+00  0.000000E+00  0.000000E+00  0.911493E+02
  0.225304E+02  0.860996E+02  0.842381E+02  0.000000E+00  0.000000E+00  0.000000E+00  0.857894E+02
  0.232941E+02  0.810341E+02  0.792785E+02  0.000000E+00  0.000000E+00  0.000000E+00  0.807415E+02
  0.240836E+02  0.762639E+02  0.746080E+02  0.000000E+00  0.000000E+00  0.000000E+00  0.759879E+02
  0.248999E+02  0.717717E+02  0.702097E+02  0.000000E+00  0.000000E+00  0.000000E+00  0.715114E+02
  0.257439E+02  0.675419E+02  0.660683E+02  0.000000E+00  0.000000E+00  0.000000E+00  0.672963E+02
  0.266165E+02  0.635592E+02  0.621688E+02  0.000000E+00  0.000000E+00  0.000000E+00  0.633275E+02
  0.275187E+02  0.598091E+02  0.584970E+02  0.000000E+00  0.000000E+00  0.000000E+00  0.595904E+02
  0.284514E+02  0.562785E+02  0.550401E+02  0.000000E+00  0.000000E+00  0.000000E+00  0.560721E+02
  0.294158E+02  0.529543E+02  0.517853E+02  0.000000E+00  0.000000E+00  0.000000E+00  0.527594E+02
  0.304128E+02  0.498248E+02  0.487212E+02  0.000000E+00  0.000000E+00  0.000000E+00  0.496409E+02
  0.314437E+02  0.468786E+02  0.458365E+02  0.000000E+00  0.000000E+00  0.000000E+00  0.467050E+02
  0.325095E+02  0.441052E+02  0.431209E+02  0.000000E+00  0.000000E+00  0.000000E+00  0.439412E+02
  0.336114E+02  0.414944E+02  0.405645E+02  0.000000E+00  0.000000E+00  0.000000E+00  0.413394E+02
  0.347507E+02  0.390369E+02  0.381582E+02  0.000000E+00  0.000000E+00  0.000000E+00  0.388904E+02
  0.359285E+02  0.367237E+02  0.358932E+02  0.000000E+00  0.000000E+00  0.000000E+00  0.365853E+02
  0.371463E+02  0.345463E+02  0.337612E+02  0.000000E+00  0.000000E+00  0.000000E+00  0.344155E+02
  0.384054E+02  0.324971E+02  0.317546E+02  0.000000E+00  0.000000E+00  0.000000E+00  0.323733E+02
  0.397072E+02  0.305683E+02  0.298659E+02  0.000000E+00  0.000000E+00  0.000000E+00  0.304512E+02
  0.410530E+02  0.287531E+02  0.280884E+02  0.000000E+00  0.000000E+00  0.000000E+00  0.286423E+02
  0.424445E+02  0.270447E+02  0.264156E+02  0.000000E+00  0.000000E+00  0.000000E+00  0.269399E+02
  0.438832E+02  0.254371E+02  0.248413E+02  0.000000E+00  0.000000E+00  0.000000E+00  0.253378E+02
  0.453706E+02  0.239242E+02  0.233598E+02  0.000000E+00  0.000000E+00  0.000000E+00  0.238301E+02
  0.469085E+02  0.225005E+02  0.219657E+02  0.000000E+00  0.000000E+00  0.000000E+00  0.224114E+02
  0.484984E+02  0.211608E+02  0.206538E+02  0.000000E+00  0.000000E+00  0.000000E+00  0.210763E+02
  0.501423E+02  0.199002E+02  0.194193E+02  0.000000E+00  0.000000E+00  0.000000E+00  0.198201E+02
  0.518419E+02  0.187141E+02  0.182578E+02  0.000000E+00  0.000000E+00  0.000000E+00  0.186381E+02
  0.535990E+02  0.175982E+02  0.171649E+02  0.000000E+00  0.000000E+00  0.000000E+00  0.175259E+02
  0.554158E+02  0.165481E+02  0.161366E+02  0.000000E+00  0.000000E+00  0.000000E+00  0.164796E+02
  0.572942E+02  0.155602E+02  0.151691E+02  0.000000E+00  0.000000E+00  0.000000E+00  0.154951E+02
  0.592361E+02  0.146309E+02  0.142589E+02  0.000000E+00  0.000000E+00  0.000000E+00  0.145689E+02
  0.612440E+02  0.137565E+02  0.134026E+02  0.000000E+00  0.000000E+00  0.000000E+00  0.136975E+02
  0.633198E+02  0.129339E+02  0.125970E+02  0.000000E+00  0.000000E+00  0.000000E+00  0.128778E+02
  0.654661E+02  0.121601E+02  0.118391E+02  0.000000E+00  0.000000E+00  0.000000E+00  0.121066E+02
  0.676850E+02  0.114322E+02  0.111261E+02  0.000000E+00  0.000000E+00  0.000000E+00  0.113812E+02
  0.699792E+02  0.107475E+02  0.104555E+02  0.000000E+00  0.000000E+00  0.000000E+00  0.106988E+02
  0.723511E+02  0.101034E+02  0.982461E+01  0.000000E+00  0.000000E+00  0.000000E+00  0.100569E+02
  0.748035E+02  0.949753E+01  0.923118E+01  0.000000E+00  0.000000E+00  0.000000E+00  0.945314E+01
  0.773390E+02  0.892770E+01  0.867302E+01  0.000000E+00  0.000000E+00  0.000000E+00  0.888526E+01
  0.799604E+02  0.839171E+01  0.814799E+01  0.000000E+00  0.000000E+00  0.000000E+00  0.835109E+01
  0.826706E+02  0.788762E+01  0.765420E+01  0.000000E+00  0.000000E+00  0.000000E+00  0.784872E+01
  0.854728E+02  0.741350E+01  0.718975E+01  0.000000E+00  0.000000E+00  0.000000E+00  0.737621E+01
  0.883699E+02  0.696760E+01  0.675294E+01  0.000000E+00  0.000000E+00  0.000000E+00  0.693183E+01
  0.913652E+02  0.654824E+01  0.634212E+01  0.000000E+00  0.000000E+00  0.000000E+00  0.651389E+01
  0.944620E+02  0.615388E+01  0.595577E+01  0.000000E+00  0.000000E+00  0.000000E+00  0.612086E+01
  0.976639E+02  0.578297E+01  0.559240E+01  0.000000E+00  0.000000E+00  0.000000E+00  0.575121E+01
  0.100974E+03  0.543421E+01  0.525071E+01  0.000000E+00  0.000000E+00  0.000000E+00  0.540362E+01
  0.104397E+03  0.510625E+01  0.492939E+01  0.000000E+00  0.000000E+00  0.000000E+00  0.507677E+01
  0.107935E+03  0.479785E+01  0.462724E+01  0.000000E+00  0.000000E+00  0.000000E+00  0.476942E+01
  0.111594E+03  0.450786E+01  0.434311E+01  0.000000E+00  0.000000E+00  0.000000E+00  0.448040E+01
  0.115376E+03  0.423518E+01  0.407595E+01  0.000000E+00  0.000000E+00  0.000000E+00  0.420864E+01
  0.119287E+03  0.397880E+01  0.382475E+01  0.000000E+00  0.000000E+00  0.000000E+00  0.395312E+01
  0.123330E+03  0.373774E+01  0.358856E+01  0.000000E+00  0.000000E+00  0.000000E+00  0.371288E+01
  0.127510E+03  0.351108E+01  0.336647E+01  0.000000E+00  0.000000E+00  0.000000E+00  0.348698E+01
  0.131832E+03  0.329798E+01  0.315768E+01  0.000000E+00  0.000000E+00  0.000000E+00  0.327460E+01
  0.136301E+03  0.309764E+01  0.296138E+01  0.000000E+00  0.000000E+00  0.000000E+00  0.307493E+01
  0.140921E+03  0.290929E+01  0.277684E+01  0.000000E+00  0.000000E+00  0.000000E+00  0.288721E+01
  0.145697E+03  0.273220E+01  0.260335E+01  0.000000E+00  0.000000E+00  0.000000E+00  0.271073E+01
  0.150636E+03  0.256574E+01  0.244026E+01  0.000000E+00  0.000000E+00  0.000000E+00  0.254483E+01
  0.155742E+03  0.240925E+01  0.228696E+01  0.000000E+00  0.000000E+00  0.000000E+00  0.238887E+01
  0.161021E+03  0.226214E+01  0.214286E+01  0.000000E+00  0.000000E+00  0.000000E+00  0.224226E+01
  0.166478E+03  0.212385E+01  0.200742E+01  0.000000E+00  0.000000E+00  0.000000E+00  0.210445E+01
  0.172121E+03  0.199387E+01  0.188013E+01  0.000000E+00  0.000000E+00  0.000000E+00  0.197492E+01
  0.177955E+03  0.187170E+01  0.176049E+01  0.000000E+00  0.000000E+00  0.000000E+00  0.185316E+01
  0.183987E+03  0.175685E+01  0.164806E+01  0.000000E+00  0.000000E+00  0.000000E+00  0.173872E+01
  0.190223E+03  0.164891E+01  0.154241E+01  0.000000E+00  0.000000E+00  0.000000E+00  0.163116E+01
  0.196671E+03  0.154746E+01  0.144314E+01  0.000000E+00  0.000000E+00  0.000000E+00  0.153008E+01
  0.203337E+03  0.145212E+01  0.134987E+01  0.000000E+00  0.000000E+00  0.000000E+00  0.143508E+01
