  0.106303E-04  0.179769E+08  0.179769E+08  0.239565E+08  0.239565E+08  0.000000E+00  0.179769E+08
  0.109906E-04  0.179769E+08  0.179769E+08  0.239556E+08  0.239556E+08  0.000000E+00  0.179769E+08
  0.113631E-04  0.179769E+08  0.179769E+08  0.239547E+08  0.239547E+08  0.000000E+00  0.179769E+08
  0.117483E-04  0.179769E+08  0.179769E+08  0.239537E+08  0.239537E+08  0.000000E+00  0.179769E+08
  0.121465E-04  0.179769E+08  0.179769E+08  0.239526E+08  0.239526E+08  0.000000E+00  0.179769E+08
  0.125582E-04  0.179769E+08  0.179769E+08  0.239515E+08  0.239515E+08  0.000000E+00  0.179769E+08
  0.129839E-04  0.179769E+08  0.179769E+08  0.239503E+08  0.239502E+08  0.000000E+00  0.179769E+08
  0.134240E-04  0.179769E+08  0.179769E+08  0.239489E+08  0.239489E+08  0.000000E+00  0.179769E+08
  0.138790E-04  0.179769E+08  0.179769E+08  0.239475E+08  0.239475E+08  0.000000E+00  0.179769E+08
  0.143494E-04  0.179769E+08  0.179769E+08  0.239460E+08  0.239460E+08  0.000000E+00  0.179769E+08
  0.148358E-04  0.179769E+08  0.179769E+08  0.239444E+08  0.239444E+08  0.000000E+00  0.179769E+08
  0.153386E-04  0.179769E+08  0.179769E+08  0.239427E+08  0.239427E+08  0.000000E+00  0.179769E+08
  0.158585E-04  0.179769E+08  0.179769E+08  0.239409E+08  0.239409E+08  0.000000E+00  0.179769E+08
  0.163961E-04  0.179769E+08  0.179769E+08  0.239389E+08  0.239389E+08  0.000000E+00  0.179769E+08
  0.169518E-04  0.179769E+08  0.179769E+08  0.239369E+08  0.239368E+08  0.000000E+00  0.179769E+08
  0.175264E-04  0.179769E+08  0.179769E+08  0.239346E+08  0.239346E+08  0.000000E+00  0.179769E+08
  0.181205E-04  0.179769E+08  0.179769E+08  0.239322E+08  0.239322E+08  0.000000E+00  0.179769E+08
  0.187347E-04  0.179769E+08  0.179769E+08  0.239297E+08  0.239296E+08  0.000000E+00  0.179769E+08
  0.193697E-04  0.179769E+08  0.179769E+08  0.239270E+08  0.239269E+08  0.000000E+00  0.179769E+08
  0.200262E-04  0.179769E+08  0.179769E+08  0.239240E+08  0.239240E+08  0.000000E+00  0.179769E+08
  0.207050E-04  0.179769E+08  0.179769E+08  0.239209E+08  0.239208E+08  0.000000E+00  0.179769E+08
  0.214068E-04  0.179769E+08  0.179769E+08  0.239176E+08  0.239175E+08  0.000000E+00  0.179769E+08
  0.221324E-04  0.179769E+08  0.179769E+08  0.239140E+08  0.239139E+08  0.000000E+00  0.179769E+08
  0.228826E-04  0.179768E+08  0.179768E+08  0.239102E+08  0.239101E+08  0.000000E+00  0.179768E+08
  0.236582E-04  0.179768E+08  0.179768E+08  0.239062E+08  0.239061E+08  0.000000E+00  0.179768E+08
  0.244601E-04  0.179768E+08  0.179768E+08  0.239018E+08  0.239017E+08  0.000000E+00  0.179768E+08
  0.252891E-04  0.179768E+08  0.179768E+08  0.238972E+08  0.238971E+08  0.000000E+00  0.179768E+08
  0.261463E-04  0.179768E+08  0.179768E+08  0.238922E+08  0.238921E+08  0.000000E+00  0.179768E+08
  0.270326E-04  0.179768E+08  0.179768E+08  0.238869E+08  0.238868E+08  0.000000E+00  0.179768E+08
  0.279488E-04  0.179768E+08  0.179768E+08  0.238812E+08  0.238811E+08  0.000000E+00  0.179768E+08
  0.288962E-04  0.179768E+08  0.179768E+08  0.238752E+08  0.238750E+08  0.000000E+00  0.179768E+08
  0.298756E-04  0.179768E+08  0.179768E+08  0.238687E+08  0.238685E+08  0.000000E+00  0.179768E+08
  0.308882E-04  0.179767E+08  0.179767E+08  0.238618E+08  0.238616E+08  0.000000E+00  0.179767E+08
  0.319352E-04  0.179767E+08  0.179767E+08  0.238544E+08  0.238542E+08  0.000000E+00  0.179767E+08
  0.330176E-04  0.179767E+08  0.179767E+08  0.238465E+08  0.238463E+08  0.000000E+00  0.179767E+08
  0.341368E-04  0.179767E+08  0.179767E+08  0.238380E+08  0.238378E+08  0.000000E+00  0.179767E+08
  0.352938E-04  0.179767E+08  0.179767E+08  0.238290E+08  0.238288E+08  0.000000E+00  0.179767E+08
  0.364901E-04  0.179767E+08  0.179767E+08  0.238194E+08  0.238191E+08  0.000000E+00  0.179767E+08
  0.377270E-04  0.179766E+08  0.179766E+08  0.238091E+08  0.238088E+08  0.000000E+00  0.179766E+08
  0.390057E-04  0.179766E+08  0.179766E+08  0.237981E+08  0.237978E+08  0.000000E+00  0.179766E+08
  0.403278E-04  0.179766E+08  0.179766E+08  0.237863E+08  0.237860E+08  0.000000E+00  0.179766E+08
  0.416948E-04  0.179766E+08  0.179766E+08  0.237737E+08  0.237734E+08  0.000000E+00  0.179766E+08
  0.431080E-04  0.179765E+08  0.179765E+08  0.237603E+08  0.237600E+08  0.000000E+00  0.179765E+08
  0.445692E-04  0.179765E+08  0.179765E+08  0.237460E+08  0.237456E+08  0.000000E+00  0.179765E+08
  0.460798E-04  0.179765E+08  0.179765E+08  0.237306E+08  0.237302E+08  0.000000E+00  0.179765E+08
  0.476417E-04  0.179765E+08  0.179765E+08  0.237143E+08  0.237138E+08  0.000000E+00  0.179765E+08
  0.492565E-04  0.179764E+08  0.179764E+08  0.236968E+08  0.236963E+08  0.000000E+00  0.179764E+08
  0.509261E-04  0.179764E+08  0.179764E+08  0.236781E+08  0.236776E+08  0.000000E+00  0.179764E+08
  0.526522E-04  0.179763E+08  0.179763E+08  0.236581E+08  0.236576E+08  0.000000E+00  0.179763E+08
  0.544369E-04  0.179763E+08  0.179763E+08  0.236368E+08  0.236363E+08  0.000000E+00  0.179763E+08
  0.562820E-04  0.179763E+08  0.179763E+08  0.236141E+08  0.236135E+08  0.000000E+00  0.179763E+08
  0.581897E-04  0.179762E+08  0.179762E+08  0.235898E+08  0.235891E+08  0.000000E+00  0.179762E+08
  0.601621E-04  0.179762E+08  0.179762E+08  0.235638E+08  0.235631E+08  0.000000E+00  0.179762E+08
  0.622013E-04  0.179761E+08  0.179761E+08  0.235361E+08  0.235354E+08  0.000000E+00  0.179761E+08
  0.643096E-04  0.179760E+08  0.179760E+08  0.235065E+08  0.235057E+08  0.000000E+00  0.179760E+08
  0.664894E-04  0.179760E+08  0.179760E+08  0.234749E+08  0.234741E+08  0.000000E+00  0.179760E+08
  0.687430E-04  0.179759E+08  0.179759E+08  0.234411E+08  0.234403E+08  0.000000E+00  0.179759E+08
  0.710731E-04  0.179758E+08  0.179758E+08  0.234051E+08  0.234042E+08  0.000000E+00  0.179758E+08
  0.734821E-04  0.179758E+08  0.179758E+08  0.233667E+08  0.233657E+08  0.000000E+00  0.179758E+08
  0.759728E-04  0.179757E+08  0.179757E+08  0.233256E+08  0.233246E+08  0.000000E+00  0.179757E+08
  0.785479E-04  0.179756E+08  0.179756E+08  0.232819E+08  0.232808E+08  0.000000E+00  0.179756E+08
  0.812103E-04  0.179755E+08  0.179755E+08  0.232352E+08  0.232340E+08  0.000000E+00  0.179755E+08
  0.839629E-04  0.179754E+08  0.179754E+08  0.231853E+08  0.231840E+08  0.000000E+00  0.179754E+08
  0.868089E-04  0.179753E+08  0.179753E+08  0.231321E+08  0.231308E+08  0.000000E+00  0.179753E+08
  0.897513E-04  0.179752E+08  0.179752E+08  0.230754E+08  0.230740E+08  0.000000E+00  0.179752E+08
  0.927934E-04  0.179750E+08  0.179750E+08  0.230150E+08  0.230134E+08  0.000000E+00  0.179750E+08
  0.959386E-04  0.179749E+08  0.179749E+08  0.229505E+08  0.229488E+08  0.000000E+00  0.179749E+08
  0.991905E-04  0.179748E+08  0.179748E+08  0.228817E+08  0.228800E+08  0.000000E+00  0.179748E+08
  0.102553E-03  0.179746E+08  0.179746E+08  0.228084E+08  0.228066E+08  0.000000E+00  0.179746E+08
  0.106029E-03  0.179745E+08  0.179745E+08  0.227303E+08  0.227283E+08  0.000000E+00  0.179745E+08
  0.109622E-03  0.179743E+08  0.179743E+08  0.226471E+08  0.226450E+08  0.000000E+00  0.179743E+08
  0.113338E-03  0.179741E+08  0.179741E+08  0.225585E+08  0.225562E+08  0.000000E+00  0.179741E+08
  0.117180E-03  0.179739E+08  0.179739E+08  0.224641E+08  0.224617E+08  0.000000E+00  0.179739E+08
  0.121152E-03  0.179737E+08  0.179737E+08  0.223636E+08  0.223610E+08  0.000000E+00  0.179737E+08
  0.125258E-03  0.179735E+08  0.179735E+08  0.222566E+08  0.222539E+08  0.000000E+00  0.179735E+08
  0.129504E-03  0.179732E+08  0.179732E+08  0.221428E+08  0.221399E+08  0.000000E+00  0.179732E+08
  0.133893E-03  0.179730E+08  0.179730E+08  0.220218E+08  0.220186E+08  0.000000E+00  0.179730E+08
  0.138431E-03  0.179727E+08  0.179727E+08  0.218930E+08  0.218897E+08  0.000000E+00  0.179727E+08
  0.143124E-03  0.179724E+08  0.179724E+08  0.217562E+08  0.217526E+08  0.000000E+00  0.179724E+08
  0.147975E-03  0.179721E+08  0.179721E+08  0.216107E+08  0.216070E+08  0.000000E+00  0.179721E+08
  0.152990E-03  0.179718E+08  0.179718E+08  0.214563E+08  0.214523E+08  0.000000E+00  0.179718E+08
  0.158176E-03  0.179714E+08  0.179714E+08  0.212923E+08  0.212881E+08  0.000000E+00  0.179714E+08
  0.163537E-03  0.179710E+08  0.179710E+08  0.211183E+08  0.211138E+08  0.000000E+00  0.179710E+08
  0.169081E-03  0.179706E+08  0.179706E+08  0.209337E+08  0.209290E+08  0.000000E+00  0.179706E+08
  0.174812E-03  0.179702E+08  0.179702E+08  0.207381E+08  0.207330E+08  0.000000E+00  0.179702E+08
  0.180737E-03  0.179697E+08  0.179697E+08  0.205309E+08  0.205255E+08  0.000000E+00  0.179697E+08
  0.186863E-03  0.179692E+08  0.179692E+08  0.203114E+08  0.203057E+08  0.000000E+00  0.179692E+08
  0.193197E-03  0.179687E+08  0.179687E+08  0.200793E+08  0.200732E+08  0.000000E+00  0.179687E+08
  0.199745E-03  0.179681E+08  0.179681E+08  0.198338E+08  0.198274E+08  0.000000E+00  0.179681E+08
  0.206515E-03  0.179675E+08  0.179675E+08  0.195746E+08  0.195678E+08  0.000000E+00  0.179675E+08
  0.213515E-03  0.179669E+08  0.179669E+08  0.193009E+08  0.192937E+08  0.000000E+00  0.179669E+08
  0.220752E-03  0.179662E+08  0.179662E+08  0.190122E+08  0.190046E+08  0.000000E+00  0.179662E+08
  0.228235E-03  0.179655E+08  0.179655E+08  0.187081E+08  0.187001E+08  0.000000E+00  0.179655E+08
  0.235971E-03  0.179647E+08  0.179647E+08  0.183880E+08  0.183795E+08  0.000000E+00  0.179647E+08
  0.243969E-03  0.179639E+08  0.179639E+08  0.180515E+08  0.180425E+08  0.000000E+00  0.179639E+08
  0.252239E-03  0.179630E+08  0.179630E+08  0.176980E+08  0.176886E+08  0.000000E+00  0.179630E+08
  0.260788E-03  0.179620E+08  0.179620E+08  0.173274E+08  0.173175E+08  0.000000E+00  0.179620E+08
  0.269628E-03  0.179610E+08  0.179610E+08  0.169392E+08  0.169287E+08  0.000000E+00  0.179610E+08
  0.278767E-03  0.179600E+08  0.179599E+08  0.165332E+08  0.165222E+08  0.000000E+00  0.179600E+08
  0.288216E-03  0.179588E+08  0.179588E+08  0.161093E+08  0.160978E+08  0.000000E+00  0.179588E+08
  0.297985E-03  0.179576E+08  0.179576E+08  0.156674E+08  0.156553E+08  0.000000E+00  0.179576E+08
  0.308085E-03  0.179563E+08  0.179563E+08  0.152077E+08  0.151949E+08  0.000000E+00  0.179563E+08
  0.318527E-03  0.179549E+08  0.179549E+08  0.147302E+08  0.147169E+08  0.000000E+00  0.179549E+08
  0.329324E-03  0.179534E+08  0.179534E+08  0.142355E+08  0.142215E+08  0.000000E+00  0.179534E+08
  0.340486E-03  0.179518E+08  0.179518E+08  0.137240E+08  0.137094E+08  0.000000E+00  0.179518E+08
  0.352027E-03  0.179502E+08  0.179502E+08  0.131965E+08  0.131813E+08  0.000000E+00  0.179502E+08
  0.363959E-03  0.179484E+08  0.179484E+08  0.126540E+08  0.126381E+08  0.000000E+00  0.179484E+08
  0.376296E-03  0.179465E+08  0.179465E+08  0.120975E+08  0.120809E+08  0.000000E+00  0.179465E+08
  0.389050E-03  0.179445E+08  0.179445E+08  0.115286E+08  0.115113E+08  0.000000E+00  0.179445E+08
  0.402237E-03  0.179423E+08  0.179423E+08  0.109489E+08  0.109310E+08  0.000000E+00  0.179423E+08
  0.415871E-03  0.179401E+08  0.179400E+08  0.103604E+08  0.103418E+08  0.000000E+00  0.179401E+08
  0.429967E-03  0.179376E+08  0.179376E+08  0.976533E+07  0.974598E+07  0.000000E+00  0.179376E+08
  0.444541E-03  0.179351E+08  0.179351E+08  0.916618E+07  0.914612E+07  0.000000E+00  0.179351E+08
  0.459609E-03  0.179323E+08  0.179323E+08  0.856579E+07  0.854500E+07  0.000000E+00  0.179323E+08
  0.475187E-03  0.179294E+08  0.179294E+08  0.796722E+07  0.794568E+07  0.000000E+00  0.179294E+08
  0.491294E-03  0.179264E+08  0.179263E+08  0.737380E+07  0.735150E+07  0.000000E+00  0.179264E+08
  0.507946E-03  0.179231E+08  0.179231E+08  0.678908E+07  0.676600E+07  0.000000E+00  0.179231E+08
  0.525163E-03  0.179196E+08  0.179196E+08  0.621680E+07  0.619292E+07  0.000000E+00  0.179196E+08
  0.542963E-03  0.179160E+08  0.179159E+08  0.566081E+07  0.563608E+07  0.000000E+00  0.179160E+08
  0.561367E-03  0.179121E+08  0.179121E+08  0.512502E+07  0.509942E+07  0.000000E+00  0.179121E+08
  0.580395E-03  0.179080E+08  0.179079E+08  0.461333E+07  0.458680E+07  0.000000E+00  0.179080E+08
  0.600067E-03  0.179036E+08  0.179036E+08  0.412950E+07  0.410199E+07  0.000000E+00  0.179036E+08
  0.620407E-03  0.178990E+08  0.178990E+08  0.367704E+07  0.364848E+07  0.000000E+00  0.178990E+08
  0.641435E-03  0.178941E+08  0.178941E+08  0.325913E+07  0.322945E+07  0.000000E+00  0.178941E+08
  0.663177E-03  0.178890E+08  0.178889E+08  0.287843E+07  0.284756E+07  0.000000E+00  0.178890E+08
  0.685655E-03  0.178836E+08  0.178835E+08  0.253699E+07  0.250485E+07  0.000000E+00  0.178835E+08
  0.708896E-03  0.178778E+08  0.178778E+08  0.223609E+07  0.220260E+07  0.000000E+00  0.178778E+08
  0.732924E-03  0.178718E+08  0.178717E+08  0.197613E+07  0.194123E+07  0.000000E+00  0.178717E+08
  0.757767E-03  0.178654E+08  0.178653E+08  0.175654E+07  0.172016E+07  0.000000E+00  0.178653E+08
  0.783451E-03  0.178586E+08  0.178585E+08  0.157566E+07  0.153777E+07  0.000000E+00  0.178586E+08
  0.810006E-03  0.178515E+08  0.178514E+08  0.143078E+07  0.139139E+07  0.000000E+00  0.178515E+08
  0.837462E-03  0.178440E+08  0.178439E+08  0.131812E+07  0.127728E+07  0.000000E+00  0.178440E+08
  0.865847E-03  0.178362E+08  0.178361E+08  0.123296E+07  0.119076E+07  0.000000E+00  0.178361E+08
  0.895195E-03  0.178279E+08  0.178278E+08  0.116976E+07  0.112638E+07  0.000000E+00  0.178278E+08
  0.925538E-03  0.178191E+08  0.178190E+08  0.112246E+07  0.107815E+07  0.000000E+00  0.178191E+08
  0.956909E-03  0.178100E+08  0.178099E+08  0.108476E+07  0.103985E+07  0.000000E+00  0.178100E+08
  0.989344E-03  0.178003E+08  0.178002E+08  0.105052E+07  0.100542E+07  0.000000E+00  0.178003E+08
  0.102288E-02  0.177902E+08  0.177901E+08  0.101417E+07  0.969393E+06  0.000000E+00  0.177902E+08
  0.105755E-02  0.177796E+08  0.177795E+08  0.971175E+06  0.927269E+06  0.000000E+00  0.177796E+08
  0.109339E-02  0.177684E+08  0.177683E+08  0.918388E+06  0.875944E+06  0.000000E+00  0.177684E+08
  0.113045E-02  0.177567E+08  0.177566E+08  0.854387E+06  0.813995E+06  0.000000E+00  0.177567E+08
  0.116877E-02  0.177444E+08  0.177443E+08  0.779639E+06  0.741838E+06  0.000000E+00  0.177444E+08
  0.120839E-02  0.177316E+08  0.177314E+08  0.696477E+06  0.661699E+06  0.000000E+00  0.177315E+08
  0.124935E-02  0.177180E+08  0.177179E+08  0.608851E+06  0.577369E+06  0.000000E+00  0.177180E+08
  0.129169E-02  0.177039E+08  0.177037E+08  0.521835E+06  0.493706E+06  0.000000E+00  0.177039E+08
  0.133547E-02  0.176891E+08  0.176889E+08  0.440920E+06  0.415954E+06  0.000000E+00  0.176890E+08
  0.138074E-02  0.176735E+08  0.176733E+08  0.371171E+06  0.348915E+06  0.000000E+00  0.176735E+08
  0.142754E-02  0.176573E+08  0.176570E+08  0.316342E+06  0.296106E+06  0.000000E+00  0.176572E+08
  0.147593E-02  0.176402E+08  0.176400E+08  0.278136E+06  0.259049E+06  0.000000E+00  0.176402E+08
  0.152595E-02  0.176224E+08  0.176222E+08  0.255747E+06  0.236860E+06  0.000000E+00  0.176224E+08
  0.157768E-02  0.176038E+08  0.176035E+08  0.245866E+06  0.226275E+06  0.000000E+00  0.176038E+08
  0.163115E-02  0.175843E+08  0.175840E+08  0.000000E+00  0.000000E+00  0.000000E+00  0.175843E+08
  0.168644E-02  0.175639E+08  0.175636E+08  0.000000E+00  0.000000E+00  0.000000E+00  0.175639E+08
  0.174360E-02  0.175427E+08  0.175423E+08  0.000000E+00  0.000000E+00  0.000000E+00  0.175426E+08
  0.180270E-02  0.175204E+08  0.175201E+08  0.000000E+00  0.000000E+00  0.000000E+00  0.175204E+08
  0.186380E-02  0.174972E+08  0.174968E+08  0.000000E+00  0.000000E+00  0.000000E+00  0.174971E+08
  0.192698E-02  0.174730E+08  0.174725E+08  0.000000E+00  0.000000E+00  0.000000E+00  0.174729E+08
  0.199229E-02  0.174476E+08  0.174472E+08  0.000000E+00  0.000000E+00  0.000000E+00  0.174476E+08
  0.205982E-02  0.174213E+08  0.174208E+08  0.000000E+00  0.000000E+00  0.000000E+00  0.174212E+08
  0.212964E-02  0.173937E+08  0.173932E+08  0.000000E+00  0.000000E+00  0.000000E+00  0.173936E+08
  0.220183E-02  0.173650E+08  0.173645E+08  0.000000E+00  0.000000E+00  0.000000E+00  0.173649E+08
  0.227646E-02  0.173351E+08  0.173345E+08  0.000000E+00  0.000000E+00  0.000000E+00  0.173350E+08
  0.235362E-02  0.173039E+08  0.173033E+08  0.000000E+00  0.000000E+00  0.000000E+00  0.173038E+08
  0.243339E-02  0.172715E+08  0.172708E+08  0.000000E+00  0.000000E+00  0.000000E+00  0.172714E+08
  0.251587E-02  0.172377E+08  0.172370E+08  0.000000E+00  0.000000E+00  0.000000E+00  0.172375E+08
  0.260115E-02  0.172025E+08  0.172017E+08  0.000000E+00  0.000000E+00  0.000000E+00  0.172024E+08
  0.268932E-02  0.171659E+08  0.171651E+08  0.000000E+00  0.000000E+00  0.000000E+00  0.171657E+08
  0.278047E-02  0.171278E+08  0.171270E+08  0.000000E+00  0.000000E+00  0.000000E+00  0.171277E+08
  0.287471E-02  0.170882E+08  0.170873E+08  0.000000E+00  0.000000E+00  0.000000E+00  0.170881E+08
  0.297215E-02  0.170471E+08  0.170461E+08  0.000000E+00  0.000000E+00  0.000000E+00  0.170469E+08
  0.307289E-02  0.170043E+08  0.170033E+08  0.000000E+00  0.000000E+00  0.000000E+00  0.170042E+08
  0.317705E-02  0.169599E+08  0.169588E+08  0.000000E+00  0.000000E+00  0.000000E+00  0.169597E+08
  0.328474E-02  0.169138E+08  0.169127E+08  0.000000E+00  0.000000E+00  0.000000E+00  0.169136E+08
  0.339607E-02  0.168660E+08  0.168647E+08  0.000000E+00  0.000000E+00  0.000000E+00  0.168658E+08
  0.351118E-02  0.168164E+08  0.168150E+08  0.000000E+00  0.000000E+00  0.000000E+00  0.168161E+08
  0.363020E-02  0.167649E+08  0.167635E+08  0.000000E+00  0.000000E+00  0.000000E+00  0.167646E+08
  0.375324E-02  0.167115E+08  0.167100E+08  0.000000E+00  0.000000E+00  0.000000E+00  0.167113E+08
  0.388046E-02  0.166562E+08  0.166546E+08  0.000000E+00  0.000000E+00  0.000000E+00  0.166559E+08
  0.401199E-02  0.165989E+08  0.165972E+08  0.000000E+00  0.000000E+00  0.000000E+00  0.165986E+08
  0.414797E-02  0.165396E+08  0.165377E+08  0.000000E+00  0.000000E+00  0.000000E+00  0.165393E+08
  0.428857E-02  0.164782E+08  0.164762E+08  0.000000E+00  0.000000E+00  0.000000E+00  0.164778E+08
  0.443393E-02  0.164146E+08  0.164125E+08  0.000000E+00  0.000000E+00  0.000000E+00  0.164142E+08
  0.458422E-02  0.163488E+08  0.163466E+08  0.000000E+00  0.000000E+00  0.000000E+00  0.163485E+08
  0.473960E-02  0.162808E+08  0.162785E+08  0.000000E+00  0.000000E+00  0.000000E+00  0.162804E+08
  0.490025E-02  0.162105E+08  0.162080E+08  0.000000E+00  0.000000E+00  0.000000E+00  0.162101E+08
  0.506635E-02  0.161379E+08  0.161352E+08  0.000000E+00  0.000000E+00  0.000000E+00  0.161375E+08
  0.523807E-02  0.160629E+08  0.160600E+08  0.000000E+00  0.000000E+00  0.000000E+00  0.160624E+08
  0.541562E-02  0.159854E+08  0.159823E+08  0.000000E+00  0.000000E+00  0.000000E+00  0.159849E+08
  0.559918E-02  0.159054E+08  0.159022E+08  0.000000E+00  0.000000E+00  0.000000E+00  0.159049E+08
  0.578897E-02  0.158229E+08  0.158194E+08  0.000000E+00  0.000000E+00  0.000000E+00  0.158223E+08
  0.598518E-02  0.157378E+08  0.157341E+08  0.000000E+00  0.000000E+00  0.000000E+00  0.157372E+08
  0.618805E-02  0.156500E+08  0.156461E+08  0.000000E+00  0.000000E+00  0.000000E+00  0.156493E+08
  0.639780E-02  0.155595E+08  0.155553E+08  0.000000E+00  0.000000E+00  0.000000E+00  0.155588E+08
  0.661465E-02  0.154663E+08  0.154618E+08  0.000000E+00  0.000000E+00  0.000000E+00  0.154655E+08
  0.683885E-02  0.153702E+08  0.153655E+08  0.000000E+00  0.000000E+00  0.000000E+00  0.153694E+08
  0.707066E-02  0.152713E+08  0.152663E+08  0.000000E+00  0.000000E+00  0.000000E+00  0.152705E+08
  0.731032E-02  0.151695E+08  0.151641E+08  0.000000E+00  0.000000E+00  0.000000E+00  0.151686E+08
  0.755810E-02  0.150647E+08  0.150590E+08  0.000000E+00  0.000000E+00  0.000000E+00  0.150638E+08
  0.781428E-02  0.149569E+08  0.149508E+08  0.000000E+00  0.000000E+00  0.000000E+00  0.149559E+08
  0.807915E-02  0.148460E+08  0.148396E+08  0.000000E+00  0.000000E+00  0.000000E+00  0.148449E+08
  0.835299E-02  0.147320E+08  0.147252E+08  0.000000E+00  0.000000E+00  0.000000E+00  0.147309E+08
  0.863612E-02  0.146148E+08  0.146076E+08  0.000000E+00  0.000000E+00  0.000000E+00  0.146136E+08
  0.892884E-02  0.144944E+08  0.144867E+08  0.000000E+00  0.000000E+00  0.000000E+00  0.144932E+08
  0.923149E-02  0.143708E+08  0.143626E+08  0.000000E+00  0.000000E+00  0.000000E+00  0.143694E+08
  0.954439E-02  0.142438E+08  0.142350E+08  0.000000E+00  0.000000E+00  0.000000E+00  0.142423E+08
  0.986790E-02  0.141134E+08  0.141041E+08  0.000000E+00  0.000000E+00  0.000000E+00  0.141118E+08
  0.102024E-01  0.139795E+08  0.139697E+08  0.000000E+00  0.000000E+00  0.000000E+00  0.139779E+08
  0.105482E-01  0.138422E+08  0.138318E+08  0.000000E+00  0.000000E+00  0.000000E+00  0.138405E+08
  0.109057E-01  0.137014E+08  0.136904E+08  0.000000E+00  0.000000E+00  0.000000E+00  0.136995E+08
  0.112754E-01  0.135569E+08  0.135453E+08  0.000000E+00  0.000000E+00  0.000000E+00  0.135550E+08
  0.116575E-01  0.134089E+08  0.133965E+08  0.000000E+00  0.000000E+00  0.000000E+00  0.134068E+08
  0.120527E-01  0.132571E+08  0.132441E+08  0.000000E+00  0.000000E+00  0.000000E+00  0.132550E+08
  0.124612E-01  0.131017E+08  0.130879E+08  0.000000E+00  0.000000E+00  0.000000E+00  0.130994E+08
  0.128836E-01  0.129425E+08  0.129279E+08  0.000000E+00  0.000000E+00  0.000000E+00  0.129400E+08
  0.133203E-01  0.127795E+08  0.127640E+08  0.000000E+00  0.000000E+00  0.000000E+00  0.127769E+08
  0.137718E-01  0.126127E+08  0.125964E+08  0.000000E+00  0.000000E+00  0.000000E+00  0.126100E+08
  0.142386E-01  0.124420E+08  0.124248E+08  0.000000E+00  0.000000E+00  0.000000E+00  0.124391E+08
  0.147212E-01  0.122675E+08  0.122493E+08  0.000000E+00  0.000000E+00  0.000000E+00  0.122644E+08
  0.152202E-01  0.120891E+08  0.120699E+08  0.000000E+00  0.000000E+00  0.000000E+00  0.120859E+08
  0.157360E-01  0.119068E+08  0.118866E+08  0.000000E+00  0.000000E+00  0.000000E+00  0.119034E+08
  0.162694E-01  0.117206E+08  0.116994E+08  0.000000E+00  0.000000E+00  0.000000E+00  0.117171E+08
  0.168209E-01  0.115306E+08  0.115083E+08  0.000000E+00  0.000000E+00  0.000000E+00  0.115269E+08
  0.173910E-01  0.113368E+08  0.113134E+08  0.000000E+00  0.000000E+00  0.000000E+00  0.113329E+08
  0.179805E-01  0.111391E+08  0.111146E+08  0.000000E+00  0.000000E+00  0.000000E+00  0.111351E+08
  0.185899E-01  0.109378E+08  0.109121E+08  0.000000E+00  0.000000E+00  0.000000E+00  0.109336E+08
  0.192200E-01  0.107329E+08  0.107060E+08  0.000000E+00  0.000000E+00  0.000000E+00  0.107284E+08
  0.198715E-01  0.105245E+08  0.104964E+08  0.000000E+00  0.000000E+00  0.000000E+00  0.105198E+08
  0.205450E-01  0.103127E+08  0.102833E+08  0.000000E+00  0.000000E+00  0.000000E+00  0.103078E+08
  0.212414E-01  0.100976E+08  0.100670E+08  0.000000E+00  0.000000E+00  0.000000E+00  0.100925E+08
  0.219614E-01  0.987958E+07  0.984776E+07  0.000000E+00  0.000000E+00  0.000000E+00  0.987428E+07
  0.227058E-01  0.965874E+07  0.962568E+07  0.000000E+00  0.000000E+00  0.000000E+00  0.965323E+07
  0.234754E-01  0.943536E+07  0.940108E+07  0.000000E+00  0.000000E+00  0.000000E+00  0.942965E+07
  0.242711E-01  0.920974E+07  0.917426E+07  0.000000E+00  0.000000E+00  0.000000E+00  0.920383E+07
  0.250938E-01  0.898222E+07  0.894558E+07  0.000000E+00  0.000000E+00  0.000000E+00  0.897612E+07
  0.259443E-01  0.875319E+07  0.871543E+07  0.000000E+00  0.000000E+00  0.000000E+00  0.874690E+07
  0.268237E-01  0.852306E+07  0.848425E+07  0.000000E+00  0.000000E+00  0.000000E+00  0.851660E+07
  0.277329E-01  0.829232E+07  0.825252E+07  0.000000E+00  0.000000E+00  0.000000E+00  0.828569E+07
  0.286729E-01  0.806148E+07  0.802077E+07  0.000000E+00  0.000000E+00  0.000000E+00  0.805470E+07
  0.296448E-01  0.783110E+07  0.778960E+07  0.000000E+00  0.000000E+00  0.000000E+00  0.782419E+07
  0.306496E-01  0.760180E+07  0.755961E+07  0.000000E+00  0.000000E+00  0.000000E+00  0.759477E+07
  0.316885E-01  0.737422E+07  0.733149E+07  0.000000E+00  0.000000E+00  0.000000E+00  0.736710E+07
  0.327626E-01  0.714906E+07  0.710593E+07  0.000000E+00  0.000000E+00  0.000000E+00  0.714188E+07
  0.338731E-01  0.696626E+07  0.692288E+07  0.000000E+00  0.000000E+00  0.000000E+00  0.695903E+07
  0.350212E-01  0.674939E+07  0.670596E+07  0.000000E+00  0.000000E+00  0.000000E+00  0.674216E+07
  0.362083E-01  0.653408E+07  0.649079E+07  0.000000E+00  0.000000E+00  0.000000E+00  0.652686E+07
  0.374355E-01  0.632366E+07  0.628073E+07  0.000000E+00  0.000000E+00  0.000000E+00  0.631651E+07
  0.387044E-01  0.611908E+07  0.607672E+07  0.000000E+00  0.000000E+00  0.000000E+00  0.611202E+07
  0.400163E-01  0.592113E+07  0.587958E+07  0.000000E+00  0.000000E+00  0.000000E+00  0.591421E+07
  0.413727E-01  0.573054E+07  0.569001E+07  0.000000E+00  0.000000E+00  0.000000E+00  0.572378E+07
  0.427750E-01  0.554792E+07  0.550864E+07  0.000000E+00  0.000000E+00  0.000000E+00  0.554137E+07
  0.442248E-01  0.535074E+07  0.531295E+07  0.000000E+00  0.000000E+00  0.000000E+00  0.534444E+07
  0.457238E-01  0.518512E+07  0.514902E+07  0.000000E+00  0.000000E+00  0.000000E+00  0.517911E+07
  0.472737E-01  0.502808E+07  0.499386E+07  0.000000E+00  0.000000E+00  0.000000E+00  0.502238E+07
  0.488760E-01  0.487933E+07  0.484714E+07  0.000000E+00  0.000000E+00  0.000000E+00  0.487396E+07
  0.505327E-01  0.473835E+07  0.470834E+07  0.000000E+00  0.000000E+00  0.000000E+00  0.473335E+07
  0.522455E-01  0.460457E+07  0.457681E+07  0.000000E+00  0.000000E+00  0.000000E+00  0.459994E+07
  0.540163E-01  0.448929E+07  0.446382E+07  0.000000E+00  0.000000E+00  0.000000E+00  0.448504E+07
  0.558473E-01  0.436721E+07  0.434401E+07  0.000000E+00  0.000000E+00  0.000000E+00  0.436334E+07
  0.577402E-01  0.424988E+07  0.422890E+07  0.000000E+00  0.000000E+00  0.000000E+00  0.424638E+07
  0.596973E-01  0.413630E+07  0.411740E+07  0.000000E+00  0.000000E+00  0.000000E+00  0.413315E+07
  0.617207E-01  0.402526E+07  0.400824E+07  0.000000E+00  0.000000E+00  0.000000E+00  0.402242E+07
  0.638128E-01  0.390709E+07  0.389173E+07  0.000000E+00  0.000000E+00  0.000000E+00  0.390453E+07
  0.659757E-01  0.379628E+07  0.378226E+07  0.000000E+00  0.000000E+00  0.000000E+00  0.379394E+07
  0.682120E-01  0.368324E+07  0.367025E+07  0.000000E+00  0.000000E+00  0.000000E+00  0.368108E+07
  0.705240E-01  0.356674E+07  0.355442E+07  0.000000E+00  0.000000E+00  0.000000E+00  0.356468E+07
  0.729144E-01  0.344857E+07  0.343656E+07  0.000000E+00  0.000000E+00  0.000000E+00  0.344657E+07
  0.753859E-01  0.332449E+07  0.331245E+07  0.000000E+00  0.000000E+00  0.000000E+00  0.332248E+07
  0.779411E-01  0.319690E+07  0.318454E+07  0.000000E+00  0.000000E+00  0.000000E+00  0.319484E+07
  0.805829E-01  0.306655E+07  0.305364E+07  0.000000E+00  0.000000E+00  0.000000E+00  0.306440E+07
  0.833143E-01  0.293441E+07  0.292080E+07  0.000000E+00  0.000000E+00  0.000000E+00  0.293215E+07
  0.861383E-01  0.280186E+07  0.278750E+07  0.000000E+00  0.000000E+00  0.000000E+00  0.279947E+07
  0.890579E-01  0.267088E+07  0.265584E+07  0.000000E+00  0.000000E+00  0.000000E+00  0.266837E+07
  0.920766E-01  0.254410E+07  0.252855E+07  0.000000E+00  0.000000E+00  0.000000E+00  0.254151E+07
  0.951975E-01  0.242441E+07  0.240863E+07  0.000000E+00  0.000000E+00  0.000000E+00  0.242178E+07
  0.984242E-01  0.231440E+07  0.229873E+07  0.000000E+00  0.000000E+00  0.000000E+00  0.231179E+07
  0.101760E+00  0.221575E+07  0.220057E+07  0.000000E+00  0.000000E+00  0.000000E+00  0.221322E+07
  0.105209E+00  0.212888E+07  0.211457E+07  0.000000E+00  0.000000E+00  0.000000E+00  0.212650E+07
  0.108776E+00  0.205286E+07  0.203974E+07  0.000000E+00  0.000000E+00  0.000000E+00  0.205068E+07
  0.112463E+00  0.198566E+07  0.197394E+07  0.000000E+00  0.000000E+00  0.000000E+00  0.198371E+07
  0.116274E+00  0.192469E+07  0.191445E+07  0.000000E+00  0.000000E+00  0.000000E+00  0.192299E+07
  0.120216E+00  0.186716E+07  0.185831E+07  0.000000E+00  0.000000E+00  0.000000E+00  0.186568E+07
  0.124290E+00  0.180990E+07  0.180223E+07  0.000000E+00  0.000000E+00  0.000000E+00  0.180862E+07
  0.128503E+00  0.174956E+07  0.174269E+07  0.000000E+00  0.000000E+00  0.000000E+00  0.174842E+07
  0.132859E+00  0.168355E+07  0.167707E+07  0.000000E+00  0.000000E+00  0.000000E+00  0.168247E+07
  0.137362E+00  0.161124E+07  0.160475E+07  0.000000E+00  0.000000E+00  0.000000E+00  0.161016E+07
  0.142018E+00  0.153404E+07  0.152723E+07  0.000000E+00  0.000000E+00  0.000000E+00  0.153291E+07
  0.146832E+00  0.145476E+07  0.144748E+07  0.000000E+00  0.000000E+00  0.000000E+00  0.145354E+07
  0.151809E+00  0.137703E+07  0.136931E+07  0.000000E+00  0.000000E+00  0.000000E+00  0.137574E+07
  0.156954E+00  0.130461E+07  0.129666E+07  0.000000E+00  0.000000E+00  0.000000E+00  0.130328E+07
  0.162274E+00  0.124060E+07  0.123276E+07  0.000000E+00  0.000000E+00  0.000000E+00  0.123929E+07
  0.167774E+00  0.118672E+07  0.117936E+07  0.000000E+00  0.000000E+00  0.000000E+00  0.118550E+07
  0.173461E+00  0.114221E+07  0.113560E+07  0.000000E+00  0.000000E+00  0.000000E+00  0.114111E+07
  0.179341E+00  0.110379E+07  0.109804E+07  0.000000E+00  0.000000E+00  0.000000E+00  0.110283E+07
  0.185419E+00  0.106694E+07  0.106197E+07  0.000000E+00  0.000000E+00  0.000000E+00  0.106611E+07
  0.191704E+00  0.102745E+07  0.102299E+07  0.000000E+00  0.000000E+00  0.000000E+00  0.102670E+07
  0.198202E+00  0.983095E+06  0.978816E+06  0.000000E+00  0.000000E+00  0.000000E+00  0.982382E+06
  0.204920E+00  0.934335E+06  0.929963E+06  0.000000E+00  0.000000E+00  0.000000E+00  0.933607E+06
  0.211866E+00  0.883894E+06  0.879312E+06  0.000000E+00  0.000000E+00  0.000000E+00  0.883131E+06
  0.219047E+00  0.835865E+06  0.831152E+06  0.000000E+00  0.000000E+00  0.000000E+00  0.835079E+06
  0.226472E+00  0.793901E+06  0.789281E+06  0.000000E+00  0.000000E+00  0.000000E+00  0.793131E+06
  0.234148E+00  0.759034E+06  0.754749E+06  0.000000E+00  0.000000E+00  0.000000E+00  0.758320E+06
  0.242084E+00  0.729452E+06  0.725635E+06  0.000000E+00  0.000000E+00  0.000000E+00  0.728816E+06
  0.250290E+00  0.701651E+06  0.698261E+06  0.000000E+00  0.000000E+00  0.000000E+00  0.701086E+06
  0.258774E+00  0.671904E+06  0.668762E+06  0.000000E+00  0.000000E+00  0.000000E+00  0.671381E+06
  0.267545E+00  0.639119E+06  0.636025E+06  0.000000E+00  0.000000E+00  0.000000E+00  0.638603E+06
  0.276613E+00  0.605244E+06  0.602107E+06  0.000000E+00  0.000000E+00  0.000000E+00  0.604721E+06
  0.285989E+00  0.573377E+06  0.570252E+06  0.000000E+00  0.000000E+00  0.000000E+00  0.572856E+06
  0.295683E+00  0.545771E+06  0.542798E+06  0.000000E+00  0.000000E+00  0.000000E+00  0.545275E+06
  0.305705E+00  0.522046E+06  0.519328E+06  0.000000E+00  0.000000E+00  0.000000E+00  0.521593E+06
  0.316067E+00  0.499737E+06  0.497257E+06  0.000000E+00  0.000000E+00  0.000000E+00  0.499324E+06
  0.326780E+00  0.476562E+06  0.474215E+06  0.000000E+00  0.000000E+00  0.000000E+00  0.476171E+06
  0.337856E+00  0.452293E+06  0.449989E+06  0.000000E+00  0.000000E+00  0.000000E+00  0.451909E+06
  0.349308E+00  0.428835E+06  0.426574E+06  0.000000E+00  0.000000E+00  0.000000E+00  0.428458E+06
  0.361147E+00  0.407791E+06  0.405639E+06  0.000000E+00  0.000000E+00  0.000000E+00  0.407432E+06
  0.373389E+00  0.388988E+06  0.386991E+06  0.000000E+00  0.000000E+00  0.000000E+00  0.388655E+06
  0.386045E+00  0.370862E+06  0.368996E+06  0.000000E+00  0.000000E+00  0.000000E+00  0.370551E+06
  0.399130E+00  0.352475E+06  0.350684E+06  0.000000E+00  0.000000E+00  0.000000E+00  0.352177E+06
  0.412659E+00  0.334424E+06  0.332690E+06  0.000000E+00  0.000000E+00  0.000000E+00  0.334135E+06
  0.426645E+00  0.317779E+06  0.316127E+06  0.000000E+00  0.000000E+00  0.000000E+00  0.317503E+06
  0.441107E+00  0.302467E+06  0.300918E+06  0.000000E+00  0.000000E+00  0.000000E+00  0.302209E+06
  0.456058E+00  0.287681E+06  0.286217E+06  0.000000E+00  0.000000E+00  0.000000E+00  0.287437E+06
  0.471516E+00  0.273129E+06  0.271726E+06  0.000000E+00  0.000000E+00  0.000000E+00  0.272895E+06
  0.487498E+00  0.259296E+06  0.257957E+06  0.000000E+00  0.000000E+00  0.000000E+00  0.259073E+06
  0.504022E+00  0.246418E+06  0.245153E+06  0.000000E+00  0.000000E+00  0.000000E+00  0.246207E+06
  0.521106E+00  0.234130E+06  0.232932E+06  0.000000E+00  0.000000E+00  0.000000E+00  0.233930E+06
  0.538769E+00  0.222238E+06  0.221097E+06  0.000000E+00  0.000000E+00  0.000000E+00  0.222048E+06
  0.557030E+00  0.210943E+06  0.209858E+06  0.000000E+00  0.000000E+00  0.000000E+00  0.210763E+06
  0.575911E+00  0.200293E+06  0.199266E+06  0.000000E+00  0.000000E+00  0.000000E+00  0.200122E+06
  0.595431E+00  0.190106E+06  0.189132E+06  0.000000E+00  0.000000E+00  0.000000E+00  0.189944E+06
  0.615614E+00  0.180370E+06  0.179443E+06  0.000000E+00  0.000000E+00  0.000000E+00  0.180215E+06
  0.636481E+00  0.171147E+06  0.170269E+06  0.000000E+00  0.000000E+00  0.000000E+00  0.171001E+06
  0.658054E+00  0.162372E+06  0.161539E+06  0.000000E+00  0.000000E+00  0.000000E+00  0.162233E+06
  0.680359E+00  0.154005E+06  0.153215E+06  0.000000E+00  0.000000E+00  0.000000E+00  0.153874E+06
  0.703419E+00  0.146062E+06  0.145313E+06  0.000000E+00  0.000000E+00  0.000000E+00  0.145937E+06
  0.727262E+00  0.138508E+06  0.137797E+06  0.000000E+00  0.000000E+00  0.000000E+00  0.138389E+06
  0.751912E+00  0.131322E+06  0.130648E+06  0.000000E+00  0.000000E+00  0.000000E+00  0.131210E+06
  0.777399E+00  0.124495E+06  0.123857E+06  0.000000E+00  0.000000E+00  0.000000E+00  0.124389E+06
  0.803749E+00  0.118005E+06  0.117400E+06  0.000000E+00  0.000000E+00  0.000000E+00  0.117905E+06
  0.830992E+00  0.111840E+06  0.111266E+06  0.000000E+00  0.000000E+00  0.000000E+00  0.111744E+06
  0.859158E+00  0.105983E+06  0.105439E+06  0.000000E+00  0.000000E+00  0.000000E+00  0.105892E+06
  0.888280E+00  0.100419E+06  0.999046E+05  0.000000E+00  0.000000E+00  0.000000E+00  0.100334E+06
  0.918388E+00  0.951370E+05  0.946492E+05  0.000000E+00  0.000000E+00  0.000000E+00  0.950557E+05
  0.949517E+00  0.901211E+05  0.896591E+05  0.000000E+00  0.000000E+00  0.000000E+00  0.900441E+05
  0.981700E+00  0.853597E+05  0.849221E+05  0.000000E+00  0.000000E+00  0.000000E+00  0.852868E+05
  0.101498E+01  0.808395E+05  0.804251E+05  0.000000E+00  0.000000E+00  0.000000E+00  0.807705E+05
  0.104938E+01  0.765495E+05  0.761571E+05  0.000000E+00  0.000000E+00  0.000000E+00  0.764841E+05
  0.108495E+01  0.724787E+05  0.721072E+05  0.000000E+00  0.000000E+00  0.000000E+00  0.724168E+05
  0.112172E+01  0.686163E+05  0.682645E+05  0.000000E+00  0.000000E+00  0.000000E+00  0.685576E+05
  0.115974E+01  0.649528E+05  0.646199E+05  0.000000E+00  0.000000E+00  0.000000E+00  0.648973E+05
  0.119905E+01  0.614780E+05  0.611629E+05  0.000000E+00  0.000000E+00  0.000000E+00  0.614255E+05
  0.123969E+01  0.581830E+05  0.578848E+05  0.000000E+00  0.000000E+00  0.000000E+00  0.581333E+05
  0.128171E+01  0.550583E+05  0.547762E+05  0.000000E+00  0.000000E+00  0.000000E+00  0.550113E+05
  0.132516E+01  0.520962E+05  0.518292E+05  0.000000E+00  0.000000E+00  0.000000E+00  0.520517E+05
  0.137007E+01  0.492883E+05  0.490357E+05  0.000000E+00  0.000000E+00  0.000000E+00  0.492462E+05
  0.141651E+01  0.466269E+05  0.463879E+05  0.000000E+00  0.000000E+00  0.000000E+00  0.465871E+05
  0.146453E+01  0.441046E+05  0.438786E+05  0.000000E+00  0.000000E+00  0.000000E+00  0.440669E+05
  0.151417E+01  0.417146E+05  0.415009E+05  0.000000E+00  0.000000E+00  0.000000E+00  0.416790E+05
  0.156549E+01  0.394499E+05  0.392478E+05  0.000000E+00  0.000000E+00  0.000000E+00  0.394162E+05
  0.161855E+01  0.373049E+05  0.371137E+05  0.000000E+00  0.000000E+00  0.000000E+00  0.372730E+05
  0.167341E+01  0.352732E+05  0.350924E+05  0.000000E+00  0.000000E+00  0.000000E+00  0.352430E+05
  0.173013E+01  0.333491E+05  0.331782E+05  0.000000E+00  0.000000E+00  0.000000E+00  0.333206E+05
  0.178878E+01  0.315269E+05  0.313654E+05  0.000000E+00  0.000000E+00  0.000000E+00  0.315000E+05
  0.184941E+01  0.298015E+05  0.296488E+05  0.000000E+00  0.000000E+00  0.000000E+00  0.297761E+05
  0.191209E+01  0.281681E+05  0.280238E+05  0.000000E+00  0.000000E+00  0.000000E+00  0.281440E+05
  0.197690E+01  0.266217E+05  0.264853E+05  0.000000E+00  0.000000E+00  0.000000E+00  0.265990E+05
  0.204391E+01  0.251580E+05  0.250291E+05  0.000000E+00  0.000000E+00  0.000000E+00  0.251366E+05
  0.211319E+01  0.237728E+05  0.236510E+05  0.000000E+00  0.000000E+00  0.000000E+00  0.237525E+05
  0.218481E+01  0.224621E+05  0.223470E+05  0.000000E+00  0.000000E+00  0.000000E+00  0.224429E+05
  0.225887E+01  0.212218E+05  0.211130E+05  0.000000E+00  0.000000E+00  0.000000E+00  0.212036E+05
  0.233543E+01  0.200483E+05  0.199456E+05  0.000000E+00  0.000000E+00  0.000000E+00  0.200312E+05
  0.241459E+01  0.189382E+05  0.188411E+05  0.000000E+00  0.000000E+00  0.000000E+00  0.189220E+05
  0.249644E+01  0.178880E+05  0.177963E+05  0.000000E+00  0.000000E+00  0.000000E+00  0.178727E+05
  0.258105E+01  0.168947E+05  0.168082E+05  0.000000E+00  0.000000E+00  0.000000E+00  0.168803E+05
  0.266854E+01  0.159555E+05  0.158737E+05  0.000000E+00  0.000000E+00  0.000000E+00  0.159418E+05
  0.275899E+01  0.150672E+05  0.149900E+05  0.000000E+00  0.000000E+00  0.000000E+00  0.150543E+05
  0.285251E+01  0.142273E+05  0.141544E+05  0.000000E+00  0.000000E+00  0.000000E+00  0.142152E+05
  0.294919E+01  0.134333E+05  0.133645E+05  0.000000E+00  0.000000E+00  0.000000E+00  0.134218E+05
  0.304916E+01  0.126826E+05  0.126176E+05  0.000000E+00  0.000000E+00  0.000000E+00  0.126717E+05
  0.315251E+01  0.119729E+05  0.119116E+05  0.000000E+00  0.000000E+00  0.000000E+00  0.119627E+05
  0.325936E+01  0.113022E+05  0.112442E+05  0.000000E+00  0.000000E+00  0.000000E+00  0.112925E+05
  0.336984E+01  0.106683E+05  0.106136E+05  0.000000E+00  0.000000E+00  0.000000E+00  0.106592E+05
  0.348406E+01  0.100693E+05  0.100176E+05  0.000000E+00  0.000000E+00  0.000000E+00  0.100607E+05
  0.360215E+01  0.950323E+04  0.945450E+04  0.000000E+00  0.000000E+00  0.000000E+00  0.949511E+04
  0.372425E+01  0.896836E+04  0.892237E+04  0.000000E+00  0.000000E+00  0.000000E+00  0.896069E+04
  0.385048E+01  0.846302E+04  0.841962E+04  0.000000E+00  0.000000E+00  0.000000E+00  0.845579E+04
  0.398099E+01  0.798563E+04  0.794467E+04  0.000000E+00  0.000000E+00  0.000000E+00  0.797880E+04
  0.411593E+01  0.753470E+04  0.749606E+04  0.000000E+00  0.000000E+00  0.000000E+00  0.752826E+04
  0.425544E+01  0.710878E+04  0.707231E+04  0.000000E+00  0.000000E+00  0.000000E+00  0.710270E+04
  0.439968E+01  0.670650E+04  0.667209E+04  0.000000E+00  0.000000E+00  0.000000E+00  0.670076E+04
  0.454881E+01  0.632656E+04  0.629410E+04  0.000000E+00  0.000000E+00  0.000000E+00  0.632115E+04
  0.470299E+01  0.596778E+04  0.593715E+04  0.000000E+00  0.000000E+00  0.000000E+00  0.596267E+04
  0.486240E+01  0.562902E+04  0.560013E+04  0.000000E+00  0.000000E+00  0.000000E+00  0.562421E+04
  0.502721E+01  0.530917E+04  0.528192E+04  0.000000E+00  0.000000E+00  0.000000E+00  0.530463E+04
  0.519761E+01  0.500720E+04  0.498149E+04  0.000000E+00  0.000000E+00  0.000000E+00  0.500291E+04
  0.537378E+01  0.472210E+04  0.469785E+04  0.000000E+00  0.000000E+00  0.000000E+00  0.471806E+04
  0.555592E+01  0.445299E+04  0.443012E+04  0.000000E+00  0.000000E+00  0.000000E+00  0.444918E+04
  0.574424E+01  0.419898E+04  0.417741E+04  0.000000E+00  0.000000E+00  0.000000E+00  0.419538E+04
  0.593894E+01  0.395924E+04  0.393889E+04  0.000000E+00  0.000000E+00  0.000000E+00  0.395585E+04
  0.614025E+01  0.373295E+04  0.371376E+04  0.000000E+00  0.000000E+00  0.000000E+00  0.372975E+04
  0.634837E+01  0.351941E+04  0.350132E+04  0.000000E+00  0.000000E+00  0.000000E+00  0.351639E+04
  0.656355E+01  0.331791E+04  0.330084E+04  0.000000E+00  0.000000E+00  0.000000E+00  0.331506E+04
  0.678602E+01  0.312778E+04  0.311169E+04  0.000000E+00  0.000000E+00  0.000000E+00  0.312510E+04
  0.701603E+01  0.294838E+04  0.293321E+04  0.000000E+00  0.000000E+00  0.000000E+00  0.294585E+04
  0.725384E+01  0.277913E+04  0.276482E+04  0.000000E+00  0.000000E+00  0.000000E+00  0.277674E+04
  0.749971E+01  0.261945E+04  0.260596E+04  0.000000E+00  0.000000E+00  0.000000E+00  0.261720E+04
  0.775392E+01  0.246883E+04  0.245611E+04  0.000000E+00  0.000000E+00  0.000000E+00  0.246671E+04
  0.801674E+01  0.232675E+04  0.231476E+04  0.000000E+00  0.000000E+00  0.000000E+00  0.232475E+04
  0.828847E+01  0.219273E+04  0.218142E+04  0.000000E+00  0.000000E+00  0.000000E+00  0.219084E+04
  0.856940E+01  0.206633E+04  0.205567E+04  0.000000E+00  0.000000E+00  0.000000E+00  0.206455E+04
  0.885987E+01  0.194712E+04  0.193707E+04  0.000000E+00  0.000000E+00  0.000000E+00  0.194545E+04
  0.916017E+01  0.183470E+04  0.182523E+04  0.000000E+00  0.000000E+00  0.000000E+00  0.183312E+04
  0.947066E+01  0.172869E+04  0.171975E+04  0.000000E+00  0.000000E+00  0.000000E+00  0.172720E+04
  0.979166E+01  0.162873E+04  0.162030E+04  0.000000E+00  0.000000E+00  0.000000E+00  0.162732E+04
  0.101236E+02  0.153447E+04  0.152653E+04  0.000000E+00  0.000000E+00  0.000000E+00  0.153314E+04
  0.104667E+02  0.144560E+04  0.143811E+04  0.000000E+00  0.000000E+00  0.000000E+00  0.144435E+04
  0.108215E+02  0.136182E+04  0.135476E+04  0.000000E+00  0.000000E+00  0.000000E+00  0.136064E+04
  0.111883E+02  0.128283E+04  0.127618E+04  0.000000E+00  0.000000E+00  0.000000E+00  0.128172E+04
  0.115675E+02  0.120837E+04  0.120210E+04  0.000000E+00  0.000000E+00  0.000000E+00  0.120732E+04
  0.119596E+02  0.113818E+04  0.113227E+04  0.000000E+00  0.000000E+00  0.000000E+00  0.113720E+04
  0.123649E+02  0.107202E+04  0.106645E+04  0.000000E+00  0.000000E+00  0.000000E+00  0.107109E+04
  0.127841E+02  0.100966E+04  0.100441E+04  0.000000E+00  0.000000E+00  0.000000E+00  0.100879E+04
  0.132174E+02  0.950896E+03  0.945939E+03  0.000000E+00  0.000000E+00  0.000000E+00  0.950070E+03
  0.136654E+02  0.895509E+03  0.890835E+03  0.000000E+00  0.000000E+00  0.000000E+00  0.894730E+03
  0.141286E+02  0.843312E+03  0.838904E+03  0.000000E+00  0.000000E+00  0.000000E+00  0.842577E+03
  0.146075E+02  0.794125E+03  0.789968E+03  0.000000E+00  0.000000E+00  0.000000E+00  0.793432E+03
  0.151026E+02  0.747777E+03  0.743857E+03  0.000000E+00  0.000000E+00  0.000000E+00  0.747123E+03
  0.156145E+02  0.704102E+03  0.700405E+03  0.000000E+00  0.000000E+00  0.000000E+00  0.703486E+03
  0.161437E+02  0.662955E+03  0.659468E+03  0.000000E+00  0.000000E+00  0.000000E+00  0.662373E+03
  0.166909E+02  0.624185E+03  0.620896E+03  0.000000E+00  0.000000E+00  0.000000E+00  0.623637E+03
  0.172567E+02  0.587660E+03  0.584557E+03  0.000000E+00  0.000000E+00  0.000000E+00  0.587143E+03
  0.178416E+02  0.553251E+03  0.550323E+03  0.000000E+00  0.000000E+00  0.000000E+00  0.552763E+03
  0.184463E+02  0.520835E+03  0.518073E+03  0.000000E+00  0.000000E+00  0.000000E+00  0.520375E+03
  0.190716E+02  0.490301E+03  0.487694E+03  0.000000E+00  0.000000E+00  0.000000E+00  0.489866E+03
  0.197180E+02  0.461539E+03  0.459079E+03  0.000000E+00  0.000000E+00  0.000000E+00  0.461129E+03
  0.203863E+02  0.434447E+03  0.432125E+03  0.000000E+00  0.000000E+00  0.000000E+00  0.434060E+03
  0.210773E+02  0.408930E+03  0.406738E+03  0.000000E+00  0.000000E+00  0.000000E+00  0.408565E+03
  0.217917E+02  0.384898E+03  0.382828E+03  0.000000E+00  0.000000E+00  0.000000E+00  0.384553E+03
  0.225304E+02  0.362265E+03  0.360310E+03  0.000000E+00  0.000000E+00  0.000000E+00  0.361939E+03
  0.232941E+02  0.340950E+03  0.339104E+03  0.000000E+00  0.000000E+00  0.000000E+00  0.340642E+03
  0.240836E+02  0.320877E+03  0.319133E+03  0.000000E+00  0.000000E+00  0.000000E+00  0.320586E+03
  0.248999E+02  0.301975E+03  0.300327E+03  0.000000E+00  0.000000E+00  0.000000E+00  0.301700E+03
  0.257439E+02  0.284176E+03  0.282619E+03  0.000000E+00  0.000000E+00  0.000000E+00  0.283916E+03
  0.266165E+02  0.267417E+03  0.265945E+03  0.000000E+00  0.000000E+00  0.000000E+00  0.267172E+03
  0.275187E+02  0.251637E+03  0.250245E+03  0.000000E+00  0.000000E+00  0.000000E+00  0.251405E+03
  0.284514E+02  0.236781E+03  0.235464E+03  0.000000E+00  0.000000E+00  0.000000E+00  0.236561E+03
  0.294158E+02  0.222793E+03  0.221548E+03  0.000000E+00  0.000000E+00  0.000000E+00  0.222585E+03
  0.304128E+02  0.209624E+03  0.208446E+03  0.000000E+00  0.000000E+00  0.000000E+00  0.209428E+03
  0.314437E+02  0.197227E+03  0.196112E+03  0.000000E+00  0.000000E+00  0.000000E+00  0.197041E+03
  0.325095E+02  0.185557E+03  0.184500E+03  0.000000E+00  0.000000E+00  0.000000E+00  0.185381E+03
  0.336114E+02  0.174571E+03  0.173570E+03  0.000000E+00  0.000000E+00  0.000000E+00  0.174404E+03
  0.347507E+02  0.164230E+03  0.163281E+03  0.000000E+00  0.000000E+00  0.000000E+00  0.164072E+03
  0.359285E+02  0.154496E+03  0.153597E+03  0.000000E+00  0.000000E+00  0.000000E+00  0.154346E+03
  0.371463E+02  0.145334E+03  0.144481E+03  0.000000E+00  0.000000E+00  0.000000E+00  0.145192E+03
  0.384054E+02  0.136711E+03  0.135901E+03  0.000000E+00  0.000000E+00  0.000000E+00  0.136576E+03
  0.397072E+02  0.128595E+03  0.127826E+03  0.000000E+00  0.000000E+00  0.000000E+00  0.128466E+03
  0.410530E+02  0.120956E+03  0.120226E+03  0.000000E+00  0.000000E+00  0.000000E+00  0.120835E+03
  0.424445E+02  0.113768E+03  0.113074E+03  0.000000E+00  0.000000E+00  0.000000E+00  0.113652E+03
  0.438832E+02  0.107003E+03  0.106343E+03  0.000000E+00  0.000000E+00  0.000000E+00  0.106893E+03
  0.453706E+02  0.100636E+03  0.100009E+03  0.000000E+00  0.000000E+00  0.000000E+00  0.100532E+03
  0.469085E+02  0.946457E+02  0.940479E+02  0.000000E+00  0.000000E+00  0.000000E+00  0.945461E+02
  0.484984E+02  0.890084E+02  0.884389E+02  0.000000E+00  0.000000E+00  0.000000E+00  0.889135E+02
  0.501423E+02  0.837038E+02  0.831609E+02  0.000000E+00  0.000000E+00  0.000000E+00  0.836133E+02
  0.518419E+02  0.787127E+02  0.781947E+02  0.000000E+00  0.000000E+00  0.000000E+00  0.786263E+02
  0.535990E+02  0.740167E+02  0.735222E+02  0.000000E+00  0.000000E+00  0.000000E+00  0.739343E+02
  0.554158E+02  0.695983E+02  0.691258E+02  0.000000E+00  0.000000E+00  0.000000E+00  0.695195E+02
  0.572942E+02  0.654412E+02  0.649894E+02  0.000000E+00  0.000000E+00  0.000000E+00  0.653659E+02
  0.592361E+02  0.615303E+02  0.610980E+02  0.000000E+00  0.000000E+00  0.000000E+00  0.614583E+02
  0.612440E+02  0.578509E+02  0.574368E+02  0.000000E+00  0.000000E+00  0.000000E+00  0.577819E+02
  0.633198E+02  0.543896E+02  0.539927E+02  0.000000E+00  0.000000E+00  0.000000E+00  0.543234E+02
  0.654661E+02  0.511333E+02  0.507525E+02  0.000000E+00  0.000000E+00  0.000000E+00  0.510698E+02
  0.676850E+02  0.480702E+02  0.477045E+02  0.000000E+00  0.000000E+00  0.000000E+00  0.480092E+02
  0.699792E+02  0.451888E+02  0.448373E+02  0.000000E+00  0.000000E+00  0.000000E+00  0.451302E+02
  0.723511E+02  0.424785E+02  0.421404E+02  0.000000E+00  0.000000E+00  0.000000E+00  0.424221E+02
  0.748035E+02  0.399290E+02  0.396034E+02  0.000000E+00  0.000000E+00  0.000000E+00  0.398747E+02
  0.773390E+02  0.375311E+02  0.372173E+02  0.000000E+00  0.000000E+00  0.000000E+00  0.374788E+02
  0.799604E+02  0.352756E+02  0.349728E+02  0.000000E+00  0.000000E+00  0.000000E+00  0.352251E+02
  0.826706E+02  0.331543E+02  0.328619E+02  0.000000E+00  0.000000E+00  0.000000E+00  0.331056E+02
  0.854728E+02  0.311591E+02  0.308764E+02  0.000000E+00  0.000000E+00  0.000000E+00  0.311120E+02
  0.883699E+02  0.292827E+02  0.290091E+02  0.000000E+00  0.000000E+00  0.000000E+00  0.292371E+02
  0.913652E+02  0.275180E+02  0.272530E+02  0.000000E+00  0.000000E+00  0.000000E+00  0.274738E+02
  0.944620E+02  0.258584E+02  0.256014E+02  0.000000E+00  0.000000E+00  0.000000E+00  0.258156E+02
  0.976639E+02  0.242976E+02  0.240481E+02  0.000000E+00  0.000000E+00  0.000000E+00  0.242560E+02
  0.100974E+03  0.228299E+02  0.225875E+02  0.000000E+00  0.000000E+00  0.000000E+00  0.227895E+02
  0.104397E+03  0.214498E+02  0.212140E+02  0.000000E+00  0.000000E+00  0.000000E+00  0.214105E+02
  0.107935E+03  0.201520E+02  0.199225E+02  0.000000E+00  0.000000E+00  0.000000E+00  0.201137E+02
  0.111594E+03  0.189316E+02  0.187079E+02  0.000000E+00  0.000000E+00  0.000000E+00  0.188943E+02
  0.115376E+03  0.177841E+02  0.175659E+02  0.000000E+00  0.000000E+00  0.000000E+00  0.177478E+02
  0.119287E+03  0.167052E+02  0.164922E+02  0.000000E+00  0.000000E+00  0.000000E+00  0.166697E+02
  0.123330E+03  0.156908E+02  0.154826E+02  0.000000E+00  0.000000E+00  0.000000E+00  0.156561E+02
  0.127510E+03  0.147369E+02  0.145333E+02  0.000000E+00  0.000000E+00  0.000000E+00  0.147030E+02
  0.131832E+03  0.138402E+02  0.136408E+02  0.000000E+00  0.000000E+00  0.000000E+00  0.138069E+02
  0.136301E+03  0.129970E+02  0.128017E+02  0.000000E+00  0.000000E+00  0.000000E+00  0.129645E+02
  0.140921E+03  0.122044E+02  0.120129E+02  0.000000E+00  0.000000E+00  0.000000E+00  0.121725E+02
  0.145697E+03  0.114592E+02  0.112713E+02  0.000000E+00  0.000000E+00  0.000000E+00  0.114279E+02
  0.150636E+03  0.107587E+02  0.105741E+02  0.000000E+00  0.000000E+00  0.000000E+00  0.107279E+02
  0.155742E+03  0.101002E+02  0.991878E+01  0.000000E+00  0.000000E+00  0.000000E+00  0.100699E+02
  0.161021E+03  0.948110E+01  0.930273E+01  0.000000E+00  0.000000E+00  0.000000E+00  0.945137E+01
  0.166478E+03  0.889919E+01  0.872368E+01  0.000000E+00  0.000000E+00  0.000000E+00  0.886994E+01
  0.172121E+03  0.835223E+01  0.817943E+01  0.000000E+00  0.000000E+00  0.000000E+00  0.832343E+01
  0.177955E+03  0.783812E+01  0.766789E+01  0.000000E+00  0.000000E+00  0.000000E+00  0.780975E+01
  0.183987E+03  0.735487E+01  0.718710E+01  0.000000E+00  0.000000E+00  0.000000E+00  0.732691E+01
  0.190223E+03  0.690069E+01  0.673527E+01  0.000000E+00  0.000000E+00  0.000000E+00  0.687312E+01
  0.196671E+03  0.647383E+01  0.631066E+01  0.000000E+00  0.000000E+00  0.000000E+00  0.644664E+01
  0.203337E+03  0.607269E+01  0.591167E+01  0.000000E+00  0.000000E+00  0.000000E+00  0.604585E+01
