    0.10630E-04    0.24780E+02
    0.10991E-04    0.25620E+02
    0.11363E-04    0.26488E+02
    0.11748E-04    0.27386E+02
    0.12147E-04    0.28314E+02
    0.12558E-04    0.29274E+02
    0.12984E-04    0.30266E+02
    0.13424E-04    0.31292E+02
    0.13879E-04    0.32352E+02
    0.14349E-04    0.33449E+02
    0.14836E-04    0.34583E+02
    0.15339E-04    0.35755E+02
    0.15859E-04    0.36967E+02
    0.16396E-04    0.38220E+02
    0.16952E-04    0.39515E+02
    0.17526E-04    0.40854E+02
    0.18120E-04    0.42239E+02
    0.18735E-04    0.43671E+02
    0.19370E-04    0.45151E+02
    0.20026E-04    0.46681E+02
    0.20705E-04    0.48264E+02
    0.21407E-04    0.49900E+02
    0.22132E-04    0.51591E+02
    0.22883E-04    0.53340E+02
    0.23658E-04    0.55147E+02
    0.24460E-04    0.57017E+02
    0.25289E-04    0.58949E+02
    0.26146E-04    0.60947E+02
    0.27033E-04    0.63013E+02
    0.27949E-04    0.65149E+02
    0.28896E-04    0.67357E+02
    0.29876E-04    0.69640E+02
    0.30888E-04    0.72000E+02
    0.31935E-04    0.74440E+02
    0.33018E-04    0.76963E+02
    0.34137E-04    0.79572E+02
    0.35294E-04    0.82269E+02
    0.36490E-04    0.85057E+02
    0.37727E-04    0.87940E+02
    0.39006E-04    0.90921E+02
    0.40328E-04    0.94002E+02
    0.41695E-04    0.97188E+02
    0.43108E-04    0.10048E+03
    0.44569E-04    0.10389E+03
    0.46080E-04    0.10741E+03
    0.47642E-04    0.11105E+03
    0.49257E-04    0.11481E+03
    0.50926E-04    0.11870E+03
    0.52652E-04    0.12273E+03
    0.54437E-04    0.12689E+03
    0.56282E-04    0.13119E+03
    0.58190E-04    0.13563E+03
    0.60162E-04    0.14023E+03
    0.62201E-04    0.14498E+03
    0.64310E-04    0.14989E+03
    0.66489E-04    0.15497E+03
    0.68743E-04    0.16022E+03
    0.71073E-04    0.16565E+03
    0.73482E-04    0.17127E+03
    0.75973E-04    0.17707E+03
    0.78548E-04    0.18307E+03
    0.81210E-04    0.18927E+03
    0.83963E-04    0.19569E+03
    0.86809E-04    0.20232E+03
    0.89751E-04    0.20917E+03
    0.92793E-04    0.21626E+03
    0.95939E-04    0.22359E+03
    0.99190E-04    0.23116E+03
    0.10255E-03    0.23899E+03
    0.10603E-03    0.24709E+03
    0.10962E-03    0.25546E+03
    0.11334E-03    0.26412E+03
    0.11718E-03    0.27306E+03
    0.12115E-03    0.28231E+03
    0.12526E-03    0.29187E+03
    0.12950E-03    0.30176E+03
    0.13389E-03    0.31198E+03
    0.13843E-03    0.32254E+03
    0.14312E-03    0.33346E+03
    0.14797E-03    0.34476E+03
    0.15299E-03    0.35643E+03
    0.15818E-03    0.36850E+03
    0.16354E-03    0.38097E+03
    0.16908E-03    0.39387E+03
    0.17481E-03    0.40720E+03
    0.18074E-03    0.42098E+03
    0.18686E-03    0.43523E+03
    0.19320E-03    0.44995E+03
    0.19975E-03    0.46518E+03
    0.20652E-03    0.48091E+03
    0.21352E-03    0.49718E+03
    0.22075E-03    0.51399E+03
    0.22823E-03    0.53137E+03
    0.23597E-03    0.54934E+03
    0.24397E-03    0.56791E+03
    0.25224E-03    0.58710E+03
    0.26079E-03    0.60694E+03
    0.26963E-03    0.62744E+03
    0.27877E-03    0.64863E+03
    0.28822E-03    0.67054E+03
    0.29798E-03    0.69317E+03
    0.30808E-03    0.71657E+03
    0.31853E-03    0.74075E+03
    0.32932E-03    0.76573E+03
    0.34049E-03    0.79155E+03
    0.35203E-03    0.81824E+03
    0.36396E-03    0.84581E+03
    0.37630E-03    0.87430E+03
    0.38905E-03    0.90373E+03
    0.40224E-03    0.93415E+03
    0.41587E-03    0.96558E+03
    0.42997E-03    0.99804E+03
    0.44454E-03    0.10316E+04
    0.45961E-03    0.10662E+04
    0.47519E-03    0.11020E+04
    0.49129E-03    0.11390E+04
    0.50795E-03    0.11772E+04
    0.52516E-03    0.12166E+04
    0.54296E-03    0.12574E+04
    0.56137E-03    0.12994E+04
    0.58039E-03    0.13429E+04
    0.60007E-03    0.13877E+04
    0.62041E-03    0.14340E+04
    0.64144E-03    0.14818E+04
    0.66318E-03    0.15312E+04
    0.68566E-03    0.15822E+04
    0.70890E-03    0.16347E+04
    0.73292E-03    0.16890E+04
    0.75777E-03    0.17450E+04
    0.78345E-03    0.18028E+04
    0.81001E-03    0.18625E+04
    0.83746E-03    0.19240E+04
    0.86585E-03    0.19875E+04
    0.89520E-03    0.20530E+04
    0.92554E-03    0.21205E+04
    0.95691E-03    0.21901E+04
    0.98934E-03    0.22619E+04
    0.10229E-02    0.23359E+04
    0.10575E-02    0.24122E+04
    0.10934E-02    0.24909E+04
    0.11305E-02    0.25719E+04
    0.11688E-02    0.26554E+04
    0.12084E-02    0.27414E+04
    0.12493E-02    0.28301E+04
    0.12917E-02    0.29213E+04
    0.13355E-02    0.30153E+04
    0.13807E-02    0.31120E+04
    0.14275E-02    0.32116E+04
    0.14759E-02    0.33141E+04
    0.15260E-02    0.34195E+04
    0.15777E-02    0.35279E+04
    0.16312E-02    0.36394E+04
    0.16864E-02    0.37541E+04
    0.17436E-02    0.38719E+04
    0.18027E-02    0.39931E+04
    0.18638E-02    0.41175E+04
    0.19270E-02    0.42452E+04
    0.19923E-02    0.43764E+04
    0.20598E-02    0.45111E+04
    0.21296E-02    0.46493E+04
    0.22018E-02    0.47910E+04
    0.22765E-02    0.49364E+04
    0.23536E-02    0.50853E+04
    0.24334E-02    0.52380E+04
    0.25159E-02    0.53944E+04
    0.26011E-02    0.55545E+04
    0.26893E-02    0.57183E+04
    0.27805E-02    0.58859E+04
    0.28747E-02    0.60573E+04
    0.29722E-02    0.62325E+04
    0.30729E-02    0.64115E+04
    0.31771E-02    0.65943E+04
    0.32847E-02    0.67808E+04
    0.33961E-02    0.69710E+04
    0.35112E-02    0.71649E+04
    0.36302E-02    0.73625E+04
    0.37532E-02    0.75636E+04
    0.38805E-02    0.77683E+04
    0.40120E-02    0.79764E+04
    0.41480E-02    0.81879E+04
    0.42886E-02    0.84027E+04
    0.44339E-02    0.86206E+04
    0.45842E-02    0.88415E+04
    0.47396E-02    0.90652E+04
    0.49003E-02    0.92917E+04
    0.50663E-02    0.95207E+04
    0.52381E-02    0.97521E+04
    0.54156E-02    0.99856E+04
    0.55992E-02    0.10221E+05
    0.57890E-02    0.10458E+05
    0.59852E-02    0.10696E+05
    0.61881E-02    0.10936E+05
    0.63978E-02    0.11176E+05
    0.66146E-02    0.11417E+05
    0.68389E-02    0.11657E+05
    0.70707E-02    0.11898E+05
    0.73103E-02    0.12138E+05
    0.75581E-02    0.12376E+05
    0.78143E-02    0.12613E+05
    0.80791E-02    0.12848E+05
    0.83530E-02    0.13080E+05
    0.86361E-02    0.13309E+05
    0.89288E-02    0.13534E+05
    0.92315E-02    0.13755E+05
    0.95444E-02    0.13971E+05
    0.98679E-02    0.14181E+05
    0.10202E-01    0.14384E+05
    0.10548E-01    0.14581E+05
    0.10906E-01    0.14770E+05
    0.11275E-01    0.14950E+05
    0.11658E-01    0.15120E+05
    0.12053E-01    0.15281E+05
    0.12461E-01    0.15430E+05
    0.12884E-01    0.15567E+05
    0.13320E-01    0.15692E+05
    0.13772E-01    0.15802E+05
    0.14239E-01    0.15898E+05
    0.14721E-01    0.15979E+05
    0.15220E-01    0.16043E+05
    0.15736E-01    0.16090E+05
    0.16269E-01    0.16118E+05
    0.16821E-01    0.16128E+05
    0.17391E-01    0.16118E+05
    0.17980E-01    0.16088E+05
    0.18590E-01    0.16036E+05
    0.19220E-01    0.15964E+05
    0.19872E-01    0.15869E+05
    0.20545E-01    0.15752E+05
    0.21241E-01    0.15613E+05
    0.21961E-01    0.15452E+05
    0.22706E-01    0.15268E+05
    0.23475E-01    0.15063E+05
    0.24271E-01    0.14837E+05
    0.25094E-01    0.14590E+05
    0.25944E-01    0.14324E+05
    0.26824E-01    0.14040E+05
    0.27733E-01    0.13739E+05
    0.28673E-01    0.13424E+05
    0.29645E-01    0.13096E+05
    0.30650E-01    0.12757E+05
    0.31689E-01    0.12411E+05
    0.32763E-01    0.12059E+05
    0.33873E-01    0.11837E+05
    0.35021E-01    0.11488E+05
    0.36208E-01    0.11131E+05
    0.37436E-01    0.10778E+05
    0.38704E-01    0.10434E+05
    0.40016E-01    0.10100E+05
    0.41373E-01    0.97811E+04
    0.42775E-01    0.94783E+04
    0.44225E-01    0.91154E+04
    0.45724E-01    0.88503E+04
    0.47274E-01    0.86049E+04
    0.48876E-01    0.83785E+04
    0.50533E-01    0.81699E+04
    0.52246E-01    0.79774E+04
    0.54016E-01    0.78409E+04
    0.55847E-01    0.76727E+04
    0.57740E-01    0.75132E+04
    0.59697E-01    0.73591E+04
    0.61721E-01    0.72063E+04
    0.63813E-01    0.70203E+04
    0.65976E-01    0.68529E+04
    0.68212E-01    0.66699E+04
    0.70524E-01    0.64667E+04
    0.72914E-01    0.62502E+04
    0.75386E-01    0.60051E+04
    0.77941E-01    0.57408E+04
    0.80583E-01    0.54606E+04
    0.83314E-01    0.51689E+04
    0.86138E-01    0.48714E+04
    0.89058E-01    0.45759E+04
    0.92077E-01    0.42918E+04
    0.95197E-01    0.40290E+04
    0.98424E-01    0.37958E+04
    0.10176E+00    0.35970E+04
    0.10521E+00    0.34331E+04
    0.10878E+00    0.33009E+04
    0.11246E+00    0.31935E+04
    0.11627E+00    0.31027E+04
    0.12022E+00    0.30196E+04
    0.12429E+00    0.29339E+04
    0.12850E+00    0.28347E+04
    0.13286E+00    0.27139E+04
    0.13736E+00    0.25699E+04
    0.14202E+00    0.24081E+04
    0.14683E+00    0.22386E+04
    0.15181E+00    0.20734E+04
    0.15695E+00    0.19238E+04
    0.16227E+00    0.17985E+04
    0.16777E+00    0.17015E+04
    0.17346E+00    0.16299E+04
    0.17934E+00    0.15740E+04
    0.18542E+00    0.15208E+04
    0.19170E+00    0.14582E+04
    0.19820E+00    0.13803E+04
    0.20492E+00    0.12889E+04
    0.21187E+00    0.11924E+04
    0.21905E+00    0.11023E+04
    0.22647E+00    0.10280E+04
    0.23415E+00    0.97163E+03
    0.24208E+00    0.92792E+03
    0.25029E+00    0.88776E+03
    0.25877E+00    0.84171E+03
    0.26754E+00    0.78735E+03
    0.27661E+00    0.72994E+03
    0.28599E+00    0.67725E+03
    0.29568E+00    0.63440E+03
    0.30570E+00    0.60017E+03
    0.31607E+00    0.56866E+03
    0.32678E+00    0.53467E+03
    0.33786E+00    0.49790E+03
    0.34931E+00    0.46274E+03
    0.36115E+00    0.43262E+03
    0.37339E+00    0.40700E+03
    0.38604E+00    0.38251E+03
    0.39913E+00    0.35723E+03
    0.41266E+00    0.33246E+03
    0.42665E+00    0.31036E+03
    0.44111E+00    0.29071E+03
    0.45606E+00    0.27190E+03
    0.47152E+00    0.25339E+03
    0.48750E+00    0.23612E+03
    0.50402E+00    0.22047E+03
    0.52111E+00    0.20578E+03
    0.53877E+00    0.19169E+03
    0.55703E+00    0.17856E+03
    0.57591E+00    0.16644E+03
    0.59543E+00    0.15502E+03
    0.61561E+00    0.14428E+03
    0.63648E+00    0.13430E+03
    0.65805E+00    0.12498E+03
    0.68036E+00    0.11624E+03
    0.70342E+00    0.10811E+03
    0.72726E+00    0.10051E+03
    0.75191E+00    0.93413E+02
    0.77740E+00    0.86799E+02
    0.80375E+00    0.80628E+02
    0.83099E+00    0.74878E+02
    0.85916E+00    0.69520E+02
    0.88828E+00    0.64528E+02
    0.91839E+00    0.59881E+02
    0.94952E+00    0.55555E+02
    0.98170E+00    0.51529E+02
    0.10150E+01    0.47782E+02
    0.10494E+01    0.44298E+02
    0.10849E+01    0.41058E+02
    0.11217E+01    0.38046E+02
    0.11597E+01    0.35247E+02
    0.11991E+01    0.32647E+02
    0.12397E+01    0.30232E+02
    0.12817E+01    0.27990E+02
    0.13252E+01    0.25909E+02
    0.13701E+01    0.23977E+02
    0.14165E+01    0.22185E+02
    0.14645E+01    0.20522E+02
    0.15142E+01    0.18981E+02
    0.15655E+01    0.17551E+02
    0.16186E+01    0.16226E+02
    0.16734E+01    0.14999E+02
    0.17301E+01    0.13862E+02
    0.17888E+01    0.12808E+02
    0.18494E+01    0.11832E+02
    0.19121E+01    0.10929E+02
    0.19769E+01    0.10093E+02
    0.20439E+01    0.93192E+01
    0.21132E+01    0.86033E+01
    0.21848E+01    0.79411E+01
    0.22589E+01    0.73286E+01
    0.23354E+01    0.67622E+01
    0.24146E+01    0.62386E+01
    0.24964E+01    0.57545E+01
    0.25811E+01    0.53072E+01
    0.26685E+01    0.48939E+01
    0.27590E+01    0.45121E+01
    0.28525E+01    0.41595E+01
    0.29492E+01    0.38338E+01
    0.30492E+01    0.35331E+01
    0.31525E+01    0.32555E+01
    0.32594E+01    0.29993E+01
    0.33698E+01    0.27629E+01
    0.34841E+01    0.25448E+01
    0.36022E+01    0.23435E+01
    0.37242E+01    0.21579E+01
    0.38505E+01    0.19867E+01
    0.39810E+01    0.18288E+01
    0.41159E+01    0.16833E+01
    0.42554E+01    0.15492E+01
    0.43997E+01    0.14255E+01
    0.45488E+01    0.13116E+01
    0.47030E+01    0.12066E+01
    0.48624E+01    0.11099E+01
    0.50272E+01    0.10208E+01
    0.51976E+01    0.93876E+00
    0.53738E+01    0.86320E+00
    0.55559E+01    0.79364E+00
    0.57442E+01    0.72960E+00
    0.59389E+01    0.67065E+00
    0.61402E+01    0.61638E+00
    0.63484E+01    0.56645E+00
    0.65635E+01    0.52051E+00
    0.67860E+01    0.47825E+00
    0.70160E+01    0.43936E+00
    0.72538E+01    0.40360E+00
    0.74997E+01    0.37070E+00
    0.77539E+01    0.34046E+00
    0.80167E+01    0.31265E+00
    0.82885E+01    0.28708E+00
    0.85694E+01    0.26358E+00
    0.88599E+01    0.24198E+00
    0.91602E+01    0.22212E+00
    0.94707E+01    0.20388E+00
    0.97917E+01    0.18712E+00
    0.10124E+02    0.17171E+00
    0.10467E+02    0.15757E+00
    0.10821E+02    0.14457E+00
    0.11188E+02    0.13264E+00
    0.11567E+02    0.12167E+00
    0.11960E+02    0.11161E+00
    0.12365E+02    0.10237E+00
    0.12784E+02    0.93881E-01
    0.13217E+02    0.86092E-01
    0.13665E+02    0.78943E-01
    0.14129E+02    0.72381E-01
    0.14607E+02    0.66359E-01
    0.15103E+02    0.60833E-01
    0.15614E+02    0.55763E-01
    0.16144E+02    0.51111E-01
    0.16691E+02    0.46844E-01
    0.17257E+02    0.42929E-01
    0.17842E+02    0.39339E-01
    0.18446E+02    0.36045E-01
    0.19072E+02    0.33025E-01
    0.19718E+02    0.30256E-01
    0.20386E+02    0.27717E-01
    0.21077E+02    0.25389E-01
    0.21792E+02    0.23255E-01
    0.22530E+02    0.21298E-01
    0.23294E+02    0.19505E-01
    0.24084E+02    0.17862E-01
    0.24900E+02    0.16355E-01
    0.25744E+02    0.14975E-01
    0.26616E+02    0.13710E-01
    0.27519E+02    0.12551E-01
    0.28451E+02    0.11489E-01
    0.29416E+02    0.10517E-01
    0.30413E+02    0.96258E-02
    0.31444E+02    0.88096E-02
    0.32509E+02    0.80621E-02
    0.33611E+02    0.73775E-02
    0.34751E+02    0.67505E-02
    0.35929E+02    0.61765E-02
    0.37146E+02    0.56508E-02
    0.38405E+02    0.51695E-02
    0.39707E+02    0.47289E-02
    0.41053E+02    0.43255E-02
    0.42445E+02    0.39563E-02
    0.43883E+02    0.36183E-02
    0.45371E+02    0.33090E-02
    0.46908E+02    0.30259E-02
    0.48498E+02    0.27668E-02
    0.50142E+02    0.25297E-02
    0.51842E+02    0.23128E-02
    0.53599E+02    0.21143E-02
    0.55416E+02    0.19327E-02
    0.57294E+02    0.17666E-02
    0.59236E+02    0.16146E-02
    0.61244E+02    0.14756E-02
    0.63320E+02    0.13484E-02
    0.65466E+02    0.12321E-02
    0.67685E+02    0.11258E-02
    0.69979E+02    0.10285E-02
    0.72351E+02    0.93961E-03
    0.74804E+02    0.85829E-03
    0.77339E+02    0.78395E-03
    0.79960E+02    0.71598E-03
    0.82671E+02    0.65384E-03
    0.85473E+02    0.59704E-03
    0.88370E+02    0.54513E-03
    0.91365E+02    0.49767E-03
    0.94462E+02    0.45430E-03
    0.97664E+02    0.41467E-03
    0.10097E+03    0.37845E-03
    0.10440E+03    0.34536E-03
    0.10794E+03    0.31512E-03
    0.11159E+03    0.28750E-03
    0.11538E+03    0.26226E-03
    0.11929E+03    0.23921E-03
    0.12333E+03    0.21816E-03
    0.12751E+03    0.19893E-03
    0.13183E+03    0.18137E-03
    0.13630E+03    0.16533E-03
    0.14092E+03    0.15069E-03
    0.14570E+03    0.13732E-03
    0.15064E+03    0.12512E-03
    0.15574E+03    0.11398E-03
    0.16102E+03    0.10381E-03
    0.16648E+03    0.94529E-04
    0.17212E+03    0.86061E-04
    0.17796E+03    0.78335E-04
    0.18399E+03    0.71286E-04
    0.19022E+03    0.64857E-04
    0.19667E+03    0.58992E-04
    0.20334E+03    0.53644E-04
