  0.106303E-04  0.909590E+07  0.909590E+07  0.121249E+08  0.121248E+08  0.000000E+00  0.909590E+07
  0.109906E-04  0.909590E+07  0.909590E+07  0.121246E+08  0.121246E+08  0.000000E+00  0.909590E+07
  0.113631E-04  0.909590E+07  0.909590E+07  0.121244E+08  0.121244E+08  0.000000E+00  0.909590E+07
  0.117483E-04  0.909590E+07  0.909590E+07  0.121242E+08  0.121242E+08  0.000000E+00  0.909590E+07
  0.121465E-04  0.909590E+07  0.909590E+07  0.121239E+08  0.121239E+08  0.000000E+00  0.909590E+07
  0.125582E-04  0.909590E+07  0.909590E+07  0.121237E+08  0.121236E+08  0.000000E+00  0.909590E+07
  0.129839E-04  0.909590E+07  0.909590E+07  0.121234E+08  0.121234E+08  0.000000E+00  0.909590E+07
  0.134240E-04  0.909589E+07  0.909589E+07  0.121231E+08  0.121230E+08  0.000000E+00  0.909589E+07
  0.138790E-04  0.909589E+07  0.909589E+07  0.121227E+08  0.121227E+08  0.000000E+00  0.909589E+07
  0.143494E-04  0.909589E+07  0.909589E+07  0.121224E+08  0.121223E+08  0.000000E+00  0.909589E+07
  0.148358E-04  0.909589E+07  0.909589E+07  0.121220E+08  0.121220E+08  0.000000E+00  0.909589E+07
  0.153386E-04  0.909589E+07  0.909589E+07  0.121216E+08  0.121216E+08  0.000000E+00  0.909589E+07
  0.158585E-04  0.909589E+07  0.909589E+07  0.121211E+08  0.121211E+08  0.000000E+00  0.909589E+07
  0.163961E-04  0.909589E+07  0.909589E+07  0.121207E+08  0.121207E+08  0.000000E+00  0.909589E+07
  0.169518E-04  0.909588E+07  0.909588E+07  0.121202E+08  0.121202E+08  0.000000E+00  0.909588E+07
  0.175264E-04  0.909588E+07  0.909588E+07  0.121197E+08  0.121196E+08  0.000000E+00  0.909588E+07
  0.181205E-04  0.909588E+07  0.909588E+07  0.121191E+08  0.121191E+08  0.000000E+00  0.909588E+07
  0.187347E-04  0.909588E+07  0.909588E+07  0.121185E+08  0.121184E+08  0.000000E+00  0.909588E+07
  0.193697E-04  0.909588E+07  0.909588E+07  0.121178E+08  0.121178E+08  0.000000E+00  0.909588E+07
  0.200262E-04  0.909587E+07  0.909587E+07  0.121171E+08  0.121171E+08  0.000000E+00  0.909587E+07
  0.207050E-04  0.909587E+07  0.909587E+07  0.121164E+08  0.121164E+08  0.000000E+00  0.909587E+07
  0.214068E-04  0.909587E+07  0.909587E+07  0.121156E+08  0.121156E+08  0.000000E+00  0.909587E+07
  0.221324E-04  0.909586E+07  0.909586E+07  0.121148E+08  0.121147E+08  0.000000E+00  0.909586E+07
  0.228826E-04  0.909586E+07  0.909586E+07  0.121139E+08  0.121138E+08  0.000000E+00  0.909586E+07
  0.236582E-04  0.909586E+07  0.909586E+07  0.121129E+08  0.121128E+08  0.000000E+00  0.909586E+07
  0.244601E-04  0.909585E+07  0.909585E+07  0.121119E+08  0.121118E+08  0.000000E+00  0.909585E+07
  0.252891E-04  0.909585E+07  0.909585E+07  0.121108E+08  0.121107E+08  0.000000E+00  0.909585E+07
  0.261463E-04  0.909585E+07  0.909584E+07  0.121096E+08  0.121095E+08  0.000000E+00  0.909585E+07
  0.270326E-04  0.909584E+07  0.909584E+07  0.121083E+08  0.121083E+08  0.000000E+00  0.909584E+07
  0.279488E-04  0.909584E+07  0.909584E+07  0.121070E+08  0.121069E+08  0.000000E+00  0.909584E+07
  0.288962E-04  0.909583E+07  0.909583E+07  0.121055E+08  0.121055E+08  0.000000E+00  0.909583E+07
  0.298756E-04  0.909582E+07  0.909582E+07  0.121040E+08  0.121039E+08  0.000000E+00  0.909582E+07
  0.308882E-04  0.909582E+07  0.909582E+07  0.121023E+08  0.121023E+08  0.000000E+00  0.909582E+07
  0.319352E-04  0.909581E+07  0.909581E+07  0.121006E+08  0.121005E+08  0.000000E+00  0.909581E+07
  0.330176E-04  0.909581E+07  0.909581E+07  0.120987E+08  0.120986E+08  0.000000E+00  0.909581E+07
  0.341368E-04  0.909580E+07  0.909580E+07  0.120967E+08  0.120966E+08  0.000000E+00  0.909580E+07
  0.352938E-04  0.909579E+07  0.909579E+07  0.120945E+08  0.120944E+08  0.000000E+00  0.909579E+07
  0.364901E-04  0.909578E+07  0.909578E+07  0.120923E+08  0.120921E+08  0.000000E+00  0.909578E+07
  0.377270E-04  0.909577E+07  0.909577E+07  0.120898E+08  0.120897E+08  0.000000E+00  0.909577E+07
  0.390057E-04  0.909576E+07  0.909576E+07  0.120872E+08  0.120870E+08  0.000000E+00  0.909576E+07
  0.403278E-04  0.909575E+07  0.909575E+07  0.120844E+08  0.120842E+08  0.000000E+00  0.909575E+07
  0.416948E-04  0.909574E+07  0.909574E+07  0.120814E+08  0.120812E+08  0.000000E+00  0.909574E+07
  0.431080E-04  0.909573E+07  0.909573E+07  0.120782E+08  0.120780E+08  0.000000E+00  0.909573E+07
  0.445692E-04  0.909572E+07  0.909572E+07  0.120748E+08  0.120746E+08  0.000000E+00  0.909572E+07
  0.460798E-04  0.909571E+07  0.909571E+07  0.120711E+08  0.120709E+08  0.000000E+00  0.909571E+07
  0.476417E-04  0.909569E+07  0.909569E+07  0.120672E+08  0.120670E+08  0.000000E+00  0.909569E+07
  0.492565E-04  0.909568E+07  0.909568E+07  0.120630E+08  0.120628E+08  0.000000E+00  0.909568E+07
  0.509261E-04  0.909566E+07  0.909566E+07  0.120586E+08  0.120583E+08  0.000000E+00  0.909566E+07
  0.526522E-04  0.909564E+07  0.909564E+07  0.120538E+08  0.120536E+08  0.000000E+00  0.909564E+07
  0.544369E-04  0.909562E+07  0.909562E+07  0.120487E+08  0.120485E+08  0.000000E+00  0.909562E+07
  0.562820E-04  0.909560E+07  0.909560E+07  0.120433E+08  0.120430E+08  0.000000E+00  0.909560E+07
  0.581897E-04  0.909558E+07  0.909558E+07  0.120375E+08  0.120372E+08  0.000000E+00  0.909558E+07
  0.601621E-04  0.909556E+07  0.909556E+07  0.120313E+08  0.120309E+08  0.000000E+00  0.909556E+07
  0.622013E-04  0.909554E+07  0.909554E+07  0.120246E+08  0.120243E+08  0.000000E+00  0.909554E+07
  0.643096E-04  0.909551E+07  0.909551E+07  0.120175E+08  0.120172E+08  0.000000E+00  0.909551E+07
  0.664894E-04  0.909548E+07  0.909548E+07  0.120100E+08  0.120096E+08  0.000000E+00  0.909548E+07
  0.687430E-04  0.909545E+07  0.909545E+07  0.120019E+08  0.120015E+08  0.000000E+00  0.909545E+07
  0.710731E-04  0.909542E+07  0.909542E+07  0.119932E+08  0.119928E+08  0.000000E+00  0.909542E+07
  0.734821E-04  0.909539E+07  0.909539E+07  0.119840E+08  0.119835E+08  0.000000E+00  0.909539E+07
  0.759728E-04  0.909535E+07  0.909535E+07  0.119741E+08  0.119736E+08  0.000000E+00  0.909535E+07
  0.785479E-04  0.909531E+07  0.909531E+07  0.119636E+08  0.119631E+08  0.000000E+00  0.909531E+07
  0.812103E-04  0.909527E+07  0.909527E+07  0.119524E+08  0.119518E+08  0.000000E+00  0.909527E+07
  0.839629E-04  0.909523E+07  0.909523E+07  0.119404E+08  0.119397E+08  0.000000E+00  0.909523E+07
  0.868089E-04  0.909518E+07  0.909518E+07  0.119275E+08  0.119269E+08  0.000000E+00  0.909518E+07
  0.897513E-04  0.909513E+07  0.909513E+07  0.119138E+08  0.119131E+08  0.000000E+00  0.909513E+07
  0.927934E-04  0.909508E+07  0.909508E+07  0.118992E+08  0.118985E+08  0.000000E+00  0.909508E+07
  0.959386E-04  0.909502E+07  0.909502E+07  0.118836E+08  0.118828E+08  0.000000E+00  0.909502E+07
  0.991905E-04  0.909496E+07  0.909496E+07  0.118669E+08  0.118661E+08  0.000000E+00  0.909496E+07
  0.102553E-03  0.909489E+07  0.909489E+07  0.118491E+08  0.118482E+08  0.000000E+00  0.909489E+07
  0.106029E-03  0.909482E+07  0.909482E+07  0.118301E+08  0.118292E+08  0.000000E+00  0.909482E+07
  0.109622E-03  0.909475E+07  0.909475E+07  0.118099E+08  0.118088E+08  0.000000E+00  0.909475E+07
  0.113338E-03  0.909467E+07  0.909467E+07  0.117882E+08  0.117871E+08  0.000000E+00  0.909467E+07
  0.117180E-03  0.909458E+07  0.909458E+07  0.117651E+08  0.117640E+08  0.000000E+00  0.909458E+07
  0.121152E-03  0.909449E+07  0.909449E+07  0.117405E+08  0.117393E+08  0.000000E+00  0.909449E+07
  0.125258E-03  0.909439E+07  0.909439E+07  0.117142E+08  0.117129E+08  0.000000E+00  0.909439E+07
  0.129504E-03  0.909429E+07  0.909429E+07  0.116862E+08  0.116848E+08  0.000000E+00  0.909429E+07
  0.133893E-03  0.909418E+07  0.909418E+07  0.116563E+08  0.116548E+08  0.000000E+00  0.909418E+07
  0.138431E-03  0.909406E+07  0.909406E+07  0.116245E+08  0.116229E+08  0.000000E+00  0.909406E+07
  0.143124E-03  0.909393E+07  0.909393E+07  0.115905E+08  0.115888E+08  0.000000E+00  0.909393E+07
  0.147975E-03  0.909379E+07  0.909379E+07  0.115543E+08  0.115525E+08  0.000000E+00  0.909379E+07
  0.152990E-03  0.909365E+07  0.909365E+07  0.115157E+08  0.115138E+08  0.000000E+00  0.909365E+07
  0.158176E-03  0.909349E+07  0.909349E+07  0.114746E+08  0.114725E+08  0.000000E+00  0.909349E+07
  0.163537E-03  0.909333E+07  0.909332E+07  0.114308E+08  0.114286E+08  0.000000E+00  0.909333E+07
  0.169081E-03  0.909315E+07  0.909315E+07  0.113842E+08  0.113818E+08  0.000000E+00  0.909315E+07
  0.174812E-03  0.909296E+07  0.909296E+07  0.113345E+08  0.113320E+08  0.000000E+00  0.909296E+07
  0.180737E-03  0.909276E+07  0.909275E+07  0.112817E+08  0.112790E+08  0.000000E+00  0.909276E+07
  0.186863E-03  0.909254E+07  0.909254E+07  0.112254E+08  0.112226E+08  0.000000E+00  0.909254E+07
  0.193197E-03  0.909231E+07  0.909231E+07  0.111656E+08  0.111626E+08  0.000000E+00  0.909231E+07
  0.199745E-03  0.909206E+07  0.909206E+07  0.111020E+08  0.110988E+08  0.000000E+00  0.909206E+07
  0.206515E-03  0.909180E+07  0.909180E+07  0.110344E+08  0.110309E+08  0.000000E+00  0.909180E+07
  0.213515E-03  0.909152E+07  0.909151E+07  0.109625E+08  0.109589E+08  0.000000E+00  0.909152E+07
  0.220752E-03  0.909122E+07  0.909121E+07  0.108862E+08  0.108823E+08  0.000000E+00  0.909122E+07
  0.228235E-03  0.909090E+07  0.909089E+07  0.108052E+08  0.108011E+08  0.000000E+00  0.909090E+07
  0.235971E-03  0.909056E+07  0.909055E+07  0.107192E+08  0.107148E+08  0.000000E+00  0.909055E+07
  0.243969E-03  0.909019E+07  0.909018E+07  0.106280E+08  0.106234E+08  0.000000E+00  0.909019E+07
  0.252239E-03  0.908980E+07  0.908979E+07  0.105313E+08  0.105264E+08  0.000000E+00  0.908980E+07
  0.260788E-03  0.908938E+07  0.908938E+07  0.104289E+08  0.104238E+08  0.000000E+00  0.908938E+07
  0.269628E-03  0.908894E+07  0.908893E+07  0.103205E+08  0.103150E+08  0.000000E+00  0.908894E+07
  0.278767E-03  0.908846E+07  0.908845E+07  0.102058E+08  0.102000E+08  0.000000E+00  0.908846E+07
  0.288216E-03  0.908796E+07  0.908795E+07  0.100845E+08  0.100784E+08  0.000000E+00  0.908795E+07
  0.297985E-03  0.908742E+07  0.908740E+07  0.995635E+07  0.994994E+07  0.000000E+00  0.908741E+07
  0.308085E-03  0.908684E+07  0.908683E+07  0.982110E+07  0.981434E+07  0.000000E+00  0.908684E+07
  0.318527E-03  0.908622E+07  0.908621E+07  0.967847E+07  0.967134E+07  0.000000E+00  0.908622E+07
  0.329324E-03  0.908557E+07  0.908555E+07  0.952819E+07  0.952069E+07  0.000000E+00  0.908556E+07
  0.340486E-03  0.908487E+07  0.908485E+07  0.937001E+07  0.936212E+07  0.000000E+00  0.908486E+07
  0.352027E-03  0.908412E+07  0.908411E+07  0.920371E+07  0.919542E+07  0.000000E+00  0.908412E+07
  0.363959E-03  0.908332E+07  0.908331E+07  0.902907E+07  0.902038E+07  0.000000E+00  0.908332E+07
  0.376296E-03  0.908248E+07  0.908246E+07  0.884590E+07  0.883680E+07  0.000000E+00  0.908247E+07
  0.389050E-03  0.908157E+07  0.908155E+07  0.865406E+07  0.864455E+07  0.000000E+00  0.908157E+07
  0.402237E-03  0.908061E+07  0.908059E+07  0.845343E+07  0.844349E+07  0.000000E+00  0.908060E+07
  0.415871E-03  0.907958E+07  0.907956E+07  0.824394E+07  0.823357E+07  0.000000E+00  0.907958E+07
  0.429967E-03  0.907849E+07  0.907847E+07  0.802556E+07  0.801476E+07  0.000000E+00  0.907848E+07
  0.444541E-03  0.907732E+07  0.907730E+07  0.779834E+07  0.778711E+07  0.000000E+00  0.907732E+07
  0.459609E-03  0.907608E+07  0.907606E+07  0.756238E+07  0.755073E+07  0.000000E+00  0.907608E+07
  0.475187E-03  0.907476E+07  0.907474E+07  0.731786E+07  0.730579E+07  0.000000E+00  0.907476E+07
  0.491294E-03  0.907336E+07  0.907333E+07  0.706506E+07  0.705258E+07  0.000000E+00  0.907335E+07
  0.507946E-03  0.907186E+07  0.907184E+07  0.680433E+07  0.679146E+07  0.000000E+00  0.907186E+07
  0.525163E-03  0.907028E+07  0.907024E+07  0.653615E+07  0.652290E+07  0.000000E+00  0.907027E+07
  0.542963E-03  0.906859E+07  0.906855E+07  0.626110E+07  0.624748E+07  0.000000E+00  0.906858E+07
  0.561367E-03  0.906679E+07  0.906676E+07  0.597987E+07  0.596591E+07  0.000000E+00  0.906678E+07
  0.580395E-03  0.906488E+07  0.906484E+07  0.569330E+07  0.567903E+07  0.000000E+00  0.906488E+07
  0.600067E-03  0.906286E+07  0.906282E+07  0.540235E+07  0.538779E+07  0.000000E+00  0.906285E+07
  0.620407E-03  0.906070E+07  0.906066E+07  0.510813E+07  0.509331E+07  0.000000E+00  0.906070E+07
  0.641435E-03  0.905842E+07  0.905838E+07  0.481187E+07  0.479682E+07  0.000000E+00  0.905841E+07
  0.663177E-03  0.905600E+07  0.905595E+07  0.451496E+07  0.449971E+07  0.000000E+00  0.905599E+07
  0.685655E-03  0.905343E+07  0.905338E+07  0.421891E+07  0.420350E+07  0.000000E+00  0.905342E+07
  0.708896E-03  0.905071E+07  0.905065E+07  0.392537E+07  0.390982E+07  0.000000E+00  0.905070E+07
  0.732924E-03  0.904783E+07  0.904777E+07  0.363608E+07  0.362041E+07  0.000000E+00  0.904782E+07
  0.757767E-03  0.904477E+07  0.904471E+07  0.335287E+07  0.333712E+07  0.000000E+00  0.904476E+07
  0.783451E-03  0.904154E+07  0.904147E+07  0.307765E+07  0.306182E+07  0.000000E+00  0.904153E+07
  0.810006E-03  0.903812E+07  0.903805E+07  0.281234E+07  0.279643E+07  0.000000E+00  0.903811E+07
  0.837462E-03  0.903451E+07  0.903443E+07  0.255885E+07  0.254284E+07  0.000000E+00  0.903450E+07
  0.865847E-03  0.903069E+07  0.903060E+07  0.231901E+07  0.230290E+07  0.000000E+00  0.903068E+07
  0.895195E-03  0.902666E+07  0.902657E+07  0.209456E+07  0.207832E+07  0.000000E+00  0.902664E+07
  0.925538E-03  0.902240E+07  0.902230E+07  0.188705E+07  0.187061E+07  0.000000E+00  0.902238E+07
  0.956909E-03  0.901791E+07  0.901780E+07  0.169777E+07  0.168108E+07  0.000000E+00  0.901789E+07
  0.989344E-03  0.901317E+07  0.901306E+07  0.152770E+07  0.151068E+07  0.000000E+00  0.901315E+07
  0.102288E-02  0.900818E+07  0.900806E+07  0.137746E+07  0.136002E+07  0.000000E+00  0.900816E+07
  0.105755E-02  0.900292E+07  0.900280E+07  0.124723E+07  0.122926E+07  0.000000E+00  0.900290E+07
  0.109339E-02  0.899739E+07  0.899726E+07  0.113666E+07  0.111808E+07  0.000000E+00  0.899737E+07
  0.113045E-02  0.899158E+07  0.899143E+07  0.104494E+07  0.102565E+07  0.000000E+00  0.899155E+07
  0.116877E-02  0.898546E+07  0.898531E+07  0.970669E+06  0.950592E+06  0.000000E+00  0.898543E+07
  0.120839E-02  0.897903E+07  0.897887E+07  0.911958E+06  0.891047E+06  0.000000E+00  0.897901E+07
  0.124935E-02  0.897228E+07  0.897211E+07  0.866433E+06  0.844684E+06  0.000000E+00  0.897226E+07
  0.129169E-02  0.896520E+07  0.896502E+07  0.831334E+06  0.808798E+06  0.000000E+00  0.896517E+07
  0.133547E-02  0.895777E+07  0.895757E+07  0.803634E+06  0.780434E+06  0.000000E+00  0.895774E+07
  0.138074E-02  0.894998E+07  0.894977E+07  0.780204E+06  0.756544E+06  0.000000E+00  0.894994E+07
  0.142754E-02  0.894181E+07  0.894159E+07  0.758002E+06  0.734176E+06  0.000000E+00  0.894177E+07
  0.147593E-02  0.893326E+07  0.893302E+07  0.734283E+06  0.710678E+06  0.000000E+00  0.893322E+07
  0.152595E-02  0.892430E+07  0.892404E+07  0.706822E+06  0.683909E+06  0.000000E+00  0.892426E+07
  0.157768E-02  0.891492E+07  0.891465E+07  0.674107E+06  0.652423E+06  0.000000E+00  0.891488E+07
  0.163115E-02  0.890511E+07  0.890482E+07  0.635497E+06  0.615617E+06  0.000000E+00  0.890506E+07
  0.168644E-02  0.889485E+07  0.889454E+07  0.591303E+06  0.573801E+06  0.000000E+00  0.889480E+07
  0.174360E-02  0.888412E+07  0.888379E+07  0.542778E+06  0.528171E+06  0.000000E+00  0.888407E+07
  0.180270E-02  0.887291E+07  0.887256E+07  0.491988E+06  0.480682E+06  0.000000E+00  0.887285E+07
  0.186380E-02  0.886120E+07  0.886082E+07  0.441561E+06  0.433791E+06  0.000000E+00  0.886114E+07
  0.192698E-02  0.884897E+07  0.884856E+07  0.394326E+06  0.390111E+06  0.000000E+00  0.884890E+07
  0.199229E-02  0.883620E+07  0.883576E+07  0.352887E+06  0.351996E+06  0.000000E+00  0.883612E+07
  0.205982E-02  0.882287E+07  0.882240E+07  0.319170E+06  0.321124E+06  0.000000E+00  0.882279E+07
  0.212964E-02  0.880896E+07  0.880847E+07  0.294043E+06  0.298152E+06  0.000000E+00  0.880888E+07
  0.220183E-02  0.879446E+07  0.879393E+07  0.277084E+06  0.282524E+06  0.000000E+00  0.879437E+07
  0.227646E-02  0.877934E+07  0.877878E+07  0.266587E+06  0.272502E+06  0.000000E+00  0.877925E+07
  0.235362E-02  0.876359E+07  0.876298E+07  0.000000E+00  0.000000E+00  0.000000E+00  0.876349E+07
  0.243339E-02  0.874718E+07  0.874653E+07  0.000000E+00  0.000000E+00  0.000000E+00  0.874707E+07
  0.251587E-02  0.873008E+07  0.872940E+07  0.000000E+00  0.000000E+00  0.000000E+00  0.872997E+07
  0.260115E-02  0.871229E+07  0.871156E+07  0.000000E+00  0.000000E+00  0.000000E+00  0.871217E+07
  0.268932E-02  0.869378E+07  0.869300E+07  0.000000E+00  0.000000E+00  0.000000E+00  0.869365E+07
  0.278047E-02  0.867452E+07  0.867369E+07  0.000000E+00  0.000000E+00  0.000000E+00  0.867438E+07
  0.287471E-02  0.865450E+07  0.865361E+07  0.000000E+00  0.000000E+00  0.000000E+00  0.865435E+07
  0.297215E-02  0.863368E+07  0.863273E+07  0.000000E+00  0.000000E+00  0.000000E+00  0.863352E+07
  0.307289E-02  0.861206E+07  0.861104E+07  0.000000E+00  0.000000E+00  0.000000E+00  0.861189E+07
  0.317705E-02  0.858959E+07  0.858851E+07  0.000000E+00  0.000000E+00  0.000000E+00  0.858941E+07
  0.328474E-02  0.856627E+07  0.856511E+07  0.000000E+00  0.000000E+00  0.000000E+00  0.856608E+07
  0.339607E-02  0.854206E+07  0.854083E+07  0.000000E+00  0.000000E+00  0.000000E+00  0.854185E+07
  0.351118E-02  0.851694E+07  0.851563E+07  0.000000E+00  0.000000E+00  0.000000E+00  0.851672E+07
  0.363020E-02  0.849089E+07  0.848949E+07  0.000000E+00  0.000000E+00  0.000000E+00  0.849066E+07
  0.375324E-02  0.846388E+07  0.846238E+07  0.000000E+00  0.000000E+00  0.000000E+00  0.846363E+07
  0.388046E-02  0.843589E+07  0.843429E+07  0.000000E+00  0.000000E+00  0.000000E+00  0.843562E+07
  0.401199E-02  0.840689E+07  0.840519E+07  0.000000E+00  0.000000E+00  0.000000E+00  0.840660E+07
  0.414797E-02  0.837686E+07  0.837504E+07  0.000000E+00  0.000000E+00  0.000000E+00  0.837655E+07
  0.428857E-02  0.834576E+07  0.834383E+07  0.000000E+00  0.000000E+00  0.000000E+00  0.834544E+07
  0.443393E-02  0.831359E+07  0.831153E+07  0.000000E+00  0.000000E+00  0.000000E+00  0.831325E+07
  0.458422E-02  0.828030E+07  0.827811E+07  0.000000E+00  0.000000E+00  0.000000E+00  0.827994E+07
  0.473960E-02  0.824588E+07  0.824354E+07  0.000000E+00  0.000000E+00  0.000000E+00  0.824549E+07
  0.490025E-02  0.821030E+07  0.820781E+07  0.000000E+00  0.000000E+00  0.000000E+00  0.820989E+07
  0.506635E-02  0.817354E+07  0.817088E+07  0.000000E+00  0.000000E+00  0.000000E+00  0.817309E+07
  0.523807E-02  0.813556E+07  0.813273E+07  0.000000E+00  0.000000E+00  0.000000E+00  0.813508E+07
  0.541562E-02  0.809634E+07  0.809332E+07  0.000000E+00  0.000000E+00  0.000000E+00  0.809583E+07
  0.559918E-02  0.805585E+07  0.805264E+07  0.000000E+00  0.000000E+00  0.000000E+00  0.805532E+07
  0.578897E-02  0.801408E+07  0.801066E+07  0.000000E+00  0.000000E+00  0.000000E+00  0.801351E+07
  0.598518E-02  0.797099E+07  0.796735E+07  0.000000E+00  0.000000E+00  0.000000E+00  0.797038E+07
  0.618805E-02  0.792655E+07  0.792268E+07  0.000000E+00  0.000000E+00  0.000000E+00  0.792591E+07
  0.639780E-02  0.788075E+07  0.787663E+07  0.000000E+00  0.000000E+00  0.000000E+00  0.788006E+07
  0.661465E-02  0.783355E+07  0.782916E+07  0.000000E+00  0.000000E+00  0.000000E+00  0.783282E+07
  0.683885E-02  0.778493E+07  0.778026E+07  0.000000E+00  0.000000E+00  0.000000E+00  0.778416E+07
  0.707066E-02  0.773487E+07  0.772990E+07  0.000000E+00  0.000000E+00  0.000000E+00  0.773404E+07
  0.731032E-02  0.768332E+07  0.767804E+07  0.000000E+00  0.000000E+00  0.000000E+00  0.768244E+07
  0.755810E-02  0.763028E+07  0.762466E+07  0.000000E+00  0.000000E+00  0.000000E+00  0.762935E+07
  0.781428E-02  0.757571E+07  0.756974E+07  0.000000E+00  0.000000E+00  0.000000E+00  0.757472E+07
  0.807915E-02  0.751959E+07  0.751324E+07  0.000000E+00  0.000000E+00  0.000000E+00  0.751853E+07
  0.835299E-02  0.746189E+07  0.745514E+07  0.000000E+00  0.000000E+00  0.000000E+00  0.746076E+07
  0.863612E-02  0.740258E+07  0.739541E+07  0.000000E+00  0.000000E+00  0.000000E+00  0.740138E+07
  0.892884E-02  0.734163E+07  0.733402E+07  0.000000E+00  0.000000E+00  0.000000E+00  0.734037E+07
  0.923149E-02  0.727903E+07  0.727095E+07  0.000000E+00  0.000000E+00  0.000000E+00  0.727769E+07
  0.954439E-02  0.721475E+07  0.720617E+07  0.000000E+00  0.000000E+00  0.000000E+00  0.721332E+07
  0.986790E-02  0.714875E+07  0.713965E+07  0.000000E+00  0.000000E+00  0.000000E+00  0.714723E+07
  0.102024E-01  0.708101E+07  0.707136E+07  0.000000E+00  0.000000E+00  0.000000E+00  0.707941E+07
  0.105482E-01  0.701152E+07  0.700128E+07  0.000000E+00  0.000000E+00  0.000000E+00  0.700981E+07
  0.109057E-01  0.694023E+07  0.692938E+07  0.000000E+00  0.000000E+00  0.000000E+00  0.693842E+07
  0.112754E-01  0.686714E+07  0.685564E+07  0.000000E+00  0.000000E+00  0.000000E+00  0.686522E+07
  0.116575E-01  0.679220E+07  0.678003E+07  0.000000E+00  0.000000E+00  0.000000E+00  0.679018E+07
  0.120527E-01  0.671541E+07  0.670253E+07  0.000000E+00  0.000000E+00  0.000000E+00  0.671327E+07
  0.124612E-01  0.663674E+07  0.662312E+07  0.000000E+00  0.000000E+00  0.000000E+00  0.663447E+07
  0.128836E-01  0.655617E+07  0.654177E+07  0.000000E+00  0.000000E+00  0.000000E+00  0.655377E+07
  0.133203E-01  0.647369E+07  0.645846E+07  0.000000E+00  0.000000E+00  0.000000E+00  0.647115E+07
  0.137718E-01  0.638927E+07  0.637319E+07  0.000000E+00  0.000000E+00  0.000000E+00  0.638659E+07
  0.142386E-01  0.630291E+07  0.628594E+07  0.000000E+00  0.000000E+00  0.000000E+00  0.630008E+07
  0.147212E-01  0.621459E+07  0.619669E+07  0.000000E+00  0.000000E+00  0.000000E+00  0.621160E+07
  0.152202E-01  0.612430E+07  0.610545E+07  0.000000E+00  0.000000E+00  0.000000E+00  0.612116E+07
  0.157360E-01  0.603206E+07  0.601221E+07  0.000000E+00  0.000000E+00  0.000000E+00  0.602875E+07
  0.162694E-01  0.593786E+07  0.591697E+07  0.000000E+00  0.000000E+00  0.000000E+00  0.593438E+07
  0.168209E-01  0.584171E+07  0.581975E+07  0.000000E+00  0.000000E+00  0.000000E+00  0.583805E+07
  0.173910E-01  0.574362E+07  0.572057E+07  0.000000E+00  0.000000E+00  0.000000E+00  0.573978E+07
  0.179805E-01  0.564363E+07  0.561945E+07  0.000000E+00  0.000000E+00  0.000000E+00  0.563960E+07
  0.185899E-01  0.554177E+07  0.551643E+07  0.000000E+00  0.000000E+00  0.000000E+00  0.553754E+07
  0.192200E-01  0.543807E+07  0.541155E+07  0.000000E+00  0.000000E+00  0.000000E+00  0.543365E+07
  0.198715E-01  0.533260E+07  0.530488E+07  0.000000E+00  0.000000E+00  0.000000E+00  0.532798E+07
  0.205450E-01  0.522542E+07  0.519649E+07  0.000000E+00  0.000000E+00  0.000000E+00  0.522060E+07
  0.212414E-01  0.511662E+07  0.508646E+07  0.000000E+00  0.000000E+00  0.000000E+00  0.511159E+07
  0.219614E-01  0.500628E+07  0.497490E+07  0.000000E+00  0.000000E+00  0.000000E+00  0.500105E+07
  0.227058E-01  0.489453E+07  0.486193E+07  0.000000E+00  0.000000E+00  0.000000E+00  0.488910E+07
  0.234754E-01  0.478149E+07  0.474768E+07  0.000000E+00  0.000000E+00  0.000000E+00  0.477586E+07
  0.242711E-01  0.466732E+07  0.463232E+07  0.000000E+00  0.000000E+00  0.000000E+00  0.466149E+07
  0.250938E-01  0.455218E+07  0.451604E+07  0.000000E+00  0.000000E+00  0.000000E+00  0.454616E+07
  0.259443E-01  0.443627E+07  0.439902E+07  0.000000E+00  0.000000E+00  0.000000E+00  0.443006E+07
  0.268237E-01  0.431981E+07  0.428151E+07  0.000000E+00  0.000000E+00  0.000000E+00  0.431342E+07
  0.277329E-01  0.420302E+07  0.416374E+07  0.000000E+00  0.000000E+00  0.000000E+00  0.419648E+07
  0.286729E-01  0.408618E+07  0.404601E+07  0.000000E+00  0.000000E+00  0.000000E+00  0.407948E+07
  0.296448E-01  0.396957E+07  0.392860E+07  0.000000E+00  0.000000E+00  0.000000E+00  0.396274E+07
  0.306496E-01  0.385349E+07  0.381184E+07  0.000000E+00  0.000000E+00  0.000000E+00  0.384655E+07
  0.316885E-01  0.373827E+07  0.369608E+07  0.000000E+00  0.000000E+00  0.000000E+00  0.373124E+07
  0.327626E-01  0.362426E+07  0.358168E+07  0.000000E+00  0.000000E+00  0.000000E+00  0.361717E+07
  0.338731E-01  0.353170E+07  0.348887E+07  0.000000E+00  0.000000E+00  0.000000E+00  0.352456E+07
  0.350212E-01  0.342187E+07  0.337899E+07  0.000000E+00  0.000000E+00  0.000000E+00  0.341472E+07
  0.362083E-01  0.331280E+07  0.327006E+07  0.000000E+00  0.000000E+00  0.000000E+00  0.330568E+07
  0.374355E-01  0.320621E+07  0.316381E+07  0.000000E+00  0.000000E+00  0.000000E+00  0.319914E+07
  0.387044E-01  0.310255E+07  0.306071E+07  0.000000E+00  0.000000E+00  0.000000E+00  0.309557E+07
  0.400163E-01  0.300223E+07  0.296118E+07  0.000000E+00  0.000000E+00  0.000000E+00  0.299539E+07
  0.413727E-01  0.290561E+07  0.286557E+07  0.000000E+00  0.000000E+00  0.000000E+00  0.289894E+07
  0.427750E-01  0.281302E+07  0.277422E+07  0.000000E+00  0.000000E+00  0.000000E+00  0.280655E+07
  0.442248E-01  0.271304E+07  0.267569E+07  0.000000E+00  0.000000E+00  0.000000E+00  0.270682E+07
  0.457238E-01  0.262903E+07  0.259334E+07  0.000000E+00  0.000000E+00  0.000000E+00  0.262308E+07
  0.472737E-01  0.254934E+07  0.251550E+07  0.000000E+00  0.000000E+00  0.000000E+00  0.254370E+07
  0.488760E-01  0.247384E+07  0.244200E+07  0.000000E+00  0.000000E+00  0.000000E+00  0.246853E+07
  0.505327E-01  0.240226E+07  0.237257E+07  0.000000E+00  0.000000E+00  0.000000E+00  0.239731E+07
  0.522455E-01  0.233433E+07  0.230685E+07  0.000000E+00  0.000000E+00  0.000000E+00  0.232975E+07
  0.540163E-01  0.227576E+07  0.225054E+07  0.000000E+00  0.000000E+00  0.000000E+00  0.227155E+07
  0.558473E-01  0.221374E+07  0.219077E+07  0.000000E+00  0.000000E+00  0.000000E+00  0.220991E+07
  0.577402E-01  0.215414E+07  0.213335E+07  0.000000E+00  0.000000E+00  0.000000E+00  0.215068E+07
  0.596973E-01  0.209645E+07  0.207772E+07  0.000000E+00  0.000000E+00  0.000000E+00  0.209333E+07
  0.617207E-01  0.204006E+07  0.202319E+07  0.000000E+00  0.000000E+00  0.000000E+00  0.203725E+07
  0.638128E-01  0.198008E+07  0.196484E+07  0.000000E+00  0.000000E+00  0.000000E+00  0.197754E+07
  0.659757E-01  0.192385E+07  0.190994E+07  0.000000E+00  0.000000E+00  0.000000E+00  0.192153E+07
  0.682120E-01  0.186651E+07  0.185362E+07  0.000000E+00  0.000000E+00  0.000000E+00  0.186437E+07
  0.705240E-01  0.180745E+07  0.179523E+07  0.000000E+00  0.000000E+00  0.000000E+00  0.180542E+07
  0.729144E-01  0.174758E+07  0.173567E+07  0.000000E+00  0.000000E+00  0.000000E+00  0.174560E+07
  0.753859E-01  0.168474E+07  0.167280E+07  0.000000E+00  0.000000E+00  0.000000E+00  0.168275E+07
  0.779411E-01  0.162014E+07  0.160789E+07  0.000000E+00  0.000000E+00  0.000000E+00  0.161810E+07
  0.805829E-01  0.155417E+07  0.154138E+07  0.000000E+00  0.000000E+00  0.000000E+00  0.155203E+07
  0.833143E-01  0.148730E+07  0.147383E+07  0.000000E+00  0.000000E+00  0.000000E+00  0.148505E+07
  0.861383E-01  0.142022E+07  0.140602E+07  0.000000E+00  0.000000E+00  0.000000E+00  0.141785E+07
  0.890579E-01  0.135394E+07  0.133906E+07  0.000000E+00  0.000000E+00  0.000000E+00  0.135146E+07
  0.920766E-01  0.128977E+07  0.127439E+07  0.000000E+00  0.000000E+00  0.000000E+00  0.128720E+07
  0.951975E-01  0.122917E+07  0.121356E+07  0.000000E+00  0.000000E+00  0.000000E+00  0.122657E+07
  0.984242E-01  0.117344E+07  0.115795E+07  0.000000E+00  0.000000E+00  0.000000E+00  0.117086E+07
  0.101760E+00  0.112344E+07  0.110843E+07  0.000000E+00  0.000000E+00  0.000000E+00  0.112094E+07
  0.105209E+00  0.107937E+07  0.106522E+07  0.000000E+00  0.000000E+00  0.000000E+00  0.107701E+07
  0.108776E+00  0.104078E+07  0.102779E+07  0.000000E+00  0.000000E+00  0.000000E+00  0.103861E+07
  0.112463E+00  0.100663E+07  0.995027E+06  0.000000E+00  0.000000E+00  0.000000E+00  0.100469E+07
  0.116274E+00  0.975631E+06  0.965490E+06  0.000000E+00  0.000000E+00  0.000000E+00  0.973941E+06
  0.120216E+00  0.946378E+06  0.937615E+06  0.000000E+00  0.000000E+00  0.000000E+00  0.944918E+06
  0.124290E+00  0.917289E+06  0.909675E+06  0.000000E+00  0.000000E+00  0.000000E+00  0.916020E+06
  0.128503E+00  0.886661E+06  0.879848E+06  0.000000E+00  0.000000E+00  0.000000E+00  0.885526E+06
  0.132859E+00  0.853196E+06  0.846773E+06  0.000000E+00  0.000000E+00  0.000000E+00  0.852126E+06
  0.137362E+00  0.816574E+06  0.810145E+06  0.000000E+00  0.000000E+00  0.000000E+00  0.815503E+06
  0.142018E+00  0.777500E+06  0.770757E+06  0.000000E+00  0.000000E+00  0.000000E+00  0.776376E+06
  0.146832E+00  0.737382E+06  0.730175E+06  0.000000E+00  0.000000E+00  0.000000E+00  0.736181E+06
  0.151809E+00  0.698049E+06  0.690412E+06  0.000000E+00  0.000000E+00  0.000000E+00  0.696776E+06
  0.156954E+00  0.661386E+06  0.653529E+06  0.000000E+00  0.000000E+00  0.000000E+00  0.660077E+06
  0.162274E+00  0.628959E+06  0.621212E+06  0.000000E+00  0.000000E+00  0.000000E+00  0.627668E+06
  0.167774E+00  0.601636E+06  0.594354E+06  0.000000E+00  0.000000E+00  0.000000E+00  0.600423E+06
  0.173461E+00  0.579032E+06  0.572491E+06  0.000000E+00  0.000000E+00  0.000000E+00  0.577942E+06
  0.179341E+00  0.559501E+06  0.553811E+06  0.000000E+00  0.000000E+00  0.000000E+00  0.558553E+06
  0.185419E+00  0.540778E+06  0.535850E+06  0.000000E+00  0.000000E+00  0.000000E+00  0.539957E+06
  0.191704E+00  0.520734E+06  0.516313E+06  0.000000E+00  0.000000E+00  0.000000E+00  0.519997E+06
  0.198202E+00  0.498257E+06  0.494017E+06  0.000000E+00  0.000000E+00  0.000000E+00  0.497550E+06
  0.204920E+00  0.473568E+06  0.469238E+06  0.000000E+00  0.000000E+00  0.000000E+00  0.472847E+06
  0.211866E+00  0.448038E+06  0.443502E+06  0.000000E+00  0.000000E+00  0.000000E+00  0.447282E+06
  0.219047E+00  0.423722E+06  0.419059E+06  0.000000E+00  0.000000E+00  0.000000E+00  0.422945E+06
  0.226472E+00  0.402462E+06  0.397890E+06  0.000000E+00  0.000000E+00  0.000000E+00  0.401700E+06
  0.234148E+00  0.384776E+06  0.380534E+06  0.000000E+00  0.000000E+00  0.000000E+00  0.384069E+06
  0.242084E+00  0.369755E+06  0.365976E+06  0.000000E+00  0.000000E+00  0.000000E+00  0.369125E+06
  0.250290E+00  0.355641E+06  0.352283E+06  0.000000E+00  0.000000E+00  0.000000E+00  0.355081E+06
  0.258774E+00  0.340555E+06  0.337442E+06  0.000000E+00  0.000000E+00  0.000000E+00  0.340036E+06
  0.267545E+00  0.323946E+06  0.320883E+06  0.000000E+00  0.000000E+00  0.000000E+00  0.323435E+06
  0.276613E+00  0.306793E+06  0.303687E+06  0.000000E+00  0.000000E+00  0.000000E+00  0.306275E+06
  0.285989E+00  0.290652E+06  0.287558E+06  0.000000E+00  0.000000E+00  0.000000E+00  0.290136E+06
  0.295683E+00  0.276658E+06  0.273715E+06  0.000000E+00  0.000000E+00  0.000000E+00  0.276167E+06
  0.305705E+00  0.264622E+06  0.261930E+06  0.000000E+00  0.000000E+00  0.000000E+00  0.264173E+06
  0.316067E+00  0.253303E+06  0.250847E+06  0.000000E+00  0.000000E+00  0.000000E+00  0.252894E+06
  0.326780E+00  0.241555E+06  0.239231E+06  0.000000E+00  0.000000E+00  0.000000E+00  0.241168E+06
  0.337856E+00  0.229260E+06  0.226979E+06  0.000000E+00  0.000000E+00  0.000000E+00  0.228880E+06
  0.349308E+00  0.217376E+06  0.215137E+06  0.000000E+00  0.000000E+00  0.000000E+00  0.217003E+06
  0.361147E+00  0.206709E+06  0.204578E+06  0.000000E+00  0.000000E+00  0.000000E+00  0.206354E+06
  0.373389E+00  0.197173E+06  0.195196E+06  0.000000E+00  0.000000E+00  0.000000E+00  0.196843E+06
  0.386045E+00  0.187982E+06  0.186134E+06  0.000000E+00  0.000000E+00  0.000000E+00  0.187674E+06
  0.399130E+00  0.178664E+06  0.176890E+06  0.000000E+00  0.000000E+00  0.000000E+00  0.178368E+06
  0.412659E+00  0.169517E+06  0.167799E+06  0.000000E+00  0.000000E+00  0.000000E+00  0.169231E+06
  0.426645E+00  0.161079E+06  0.159444E+06  0.000000E+00  0.000000E+00  0.000000E+00  0.160807E+06
  0.441107E+00  0.153316E+06  0.151782E+06  0.000000E+00  0.000000E+00  0.000000E+00  0.153061E+06
  0.456058E+00  0.145821E+06  0.144371E+06  0.000000E+00  0.000000E+00  0.000000E+00  0.145579E+06
  0.471516E+00  0.138446E+06  0.137057E+06  0.000000E+00  0.000000E+00  0.000000E+00  0.138214E+06
  0.487498E+00  0.131434E+06  0.130109E+06  0.000000E+00  0.000000E+00  0.000000E+00  0.131213E+06
  0.504022E+00  0.124906E+06  0.123653E+06  0.000000E+00  0.000000E+00  0.000000E+00  0.124697E+06
  0.521106E+00  0.118677E+06  0.117491E+06  0.000000E+00  0.000000E+00  0.000000E+00  0.118479E+06
  0.538769E+00  0.112649E+06  0.111520E+06  0.000000E+00  0.000000E+00  0.000000E+00  0.112461E+06
  0.557030E+00  0.106925E+06  0.105850E+06  0.000000E+00  0.000000E+00  0.000000E+00  0.106746E+06
  0.575911E+00  0.101526E+06  0.100509E+06  0.000000E+00  0.000000E+00  0.000000E+00  0.101356E+06
  0.595431E+00  0.963623E+05  0.953973E+05  0.000000E+00  0.000000E+00  0.000000E+00  0.962014E+05
  0.615614E+00  0.914269E+05  0.905099E+05  0.000000E+00  0.000000E+00  0.000000E+00  0.912741E+05
  0.636481E+00  0.867522E+05  0.858828E+05  0.000000E+00  0.000000E+00  0.000000E+00  0.866073E+05
  0.658054E+00  0.823041E+05  0.814798E+05  0.000000E+00  0.000000E+00  0.000000E+00  0.821667E+05
  0.680359E+00  0.780632E+05  0.772808E+05  0.000000E+00  0.000000E+00  0.000000E+00  0.779328E+05
  0.703419E+00  0.740369E+05  0.732951E+05  0.000000E+00  0.000000E+00  0.000000E+00  0.739132E+05
  0.727262E+00  0.702077E+05  0.695044E+05  0.000000E+00  0.000000E+00  0.000000E+00  0.700905E+05
  0.751912E+00  0.665653E+05  0.658984E+05  0.000000E+00  0.000000E+00  0.000000E+00  0.664542E+05
  0.777399E+00  0.631050E+05  0.624729E+05  0.000000E+00  0.000000E+00  0.000000E+00  0.629996E+05
  0.803749E+00  0.598154E+05  0.592162E+05  0.000000E+00  0.000000E+00  0.000000E+00  0.597155E+05
  0.830992E+00  0.566900E+05  0.561221E+05  0.000000E+00  0.000000E+00  0.000000E+00  0.565953E+05
  0.859158E+00  0.537212E+05  0.531831E+05  0.000000E+00  0.000000E+00  0.000000E+00  0.536315E+05
  0.888280E+00  0.509013E+05  0.503915E+05  0.000000E+00  0.000000E+00  0.000000E+00  0.508163E+05
  0.918388E+00  0.482236E+05  0.477407E+05  0.000000E+00  0.000000E+00  0.000000E+00  0.481431E+05
  0.949517E+00  0.456812E+05  0.452237E+05  0.000000E+00  0.000000E+00  0.000000E+00  0.456049E+05
  0.981700E+00  0.432677E+05  0.428344E+05  0.000000E+00  0.000000E+00  0.000000E+00  0.431954E+05
  0.101498E+01  0.409764E+05  0.405661E+05  0.000000E+00  0.000000E+00  0.000000E+00  0.409081E+05
  0.104938E+01  0.388019E+05  0.384134E+05  0.000000E+00  0.000000E+00  0.000000E+00  0.387372E+05
  0.108495E+01  0.367384E+05  0.363706E+05  0.000000E+00  0.000000E+00  0.000000E+00  0.366771E+05
  0.112172E+01  0.347806E+05  0.344324E+05  0.000000E+00  0.000000E+00  0.000000E+00  0.347226E+05
  0.115974E+01  0.329237E+05  0.325940E+05  0.000000E+00  0.000000E+00  0.000000E+00  0.328687E+05
  0.119905E+01  0.311624E+05  0.308504E+05  0.000000E+00  0.000000E+00  0.000000E+00  0.311104E+05
  0.123969E+01  0.294922E+05  0.291969E+05  0.000000E+00  0.000000E+00  0.000000E+00  0.294430E+05
  0.128171E+01  0.279083E+05  0.276289E+05  0.000000E+00  0.000000E+00  0.000000E+00  0.278617E+05
  0.132516E+01  0.264068E+05  0.261425E+05  0.000000E+00  0.000000E+00  0.000000E+00  0.263628E+05
  0.137007E+01  0.249836E+05  0.247335E+05  0.000000E+00  0.000000E+00  0.000000E+00  0.249419E+05
  0.141651E+01  0.236345E+05  0.233979E+05  0.000000E+00  0.000000E+00  0.000000E+00  0.235951E+05
  0.146453E+01  0.223560E+05  0.221322E+05  0.000000E+00  0.000000E+00  0.000000E+00  0.223187E+05
  0.151417E+01  0.211446E+05  0.209329E+05  0.000000E+00  0.000000E+00  0.000000E+00  0.211093E+05
  0.156549E+01  0.199966E+05  0.197965E+05  0.000000E+00  0.000000E+00  0.000000E+00  0.199633E+05
  0.161855E+01  0.189093E+05  0.187201E+05  0.000000E+00  0.000000E+00  0.000000E+00  0.188778E+05
  0.167341E+01  0.178795E+05  0.177005E+05  0.000000E+00  0.000000E+00  0.000000E+00  0.178496E+05
  0.173013E+01  0.169042E+05  0.167350E+05  0.000000E+00  0.000000E+00  0.000000E+00  0.168760E+05
  0.178878E+01  0.159806E+05  0.158206E+05  0.000000E+00  0.000000E+00  0.000000E+00  0.159539E+05
  0.184941E+01  0.151060E+05  0.149548E+05  0.000000E+00  0.000000E+00  0.000000E+00  0.150808E+05
  0.191209E+01  0.142780E+05  0.141351E+05  0.000000E+00  0.000000E+00  0.000000E+00  0.142542E+05
  0.197690E+01  0.134942E+05  0.133591E+05  0.000000E+00  0.000000E+00  0.000000E+00  0.134717E+05
  0.204391E+01  0.127523E+05  0.126246E+05  0.000000E+00  0.000000E+00  0.000000E+00  0.127310E+05
  0.211319E+01  0.120501E+05  0.119295E+05  0.000000E+00  0.000000E+00  0.000000E+00  0.120300E+05
  0.218481E+01  0.113857E+05  0.112718E+05  0.000000E+00  0.000000E+00  0.000000E+00  0.113667E+05
  0.225887E+01  0.107570E+05  0.106493E+05  0.000000E+00  0.000000E+00  0.000000E+00  0.107391E+05
  0.233543E+01  0.101622E+05  0.100605E+05  0.000000E+00  0.000000E+00  0.000000E+00  0.101453E+05
  0.241459E+01  0.959950E+04  0.950342E+04  0.000000E+00  0.000000E+00  0.000000E+00  0.958348E+04
  0.249644E+01  0.906719E+04  0.897643E+04  0.000000E+00  0.000000E+00  0.000000E+00  0.905206E+04
  0.258105E+01  0.856371E+04  0.847800E+04  0.000000E+00  0.000000E+00  0.000000E+00  0.854943E+04
  0.266854E+01  0.808760E+04  0.800664E+04  0.000000E+00  0.000000E+00  0.000000E+00  0.807410E+04
  0.275899E+01  0.763735E+04  0.756090E+04  0.000000E+00  0.000000E+00  0.000000E+00  0.762461E+04
  0.285251E+01  0.721164E+04  0.713945E+04  0.000000E+00  0.000000E+00  0.000000E+00  0.719961E+04
  0.294919E+01  0.680916E+04  0.674100E+04  0.000000E+00  0.000000E+00  0.000000E+00  0.679780E+04
  0.304916E+01  0.642862E+04  0.636426E+04  0.000000E+00  0.000000E+00  0.000000E+00  0.641789E+04
  0.315251E+01  0.606892E+04  0.600816E+04  0.000000E+00  0.000000E+00  0.000000E+00  0.605879E+04
  0.325936E+01  0.572892E+04  0.567157E+04  0.000000E+00  0.000000E+00  0.000000E+00  0.571936E+04
  0.336984E+01  0.540762E+04  0.535348E+04  0.000000E+00  0.000000E+00  0.000000E+00  0.539859E+04
  0.348406E+01  0.510398E+04  0.505287E+04  0.000000E+00  0.000000E+00  0.000000E+00  0.509546E+04
  0.360215E+01  0.481706E+04  0.476882E+04  0.000000E+00  0.000000E+00  0.000000E+00  0.480902E+04
  0.372425E+01  0.454594E+04  0.450042E+04  0.000000E+00  0.000000E+00  0.000000E+00  0.453835E+04
  0.385048E+01  0.428979E+04  0.424683E+04  0.000000E+00  0.000000E+00  0.000000E+00  0.428263E+04
  0.398099E+01  0.404780E+04  0.400727E+04  0.000000E+00  0.000000E+00  0.000000E+00  0.404105E+04
  0.411593E+01  0.381924E+04  0.378099E+04  0.000000E+00  0.000000E+00  0.000000E+00  0.381286E+04
  0.425544E+01  0.360334E+04  0.356725E+04  0.000000E+00  0.000000E+00  0.000000E+00  0.359733E+04
  0.439968E+01  0.339943E+04  0.336538E+04  0.000000E+00  0.000000E+00  0.000000E+00  0.339376E+04
  0.454881E+01  0.320685E+04  0.317472E+04  0.000000E+00  0.000000E+00  0.000000E+00  0.320149E+04
  0.470299E+01  0.302499E+04  0.299468E+04  0.000000E+00  0.000000E+00  0.000000E+00  0.301993E+04
  0.486240E+01  0.285328E+04  0.282469E+04  0.000000E+00  0.000000E+00  0.000000E+00  0.284851E+04
  0.502721E+01  0.269115E+04  0.266418E+04  0.000000E+00  0.000000E+00  0.000000E+00  0.268665E+04
  0.519761E+01  0.253808E+04  0.251264E+04  0.000000E+00  0.000000E+00  0.000000E+00  0.253384E+04
  0.537378E+01  0.239357E+04  0.236957E+04  0.000000E+00  0.000000E+00  0.000000E+00  0.238957E+04
  0.555592E+01  0.225716E+04  0.223453E+04  0.000000E+00  0.000000E+00  0.000000E+00  0.225339E+04
  0.574424E+01  0.212841E+04  0.210706E+04  0.000000E+00  0.000000E+00  0.000000E+00  0.212485E+04
  0.593894E+01  0.200689E+04  0.198676E+04  0.000000E+00  0.000000E+00  0.000000E+00  0.200353E+04
  0.614025E+01  0.189218E+04  0.187320E+04  0.000000E+00  0.000000E+00  0.000000E+00  0.188902E+04
  0.634837E+01  0.178394E+04  0.176604E+04  0.000000E+00  0.000000E+00  0.000000E+00  0.178096E+04
  0.656355E+01  0.168180E+04  0.166493E+04  0.000000E+00  0.000000E+00  0.000000E+00  0.167899E+04
  0.678602E+01  0.158543E+04  0.156952E+04  0.000000E+00  0.000000E+00  0.000000E+00  0.158278E+04
  0.701603E+01  0.149450E+04  0.147949E+04  0.000000E+00  0.000000E+00  0.000000E+00  0.149200E+04
  0.725384E+01  0.140870E+04  0.139456E+04  0.000000E+00  0.000000E+00  0.000000E+00  0.140635E+04
  0.749971E+01  0.132777E+04  0.131443E+04  0.000000E+00  0.000000E+00  0.000000E+00  0.132554E+04
  0.775392E+01  0.125142E+04  0.123884E+04  0.000000E+00  0.000000E+00  0.000000E+00  0.124932E+04
  0.801674E+01  0.117940E+04  0.116754E+04  0.000000E+00  0.000000E+00  0.000000E+00  0.117742E+04
  0.828847E+01  0.111147E+04  0.110029E+04  0.000000E+00  0.000000E+00  0.000000E+00  0.110960E+04
  0.856940E+01  0.104740E+04  0.103686E+04  0.000000E+00  0.000000E+00  0.000000E+00  0.104564E+04
  0.885987E+01  0.986974E+03  0.977040E+03  0.000000E+00  0.000000E+00  0.000000E+00  0.985318E+03
  0.916017E+01  0.929988E+03  0.920625E+03  0.000000E+00  0.000000E+00  0.000000E+00  0.928428E+03
  0.947066E+01  0.876251E+03  0.867424E+03  0.000000E+00  0.000000E+00  0.000000E+00  0.874779E+03
  0.979166E+01  0.825582E+03  0.817262E+03  0.000000E+00  0.000000E+00  0.000000E+00  0.824195E+03
  0.101236E+02  0.777805E+03  0.769961E+03  0.000000E+00  0.000000E+00  0.000000E+00  0.776497E+03
  0.104667E+02  0.732758E+03  0.725365E+03  0.000000E+00  0.000000E+00  0.000000E+00  0.731526E+03
  0.108215E+02  0.690290E+03  0.683321E+03  0.000000E+00  0.000000E+00  0.000000E+00  0.689128E+03
  0.111883E+02  0.650254E+03  0.643685E+03  0.000000E+00  0.000000E+00  0.000000E+00  0.649159E+03
  0.115675E+02  0.612510E+03  0.606318E+03  0.000000E+00  0.000000E+00  0.000000E+00  0.611478E+03
  0.119596E+02  0.576934E+03  0.571097E+03  0.000000E+00  0.000000E+00  0.000000E+00  0.575961E+03
  0.123649E+02  0.543398E+03  0.537896E+03  0.000000E+00  0.000000E+00  0.000000E+00  0.542481E+03
  0.127841E+02  0.511789E+03  0.506603E+03  0.000000E+00  0.000000E+00  0.000000E+00  0.510925E+03
  0.132174E+02  0.482000E+03  0.477111E+03  0.000000E+00  0.000000E+00  0.000000E+00  0.481186E+03
  0.136654E+02  0.453926E+03  0.449317E+03  0.000000E+00  0.000000E+00  0.000000E+00  0.453158E+03
  0.141286E+02  0.427468E+03  0.423123E+03  0.000000E+00  0.000000E+00  0.000000E+00  0.426744E+03
  0.146075E+02  0.402536E+03  0.398439E+03  0.000000E+00  0.000000E+00  0.000000E+00  0.401853E+03
  0.151026E+02  0.379042E+03  0.375180E+03  0.000000E+00  0.000000E+00  0.000000E+00  0.378399E+03
  0.156145E+02  0.356904E+03  0.353263E+03  0.000000E+00  0.000000E+00  0.000000E+00  0.356298E+03
  0.161437E+02  0.336047E+03  0.332614E+03  0.000000E+00  0.000000E+00  0.000000E+00  0.335475E+03
  0.166909E+02  0.316396E+03  0.313159E+03  0.000000E+00  0.000000E+00  0.000000E+00  0.315856E+03
  0.172567E+02  0.297882E+03  0.294829E+03  0.000000E+00  0.000000E+00  0.000000E+00  0.297373E+03
  0.178416E+02  0.280440E+03  0.277562E+03  0.000000E+00  0.000000E+00  0.000000E+00  0.279960E+03
  0.184463E+02  0.264009E+03  0.261295E+03  0.000000E+00  0.000000E+00  0.000000E+00  0.263557E+03
  0.190716E+02  0.248532E+03  0.245971E+03  0.000000E+00  0.000000E+00  0.000000E+00  0.248105E+03
  0.197180E+02  0.233953E+03  0.231538E+03  0.000000E+00  0.000000E+00  0.000000E+00  0.233550E+03
  0.203863E+02  0.220220E+03  0.217942E+03  0.000000E+00  0.000000E+00  0.000000E+00  0.219841E+03
  0.210773E+02  0.207286E+03  0.205137E+03  0.000000E+00  0.000000E+00  0.000000E+00  0.206928E+03
  0.217917E+02  0.195105E+03  0.193076E+03  0.000000E+00  0.000000E+00  0.000000E+00  0.194767E+03
  0.225304E+02  0.183632E+03  0.181718E+03  0.000000E+00  0.000000E+00  0.000000E+00  0.183313E+03
  0.232941E+02  0.172828E+03  0.171022E+03  0.000000E+00  0.000000E+00  0.000000E+00  0.172527E+03
  0.240836E+02  0.162654E+03  0.160948E+03  0.000000E+00  0.000000E+00  0.000000E+00  0.162369E+03
  0.248999E+02  0.153072E+03  0.151462E+03  0.000000E+00  0.000000E+00  0.000000E+00  0.152804E+03
  0.257439E+02  0.144050E+03  0.142530E+03  0.000000E+00  0.000000E+00  0.000000E+00  0.143797E+03
  0.266165E+02  0.135556E+03  0.134120E+03  0.000000E+00  0.000000E+00  0.000000E+00  0.135316E+03
  0.275187E+02  0.127557E+03  0.126201E+03  0.000000E+00  0.000000E+00  0.000000E+00  0.127331E+03
  0.284514E+02  0.120027E+03  0.118745E+03  0.000000E+00  0.000000E+00  0.000000E+00  0.119813E+03
  0.294158E+02  0.112936E+03  0.111725E+03  0.000000E+00  0.000000E+00  0.000000E+00  0.112735E+03
  0.304128E+02  0.106262E+03  0.105117E+03  0.000000E+00  0.000000E+00  0.000000E+00  0.106071E+03
  0.314437E+02  0.999776E+02  0.988951E+02  0.000000E+00  0.000000E+00  0.000000E+00  0.997972E+02
  0.325095E+02  0.940621E+02  0.930382E+02  0.000000E+00  0.000000E+00  0.000000E+00  0.938915E+02
  0.336114E+02  0.884935E+02  0.875248E+02  0.000000E+00  0.000000E+00  0.000000E+00  0.883321E+02
  0.347507E+02  0.832517E+02  0.823350E+02  0.000000E+00  0.000000E+00  0.000000E+00  0.830989E+02
  0.359285E+02  0.783179E+02  0.774500E+02  0.000000E+00  0.000000E+00  0.000000E+00  0.781732E+02
  0.371463E+02  0.736738E+02  0.728518E+02  0.000000E+00  0.000000E+00  0.000000E+00  0.735368E+02
  0.384054E+02  0.693029E+02  0.685242E+02  0.000000E+00  0.000000E+00  0.000000E+00  0.691731E+02
  0.397072E+02  0.651890E+02  0.644509E+02  0.000000E+00  0.000000E+00  0.000000E+00  0.650660E+02
  0.410530E+02  0.613172E+02  0.606174E+02  0.000000E+00  0.000000E+00  0.000000E+00  0.612006E+02
  0.424445E+02  0.576735E+02  0.570096E+02  0.000000E+00  0.000000E+00  0.000000E+00  0.575628E+02
  0.438832E+02  0.542444E+02  0.536144E+02  0.000000E+00  0.000000E+00  0.000000E+00  0.541394E+02
  0.453706E+02  0.510175E+02  0.504193E+02  0.000000E+00  0.000000E+00  0.000000E+00  0.509178E+02
  0.469085E+02  0.479809E+02  0.474126E+02  0.000000E+00  0.000000E+00  0.000000E+00  0.478862E+02
  0.484984E+02  0.451235E+02  0.445833E+02  0.000000E+00  0.000000E+00  0.000000E+00  0.450335E+02
  0.501423E+02  0.424347E+02  0.419209E+02  0.000000E+00  0.000000E+00  0.000000E+00  0.423491E+02
  0.518419E+02  0.399048E+02  0.394159E+02  0.000000E+00  0.000000E+00  0.000000E+00  0.398233E+02
  0.535990E+02  0.375245E+02  0.370589E+02  0.000000E+00  0.000000E+00  0.000000E+00  0.374469E+02
  0.554158E+02  0.352849E+02  0.348413E+02  0.000000E+00  0.000000E+00  0.000000E+00  0.352110E+02
  0.572942E+02  0.331778E+02  0.327547E+02  0.000000E+00  0.000000E+00  0.000000E+00  0.331073E+02
  0.592361E+02  0.311954E+02  0.307918E+02  0.000000E+00  0.000000E+00  0.000000E+00  0.311282E+02
  0.612440E+02  0.293304E+02  0.289450E+02  0.000000E+00  0.000000E+00  0.000000E+00  0.292662E+02
  0.633198E+02  0.275760E+02  0.272076E+02  0.000000E+00  0.000000E+00  0.000000E+00  0.275146E+02
  0.654661E+02  0.259254E+02  0.255732E+02  0.000000E+00  0.000000E+00  0.000000E+00  0.258667E+02
  0.676850E+02  0.243728E+02  0.240357E+02  0.000000E+00  0.000000E+00  0.000000E+00  0.243166E+02
  0.699792E+02  0.229123E+02  0.225893E+02  0.000000E+00  0.000000E+00  0.000000E+00  0.228585E+02
  0.723511E+02  0.215385E+02  0.212289E+02  0.000000E+00  0.000000E+00  0.000000E+00  0.214869E+02
  0.748035E+02  0.202463E+02  0.199491E+02  0.000000E+00  0.000000E+00  0.000000E+00  0.201967E+02
  0.773390E+02  0.190308E+02  0.187454E+02  0.000000E+00  0.000000E+00  0.000000E+00  0.189832E+02
  0.799604E+02  0.178876E+02  0.176132E+02  0.000000E+00  0.000000E+00  0.000000E+00  0.178418E+02
  0.826706E+02  0.168123E+02  0.165483E+02  0.000000E+00  0.000000E+00  0.000000E+00  0.167683E+02
  0.854728E+02  0.158010E+02  0.155468E+02  0.000000E+00  0.000000E+00  0.000000E+00  0.157587E+02
  0.883699E+02  0.148499E+02  0.146048E+02  0.000000E+00  0.000000E+00  0.000000E+00  0.148091E+02
  0.913652E+02  0.139555E+02  0.137189E+02  0.000000E+00  0.000000E+00  0.000000E+00  0.139160E+02
  0.944620E+02  0.131143E+02  0.128857E+02  0.000000E+00  0.000000E+00  0.000000E+00  0.130762E+02
  0.976639E+02  0.123231E+02  0.121022E+02  0.000000E+00  0.000000E+00  0.000000E+00  0.122863E+02
  0.100974E+03  0.115792E+02  0.113653E+02  0.000000E+00  0.000000E+00  0.000000E+00  0.115436E+02
  0.104397E+03  0.108797E+02  0.106725E+02  0.000000E+00  0.000000E+00  0.000000E+00  0.108451E+02
  0.107935E+03  0.102219E+02  0.100209E+02  0.000000E+00  0.000000E+00  0.000000E+00  0.101884E+02
  0.111594E+03  0.960329E+01  0.940822E+01  0.000000E+00  0.000000E+00  0.000000E+00  0.957078E+01
  0.115376E+03  0.902167E+01  0.883212E+01  0.000000E+00  0.000000E+00  0.000000E+00  0.899008E+01
  0.119287E+03  0.847480E+01  0.829044E+01  0.000000E+00  0.000000E+00  0.000000E+00  0.844407E+01
  0.123330E+03  0.796062E+01  0.778113E+01  0.000000E+00  0.000000E+00  0.000000E+00  0.793070E+01
  0.127510E+03  0.747714E+01  0.730223E+01  0.000000E+00  0.000000E+00  0.000000E+00  0.744799E+01
  0.131832E+03  0.702260E+01  0.685201E+01  0.000000E+00  0.000000E+00  0.000000E+00  0.699417E+01
  0.136301E+03  0.659526E+01  0.642872E+01  0.000000E+00  0.000000E+00  0.000000E+00  0.656750E+01
  0.140921E+03  0.619351E+01  0.603078E+01  0.000000E+00  0.000000E+00  0.000000E+00  0.616639E+01
  0.145697E+03  0.581578E+01  0.565665E+01  0.000000E+00  0.000000E+00  0.000000E+00  0.578926E+01
  0.150636E+03  0.546071E+01  0.530498E+01  0.000000E+00  0.000000E+00  0.000000E+00  0.543475E+01
  0.155742E+03  0.512692E+01  0.497439E+01  0.000000E+00  0.000000E+00  0.000000E+00  0.510150E+01
  0.161021E+03  0.481313E+01  0.466363E+01  0.000000E+00  0.000000E+00  0.000000E+00  0.478822E+01
  0.166478E+03  0.451818E+01  0.437153E+01  0.000000E+00  0.000000E+00  0.000000E+00  0.449374E+01
  0.172121E+03  0.424094E+01  0.409701E+01  0.000000E+00  0.000000E+00  0.000000E+00  0.421695E+01
  0.177955E+03  0.398035E+01  0.383899E+01  0.000000E+00  0.000000E+00  0.000000E+00  0.395679E+01
  0.183987E+03  0.373539E+01  0.359648E+01  0.000000E+00  0.000000E+00  0.000000E+00  0.371224E+01
  0.190223E+03  0.350518E+01  0.336860E+01  0.000000E+00  0.000000E+00  0.000000E+00  0.348241E+01
  0.196671E+03  0.328880E+01  0.315445E+01  0.000000E+00  0.000000E+00  0.000000E+00  0.326641E+01
  0.203337E+03  0.308546E+01  0.295324E+01  0.000000E+00  0.000000E+00  0.000000E+00  0.306342E+01
