  0.106303E-04  0.257419E+06  0.257419E+06  0.343224E+06  0.343223E+06  0.000000E+00  0.257419E+06
  0.109906E-04  0.257419E+06  0.257419E+06  0.343224E+06  0.343223E+06  0.000000E+00  0.257419E+06
  0.113631E-04  0.257419E+06  0.257419E+06  0.343223E+06  0.343223E+06  0.000000E+00  0.257419E+06
  0.117483E-04  0.257419E+06  0.257419E+06  0.343223E+06  0.343223E+06  0.000000E+00  0.257419E+06
  0.121465E-04  0.257419E+06  0.257419E+06  0.343223E+06  0.343223E+06  0.000000E+00  0.257419E+06
  0.125582E-04  0.257419E+06  0.257419E+06  0.343223E+06  0.343223E+06  0.000000E+00  0.257419E+06
  0.129839E-04  0.257419E+06  0.257419E+06  0.343223E+06  0.343222E+06  0.000000E+00  0.257419E+06
  0.134240E-04  0.257419E+06  0.257419E+06  0.343223E+06  0.343222E+06  0.000000E+00  0.257419E+06
  0.138790E-04  0.257419E+06  0.257419E+06  0.343222E+06  0.343222E+06  0.000000E+00  0.257419E+06
  0.143494E-04  0.257419E+06  0.257419E+06  0.343222E+06  0.343222E+06  0.000000E+00  0.257419E+06
  0.148358E-04  0.257419E+06  0.257419E+06  0.343222E+06  0.343222E+06  0.000000E+00  0.257419E+06
  0.153386E-04  0.257419E+06  0.257419E+06  0.343222E+06  0.343221E+06  0.000000E+00  0.257419E+06
  0.158585E-04  0.257419E+06  0.257419E+06  0.343221E+06  0.343221E+06  0.000000E+00  0.257419E+06
  0.163961E-04  0.257419E+06  0.257419E+06  0.343221E+06  0.343221E+06  0.000000E+00  0.257419E+06
  0.169518E-04  0.257419E+06  0.257419E+06  0.343221E+06  0.343220E+06  0.000000E+00  0.257419E+06
  0.175264E-04  0.257419E+06  0.257419E+06  0.343220E+06  0.343220E+06  0.000000E+00  0.257419E+06
  0.181205E-04  0.257419E+06  0.257419E+06  0.343220E+06  0.343220E+06  0.000000E+00  0.257419E+06
  0.187347E-04  0.257419E+06  0.257419E+06  0.343220E+06  0.343219E+06  0.000000E+00  0.257419E+06
  0.193697E-04  0.257419E+06  0.257419E+06  0.343219E+06  0.343219E+06  0.000000E+00  0.257419E+06
  0.200262E-04  0.257419E+06  0.257419E+06  0.343219E+06  0.343218E+06  0.000000E+00  0.257419E+06
  0.207050E-04  0.257419E+06  0.257419E+06  0.343218E+06  0.343218E+06  0.000000E+00  0.257419E+06
  0.214068E-04  0.257419E+06  0.257419E+06  0.343218E+06  0.343217E+06  0.000000E+00  0.257419E+06
  0.221324E-04  0.257419E+06  0.257419E+06  0.343217E+06  0.343217E+06  0.000000E+00  0.257419E+06
  0.228826E-04  0.257419E+06  0.257419E+06  0.343217E+06  0.343216E+06  0.000000E+00  0.257419E+06
  0.236582E-04  0.257419E+06  0.257419E+06  0.343216E+06  0.343215E+06  0.000000E+00  0.257419E+06
  0.244601E-04  0.257419E+06  0.257419E+06  0.343216E+06  0.343215E+06  0.000000E+00  0.257419E+06
  0.252891E-04  0.257419E+06  0.257419E+06  0.343215E+06  0.343214E+06  0.000000E+00  0.257419E+06
  0.261463E-04  0.257419E+06  0.257419E+06  0.343214E+06  0.343213E+06  0.000000E+00  0.257419E+06
  0.270326E-04  0.257419E+06  0.257419E+06  0.343213E+06  0.343212E+06  0.000000E+00  0.257419E+06
  0.279488E-04  0.257419E+06  0.257419E+06  0.343213E+06  0.343211E+06  0.000000E+00  0.257419E+06
  0.288962E-04  0.257419E+06  0.257419E+06  0.343212E+06  0.343210E+06  0.000000E+00  0.257419E+06
  0.298756E-04  0.257419E+06  0.257418E+06  0.343211E+06  0.343209E+06  0.000000E+00  0.257419E+06
  0.308882E-04  0.257419E+06  0.257418E+06  0.343210E+06  0.343208E+06  0.000000E+00  0.257418E+06
  0.319352E-04  0.257418E+06  0.257418E+06  0.343209E+06  0.343207E+06  0.000000E+00  0.257418E+06
  0.330176E-04  0.257418E+06  0.257418E+06  0.343207E+06  0.343206E+06  0.000000E+00  0.257418E+06
  0.341368E-04  0.257418E+06  0.257418E+06  0.343206E+06  0.343204E+06  0.000000E+00  0.257418E+06
  0.352938E-04  0.257418E+06  0.257418E+06  0.343205E+06  0.343203E+06  0.000000E+00  0.257418E+06
  0.364901E-04  0.257418E+06  0.257418E+06  0.343203E+06  0.343201E+06  0.000000E+00  0.257418E+06
  0.377270E-04  0.257418E+06  0.257418E+06  0.343202E+06  0.343199E+06  0.000000E+00  0.257418E+06
  0.390057E-04  0.257418E+06  0.257418E+06  0.343200E+06  0.343198E+06  0.000000E+00  0.257418E+06
  0.403278E-04  0.257418E+06  0.257418E+06  0.343198E+06  0.343196E+06  0.000000E+00  0.257418E+06
  0.416948E-04  0.257418E+06  0.257418E+06  0.343197E+06  0.343194E+06  0.000000E+00  0.257418E+06
  0.431080E-04  0.257418E+06  0.257418E+06  0.343195E+06  0.343191E+06  0.000000E+00  0.257418E+06
  0.445692E-04  0.257418E+06  0.257418E+06  0.343192E+06  0.343189E+06  0.000000E+00  0.257418E+06
  0.460798E-04  0.257418E+06  0.257418E+06  0.343190E+06  0.343187E+06  0.000000E+00  0.257418E+06
  0.476417E-04  0.257418E+06  0.257417E+06  0.343188E+06  0.343184E+06  0.000000E+00  0.257418E+06
  0.492565E-04  0.257418E+06  0.257417E+06  0.343185E+06  0.343181E+06  0.000000E+00  0.257418E+06
  0.509261E-04  0.257417E+06  0.257417E+06  0.343182E+06  0.343178E+06  0.000000E+00  0.257417E+06
  0.526522E-04  0.257417E+06  0.257417E+06  0.343179E+06  0.343175E+06  0.000000E+00  0.257417E+06
  0.544369E-04  0.257417E+06  0.257417E+06  0.343176E+06  0.343171E+06  0.000000E+00  0.257417E+06
  0.562820E-04  0.257417E+06  0.257417E+06  0.343173E+06  0.343168E+06  0.000000E+00  0.257417E+06
  0.581897E-04  0.257417E+06  0.257417E+06  0.343169E+06  0.343164E+06  0.000000E+00  0.257417E+06
  0.601621E-04  0.257417E+06  0.257416E+06  0.343165E+06  0.343159E+06  0.000000E+00  0.257417E+06
  0.622013E-04  0.257417E+06  0.257416E+06  0.343161E+06  0.343155E+06  0.000000E+00  0.257417E+06
  0.643096E-04  0.257416E+06  0.257416E+06  0.343157E+06  0.343150E+06  0.000000E+00  0.257416E+06
  0.664894E-04  0.257416E+06  0.257416E+06  0.343152E+06  0.343145E+06  0.000000E+00  0.257416E+06
  0.687430E-04  0.257416E+06  0.257416E+06  0.343147E+06  0.343139E+06  0.000000E+00  0.257416E+06
  0.710731E-04  0.257416E+06  0.257415E+06  0.343142E+06  0.343133E+06  0.000000E+00  0.257416E+06
  0.734821E-04  0.257416E+06  0.257415E+06  0.343136E+06  0.343127E+06  0.000000E+00  0.257415E+06
  0.759728E-04  0.257415E+06  0.257415E+06  0.343130E+06  0.343120E+06  0.000000E+00  0.257415E+06
  0.785479E-04  0.257415E+06  0.257415E+06  0.343123E+06  0.343112E+06  0.000000E+00  0.257415E+06
  0.812103E-04  0.257415E+06  0.257414E+06  0.343116E+06  0.343105E+06  0.000000E+00  0.257415E+06
  0.839629E-04  0.257414E+06  0.257414E+06  0.343108E+06  0.343096E+06  0.000000E+00  0.257414E+06
  0.868089E-04  0.257414E+06  0.257414E+06  0.343100E+06  0.343087E+06  0.000000E+00  0.257414E+06
  0.897513E-04  0.257414E+06  0.257413E+06  0.343092E+06  0.343078E+06  0.000000E+00  0.257414E+06
  0.927934E-04  0.257413E+06  0.257413E+06  0.343082E+06  0.343068E+06  0.000000E+00  0.257413E+06
  0.959386E-04  0.257413E+06  0.257412E+06  0.343073E+06  0.343057E+06  0.000000E+00  0.257413E+06
  0.991905E-04  0.257413E+06  0.257412E+06  0.343062E+06  0.343045E+06  0.000000E+00  0.257412E+06
  0.102553E-03  0.257412E+06  0.257411E+06  0.343051E+06  0.343033E+06  0.000000E+00  0.257412E+06
  0.106029E-03  0.257412E+06  0.257411E+06  0.343039E+06  0.343020E+06  0.000000E+00  0.257412E+06
  0.109622E-03  0.257411E+06  0.257410E+06  0.343026E+06  0.343005E+06  0.000000E+00  0.257411E+06
  0.113338E-03  0.257411E+06  0.257410E+06  0.343012E+06  0.342990E+06  0.000000E+00  0.257410E+06
  0.117180E-03  0.257410E+06  0.257409E+06  0.342997E+06  0.342974E+06  0.000000E+00  0.257410E+06
  0.121152E-03  0.257409E+06  0.257408E+06  0.342982E+06  0.342957E+06  0.000000E+00  0.257409E+06
  0.125258E-03  0.257409E+06  0.257407E+06  0.342965E+06  0.342938E+06  0.000000E+00  0.257408E+06
  0.129504E-03  0.257408E+06  0.257407E+06  0.342947E+06  0.342918E+06  0.000000E+00  0.257408E+06
  0.133893E-03  0.257407E+06  0.257406E+06  0.342928E+06  0.342897E+06  0.000000E+00  0.257407E+06
  0.138431E-03  0.257406E+06  0.257405E+06  0.342907E+06  0.342875E+06  0.000000E+00  0.257406E+06
  0.143124E-03  0.257405E+06  0.257404E+06  0.342885E+06  0.342850E+06  0.000000E+00  0.257405E+06
  0.147975E-03  0.257405E+06  0.257403E+06  0.342862E+06  0.342824E+06  0.000000E+00  0.257404E+06
  0.152990E-03  0.257404E+06  0.257402E+06  0.342837E+06  0.342797E+06  0.000000E+00  0.257403E+06
  0.158176E-03  0.257402E+06  0.257401E+06  0.342810E+06  0.342767E+06  0.000000E+00  0.257402E+06
  0.163537E-03  0.257401E+06  0.257399E+06  0.342781E+06  0.342736E+06  0.000000E+00  0.257401E+06
  0.169081E-03  0.257400E+06  0.257398E+06  0.342751E+06  0.342702E+06  0.000000E+00  0.257400E+06
  0.174812E-03  0.257399E+06  0.257396E+06  0.342718E+06  0.342666E+06  0.000000E+00  0.257398E+06
  0.180737E-03  0.257397E+06  0.257395E+06  0.342683E+06  0.342627E+06  0.000000E+00  0.257397E+06
  0.186863E-03  0.257396E+06  0.257393E+06  0.342646E+06  0.342586E+06  0.000000E+00  0.257395E+06
  0.193197E-03  0.257394E+06  0.257391E+06  0.342606E+06  0.342542E+06  0.000000E+00  0.257394E+06
  0.199745E-03  0.257393E+06  0.257389E+06  0.342563E+06  0.342495E+06  0.000000E+00  0.257392E+06
  0.206515E-03  0.257391E+06  0.257387E+06  0.342517E+06  0.342445E+06  0.000000E+00  0.257390E+06
  0.213515E-03  0.257389E+06  0.257385E+06  0.342468E+06  0.342391E+06  0.000000E+00  0.257388E+06
  0.220752E-03  0.257387E+06  0.257383E+06  0.342416E+06  0.342334E+06  0.000000E+00  0.257386E+06
  0.228235E-03  0.257384E+06  0.257380E+06  0.342361E+06  0.342272E+06  0.000000E+00  0.257384E+06
  0.235971E-03  0.257382E+06  0.257378E+06  0.342301E+06  0.342207E+06  0.000000E+00  0.257381E+06
  0.243969E-03  0.257379E+06  0.257375E+06  0.342237E+06  0.342136E+06  0.000000E+00  0.257379E+06
  0.252239E-03  0.257377E+06  0.257372E+06  0.342169E+06  0.342061E+06  0.000000E+00  0.257376E+06
  0.260788E-03  0.257374E+06  0.257369E+06  0.342097E+06  0.341981E+06  0.000000E+00  0.257373E+06
  0.269628E-03  0.257371E+06  0.257365E+06  0.342019E+06  0.341896E+06  0.000000E+00  0.257370E+06
  0.278767E-03  0.257367E+06  0.257361E+06  0.341936E+06  0.341804E+06  0.000000E+00  0.257366E+06
  0.288216E-03  0.257364E+06  0.257357E+06  0.341847E+06  0.341706E+06  0.000000E+00  0.257363E+06
  0.297985E-03  0.257360E+06  0.257353E+06  0.341752E+06  0.341602E+06  0.000000E+00  0.257359E+06
  0.308085E-03  0.257356E+06  0.257348E+06  0.341651E+06  0.341490E+06  0.000000E+00  0.257355E+06
  0.318527E-03  0.257352E+06  0.257344E+06  0.341543E+06  0.341371E+06  0.000000E+00  0.257350E+06
  0.329324E-03  0.257347E+06  0.257338E+06  0.341427E+06  0.341243E+06  0.000000E+00  0.257345E+06
  0.340486E-03  0.257342E+06  0.257333E+06  0.341303E+06  0.341107E+06  0.000000E+00  0.257340E+06
  0.352027E-03  0.257337E+06  0.257327E+06  0.341171E+06  0.340962E+06  0.000000E+00  0.257335E+06
  0.363959E-03  0.257331E+06  0.257321E+06  0.341030E+06  0.340806E+06  0.000000E+00  0.257329E+06
  0.376296E-03  0.257325E+06  0.257314E+06  0.340879E+06  0.340640E+06  0.000000E+00  0.257323E+06
  0.389050E-03  0.257318E+06  0.257307E+06  0.340718E+06  0.340462E+06  0.000000E+00  0.257316E+06
  0.402237E-03  0.257311E+06  0.257299E+06  0.340545E+06  0.340272E+06  0.000000E+00  0.257309E+06
  0.415871E-03  0.257304E+06  0.257290E+06  0.340361E+06  0.340070E+06  0.000000E+00  0.257302E+06
  0.429967E-03  0.257296E+06  0.257282E+06  0.340164E+06  0.339853E+06  0.000000E+00  0.257294E+06
  0.444541E-03  0.257287E+06  0.257272E+06  0.339954E+06  0.339622E+06  0.000000E+00  0.257285E+06
  0.459609E-03  0.257278E+06  0.257262E+06  0.339730E+06  0.339374E+06  0.000000E+00  0.257276E+06
  0.475187E-03  0.257269E+06  0.257251E+06  0.339490E+06  0.339110E+06  0.000000E+00  0.257266E+06
  0.491294E-03  0.257258E+06  0.257240E+06  0.339234E+06  0.338828E+06  0.000000E+00  0.257255E+06
  0.507946E-03  0.257247E+06  0.257227E+06  0.338960E+06  0.338527E+06  0.000000E+00  0.257244E+06
  0.525163E-03  0.257235E+06  0.257214E+06  0.338668E+06  0.338205E+06  0.000000E+00  0.257232E+06
  0.542963E-03  0.257223E+06  0.257200E+06  0.338355E+06  0.337862E+06  0.000000E+00  0.257219E+06
  0.561367E-03  0.257209E+06  0.257185E+06  0.338022E+06  0.337495E+06  0.000000E+00  0.257205E+06
  0.580395E-03  0.257195E+06  0.257169E+06  0.337666E+06  0.337103E+06  0.000000E+00  0.257191E+06
  0.600067E-03  0.257179E+06  0.257152E+06  0.337285E+06  0.336684E+06  0.000000E+00  0.257175E+06
  0.620407E-03  0.257163E+06  0.257133E+06  0.336879E+06  0.336238E+06  0.000000E+00  0.257158E+06
  0.641435E-03  0.257145E+06  0.257113E+06  0.336445E+06  0.335761E+06  0.000000E+00  0.257140E+06
  0.663177E-03  0.257126E+06  0.257092E+06  0.335982E+06  0.335252E+06  0.000000E+00  0.257121E+06
  0.685655E-03  0.257106E+06  0.257070E+06  0.335488E+06  0.334708E+06  0.000000E+00  0.257100E+06
  0.708896E-03  0.257085E+06  0.257046E+06  0.334960E+06  0.334128E+06  0.000000E+00  0.257078E+06
  0.732924E-03  0.257062E+06  0.257020E+06  0.334397E+06  0.333509E+06  0.000000E+00  0.257055E+06
  0.757767E-03  0.257037E+06  0.256993E+06  0.333795E+06  0.332848E+06  0.000000E+00  0.257030E+06
  0.783451E-03  0.257011E+06  0.256964E+06  0.333154E+06  0.332143E+06  0.000000E+00  0.257003E+06
  0.810006E-03  0.256983E+06  0.256932E+06  0.332469E+06  0.331391E+06  0.000000E+00  0.256975E+06
  0.837462E-03  0.256953E+06  0.256899E+06  0.331738E+06  0.330589E+06  0.000000E+00  0.256944E+06
  0.865847E-03  0.256921E+06  0.256863E+06  0.330959E+06  0.329734E+06  0.000000E+00  0.256912E+06
  0.895195E-03  0.256887E+06  0.256825E+06  0.330127E+06  0.328822E+06  0.000000E+00  0.256877E+06
  0.925538E-03  0.256851E+06  0.256784E+06  0.329241E+06  0.327849E+06  0.000000E+00  0.256840E+06
  0.956909E-03  0.256812E+06  0.256741E+06  0.328295E+06  0.326812E+06  0.000000E+00  0.256800E+06
  0.989344E-03  0.256770E+06  0.256694E+06  0.327287E+06  0.325708E+06  0.000000E+00  0.256757E+06
  0.102288E-02  0.256725E+06  0.256644E+06  0.326212E+06  0.324530E+06  0.000000E+00  0.256712E+06
  0.105755E-02  0.256678E+06  0.256591E+06  0.325067E+06  0.323276E+06  0.000000E+00  0.256664E+06
  0.109339E-02  0.256627E+06  0.256535E+06  0.323847E+06  0.321940E+06  0.000000E+00  0.256612E+06
  0.113045E-02  0.256573E+06  0.256474E+06  0.322546E+06  0.320518E+06  0.000000E+00  0.256557E+06
  0.116877E-02  0.256515E+06  0.256409E+06  0.321162E+06  0.319003E+06  0.000000E+00  0.256498E+06
  0.120839E-02  0.256453E+06  0.256340E+06  0.319687E+06  0.317392E+06  0.000000E+00  0.256435E+06
  0.124935E-02  0.256387E+06  0.256267E+06  0.318118E+06  0.315678E+06  0.000000E+00  0.256367E+06
  0.129169E-02  0.256317E+06  0.256188E+06  0.316447E+06  0.313854E+06  0.000000E+00  0.256295E+06
  0.133547E-02  0.256242E+06  0.256104E+06  0.314670E+06  0.311916E+06  0.000000E+00  0.256219E+06
  0.138074E-02  0.256162E+06  0.256014E+06  0.312780E+06  0.309856E+06  0.000000E+00  0.256137E+06
  0.142754E-02  0.256076E+06  0.255918E+06  0.310771E+06  0.307667E+06  0.000000E+00  0.256050E+06
  0.147593E-02  0.255984E+06  0.255816E+06  0.308635E+06  0.305343E+06  0.000000E+00  0.255956E+06
  0.152595E-02  0.255887E+06  0.255707E+06  0.306367E+06  0.302877E+06  0.000000E+00  0.255857E+06
  0.157768E-02  0.255783E+06  0.255590E+06  0.303958E+06  0.300260E+06  0.000000E+00  0.255751E+06
  0.163115E-02  0.255672E+06  0.255466E+06  0.301401E+06  0.297486E+06  0.000000E+00  0.255638E+06
  0.168644E-02  0.255553E+06  0.255334E+06  0.298689E+06  0.294546E+06  0.000000E+00  0.255517E+06
  0.174360E-02  0.255427E+06  0.255192E+06  0.295813E+06  0.291433E+06  0.000000E+00  0.255388E+06
  0.180270E-02  0.255292E+06  0.255041E+06  0.292766E+06  0.288138E+06  0.000000E+00  0.255250E+06
  0.186380E-02  0.255149E+06  0.254880E+06  0.289539E+06  0.284653E+06  0.000000E+00  0.255104E+06
  0.192698E-02  0.254995E+06  0.254709E+06  0.286124E+06  0.280970E+06  0.000000E+00  0.254948E+06
  0.199229E-02  0.254832E+06  0.254526E+06  0.282512E+06  0.277082E+06  0.000000E+00  0.254781E+06
  0.205982E-02  0.254658E+06  0.254331E+06  0.278695E+06  0.272979E+06  0.000000E+00  0.254604E+06
  0.212964E-02  0.254473E+06  0.254123E+06  0.274665E+06  0.268655E+06  0.000000E+00  0.254415E+06
  0.220183E-02  0.254275E+06  0.253902E+06  0.270414E+06  0.264102E+06  0.000000E+00  0.254213E+06
  0.227646E-02  0.254065E+06  0.253666E+06  0.265932E+06  0.259312E+06  0.000000E+00  0.253999E+06
  0.235362E-02  0.253841E+06  0.253415E+06  0.261214E+06  0.254280E+06  0.000000E+00  0.253770E+06
  0.243339E-02  0.253603E+06  0.253147E+06  0.256251E+06  0.249000E+06  0.000000E+00  0.253527E+06
  0.251587E-02  0.253350E+06  0.252863E+06  0.251038E+06  0.243466E+06  0.000000E+00  0.253268E+06
  0.260115E-02  0.253080E+06  0.252560E+06  0.245568E+06  0.237675E+06  0.000000E+00  0.252993E+06
  0.268932E-02  0.252793E+06  0.252237E+06  0.239836E+06  0.231625E+06  0.000000E+00  0.252700E+06
  0.278047E-02  0.252488E+06  0.251894E+06  0.233838E+06  0.225313E+06  0.000000E+00  0.252389E+06
  0.287471E-02  0.252164E+06  0.251530E+06  0.227572E+06  0.218741E+06  0.000000E+00  0.252058E+06
  0.297215E-02  0.251820E+06  0.251142E+06  0.221038E+06  0.211911E+06  0.000000E+00  0.251707E+06
  0.307289E-02  0.251454E+06  0.250731E+06  0.214235E+06  0.204826E+06  0.000000E+00  0.251334E+06
  0.317705E-02  0.251066E+06  0.250293E+06  0.207167E+06  0.197495E+06  0.000000E+00  0.250937E+06
  0.328474E-02  0.250654E+06  0.249829E+06  0.199838E+06  0.189927E+06  0.000000E+00  0.250517E+06
  0.339607E-02  0.250218E+06  0.249336E+06  0.192256E+06  0.182134E+06  0.000000E+00  0.250071E+06
  0.351118E-02  0.249755E+06  0.248814E+06  0.184433E+06  0.174132E+06  0.000000E+00  0.249598E+06
  0.363020E-02  0.249265E+06  0.248260E+06  0.176382E+06  0.165940E+06  0.000000E+00  0.249098E+06
  0.375324E-02  0.248746E+06  0.247673E+06  0.168119E+06  0.157582E+06  0.000000E+00  0.248567E+06
  0.388046E-02  0.248197E+06  0.247051E+06  0.159667E+06  0.149083E+06  0.000000E+00  0.248006E+06
  0.401199E-02  0.247617E+06  0.246393E+06  0.151050E+06  0.140477E+06  0.000000E+00  0.247413E+06
  0.414797E-02  0.247003E+06  0.245697E+06  0.142298E+06  0.131796E+06  0.000000E+00  0.246785E+06
  0.428857E-02  0.246355E+06  0.244961E+06  0.133444E+06  0.123081E+06  0.000000E+00  0.246123E+06
  0.443393E-02  0.245672E+06  0.244183E+06  0.124527E+06  0.114375E+06  0.000000E+00  0.245424E+06
  0.458422E-02  0.244951E+06  0.243362E+06  0.115590E+06  0.105726E+06  0.000000E+00  0.244686E+06
  0.473960E-02  0.244192E+06  0.242496E+06  0.106680E+06  0.971833E+05  0.000000E+00  0.243909E+06
  0.490025E-02  0.243392E+06  0.241583E+06  0.978496E+05  0.888013E+05  0.000000E+00  0.243091E+06
  0.506635E-02  0.242552E+06  0.240622E+06  0.891537E+05  0.806356E+05  0.000000E+00  0.242230E+06
  0.523807E-02  0.241669E+06  0.239610E+06  0.806516E+05  0.727435E+05  0.000000E+00  0.241325E+06
  0.541562E-02  0.240741E+06  0.238545E+06  0.724050E+05  0.651821E+05  0.000000E+00  0.240375E+06
  0.559918E-02  0.239769E+06  0.237427E+06  0.644772E+05  0.580080E+05  0.000000E+00  0.239379E+06
  0.578897E-02  0.238750E+06  0.236253E+06  0.569320E+05  0.512744E+05  0.000000E+00  0.238334E+06
  0.598518E-02  0.237684E+06  0.235021E+06  0.498320E+05  0.450303E+05  0.000000E+00  0.237241E+06
  0.618805E-02  0.236570E+06  0.233731E+06  0.432369E+05  0.393184E+05  0.000000E+00  0.236097E+06
  0.639780E-02  0.235406E+06  0.232380E+06  0.372018E+05  0.341730E+05  0.000000E+00  0.234902E+06
  0.661465E-02  0.234192E+06  0.230968E+06  0.317748E+05  0.296181E+05  0.000000E+00  0.233655E+06
  0.683885E-02  0.232928E+06  0.229492E+06  0.269947E+05  0.256655E+05  0.000000E+00  0.232355E+06
  0.707066E-02  0.231612E+06  0.227952E+06  0.228886E+05  0.223133E+05  0.000000E+00  0.231002E+06
  0.731032E-02  0.230244E+06  0.226346E+06  0.194697E+05  0.195443E+05  0.000000E+00  0.229594E+06
  0.755810E-02  0.228823E+06  0.224673E+06  0.167352E+05  0.173256E+05  0.000000E+00  0.228131E+06
  0.781428E-02  0.227350E+06  0.222932E+06  0.146642E+05  0.156087E+05  0.000000E+00  0.226614E+06
  0.807915E-02  0.225824E+06  0.221122E+06  0.132170E+05  0.143299E+05  0.000000E+00  0.225040E+06
  0.835299E-02  0.224245E+06  0.219242E+06  0.123343E+05  0.134133E+05  0.000000E+00  0.223411E+06
  0.863612E-02  0.222612E+06  0.217291E+06  0.119380E+05  0.127728E+05  0.000000E+00  0.221725E+06
  0.892884E-02  0.220926E+06  0.215268E+06  0.119327E+05  0.123174E+05  0.000000E+00  0.219983E+06
  0.923149E-02  0.219187E+06  0.213172E+06  0.122093E+05  0.119559E+05  0.000000E+00  0.218185E+06
  0.954439E-02  0.217395E+06  0.211002E+06  0.126495E+05  0.116030E+05  0.000000E+00  0.216329E+06
  0.986790E-02  0.215549E+06  0.208758E+06  0.131315E+05  0.111865E+05  0.000000E+00  0.214417E+06
  0.102024E-01  0.213649E+06  0.206438E+06  0.135377E+05  0.106525E+05  0.000000E+00  0.212447E+06
  0.105482E-01  0.211695E+06  0.204041E+06  0.137629E+05  0.997146E+04  0.000000E+00  0.210419E+06
  0.109057E-01  0.209688E+06  0.201565E+06  0.137222E+05  0.914159E+04  0.000000E+00  0.208334E+06
  0.112754E-01  0.207626E+06  0.199011E+06  0.133596E+05  0.818960E+04  0.000000E+00  0.206190E+06
  0.116575E-01  0.205509E+06  0.196377E+06  0.126542E+05  0.716847E+04  0.000000E+00  0.203987E+06
  0.120527E-01  0.203337E+06  0.193661E+06  0.116238E+05  0.615135E+04  0.000000E+00  0.201724E+06
  0.124612E-01  0.201110E+06  0.190862E+06  0.103259E+05  0.522189E+04  0.000000E+00  0.199402E+06
  0.128836E-01  0.198826E+06  0.187980E+06  0.885262E+04  0.446165E+04  0.000000E+00  0.197019E+06
  0.133203E-01  0.196487E+06  0.185013E+06  0.732232E+04  0.393612E+04  0.000000E+00  0.194574E+06
  0.137718E-01  0.194090E+06  0.181961E+06  0.586541E+04  0.368144E+04  0.000000E+00  0.192069E+06
  0.142386E-01  0.191637E+06  0.178822E+06  0.460704E+04  0.369446E+04  0.000000E+00  0.189501E+06
  0.147212E-01  0.189127E+06  0.175598E+06  0.364807E+04  0.392900E+04  0.000000E+00  0.186872E+06
  0.152202E-01  0.186559E+06  0.172287E+06  0.304754E+04  0.430009E+04  0.000000E+00  0.184180E+06
  0.157360E-01  0.183932E+06  0.168888E+06  0.000000E+00  0.000000E+00  0.000000E+00  0.181425E+06
  0.162694E-01  0.181248E+06  0.165404E+06  0.000000E+00  0.000000E+00  0.000000E+00  0.178607E+06
  0.168209E-01  0.178508E+06  0.161837E+06  0.000000E+00  0.000000E+00  0.000000E+00  0.175729E+06
  0.173910E-01  0.175712E+06  0.158187E+06  0.000000E+00  0.000000E+00  0.000000E+00  0.172791E+06
  0.179805E-01  0.172861E+06  0.154458E+06  0.000000E+00  0.000000E+00  0.000000E+00  0.169793E+06
  0.185899E-01  0.169955E+06  0.150651E+06  0.000000E+00  0.000000E+00  0.000000E+00  0.166738E+06
  0.192200E-01  0.166996E+06  0.146771E+06  0.000000E+00  0.000000E+00  0.000000E+00  0.163625E+06
  0.198715E-01  0.163984E+06  0.142822E+06  0.000000E+00  0.000000E+00  0.000000E+00  0.160457E+06
  0.205450E-01  0.160922E+06  0.138808E+06  0.000000E+00  0.000000E+00  0.000000E+00  0.157237E+06
  0.212414E-01  0.157812E+06  0.134736E+06  0.000000E+00  0.000000E+00  0.000000E+00  0.153966E+06
  0.219614E-01  0.154654E+06  0.130613E+06  0.000000E+00  0.000000E+00  0.000000E+00  0.150648E+06
  0.227058E-01  0.151453E+06  0.126447E+06  0.000000E+00  0.000000E+00  0.000000E+00  0.147286E+06
  0.234754E-01  0.148211E+06  0.122247E+06  0.000000E+00  0.000000E+00  0.000000E+00  0.143884E+06
  0.242711E-01  0.144932E+06  0.118024E+06  0.000000E+00  0.000000E+00  0.000000E+00  0.140447E+06
  0.250938E-01  0.141619E+06  0.113789E+06  0.000000E+00  0.000000E+00  0.000000E+00  0.136980E+06
  0.259443E-01  0.138277E+06  0.109556E+06  0.000000E+00  0.000000E+00  0.000000E+00  0.133490E+06
  0.268237E-01  0.134911E+06  0.105339E+06  0.000000E+00  0.000000E+00  0.000000E+00  0.129982E+06
  0.277329E-01  0.131526E+06  0.101154E+06  0.000000E+00  0.000000E+00  0.000000E+00  0.126464E+06
  0.286729E-01  0.128130E+06  0.970182E+05  0.000000E+00  0.000000E+00  0.000000E+00  0.122944E+06
  0.296448E-01  0.124728E+06  0.929499E+05  0.000000E+00  0.000000E+00  0.000000E+00  0.119431E+06
  0.306496E-01  0.121327E+06  0.889686E+05  0.000000E+00  0.000000E+00  0.000000E+00  0.115934E+06
  0.316885E-01  0.117937E+06  0.850947E+05  0.000000E+00  0.000000E+00  0.000000E+00  0.112463E+06
  0.327626E-01  0.114565E+06  0.813494E+05  0.000000E+00  0.000000E+00  0.000000E+00  0.109029E+06
  0.338731E-01  0.111810E+06  0.783351E+05  0.000000E+00  0.000000E+00  0.000000E+00  0.106230E+06
  0.350212E-01  0.108522E+06  0.749302E+05  0.000000E+00  0.000000E+00  0.000000E+00  0.102923E+06
  0.362083E-01  0.105235E+06  0.716712E+05  0.000000E+00  0.000000E+00  0.000000E+00  0.996413E+05
  0.374355E-01  0.101998E+06  0.686171E+05  0.000000E+00  0.000000E+00  0.000000E+00  0.964344E+05
  0.387044E-01  0.988222E+05  0.657891E+05  0.000000E+00  0.000000E+00  0.000000E+00  0.933167E+05
  0.400163E-01  0.957195E+05  0.632046E+05  0.000000E+00  0.000000E+00  0.000000E+00  0.903004E+05
  0.413727E-01  0.927001E+05  0.608773E+05  0.000000E+00  0.000000E+00  0.000000E+00  0.873963E+05
  0.427750E-01  0.897735E+05  0.588170E+05  0.000000E+00  0.000000E+00  0.000000E+00  0.846141E+05
  0.442248E-01  0.866010E+05  0.566863E+05  0.000000E+00  0.000000E+00  0.000000E+00  0.816152E+05
  0.457238E-01  0.838778E+05  0.551630E+05  0.000000E+00  0.000000E+00  0.000000E+00  0.790920E+05
  0.472737E-01  0.812608E+05  0.538951E+05  0.000000E+00  0.000000E+00  0.000000E+00  0.766998E+05
  0.488760E-01  0.787486E+05  0.528629E+05  0.000000E+00  0.000000E+00  0.000000E+00  0.744344E+05
  0.505327E-01  0.763378E+05  0.520389E+05  0.000000E+00  0.000000E+00  0.000000E+00  0.722880E+05
  0.522455E-01  0.740241E+05  0.513899E+05  0.000000E+00  0.000000E+00  0.000000E+00  0.702518E+05
  0.540163E-01  0.719845E+05  0.510549E+05  0.000000E+00  0.000000E+00  0.000000E+00  0.684962E+05
  0.558473E-01  0.698423E+05  0.506245E+05  0.000000E+00  0.000000E+00  0.000000E+00  0.666394E+05
  0.577402E-01  0.677788E+05  0.502351E+05  0.000000E+00  0.000000E+00  0.000000E+00  0.648549E+05
  0.596973E-01  0.657856E+05  0.498341E+05  0.000000E+00  0.000000E+00  0.000000E+00  0.631270E+05
  0.617207E-01  0.638511E+05  0.493657E+05  0.000000E+00  0.000000E+00  0.000000E+00  0.614369E+05
  0.638128E-01  0.618361E+05  0.486505E+05  0.000000E+00  0.000000E+00  0.000000E+00  0.596385E+05
  0.659757E-01  0.599655E+05  0.478721E+05  0.000000E+00  0.000000E+00  0.000000E+00  0.579499E+05
  0.682120E-01  0.580994E+05  0.468627E+05  0.000000E+00  0.000000E+00  0.000000E+00  0.562266E+05
  0.705240E-01  0.562222E+05  0.455871E+05  0.000000E+00  0.000000E+00  0.000000E+00  0.544497E+05
  0.729144E-01  0.543626E+05  0.440665E+05  0.000000E+00  0.000000E+00  0.000000E+00  0.526466E+05
  0.753859E-01  0.524529E+05  0.422461E+05  0.000000E+00  0.000000E+00  0.000000E+00  0.507518E+05
  0.779411E-01  0.505260E+05  0.401842E+05  0.000000E+00  0.000000E+00  0.000000E+00  0.488023E+05
  0.805829E-01  0.485862E+05  0.379286E+05  0.000000E+00  0.000000E+00  0.000000E+00  0.468099E+05
  0.833143E-01  0.466388E+05  0.355444E+05  0.000000E+00  0.000000E+00  0.000000E+00  0.447897E+05
  0.861383E-01  0.446932E+05  0.331131E+05  0.000000E+00  0.000000E+00  0.000000E+00  0.427632E+05
  0.890579E-01  0.427671E+05  0.307322E+05  0.000000E+00  0.000000E+00  0.000000E+00  0.407612E+05
  0.920766E-01  0.408870E+05  0.285092E+05  0.000000E+00  0.000000E+00  0.000000E+00  0.388240E+05
  0.951975E-01  0.390852E+05  0.265496E+05  0.000000E+00  0.000000E+00  0.000000E+00  0.369959E+05
  0.984242E-01  0.373913E+05  0.249397E+05  0.000000E+00  0.000000E+00  0.000000E+00  0.353161E+05
  0.101760E+00  0.358260E+05  0.237318E+05  0.000000E+00  0.000000E+00  0.000000E+00  0.338103E+05
  0.105209E+00  0.343957E+05  0.229317E+05  0.000000E+00  0.000000E+00  0.000000E+00  0.324850E+05
  0.108776E+00  0.330926E+05  0.224951E+05  0.000000E+00  0.000000E+00  0.000000E+00  0.313263E+05
  0.112463E+00  0.318974E+05  0.223321E+05  0.000000E+00  0.000000E+00  0.000000E+00  0.303032E+05
  0.116274E+00  0.307868E+05  0.223208E+05  0.000000E+00  0.000000E+00  0.000000E+00  0.293758E+05
  0.120216E+00  0.297362E+05  0.223232E+05  0.000000E+00  0.000000E+00  0.000000E+00  0.285007E+05
  0.124290E+00  0.287156E+05  0.221975E+05  0.000000E+00  0.000000E+00  0.000000E+00  0.276292E+05
  0.128503E+00  0.276881E+05  0.218169E+05  0.000000E+00  0.000000E+00  0.000000E+00  0.267095E+05
  0.132859E+00  0.266228E+05  0.211004E+05  0.000000E+00  0.000000E+00  0.000000E+00  0.257024E+05
  0.137362E+00  0.255095E+05  0.200417E+05  0.000000E+00  0.000000E+00  0.000000E+00  0.245982E+05
  0.142018E+00  0.243593E+05  0.187132E+05  0.000000E+00  0.000000E+00  0.000000E+00  0.234183E+05
  0.146832E+00  0.231973E+05  0.172496E+05  0.000000E+00  0.000000E+00  0.000000E+00  0.222060E+05
  0.151809E+00  0.220568E+05  0.158202E+05  0.000000E+00  0.000000E+00  0.000000E+00  0.210174E+05
  0.156954E+00  0.209741E+05  0.145918E+05  0.000000E+00  0.000000E+00  0.000000E+00  0.199104E+05
  0.162274E+00  0.199818E+05  0.136885E+05  0.000000E+00  0.000000E+00  0.000000E+00  0.189329E+05
  0.167774E+00  0.191020E+05  0.131568E+05  0.000000E+00  0.000000E+00  0.000000E+00  0.181111E+05
  0.173461E+00  0.183313E+05  0.129407E+05  0.000000E+00  0.000000E+00  0.000000E+00  0.174329E+05
  0.179341E+00  0.176390E+05  0.128921E+05  0.000000E+00  0.000000E+00  0.000000E+00  0.168479E+05
  0.185419E+00  0.169802E+05  0.128206E+05  0.000000E+00  0.000000E+00  0.000000E+00  0.162869E+05
  0.191704E+00  0.163105E+05  0.125574E+05  0.000000E+00  0.000000E+00  0.000000E+00  0.156850E+05
  0.198202E+00  0.156055E+05  0.120211E+05  0.000000E+00  0.000000E+00  0.000000E+00  0.150081E+05
  0.204920E+00  0.148663E+05  0.112468E+05  0.000000E+00  0.000000E+00  0.000000E+00  0.142631E+05
  0.211866E+00  0.141165E+05  0.103695E+05  0.000000E+00  0.000000E+00  0.000000E+00  0.134920E+05
  0.219047E+00  0.133955E+05  0.957014E+04  0.000000E+00  0.000000E+00  0.000000E+00  0.127580E+05
  0.226472E+00  0.127418E+05  0.899321E+04  0.000000E+00  0.000000E+00  0.000000E+00  0.121170E+05
  0.234148E+00  0.121679E+05  0.867121E+04  0.000000E+00  0.000000E+00  0.000000E+00  0.115852E+05
  0.242084E+00  0.116584E+05  0.851428E+04  0.000000E+00  0.000000E+00  0.000000E+00  0.111344E+05
  0.250290E+00  0.111800E+05  0.836413E+04  0.000000E+00  0.000000E+00  0.000000E+00  0.107107E+05
  0.258774E+00  0.106926E+05  0.807847E+04  0.000000E+00  0.000000E+00  0.000000E+00  0.102569E+05
  0.267545E+00  0.101825E+05  0.762536E+04  0.000000E+00  0.000000E+00  0.000000E+00  0.975630E+04
  0.276613E+00  0.966742E+04  0.709509E+04  0.000000E+00  0.000000E+00  0.000000E+00  0.923870E+04
  0.285989E+00  0.917721E+04  0.662526E+04  0.000000E+00  0.000000E+00  0.000000E+00  0.875188E+04
  0.295683E+00  0.873586E+04  0.630362E+04  0.000000E+00  0.000000E+00  0.000000E+00  0.833049E+04
  0.305705E+00  0.834155E+04  0.610420E+04  0.000000E+00  0.000000E+00  0.000000E+00  0.796866E+04
  0.316067E+00  0.797027E+04  0.591929E+04  0.000000E+00  0.000000E+00  0.000000E+00  0.762844E+04
  0.326780E+00  0.759797E+04  0.565853E+04  0.000000E+00  0.000000E+00  0.000000E+00  0.727473E+04
  0.337856E+00  0.722002E+04  0.532466E+04  0.000000E+00  0.000000E+00  0.000000E+00  0.690413E+04
  0.349308E+00  0.685492E+04  0.500051E+04  0.000000E+00  0.000000E+00  0.000000E+00  0.654585E+04
  0.361147E+00  0.651905E+04  0.475247E+04  0.000000E+00  0.000000E+00  0.000000E+00  0.622462E+04
  0.373389E+00  0.621187E+04  0.456705E+04  0.000000E+00  0.000000E+00  0.000000E+00  0.593773E+04
  0.386045E+00  0.591780E+04  0.437792E+04  0.000000E+00  0.000000E+00  0.000000E+00  0.566115E+04
  0.399130E+00  0.562637E+04  0.415084E+04  0.000000E+00  0.000000E+00  0.000000E+00  0.538045E+04
  0.412659E+00  0.534245E+04  0.391674E+04  0.000000E+00  0.000000E+00  0.000000E+00  0.510483E+04
  0.426645E+00  0.507700E+04  0.371935E+04  0.000000E+00  0.000000E+00  0.000000E+00  0.485072E+04
  0.441107E+00  0.482970E+04  0.355386E+04  0.000000E+00  0.000000E+00  0.000000E+00  0.461706E+04
  0.456058E+00  0.459247E+04  0.338598E+04  0.000000E+00  0.000000E+00  0.000000E+00  0.439139E+04
  0.471516E+00  0.436161E+04  0.320729E+04  0.000000E+00  0.000000E+00  0.000000E+00  0.416923E+04
  0.487498E+00  0.414164E+04  0.304015E+04  0.000000E+00  0.000000E+00  0.000000E+00  0.395805E+04
  0.504022E+00  0.393509E+04  0.289350E+04  0.000000E+00  0.000000E+00  0.000000E+00  0.376149E+04
  0.521106E+00  0.373829E+04  0.275212E+04  0.000000E+00  0.000000E+00  0.000000E+00  0.357393E+04
  0.538769E+00  0.354894E+04  0.260966E+04  0.000000E+00  0.000000E+00  0.000000E+00  0.339240E+04
  0.557030E+00  0.336881E+04  0.247589E+04  0.000000E+00  0.000000E+00  0.000000E+00  0.321999E+04
  0.575911E+00  0.319836E+04  0.235273E+04  0.000000E+00  0.000000E+00  0.000000E+00  0.305743E+04
  0.595431E+00  0.303567E+04  0.223320E+04  0.000000E+00  0.000000E+00  0.000000E+00  0.290193E+04
  0.615614E+00  0.288038E+04  0.211788E+04  0.000000E+00  0.000000E+00  0.000000E+00  0.275329E+04
  0.636481E+00  0.273302E+04  0.201003E+04  0.000000E+00  0.000000E+00  0.000000E+00  0.261252E+04
  0.658054E+00  0.259283E+04  0.190726E+04  0.000000E+00  0.000000E+00  0.000000E+00  0.247857E+04
  0.680359E+00  0.245929E+04  0.180867E+04  0.000000E+00  0.000000E+00  0.000000E+00  0.235086E+04
  0.703419E+00  0.233242E+04  0.171552E+04  0.000000E+00  0.000000E+00  0.000000E+00  0.222960E+04
  0.727262E+00  0.221177E+04  0.162689E+04  0.000000E+00  0.000000E+00  0.000000E+00  0.211429E+04
  0.751912E+00  0.209704E+04  0.154241E+04  0.000000E+00  0.000000E+00  0.000000E+00  0.200460E+04
  0.777399E+00  0.198802E+04  0.146230E+04  0.000000E+00  0.000000E+00  0.000000E+00  0.190040E+04
  0.803749E+00  0.188438E+04  0.138608E+04  0.000000E+00  0.000000E+00  0.000000E+00  0.180133E+04
  0.830992E+00  0.178592E+04  0.131366E+04  0.000000E+00  0.000000E+00  0.000000E+00  0.170721E+04
  0.859158E+00  0.169239E+04  0.124490E+04  0.000000E+00  0.000000E+00  0.000000E+00  0.161781E+04
  0.888280E+00  0.160355E+04  0.117956E+04  0.000000E+00  0.000000E+00  0.000000E+00  0.153289E+04
  0.918388E+00  0.151920E+04  0.111752E+04  0.000000E+00  0.000000E+00  0.000000E+00  0.145225E+04
  0.949517E+00  0.143910E+04  0.105861E+04  0.000000E+00  0.000000E+00  0.000000E+00  0.137568E+04
  0.981700E+00  0.136306E+04  0.100270E+04  0.000000E+00  0.000000E+00  0.000000E+00  0.130300E+04
  0.101498E+01  0.129088E+04  0.949607E+03  0.000000E+00  0.000000E+00  0.000000E+00  0.123400E+04
  0.104938E+01  0.122238E+04  0.899222E+03  0.000000E+00  0.000000E+00  0.000000E+00  0.116852E+04
  0.108495E+01  0.115737E+04  0.851411E+03  0.000000E+00  0.000000E+00  0.000000E+00  0.110638E+04
  0.112172E+01  0.109569E+04  0.806046E+03  0.000000E+00  0.000000E+00  0.000000E+00  0.104742E+04
  0.115974E+01  0.103719E+04  0.763018E+03  0.000000E+00  0.000000E+00  0.000000E+00  0.991496E+03
  0.119905E+01  0.981704E+03  0.722205E+03  0.000000E+00  0.000000E+00  0.000000E+00  0.938455E+03
  0.123969E+01  0.929087E+03  0.683503E+03  0.000000E+00  0.000000E+00  0.000000E+00  0.888156E+03
  0.128171E+01  0.879191E+03  0.646800E+03  0.000000E+00  0.000000E+00  0.000000E+00  0.840459E+03
  0.132516E+01  0.831890E+03  0.612007E+03  0.000000E+00  0.000000E+00  0.000000E+00  0.795243E+03
  0.137007E+01  0.787052E+03  0.579026E+03  0.000000E+00  0.000000E+00  0.000000E+00  0.752381E+03
  0.141651E+01  0.744552E+03  0.547765E+03  0.000000E+00  0.000000E+00  0.000000E+00  0.711755E+03
  0.146453E+01  0.704276E+03  0.518137E+03  0.000000E+00  0.000000E+00  0.000000E+00  0.673252E+03
  0.151417E+01  0.666111E+03  0.490063E+03  0.000000E+00  0.000000E+00  0.000000E+00  0.636770E+03
  0.156549E+01  0.629947E+03  0.463460E+03  0.000000E+00  0.000000E+00  0.000000E+00  0.602199E+03
  0.161855E+01  0.595695E+03  0.438263E+03  0.000000E+00  0.000000E+00  0.000000E+00  0.569456E+03
  0.167341E+01  0.563251E+03  0.414397E+03  0.000000E+00  0.000000E+00  0.000000E+00  0.538442E+03
  0.173013E+01  0.532526E+03  0.391794E+03  0.000000E+00  0.000000E+00  0.000000E+00  0.509071E+03
  0.178878E+01  0.503430E+03  0.370390E+03  0.000000E+00  0.000000E+00  0.000000E+00  0.481256E+03
  0.184941E+01  0.475878E+03  0.350121E+03  0.000000E+00  0.000000E+00  0.000000E+00  0.454918E+03
  0.191209E+01  0.449794E+03  0.330933E+03  0.000000E+00  0.000000E+00  0.000000E+00  0.429984E+03
  0.197690E+01  0.425102E+03  0.312767E+03  0.000000E+00  0.000000E+00  0.000000E+00  0.406379E+03
  0.204391E+01  0.401729E+03  0.295572E+03  0.000000E+00  0.000000E+00  0.000000E+00  0.384036E+03
  0.211319E+01  0.379610E+03  0.279300E+03  0.000000E+00  0.000000E+00  0.000000E+00  0.362891E+03
  0.218481E+01  0.358679E+03  0.263901E+03  0.000000E+00  0.000000E+00  0.000000E+00  0.342882E+03
  0.225887E+01  0.338873E+03  0.249330E+03  0.000000E+00  0.000000E+00  0.000000E+00  0.323949E+03
  0.233543E+01  0.320135E+03  0.235545E+03  0.000000E+00  0.000000E+00  0.000000E+00  0.306037E+03
  0.241459E+01  0.302408E+03  0.222503E+03  0.000000E+00  0.000000E+00  0.000000E+00  0.289091E+03
  0.249644E+01  0.285639E+03  0.210166E+03  0.000000E+00  0.000000E+00  0.000000E+00  0.273060E+03
  0.258105E+01  0.269778E+03  0.198497E+03  0.000000E+00  0.000000E+00  0.000000E+00  0.257898E+03
  0.266854E+01  0.254779E+03  0.187461E+03  0.000000E+00  0.000000E+00  0.000000E+00  0.243560E+03
  0.275899E+01  0.240595E+03  0.177026E+03  0.000000E+00  0.000000E+00  0.000000E+00  0.230000E+03
  0.285251E+01  0.227184E+03  0.167159E+03  0.000000E+00  0.000000E+00  0.000000E+00  0.217180E+03
  0.294919E+01  0.214505E+03  0.157831E+03  0.000000E+00  0.000000E+00  0.000000E+00  0.205060E+03
  0.304916E+01  0.202517E+03  0.149010E+03  0.000000E+00  0.000000E+00  0.000000E+00  0.193599E+03
  0.315251E+01  0.191186E+03  0.140673E+03  0.000000E+00  0.000000E+00  0.000000E+00  0.182767E+03
  0.325936E+01  0.180475E+03  0.132793E+03  0.000000E+00  0.000000E+00  0.000000E+00  0.172528E+03
  0.336984E+01  0.170353E+03  0.125346E+03  0.000000E+00  0.000000E+00  0.000000E+00  0.162852E+03
  0.348406E+01  0.160788E+03  0.118308E+03  0.000000E+00  0.000000E+00  0.000000E+00  0.153708E+03
  0.360215E+01  0.151749E+03  0.111657E+03  0.000000E+00  0.000000E+00  0.000000E+00  0.145067E+03
  0.372425E+01  0.143208E+03  0.105373E+03  0.000000E+00  0.000000E+00  0.000000E+00  0.136902E+03
  0.385048E+01  0.135139E+03  0.994360E+02  0.000000E+00  0.000000E+00  0.000000E+00  0.129188E+03
  0.398099E+01  0.127516E+03  0.938270E+02  0.000000E+00  0.000000E+00  0.000000E+00  0.121901E+03
  0.411593E+01  0.120315E+03  0.885291E+02  0.000000E+00  0.000000E+00  0.000000E+00  0.115018E+03
  0.425544E+01  0.113514E+03  0.835248E+02  0.000000E+00  0.000000E+00  0.000000E+00  0.108516E+03
  0.439968E+01  0.107091E+03  0.787984E+02  0.000000E+00  0.000000E+00  0.000000E+00  0.102375E+03
  0.454881E+01  0.101024E+03  0.743344E+02  0.000000E+00  0.000000E+00  0.000000E+00  0.965755E+02
  0.470299E+01  0.952947E+02  0.701189E+02  0.000000E+00  0.000000E+00  0.000000E+00  0.910987E+02
  0.486240E+01  0.898855E+02  0.661388E+02  0.000000E+00  0.000000E+00  0.000000E+00  0.859277E+02
  0.502721E+01  0.847781E+02  0.623808E+02  0.000000E+00  0.000000E+00  0.000000E+00  0.810452E+02
  0.519761E+01  0.799561E+02  0.588327E+02  0.000000E+00  0.000000E+00  0.000000E+00  0.764355E+02
  0.537378E+01  0.754036E+02  0.554829E+02  0.000000E+00  0.000000E+00  0.000000E+00  0.720835E+02
  0.555592E+01  0.711065E+02  0.523210E+02  0.000000E+00  0.000000E+00  0.000000E+00  0.679756E+02
  0.574424E+01  0.670505E+02  0.493365E+02  0.000000E+00  0.000000E+00  0.000000E+00  0.640981E+02
  0.593894E+01  0.632223E+02  0.465196E+02  0.000000E+00  0.000000E+00  0.000000E+00  0.604385E+02
  0.614025E+01  0.596089E+02  0.438607E+02  0.000000E+00  0.000000E+00  0.000000E+00  0.569842E+02
  0.634837E+01  0.561991E+02  0.413517E+02  0.000000E+00  0.000000E+00  0.000000E+00  0.537245E+02
  0.656355E+01  0.529815E+02  0.389841E+02  0.000000E+00  0.000000E+00  0.000000E+00  0.506486E+02
  0.678602E+01  0.499457E+02  0.367502E+02  0.000000E+00  0.000000E+00  0.000000E+00  0.477464E+02
  0.701603E+01  0.470810E+02  0.346422E+02  0.000000E+00  0.000000E+00  0.000000E+00  0.450079E+02
  0.725384E+01  0.443783E+02  0.326535E+02  0.000000E+00  0.000000E+00  0.000000E+00  0.424242E+02
  0.749971E+01  0.418287E+02  0.307773E+02  0.000000E+00  0.000000E+00  0.000000E+00  0.399868E+02
  0.775392E+01  0.394236E+02  0.290075E+02  0.000000E+00  0.000000E+00  0.000000E+00  0.376875E+02
  0.801674E+01  0.371548E+02  0.273380E+02  0.000000E+00  0.000000E+00  0.000000E+00  0.355187E+02
  0.828847E+01  0.350147E+02  0.257632E+02  0.000000E+00  0.000000E+00  0.000000E+00  0.334728E+02
  0.856940E+01  0.329965E+02  0.242781E+02  0.000000E+00  0.000000E+00  0.000000E+00  0.315434E+02
  0.885987E+01  0.310930E+02  0.228774E+02  0.000000E+00  0.000000E+00  0.000000E+00  0.297237E+02
  0.916017E+01  0.292978E+02  0.215564E+02  0.000000E+00  0.000000E+00  0.000000E+00  0.280076E+02
  0.947066E+01  0.276050E+02  0.203106E+02  0.000000E+00  0.000000E+00  0.000000E+00  0.263893E+02
  0.979166E+01  0.260089E+02  0.191361E+02  0.000000E+00  0.000000E+00  0.000000E+00  0.248634E+02
  0.101236E+02  0.245038E+02  0.180285E+02  0.000000E+00  0.000000E+00  0.000000E+00  0.234246E+02
  0.104667E+02  0.230847E+02  0.169843E+02  0.000000E+00  0.000000E+00  0.000000E+00  0.220680E+02
  0.108215E+02  0.217469E+02  0.159998E+02  0.000000E+00  0.000000E+00  0.000000E+00  0.207890E+02
  0.111883E+02  0.204857E+02  0.150717E+02  0.000000E+00  0.000000E+00  0.000000E+00  0.195834E+02
  0.115675E+02  0.192967E+02  0.141967E+02  0.000000E+00  0.000000E+00  0.000000E+00  0.184467E+02
  0.119596E+02  0.181760E+02  0.133720E+02  0.000000E+00  0.000000E+00  0.000000E+00  0.173753E+02
  0.123649E+02  0.171196E+02  0.125945E+02  0.000000E+00  0.000000E+00  0.000000E+00  0.163654E+02
  0.127841E+02  0.161238E+02  0.118618E+02  0.000000E+00  0.000000E+00  0.000000E+00  0.154135E+02
  0.132174E+02  0.151854E+02  0.111712E+02  0.000000E+00  0.000000E+00  0.000000E+00  0.145164E+02
  0.136654E+02  0.143010E+02  0.105203E+02  0.000000E+00  0.000000E+00  0.000000E+00  0.136709E+02
  0.141286E+02  0.134676E+02  0.990698E+01  0.000000E+00  0.000000E+00  0.000000E+00  0.128741E+02
  0.146075E+02  0.126822E+02  0.932899E+01  0.000000E+00  0.000000E+00  0.000000E+00  0.121233E+02
  0.151026E+02  0.119421E+02  0.878435E+01  0.000000E+00  0.000000E+00  0.000000E+00  0.114158E+02
  0.156145E+02  0.112447E+02  0.827113E+01  0.000000E+00  0.000000E+00  0.000000E+00  0.107491E+02
  0.161437E+02  0.105877E+02  0.778760E+01  0.000000E+00  0.000000E+00  0.000000E+00  0.101210E+02
  0.166909E+02  0.996864E+01  0.733202E+01  0.000000E+00  0.000000E+00  0.000000E+00  0.952920E+01
  0.172567E+02  0.938541E+01  0.690280E+01  0.000000E+00  0.000000E+00  0.000000E+00  0.897164E+01
  0.178416E+02  0.883598E+01  0.649845E+01  0.000000E+00  0.000000E+00  0.000000E+00  0.844639E+01
  0.184463E+02  0.831839E+01  0.611753E+01  0.000000E+00  0.000000E+00  0.000000E+00  0.795158E+01
  0.190716E+02  0.783083E+01  0.575871E+01  0.000000E+00  0.000000E+00  0.000000E+00  0.748548E+01
  0.197180E+02  0.737158E+01  0.542071E+01  0.000000E+00  0.000000E+00  0.000000E+00  0.704643E+01
  0.203863E+02  0.693898E+01  0.510234E+01  0.000000E+00  0.000000E+00  0.000000E+00  0.663288E+01
  0.210773E+02  0.653155E+01  0.480248E+01  0.000000E+00  0.000000E+00  0.000000E+00  0.624337E+01
  0.217917E+02  0.614782E+01  0.452006E+01  0.000000E+00  0.000000E+00  0.000000E+00  0.587652E+01
  0.225304E+02  0.578643E+01  0.425408E+01  0.000000E+00  0.000000E+00  0.000000E+00  0.553104E+01
  0.232941E+02  0.544609E+01  0.400359E+01  0.000000E+00  0.000000E+00  0.000000E+00  0.520567E+01
  0.240836E+02  0.512558E+01  0.376770E+01  0.000000E+00  0.000000E+00  0.000000E+00  0.489927E+01
  0.248999E+02  0.482376E+01  0.354556E+01  0.000000E+00  0.000000E+00  0.000000E+00  0.461073E+01
  0.257439E+02  0.453956E+01  0.333639E+01  0.000000E+00  0.000000E+00  0.000000E+00  0.433904E+01
  0.266165E+02  0.427198E+01  0.313944E+01  0.000000E+00  0.000000E+00  0.000000E+00  0.408322E+01
  0.275187E+02  0.402001E+01  0.295399E+01  0.000000E+00  0.000000E+00  0.000000E+00  0.384234E+01
  0.284514E+02  0.378280E+01  0.277940E+01  0.000000E+00  0.000000E+00  0.000000E+00  0.361557E+01
  0.294158E+02  0.355946E+01  0.261501E+01  0.000000E+00  0.000000E+00  0.000000E+00  0.340205E+01
  0.304128E+02  0.334920E+01  0.246024E+01  0.000000E+00  0.000000E+00  0.000000E+00  0.320104E+01
  0.314437E+02  0.315125E+01  0.231454E+01  0.000000E+00  0.000000E+00  0.000000E+00  0.301180E+01
  0.325095E+02  0.296491E+01  0.217739E+01  0.000000E+00  0.000000E+00  0.000000E+00  0.283366E+01
  0.336114E+02  0.278950E+01  0.204827E+01  0.000000E+00  0.000000E+00  0.000000E+00  0.266596E+01
  0.347507E+02  0.262439E+01  0.192673E+01  0.000000E+00  0.000000E+00  0.000000E+00  0.250811E+01
  0.359285E+02  0.246897E+01  0.181233E+01  0.000000E+00  0.000000E+00  0.000000E+00  0.235953E+01
  0.371463E+02  0.232268E+01  0.170465E+01  0.000000E+00  0.000000E+00  0.000000E+00  0.221968E+01
  0.384054E+02  0.218500E+01  0.160330E+01  0.000000E+00  0.000000E+00  0.000000E+00  0.208805E+01
  0.397072E+02  0.205542E+01  0.150790E+01  0.000000E+00  0.000000E+00  0.000000E+00  0.196417E+01
  0.410530E+02  0.193346E+01  0.141813E+01  0.000000E+00  0.000000E+00  0.000000E+00  0.184757E+01
  0.424445E+02  0.181869E+01  0.133363E+01  0.000000E+00  0.000000E+00  0.000000E+00  0.173784E+01
  0.438832E+02  0.171068E+01  0.125412E+01  0.000000E+00  0.000000E+00  0.000000E+00  0.163458E+01
  0.453706E+02  0.160903E+01  0.117929E+01  0.000000E+00  0.000000E+00  0.000000E+00  0.153741E+01
  0.469085E+02  0.151338E+01  0.110887E+01  0.000000E+00  0.000000E+00  0.000000E+00  0.144596E+01
  0.484984E+02  0.142338E+01  0.104261E+01  0.000000E+00  0.000000E+00  0.000000E+00  0.135992E+01
  0.501423E+02  0.133869E+01  0.980253E+00  0.000000E+00  0.000000E+00  0.000000E+00  0.127895E+01
  0.518419E+02  0.125900E+01  0.921582E+00  0.000000E+00  0.000000E+00  0.000000E+00  0.120276E+01
  0.535990E+02  0.118403E+01  0.866381E+00  0.000000E+00  0.000000E+00  0.000000E+00  0.113109E+01
  0.554158E+02  0.111349E+01  0.814440E+00  0.000000E+00  0.000000E+00  0.000000E+00  0.106364E+01
  0.572942E+02  0.104712E+01  0.765571E+00  0.000000E+00  0.000000E+00  0.000000E+00  0.100019E+01
  0.592361E+02  0.984680E+00  0.719595E+00  0.000000E+00  0.000000E+00  0.000000E+00  0.940499E+00
  0.612440E+02  0.925938E+00  0.676339E+00  0.000000E+00  0.000000E+00  0.000000E+00  0.884338E+00
  0.633198E+02  0.870679E+00  0.635646E+00  0.000000E+00  0.000000E+00  0.000000E+00  0.831506E+00
  0.654661E+02  0.818693E+00  0.597362E+00  0.000000E+00  0.000000E+00  0.000000E+00  0.781805E+00
  0.676850E+02  0.769793E+00  0.561348E+00  0.000000E+00  0.000000E+00  0.000000E+00  0.735052E+00
  0.699792E+02  0.723793E+00  0.527470E+00  0.000000E+00  0.000000E+00  0.000000E+00  0.691073E+00
  0.723511E+02  0.680526E+00  0.495603E+00  0.000000E+00  0.000000E+00  0.000000E+00  0.649705E+00
  0.748035E+02  0.639826E+00  0.465626E+00  0.000000E+00  0.000000E+00  0.000000E+00  0.610793E+00
  0.773390E+02  0.601547E+00  0.437429E+00  0.000000E+00  0.000000E+00  0.000000E+00  0.574194E+00
  0.799604E+02  0.565541E+00  0.410906E+00  0.000000E+00  0.000000E+00  0.000000E+00  0.539769E+00
  0.826706E+02  0.531679E+00  0.385961E+00  0.000000E+00  0.000000E+00  0.000000E+00  0.507392E+00
  0.854728E+02  0.499830E+00  0.362498E+00  0.000000E+00  0.000000E+00  0.000000E+00  0.476941E+00
  0.883699E+02  0.469877E+00  0.340431E+00  0.000000E+00  0.000000E+00  0.000000E+00  0.448303E+00
  0.913652E+02  0.441707E+00  0.319676E+00  0.000000E+00  0.000000E+00  0.000000E+00  0.421369E+00
  0.944620E+02  0.415217E+00  0.300157E+00  0.000000E+00  0.000000E+00  0.000000E+00  0.396040E+00
  0.976639E+02  0.390302E+00  0.281798E+00  0.000000E+00  0.000000E+00  0.000000E+00  0.372218E+00
  0.100974E+03  0.366875E+00  0.264534E+00  0.000000E+00  0.000000E+00  0.000000E+00  0.349819E+00
  0.104397E+03  0.344846E+00  0.248300E+00  0.000000E+00  0.000000E+00  0.000000E+00  0.328755E+00
  0.107935E+03  0.324132E+00  0.233033E+00  0.000000E+00  0.000000E+00  0.000000E+00  0.308948E+00
  0.111594E+03  0.304653E+00  0.218676E+00  0.000000E+00  0.000000E+00  0.000000E+00  0.290323E+00
  0.115376E+03  0.286338E+00  0.205175E+00  0.000000E+00  0.000000E+00  0.000000E+00  0.272811E+00
  0.119287E+03  0.269117E+00  0.192481E+00  0.000000E+00  0.000000E+00  0.000000E+00  0.256345E+00
  0.123330E+03  0.252926E+00  0.180545E+00  0.000000E+00  0.000000E+00  0.000000E+00  0.240863E+00
  0.127510E+03  0.237702E+00  0.169321E+00  0.000000E+00  0.000000E+00  0.000000E+00  0.226305E+00
  0.131832E+03  0.223389E+00  0.158768E+00  0.000000E+00  0.000000E+00  0.000000E+00  0.212619E+00
  0.136301E+03  0.209933E+00  0.148846E+00  0.000000E+00  0.000000E+00  0.000000E+00  0.199752E+00
  0.140921E+03  0.197282E+00  0.139517E+00  0.000000E+00  0.000000E+00  0.000000E+00  0.187655E+00
  0.145697E+03  0.185388E+00  0.130746E+00  0.000000E+00  0.000000E+00  0.000000E+00  0.176281E+00
  0.150636E+03  0.174207E+00  0.122501E+00  0.000000E+00  0.000000E+00  0.000000E+00  0.165589E+00
  0.155742E+03  0.163696E+00  0.114749E+00  0.000000E+00  0.000000E+00  0.000000E+00  0.155539E+00
  0.161021E+03  0.153815E+00  0.107462E+00  0.000000E+00  0.000000E+00  0.000000E+00  0.146090E+00
  0.166478E+03  0.144527E+00  0.100611E+00  0.000000E+00  0.000000E+00  0.000000E+00  0.137208E+00
  0.172121E+03  0.135796E+00  0.941722E-01  0.000000E+00  0.000000E+00  0.000000E+00  0.128859E+00
  0.177955E+03  0.127589E+00  0.881195E-01  0.000000E+00  0.000000E+00  0.000000E+00  0.121011E+00
  0.183987E+03  0.119874E+00  0.824300E-01  0.000000E+00  0.000000E+00  0.000000E+00  0.113634E+00
  0.190223E+03  0.112623E+00  0.770828E-01  0.000000E+00  0.000000E+00  0.000000E+00  0.106700E+00
  0.196671E+03  0.105808E+00  0.720572E-01  0.000000E+00  0.000000E+00  0.000000E+00  0.100183E+00
  0.203337E+03  0.994017E-01  0.673344E-01  0.000000E+00  0.000000E+00  0.000000E+00  0.940572E-01
