    0.10630E-04    0.14655E+02
    0.10991E-04    0.15152E+02
    0.11363E-04    0.15665E+02
    0.11748E-04    0.16196E+02
    0.12147E-04    0.16745E+02
    0.12558E-04    0.17313E+02
    0.12984E-04    0.17900E+02
    0.13424E-04    0.18506E+02
    0.13879E-04    0.19134E+02
    0.14349E-04    0.19782E+02
    0.14836E-04    0.20453E+02
    0.15339E-04    0.21146E+02
    0.15859E-04    0.21863E+02
    0.16396E-04    0.22604E+02
    0.16952E-04    0.23370E+02
    0.17526E-04    0.24162E+02
    0.18120E-04    0.24981E+02
    0.18735E-04    0.25828E+02
    0.19370E-04    0.26703E+02
    0.20026E-04    0.27608E+02
    0.20705E-04    0.28544E+02
    0.21407E-04    0.29511E+02
    0.22132E-04    0.30512E+02
    0.22883E-04    0.31546E+02
    0.23658E-04    0.32615E+02
    0.24460E-04    0.33720E+02
    0.25289E-04    0.34863E+02
    0.26146E-04    0.36045E+02
    0.27033E-04    0.37267E+02
    0.27949E-04    0.38530E+02
    0.28896E-04    0.39836E+02
    0.29876E-04    0.41186E+02
    0.30888E-04    0.42582E+02
    0.31935E-04    0.44025E+02
    0.33018E-04    0.45517E+02
    0.34137E-04    0.47060E+02
    0.35294E-04    0.48655E+02
    0.36490E-04    0.50304E+02
    0.37727E-04    0.52009E+02
    0.39006E-04    0.53772E+02
    0.40328E-04    0.55594E+02
    0.41695E-04    0.57479E+02
    0.43108E-04    0.59427E+02
    0.44569E-04    0.61441E+02
    0.46080E-04    0.63523E+02
    0.47642E-04    0.65676E+02
    0.49257E-04    0.67902E+02
    0.50926E-04    0.70203E+02
    0.52652E-04    0.72582E+02
    0.54437E-04    0.75042E+02
    0.56282E-04    0.77585E+02
    0.58190E-04    0.80215E+02
    0.60162E-04    0.82933E+02
    0.62201E-04    0.85744E+02
    0.64310E-04    0.88650E+02
    0.66489E-04    0.91654E+02
    0.68743E-04    0.94760E+02
    0.71073E-04    0.97971E+02
    0.73482E-04    0.10129E+03
    0.75973E-04    0.10472E+03
    0.78548E-04    0.10827E+03
    0.81210E-04    0.11194E+03
    0.83963E-04    0.11573E+03
    0.86809E-04    0.11966E+03
    0.89751E-04    0.12371E+03
    0.92793E-04    0.12790E+03
    0.95939E-04    0.13223E+03
    0.99190E-04    0.13671E+03
    0.10255E-03    0.14135E+03
    0.10603E-03    0.14614E+03
    0.10962E-03    0.15109E+03
    0.11334E-03    0.15620E+03
    0.11718E-03    0.16150E+03
    0.12115E-03    0.16697E+03
    0.12526E-03    0.17262E+03
    0.12950E-03    0.17847E+03
    0.13389E-03    0.18451E+03
    0.13843E-03    0.19076E+03
    0.14312E-03    0.19722E+03
    0.14797E-03    0.20390E+03
    0.15299E-03    0.21080E+03
    0.15818E-03    0.21794E+03
    0.16354E-03    0.22532E+03
    0.16908E-03    0.23295E+03
    0.17481E-03    0.24083E+03
    0.18074E-03    0.24898E+03
    0.18686E-03    0.25741E+03
    0.19320E-03    0.26612E+03
    0.19975E-03    0.27513E+03
    0.20652E-03    0.28443E+03
    0.21352E-03    0.29406E+03
    0.22075E-03    0.30400E+03
    0.22823E-03    0.31428E+03
    0.23597E-03    0.32491E+03
    0.24397E-03    0.33589E+03
    0.25224E-03    0.34725E+03
    0.26079E-03    0.35898E+03
    0.26963E-03    0.37111E+03
    0.27877E-03    0.38365E+03
    0.28822E-03    0.39661E+03
    0.29798E-03    0.41000E+03
    0.30808E-03    0.42384E+03
    0.31853E-03    0.43814E+03
    0.32932E-03    0.45293E+03
    0.34049E-03    0.46820E+03
    0.35203E-03    0.48399E+03
    0.36396E-03    0.50030E+03
    0.37630E-03    0.51716E+03
    0.38905E-03    0.53458E+03
    0.40224E-03    0.55257E+03
    0.41587E-03    0.57117E+03
    0.42997E-03    0.59038E+03
    0.44454E-03    0.61023E+03
    0.45961E-03    0.63073E+03
    0.47519E-03    0.65191E+03
    0.49129E-03    0.67379E+03
    0.50795E-03    0.69639E+03
    0.52516E-03    0.71974E+03
    0.54296E-03    0.74384E+03
    0.56137E-03    0.76874E+03
    0.58039E-03    0.79445E+03
    0.60007E-03    0.82100E+03
    0.62041E-03    0.84841E+03
    0.64144E-03    0.87671E+03
    0.66318E-03    0.90593E+03
    0.68566E-03    0.93609E+03
    0.70890E-03    0.96722E+03
    0.73292E-03    0.99935E+03
    0.75777E-03    0.10325E+04
    0.78345E-03    0.10667E+04
    0.81001E-03    0.11020E+04
    0.83746E-03    0.11385E+04
    0.86585E-03    0.11760E+04
    0.89520E-03    0.12148E+04
    0.92554E-03    0.12548E+04
    0.95691E-03    0.12960E+04
    0.98934E-03    0.13385E+04
    0.10229E-02    0.13823E+04
    0.10575E-02    0.14275E+04
    0.10934E-02    0.14740E+04
    0.11305E-02    0.15220E+04
    0.11688E-02    0.15714E+04
    0.12084E-02    0.16223E+04
    0.12493E-02    0.16748E+04
    0.12917E-02    0.17288E+04
    0.13355E-02    0.17844E+04
    0.13807E-02    0.18417E+04
    0.14275E-02    0.19006E+04
    0.14759E-02    0.19613E+04
    0.15260E-02    0.20237E+04
    0.15777E-02    0.20878E+04
    0.16312E-02    0.21539E+04
    0.16864E-02    0.22217E+04
    0.17436E-02    0.22915E+04
    0.18027E-02    0.23632E+04
    0.18638E-02    0.24368E+04
    0.19270E-02    0.25124E+04
    0.19923E-02    0.25901E+04
    0.20598E-02    0.26698E+04
    0.21296E-02    0.27516E+04
    0.22018E-02    0.28355E+04
    0.22765E-02    0.29215E+04
    0.23536E-02    0.30097E+04
    0.24334E-02    0.31000E+04
    0.25159E-02    0.31926E+04
    0.26011E-02    0.32873E+04
    0.26893E-02    0.33843E+04
    0.27805E-02    0.34835E+04
    0.28747E-02    0.35850E+04
    0.29722E-02    0.36886E+04
    0.30729E-02    0.37946E+04
    0.31771E-02    0.39027E+04
    0.32847E-02    0.40131E+04
    0.33961E-02    0.41257E+04
    0.35112E-02    0.42405E+04
    0.36302E-02    0.43574E+04
    0.37532E-02    0.44765E+04
    0.38805E-02    0.45976E+04
    0.40120E-02    0.47208E+04
    0.41480E-02    0.48460E+04
    0.42886E-02    0.49731E+04
    0.44339E-02    0.51020E+04
    0.45842E-02    0.52328E+04
    0.47396E-02    0.53652E+04
    0.49003E-02    0.54993E+04
    0.50663E-02    0.56348E+04
    0.52381E-02    0.57717E+04
    0.54156E-02    0.59099E+04
    0.55992E-02    0.60492E+04
    0.57890E-02    0.61895E+04
    0.59852E-02    0.63306E+04
    0.61881E-02    0.64723E+04
    0.63978E-02    0.66145E+04
    0.66146E-02    0.67570E+04
    0.68389E-02    0.68995E+04
    0.70707E-02    0.70418E+04
    0.73103E-02    0.71836E+04
    0.75581E-02    0.73248E+04
    0.78143E-02    0.74650E+04
    0.80791E-02    0.76040E+04
    0.83530E-02    0.77414E+04
    0.86361E-02    0.78768E+04
    0.89288E-02    0.80101E+04
    0.92315E-02    0.81408E+04
    0.95444E-02    0.82685E+04
    0.98679E-02    0.83928E+04
    0.10202E-01    0.85134E+04
    0.10548E-01    0.86297E+04
    0.10906E-01    0.87414E+04
    0.11275E-01    0.88480E+04
    0.11658E-01    0.89490E+04
    0.12053E-01    0.90440E+04
    0.12461E-01    0.91323E+04
    0.12884E-01    0.92135E+04
    0.13320E-01    0.92872E+04
    0.13772E-01    0.93526E+04
    0.14239E-01    0.94095E+04
    0.14721E-01    0.94571E+04
    0.15220E-01    0.94950E+04
    0.15736E-01    0.95226E+04
    0.16269E-01    0.95396E+04
    0.16821E-01    0.95453E+04
    0.17391E-01    0.95394E+04
    0.17980E-01    0.95215E+04
    0.18590E-01    0.94912E+04
    0.19220E-01    0.94481E+04
    0.19872E-01    0.93921E+04
    0.20545E-01    0.93230E+04
    0.21241E-01    0.92406E+04
    0.21961E-01    0.91451E+04
    0.22706E-01    0.90365E+04
    0.23475E-01    0.89150E+04
    0.24271E-01    0.87810E+04
    0.25094E-01    0.86350E+04
    0.25944E-01    0.84775E+04
    0.26824E-01    0.83094E+04
    0.27733E-01    0.81315E+04
    0.28673E-01    0.79449E+04
    0.29645E-01    0.77508E+04
    0.30650E-01    0.75505E+04
    0.31689E-01    0.73454E+04
    0.32763E-01    0.71371E+04
    0.33873E-01    0.70060E+04
    0.35021E-01    0.67990E+04
    0.36208E-01    0.65877E+04
    0.37436E-01    0.63791E+04
    0.38704E-01    0.61752E+04
    0.40016E-01    0.59779E+04
    0.41373E-01    0.57889E+04
    0.42775E-01    0.56097E+04
    0.44225E-01    0.53950E+04
    0.45724E-01    0.52381E+04
    0.47274E-01    0.50928E+04
    0.48876E-01    0.49588E+04
    0.50533E-01    0.48354E+04
    0.52246E-01    0.47214E+04
    0.54016E-01    0.46406E+04
    0.55847E-01    0.45411E+04
    0.57740E-01    0.44467E+04
    0.59697E-01    0.43555E+04
    0.61721E-01    0.42651E+04
    0.63813E-01    0.41549E+04
    0.65976E-01    0.40559E+04
    0.68212E-01    0.39476E+04
    0.70524E-01    0.38273E+04
    0.72914E-01    0.36992E+04
    0.75386E-01    0.35541E+04
    0.77941E-01    0.33977E+04
    0.80583E-01    0.32319E+04
    0.83314E-01    0.30592E+04
    0.86138E-01    0.28831E+04
    0.89058E-01    0.27082E+04
    0.92077E-01    0.25401E+04
    0.95197E-01    0.23846E+04
    0.98424E-01    0.22466E+04
    0.10176E+00    0.21289E+04
    0.10521E+00    0.20319E+04
    0.10878E+00    0.19536E+04
    0.11246E+00    0.18901E+04
    0.11627E+00    0.18364E+04
    0.12022E+00    0.17871E+04
    0.12429E+00    0.17364E+04
    0.12850E+00    0.16777E+04
    0.13286E+00    0.16062E+04
    0.13736E+00    0.15210E+04
    0.14202E+00    0.14253E+04
    0.14683E+00    0.13249E+04
    0.15181E+00    0.12271E+04
    0.15695E+00    0.11386E+04
    0.16227E+00    0.10644E+04
    0.16777E+00    0.10070E+04
    0.17346E+00    0.96467E+03
    0.17934E+00    0.93156E+03
    0.18542E+00    0.90008E+03
    0.19170E+00    0.86306E+03
    0.19820E+00    0.81694E+03
    0.20492E+00    0.76284E+03
    0.21187E+00    0.70572E+03
    0.21905E+00    0.65240E+03
    0.22647E+00    0.60845E+03
    0.23415E+00    0.57506E+03
    0.24208E+00    0.54919E+03
    0.25029E+00    0.52542E+03
    0.25877E+00    0.49817E+03
    0.26754E+00    0.46599E+03
    0.27661E+00    0.43202E+03
    0.28599E+00    0.40083E+03
    0.29568E+00    0.37547E+03
    0.30570E+00    0.35521E+03
    0.31607E+00    0.33656E+03
    0.32678E+00    0.31645E+03
    0.33786E+00    0.29468E+03
    0.34931E+00    0.27387E+03
    0.36115E+00    0.25604E+03
    0.37339E+00    0.24088E+03
    0.38604E+00    0.22639E+03
    0.39913E+00    0.21142E+03
    0.41266E+00    0.19677E+03
    0.42665E+00    0.18369E+03
    0.44111E+00    0.17206E+03
    0.45606E+00    0.16093E+03
    0.47152E+00    0.14997E+03
    0.48750E+00    0.13974E+03
    0.50402E+00    0.13049E+03
    0.52111E+00    0.12179E+03
    0.53877E+00    0.11345E+03
    0.55703E+00    0.10568E+03
    0.57591E+00    0.98506E+02
    0.59543E+00    0.91749E+02
    0.61561E+00    0.85391E+02
    0.63648E+00    0.79488E+02
    0.65805E+00    0.73971E+02
    0.68036E+00    0.68799E+02
    0.70342E+00    0.63983E+02
    0.72726E+00    0.59486E+02
    0.75191E+00    0.55286E+02
    0.77740E+00    0.51372E+02
    0.80375E+00    0.47720E+02
    0.83099E+00    0.44316E+02
    0.85916E+00    0.41145E+02
    0.88828E+00    0.38191E+02
    0.91839E+00    0.35441E+02
    0.94952E+00    0.32880E+02
    0.98170E+00    0.30497E+02
    0.10150E+01    0.28280E+02
    0.10494E+01    0.26218E+02
    0.10849E+01    0.24300E+02
    0.11217E+01    0.22517E+02
    0.11597E+01    0.20861E+02
    0.11991E+01    0.19322E+02
    0.12397E+01    0.17893E+02
    0.12817E+01    0.16566E+02
    0.13252E+01    0.15334E+02
    0.13701E+01    0.14191E+02
    0.14165E+01    0.13130E+02
    0.14645E+01    0.12146E+02
    0.15142E+01    0.11234E+02
    0.15655E+01    0.10388E+02
    0.16186E+01    0.96036E+01
    0.16734E+01    0.88771E+01
    0.17301E+01    0.82040E+01
    0.17888E+01    0.75805E+01
    0.18494E+01    0.70030E+01
    0.19121E+01    0.64685E+01
    0.19769E+01    0.59736E+01
    0.20439E+01    0.55156E+01
    0.21132E+01    0.50919E+01
    0.21848E+01    0.46999E+01
    0.22589E+01    0.43374E+01
    0.23354E+01    0.40022E+01
    0.24146E+01    0.36923E+01
    0.24964E+01    0.34058E+01
    0.25811E+01    0.31411E+01
    0.26685E+01    0.28965E+01
    0.27590E+01    0.26705E+01
    0.28525E+01    0.24618E+01
    0.29492E+01    0.22691E+01
    0.30492E+01    0.20911E+01
    0.31525E+01    0.19268E+01
    0.32594E+01    0.17751E+01
    0.33698E+01    0.16352E+01
    0.34841E+01    0.15061E+01
    0.36022E+01    0.13870E+01
    0.37242E+01    0.12771E+01
    0.38505E+01    0.11758E+01
    0.39810E+01    0.10824E+01
    0.41159E+01    0.99627E+00
    0.42554E+01    0.91688E+00
    0.43997E+01    0.84370E+00
    0.45488E+01    0.77626E+00
    0.47030E+01    0.71413E+00
    0.48624E+01    0.65689E+00
    0.50272E+01    0.60417E+00
    0.51976E+01    0.55561E+00
    0.53738E+01    0.51089E+00
    0.55559E+01    0.46972E+00
    0.57442E+01    0.43181E+00
    0.59389E+01    0.39692E+00
    0.61402E+01    0.36481E+00
    0.63484E+01    0.33526E+00
    0.65635E+01    0.30806E+00
    0.67860E+01    0.28305E+00
    0.70160E+01    0.26004E+00
    0.72538E+01    0.23887E+00
    0.74997E+01    0.21940E+00
    0.77539E+01    0.20150E+00
    0.80167E+01    0.18504E+00
    0.82885E+01    0.16991E+00
    0.85694E+01    0.15600E+00
    0.88599E+01    0.14321E+00
    0.91602E+01    0.13146E+00
    0.94707E+01    0.12067E+00
    0.97917E+01    0.11074E+00
    0.10124E+02    0.10163E+00
    0.10467E+02    0.93256E-01
    0.10821E+02    0.85564E-01
    0.11188E+02    0.78500E-01
    0.11567E+02    0.72012E-01
    0.11960E+02    0.66055E-01
    0.12365E+02    0.60585E-01
    0.12784E+02    0.55563E-01
    0.13217E+02    0.50954E-01
    0.13665E+02    0.46722E-01
    0.14129E+02    0.42839E-01
    0.14607E+02    0.39275E-01
    0.15103E+02    0.36004E-01
    0.15614E+02    0.33003E-01
    0.16144E+02    0.30250E-01
    0.16691E+02    0.27725E-01
    0.17257E+02    0.25408E-01
    0.17842E+02    0.23283E-01
    0.18446E+02    0.21334E-01
    0.19072E+02    0.19546E-01
    0.19718E+02    0.17907E-01
    0.20386E+02    0.16404E-01
    0.21077E+02    0.15027E-01
    0.21792E+02    0.13763E-01
    0.22530E+02    0.12606E-01
    0.23294E+02    0.11544E-01
    0.24084E+02    0.10571E-01
    0.24900E+02    0.96799E-02
    0.25744E+02    0.88629E-02
    0.26616E+02    0.81144E-02
    0.27519E+02    0.74285E-02
    0.28451E+02    0.68001E-02
    0.29416E+02    0.62244E-02
    0.30413E+02    0.56971E-02
    0.31444E+02    0.52140E-02
    0.32509E+02    0.47716E-02
    0.33611E+02    0.43664E-02
    0.34751E+02    0.39954E-02
    0.35929E+02    0.36556E-02
    0.37146E+02    0.33445E-02
    0.38405E+02    0.30596E-02
    0.39707E+02    0.27988E-02
    0.41053E+02    0.25601E-02
    0.42445E+02    0.23416E-02
    0.43883E+02    0.21415E-02
    0.45371E+02    0.19584E-02
    0.46908E+02    0.17909E-02
    0.48498E+02    0.16376E-02
    0.50142E+02    0.14972E-02
    0.51842E+02    0.13688E-02
    0.53599E+02    0.12514E-02
    0.55416E+02    0.11439E-02
    0.57294E+02    0.10456E-02
    0.59236E+02    0.95562E-03
    0.61244E+02    0.87335E-03
    0.63320E+02    0.79810E-03
    0.65466E+02    0.72927E-03
    0.67685E+02    0.66633E-03
    0.69979E+02    0.60877E-03
    0.72351E+02    0.55613E-03
    0.74804E+02    0.50801E-03
    0.77339E+02    0.46401E-03
    0.79960E+02    0.42377E-03
    0.82671E+02    0.38700E-03
    0.85473E+02    0.35338E-03
    0.88370E+02    0.32265E-03
    0.91365E+02    0.29457E-03
    0.94462E+02    0.26890E-03
    0.97664E+02    0.24544E-03
    0.10097E+03    0.22401E-03
    0.10440E+03    0.20442E-03
    0.10794E+03    0.18652E-03
    0.11159E+03    0.17017E-03
    0.11538E+03    0.15524E-03
    0.11929E+03    0.14160E-03
    0.12333E+03    0.12913E-03
    0.12751E+03    0.11775E-03
    0.13183E+03    0.10736E-03
    0.13630E+03    0.97867E-04
    0.14092E+03    0.89200E-04
    0.14570E+03    0.81287E-04
    0.15064E+03    0.74064E-04
    0.15574E+03    0.67471E-04
    0.16102E+03    0.61452E-04
    0.16648E+03    0.55960E-04
    0.17212E+03    0.50948E-04
    0.17796E+03    0.46375E-04
    0.18399E+03    0.42203E-04
    0.19022E+03    0.38397E-04
    0.19667E+03    0.34926E-04
    0.20334E+03    0.31760E-04
