  0.106221E-04  0.163377E+08  0.163377E+08  0.217733E+08  0.217732E+08  0.163275E+08  0.163375E+08
  0.109822E-04  0.163377E+08  0.163377E+08  0.217726E+08  0.217725E+08  0.163275E+08  0.163375E+08
  0.113544E-04  0.163377E+08  0.163377E+08  0.217718E+08  0.217718E+08  0.163275E+08  0.163375E+08
  0.117393E-04  0.163377E+08  0.163377E+08  0.217710E+08  0.217710E+08  0.163275E+08  0.163375E+08
  0.121372E-04  0.163377E+08  0.163377E+08  0.217701E+08  0.217701E+08  0.163275E+08  0.163375E+08
  0.125486E-04  0.163377E+08  0.163377E+08  0.217692E+08  0.217692E+08  0.163275E+08  0.163375E+08
  0.129739E-04  0.163376E+08  0.163376E+08  0.217682E+08  0.217682E+08  0.163275E+08  0.163375E+08
  0.134136E-04  0.163376E+08  0.163376E+08  0.217671E+08  0.217671E+08  0.163275E+08  0.163375E+08
  0.138683E-04  0.163376E+08  0.163376E+08  0.217660E+08  0.217660E+08  0.163275E+08  0.163375E+08
  0.143384E-04  0.163376E+08  0.163376E+08  0.217648E+08  0.217648E+08  0.163275E+08  0.163375E+08
  0.148244E-04  0.163376E+08  0.163376E+08  0.217635E+08  0.217635E+08  0.163274E+08  0.163375E+08
  0.153268E-04  0.163376E+08  0.163376E+08  0.217621E+08  0.217621E+08  0.163274E+08  0.163375E+08
  0.158463E-04  0.163376E+08  0.163376E+08  0.217606E+08  0.217606E+08  0.163274E+08  0.163375E+08
  0.163835E-04  0.163376E+08  0.163376E+08  0.217591E+08  0.217590E+08  0.163274E+08  0.163375E+08
  0.169388E-04  0.163376E+08  0.163376E+08  0.217574E+08  0.217573E+08  0.163274E+08  0.163375E+08
  0.175129E-04  0.163376E+08  0.163376E+08  0.217556E+08  0.217555E+08  0.163274E+08  0.163375E+08
  0.181065E-04  0.163376E+08  0.163376E+08  0.217536E+08  0.217536E+08  0.163274E+08  0.163375E+08
  0.187202E-04  0.163376E+08  0.163376E+08  0.217516E+08  0.217515E+08  0.163274E+08  0.163375E+08
  0.193548E-04  0.163376E+08  0.163376E+08  0.217494E+08  0.217493E+08  0.163273E+08  0.163375E+08
  0.200108E-04  0.163376E+08  0.163376E+08  0.217470E+08  0.217470E+08  0.163273E+08  0.163375E+08
  0.206891E-04  0.163376E+08  0.163376E+08  0.217445E+08  0.217444E+08  0.163273E+08  0.163375E+08
  0.213903E-04  0.163376E+08  0.163376E+08  0.217418E+08  0.217417E+08  0.163273E+08  0.163375E+08
  0.221154E-04  0.163376E+08  0.163376E+08  0.217389E+08  0.217389E+08  0.163273E+08  0.163375E+08
  0.228650E-04  0.163376E+08  0.163376E+08  0.217359E+08  0.217358E+08  0.163273E+08  0.163375E+08
  0.236400E-04  0.163376E+08  0.163376E+08  0.217326E+08  0.217325E+08  0.163272E+08  0.163375E+08
  0.244412E-04  0.163376E+08  0.163376E+08  0.217291E+08  0.217290E+08  0.163272E+08  0.163375E+08
  0.252697E-04  0.163376E+08  0.163376E+08  0.217253E+08  0.217252E+08  0.163272E+08  0.163375E+08
  0.261262E-04  0.163376E+08  0.163376E+08  0.217213E+08  0.217212E+08  0.163272E+08  0.163374E+08
  0.270118E-04  0.163376E+08  0.163376E+08  0.217170E+08  0.217169E+08  0.163271E+08  0.163374E+08
  0.279273E-04  0.163375E+08  0.163375E+08  0.217124E+08  0.217123E+08  0.163271E+08  0.163374E+08
  0.288739E-04  0.163375E+08  0.163375E+08  0.217076E+08  0.217074E+08  0.163271E+08  0.163374E+08
  0.298526E-04  0.163375E+08  0.163375E+08  0.217023E+08  0.217022E+08  0.163270E+08  0.163374E+08
  0.308645E-04  0.163375E+08  0.163375E+08  0.216967E+08  0.216966E+08  0.163270E+08  0.163374E+08
  0.319106E-04  0.163375E+08  0.163375E+08  0.216908E+08  0.216906E+08  0.163269E+08  0.163374E+08
  0.329922E-04  0.163375E+08  0.163375E+08  0.216844E+08  0.216842E+08  0.163269E+08  0.163374E+08
  0.341105E-04  0.163375E+08  0.163375E+08  0.216775E+08  0.216774E+08  0.163268E+08  0.163374E+08
  0.352667E-04  0.163375E+08  0.163375E+08  0.216703E+08  0.216700E+08  0.163268E+08  0.163374E+08
  0.364621E-04  0.163375E+08  0.163375E+08  0.216625E+08  0.216622E+08  0.163267E+08  0.163373E+08
  0.376979E-04  0.163374E+08  0.163374E+08  0.216541E+08  0.216539E+08  0.163267E+08  0.163373E+08
  0.389757E-04  0.163374E+08  0.163374E+08  0.216452E+08  0.216450E+08  0.163266E+08  0.163373E+08
  0.402968E-04  0.163374E+08  0.163374E+08  0.216357E+08  0.216355E+08  0.163265E+08  0.163373E+08
  0.416627E-04  0.163374E+08  0.163374E+08  0.216256E+08  0.216253E+08  0.163265E+08  0.163373E+08
  0.430748E-04  0.163374E+08  0.163374E+08  0.216147E+08  0.216144E+08  0.163264E+08  0.163372E+08
  0.445349E-04  0.163373E+08  0.163373E+08  0.216031E+08  0.216028E+08  0.163263E+08  0.163372E+08
  0.460444E-04  0.163373E+08  0.163373E+08  0.215907E+08  0.215904E+08  0.163262E+08  0.163372E+08
  0.476050E-04  0.163373E+08  0.163373E+08  0.215775E+08  0.215771E+08  0.163261E+08  0.163372E+08
  0.492186E-04  0.163373E+08  0.163373E+08  0.215634E+08  0.215630E+08  0.163260E+08  0.163371E+08
  0.508869E-04  0.163372E+08  0.163372E+08  0.215483E+08  0.215478E+08  0.163259E+08  0.163371E+08
  0.526117E-04  0.163372E+08  0.163372E+08  0.215321E+08  0.215317E+08  0.163258E+08  0.163371E+08
  0.543950E-04  0.163372E+08  0.163372E+08  0.215149E+08  0.215144E+08  0.163257E+08  0.163371E+08
  0.562387E-04  0.163371E+08  0.163371E+08  0.214965E+08  0.214960E+08  0.163256E+08  0.163370E+08
  0.581449E-04  0.163371E+08  0.163371E+08  0.214768E+08  0.214763E+08  0.163254E+08  0.163370E+08
  0.601158E-04  0.163371E+08  0.163371E+08  0.214558E+08  0.214552E+08  0.163253E+08  0.163369E+08
  0.621534E-04  0.163370E+08  0.163370E+08  0.214334E+08  0.214328E+08  0.163251E+08  0.163369E+08
  0.642601E-04  0.163370E+08  0.163370E+08  0.214094E+08  0.214088E+08  0.163250E+08  0.163368E+08
  0.664382E-04  0.163369E+08  0.163369E+08  0.213839E+08  0.213831E+08  0.163248E+08  0.163368E+08
  0.686901E-04  0.163369E+08  0.163369E+08  0.213566E+08  0.213558E+08  0.163246E+08  0.163367E+08
  0.710184E-04  0.163368E+08  0.163368E+08  0.213274E+08  0.213266E+08  0.163244E+08  0.163367E+08
  0.734256E-04  0.163368E+08  0.163368E+08  0.212963E+08  0.212954E+08  0.163241E+08  0.163366E+08
  0.759143E-04  0.163367E+08  0.163367E+08  0.212631E+08  0.212621E+08  0.163239E+08  0.163366E+08
  0.784875E-04  0.163366E+08  0.163366E+08  0.212276E+08  0.212266E+08  0.163237E+08  0.163365E+08
  0.811478E-04  0.163366E+08  0.163366E+08  0.211898E+08  0.211887E+08  0.163234E+08  0.163364E+08
  0.838983E-04  0.163365E+08  0.163365E+08  0.211494E+08  0.211483E+08  0.163231E+08  0.163363E+08
  0.867421E-04  0.163364E+08  0.163364E+08  0.211063E+08  0.211051E+08  0.163228E+08  0.163363E+08
  0.896822E-04  0.163363E+08  0.163363E+08  0.210604E+08  0.210591E+08  0.163225E+08  0.163362E+08
  0.927220E-04  0.163362E+08  0.163362E+08  0.210113E+08  0.210099E+08  0.163221E+08  0.163361E+08
  0.958648E-04  0.163361E+08  0.163361E+08  0.209590E+08  0.209576E+08  0.163217E+08  0.163360E+08
  0.991141E-04  0.163360E+08  0.163360E+08  0.209033E+08  0.209017E+08  0.163213E+08  0.163359E+08
  0.102474E-03  0.163359E+08  0.163359E+08  0.208438E+08  0.208421E+08  0.163209E+08  0.163357E+08
  0.105947E-03  0.163358E+08  0.163358E+08  0.207804E+08  0.207786E+08  0.163204E+08  0.163356E+08
  0.109538E-03  0.163356E+08  0.163356E+08  0.207129E+08  0.207110E+08  0.163199E+08  0.163355E+08
  0.113251E-03  0.163355E+08  0.163355E+08  0.206409E+08  0.206389E+08  0.163194E+08  0.163353E+08
  0.117090E-03  0.163354E+08  0.163354E+08  0.205642E+08  0.205620E+08  0.163188E+08  0.163352E+08
  0.121058E-03  0.163352E+08  0.163352E+08  0.204825E+08  0.204802E+08  0.163182E+08  0.163350E+08
  0.125162E-03  0.163350E+08  0.163350E+08  0.203956E+08  0.203931E+08  0.163176E+08  0.163348E+08
  0.129404E-03  0.163348E+08  0.163348E+08  0.203030E+08  0.203003E+08  0.163169E+08  0.163347E+08
  0.133790E-03  0.163347E+08  0.163346E+08  0.202044E+08  0.202016E+08  0.163162E+08  0.163344E+08
  0.138325E-03  0.163344E+08  0.163344E+08  0.200995E+08  0.200965E+08  0.163154E+08  0.163342E+08
  0.143013E-03  0.163342E+08  0.163342E+08  0.199880E+08  0.199848E+08  0.163146E+08  0.163340E+08
  0.147861E-03  0.163340E+08  0.163340E+08  0.198694E+08  0.198660E+08  0.163137E+08  0.163338E+08
  0.152873E-03  0.163337E+08  0.163337E+08  0.197434E+08  0.197398E+08  0.163127E+08  0.163335E+08
  0.158054E-03  0.163335E+08  0.163335E+08  0.196095E+08  0.196057E+08  0.163117E+08  0.163332E+08
  0.163412E-03  0.163332E+08  0.163332E+08  0.194673E+08  0.194632E+08  0.163106E+08  0.163329E+08
  0.168950E-03  0.163329E+08  0.163329E+08  0.193164E+08  0.193120E+08  0.163094E+08  0.163326E+08
  0.174677E-03  0.163325E+08  0.163325E+08  0.191562E+08  0.191516E+08  0.163082E+08  0.163323E+08
  0.180598E-03  0.163322E+08  0.163322E+08  0.189864E+08  0.189815E+08  0.163069E+08  0.163319E+08
  0.186719E-03  0.163318E+08  0.163318E+08  0.188065E+08  0.188013E+08  0.163054E+08  0.163315E+08
  0.193048E-03  0.163314E+08  0.163314E+08  0.186158E+08  0.186103E+08  0.163039E+08  0.163311E+08
  0.199591E-03  0.163310E+08  0.163310E+08  0.184141E+08  0.184083E+08  0.163023E+08  0.163307E+08
  0.206357E-03  0.163305E+08  0.163305E+08  0.182007E+08  0.181945E+08  0.163006E+08  0.163302E+08
  0.213351E-03  0.163300E+08  0.163300E+08  0.179751E+08  0.179686E+08  0.162987E+08  0.163297E+08
  0.220583E-03  0.163295E+08  0.163295E+08  0.177368E+08  0.177299E+08  0.162967E+08  0.163291E+08
  0.228059E-03  0.163289E+08  0.163289E+08  0.174855E+08  0.174782E+08  0.162946E+08  0.163286E+08
  0.235789E-03  0.163283E+08  0.163283E+08  0.172204E+08  0.172127E+08  0.162923E+08  0.163280E+08
  0.243781E-03  0.163277E+08  0.163277E+08  0.169413E+08  0.169331E+08  0.162899E+08  0.163273E+08
  0.252044E-03  0.163270E+08  0.163270E+08  0.166476E+08  0.166390E+08  0.162874E+08  0.163266E+08
  0.260588E-03  0.163263E+08  0.163263E+08  0.163389E+08  0.163299E+08  0.162846E+08  0.163259E+08
  0.269420E-03  0.163255E+08  0.163255E+08  0.160149E+08  0.160054E+08  0.162817E+08  0.163251E+08
  0.278552E-03  0.163247E+08  0.163247E+08  0.156753E+08  0.156653E+08  0.162785E+08  0.163242E+08
  0.287994E-03  0.163238E+08  0.163238E+08  0.153198E+08  0.153093E+08  0.162752E+08  0.163233E+08
  0.297755E-03  0.163229E+08  0.163229E+08  0.149482E+08  0.149371E+08  0.162716E+08  0.163223E+08
  0.307848E-03  0.163219E+08  0.163219E+08  0.145604E+08  0.145488E+08  0.162678E+08  0.163213E+08
  0.318282E-03  0.163208E+08  0.163208E+08  0.141564E+08  0.141442E+08  0.162637E+08  0.163202E+08
  0.329071E-03  0.163197E+08  0.163197E+08  0.137363E+08  0.137236E+08  0.162594E+08  0.163190E+08
  0.340224E-03  0.163185E+08  0.163185E+08  0.133005E+08  0.132872E+08  0.162548E+08  0.163178E+08
  0.351756E-03  0.163172E+08  0.163172E+08  0.128492E+08  0.128353E+08  0.162498E+08  0.163164E+08
  0.363679E-03  0.163158E+08  0.163158E+08  0.123830E+08  0.123685E+08  0.162445E+08  0.163150E+08
  0.376006E-03  0.163143E+08  0.163143E+08  0.119026E+08  0.118875E+08  0.162389E+08  0.163135E+08
  0.388751E-03  0.163128E+08  0.163127E+08  0.114090E+08  0.113933E+08  0.162329E+08  0.163119E+08
  0.401928E-03  0.163111E+08  0.163111E+08  0.109033E+08  0.108870E+08  0.162265E+08  0.163102E+08
  0.415551E-03  0.163093E+08  0.163093E+08  0.103869E+08  0.103700E+08  0.162197E+08  0.163083E+08
  0.429636E-03  0.163074E+08  0.163074E+08  0.986135E+07  0.984385E+07  0.162124E+08  0.163064E+08
  0.444199E-03  0.163054E+08  0.163054E+08  0.932852E+07  0.931041E+07  0.162047E+08  0.163043E+08
  0.459255E-03  0.163033E+08  0.163032E+08  0.879052E+07  0.877180E+07  0.161964E+08  0.163021E+08
  0.474821E-03  0.163010E+08  0.163010E+08  0.824971E+07  0.823038E+07  0.161876E+08  0.162998E+08
  0.490915E-03  0.162986E+08  0.162985E+08  0.770869E+07  0.768876E+07  0.161782E+08  0.162973E+08
  0.507555E-03  0.162960E+08  0.162960E+08  0.717032E+07  0.714977E+07  0.161682E+08  0.162946E+08
  0.524759E-03  0.162933E+08  0.162932E+08  0.663766E+07  0.661650E+07  0.161576E+08  0.162918E+08
  0.542546E-03  0.162903E+08  0.162903E+08  0.611398E+07  0.609219E+07  0.161463E+08  0.162888E+08
  0.560935E-03  0.162872E+08  0.162872E+08  0.560267E+07  0.558024E+07  0.161342E+08  0.162856E+08
  0.579948E-03  0.162840E+08  0.162839E+08  0.510722E+07  0.508413E+07  0.161214E+08  0.162822E+08
  0.599606E-03  0.162805E+08  0.162804E+08  0.463115E+07  0.460737E+07  0.161078E+08  0.162786E+08
  0.619929E-03  0.162768E+08  0.162767E+08  0.417792E+07  0.415342E+07  0.160933E+08  0.162748E+08
  0.640942E-03  0.162729E+08  0.162728E+08  0.375085E+07  0.372559E+07  0.160779E+08  0.162707E+08
  0.662667E-03  0.162687E+08  0.162686E+08  0.335299E+07  0.332692E+07  0.160615E+08  0.162664E+08
  0.685128E-03  0.162643E+08  0.162642E+08  0.298704E+07  0.296009E+07  0.160441E+08  0.162619E+08
  0.708350E-03  0.162596E+08  0.162595E+08  0.265519E+07  0.262732E+07  0.160257E+08  0.162570E+08
  0.732360E-03  0.162546E+08  0.162546E+08  0.235905E+07  0.233017E+07  0.160061E+08  0.162519E+08
  0.757184E-03  0.162494E+08  0.162493E+08  0.209948E+07  0.206955E+07  0.159853E+08  0.162465E+08
  0.782848E-03  0.162438E+08  0.162438E+08  0.187652E+07  0.184547E+07  0.159633E+08  0.162408E+08
  0.809383E-03  0.162379E+08  0.162379E+08  0.168929E+07  0.165709E+07  0.159399E+08  0.162347E+08
  0.836817E-03  0.162317E+08  0.162316E+08  0.153596E+07  0.150258E+07  0.159152E+08  0.162283E+08
  0.865181E-03  0.162251E+08  0.162251E+08  0.141371E+07  0.137918E+07  0.158889E+08  0.162215E+08
  0.894507E-03  0.162182E+08  0.162181E+08  0.131882E+07  0.128321E+07  0.158612E+08  0.162143E+08
  0.924826E-03  0.162108E+08  0.162107E+08  0.124673E+07  0.121016E+07  0.158319E+08  0.162067E+08
  0.956173E-03  0.162031E+08  0.162030E+08  0.119228E+07  0.115494E+07  0.158008E+08  0.161987E+08
  0.988582E-03  0.161949E+08  0.161947E+08  0.114988E+07  0.111204E+07  0.157681E+08  0.161902E+08
  0.102209E-02  0.161862E+08  0.161861E+08  0.111388E+07  0.107589E+07  0.157335E+08  0.161813E+08
  0.105673E-02  0.161771E+08  0.161769E+08  0.107891E+07  0.104121E+07  0.156970E+08  0.161718E+08
  0.109255E-02  0.161674E+08  0.161673E+08  0.104027E+07  0.100336E+07  0.156585E+08  0.161619E+08
  0.112958E-02  0.161573E+08  0.161571E+08  0.994314E+06  0.958756E+06  0.156179E+08  0.161514E+08
  0.116787E-02  0.161465E+08  0.161464E+08  0.938777E+06  0.905147E+06  0.155752E+08  0.161403E+08
  0.120746E-02  0.161352E+08  0.161351E+08  0.873024E+06  0.841884E+06  0.155303E+08  0.161287E+08
  0.124838E-02  0.161234E+08  0.161232E+08  0.798140E+06  0.769982E+06  0.154831E+08  0.161164E+08
  0.129070E-02  0.161108E+08  0.161106E+08  0.716832E+06  0.692026E+06  0.154336E+08  0.161034E+08
  0.133445E-02  0.160976E+08  0.160974E+08  0.633127E+06  0.611865E+06  0.153816E+08  0.160898E+08
  0.137968E-02  0.160837E+08  0.160835E+08  0.551848E+06  0.534094E+06  0.153271E+08  0.160755E+08
  0.142644E-02  0.160691E+08  0.160689E+08  0.477924E+06  0.463389E+06  0.152701E+08  0.160604E+08
  0.147479E-02  0.160538E+08  0.160535E+08  0.415593E+06  0.403729E+06  0.152105E+08  0.160446E+08
  0.152478E-02  0.160376E+08  0.160373E+08  0.367638E+06  0.357679E+06  0.151482E+08  0.160279E+08
  0.157646E-02  0.160206E+08  0.160204E+08  0.334790E+06  0.325821E+06  0.150832E+08  0.160104E+08
  0.162990E-02  0.160028E+08  0.160025E+08  0.315461E+06  0.306526E+06  0.150154E+08  0.159921E+08
  0.168514E-02  0.159841E+08  0.159838E+08  0.000000E+00  0.000000E+00  0.149449E+08  0.159728E+08
  0.174226E-02  0.159644E+08  0.159641E+08  0.000000E+00  0.000000E+00  0.148716E+08  0.159525E+08
  0.180131E-02  0.159438E+08  0.159434E+08  0.000000E+00  0.000000E+00  0.147956E+08  0.159313E+08
  0.186237E-02  0.159222E+08  0.159218E+08  0.000000E+00  0.000000E+00  0.147167E+08  0.159091E+08
  0.192550E-02  0.158995E+08  0.158991E+08  0.000000E+00  0.000000E+00  0.146350E+08  0.158858E+08
  0.199076E-02  0.158758E+08  0.158754E+08  0.000000E+00  0.000000E+00  0.145506E+08  0.158614E+08
  0.205824E-02  0.158510E+08  0.158505E+08  0.000000E+00  0.000000E+00  0.144633E+08  0.158358E+08
  0.212800E-02  0.158250E+08  0.158244E+08  0.000000E+00  0.000000E+00  0.143734E+08  0.158091E+08
  0.220013E-02  0.157978E+08  0.157972E+08  0.000000E+00  0.000000E+00  0.142807E+08  0.157812E+08
  0.227470E-02  0.157693E+08  0.157688E+08  0.000000E+00  0.000000E+00  0.141854E+08  0.157521E+08
  0.235181E-02  0.157396E+08  0.157390E+08  0.000000E+00  0.000000E+00  0.140875E+08  0.157216E+08
  0.243152E-02  0.157087E+08  0.157080E+08  0.000000E+00  0.000000E+00  0.139870E+08  0.156899E+08
  0.251394E-02  0.156763E+08  0.156756E+08  0.000000E+00  0.000000E+00  0.138840E+08  0.156568E+08
  0.259915E-02  0.156426E+08  0.156418E+08  0.000000E+00  0.000000E+00  0.137785E+08  0.156223E+08
  0.268725E-02  0.156074E+08  0.156066E+08  0.000000E+00  0.000000E+00  0.136704E+08  0.155863E+08
  0.277833E-02  0.155708E+08  0.155699E+08  0.000000E+00  0.000000E+00  0.135600E+08  0.155489E+08
  0.287250E-02  0.155327E+08  0.155318E+08  0.000000E+00  0.000000E+00  0.134470E+08  0.155099E+08
  0.296987E-02  0.154930E+08  0.154921E+08  0.000000E+00  0.000000E+00  0.133317E+08  0.154695E+08
  0.307053E-02  0.154518E+08  0.154508E+08  0.000000E+00  0.000000E+00  0.132138E+08  0.154274E+08
  0.317461E-02  0.154090E+08  0.154079E+08  0.000000E+00  0.000000E+00  0.130935E+08  0.153837E+08
  0.328221E-02  0.153645E+08  0.153633E+08  0.000000E+00  0.000000E+00  0.129706E+08  0.153383E+08
  0.339346E-02  0.153183E+08  0.153170E+08  0.000000E+00  0.000000E+00  0.128451E+08  0.152913E+08
  0.350848E-02  0.152704E+08  0.152691E+08  0.000000E+00  0.000000E+00  0.127170E+08  0.152425E+08
  0.362740E-02  0.152208E+08  0.152193E+08  0.000000E+00  0.000000E+00  0.125861E+08  0.151920E+08
  0.375035E-02  0.151693E+08  0.151678E+08  0.000000E+00  0.000000E+00  0.124524E+08  0.151396E+08
  0.387747E-02  0.151160E+08  0.151144E+08  0.000000E+00  0.000000E+00  0.123158E+08  0.150854E+08
  0.400890E-02  0.150608E+08  0.150591E+08  0.000000E+00  0.000000E+00  0.121762E+08  0.150293E+08
  0.414478E-02  0.150038E+08  0.150019E+08  0.000000E+00  0.000000E+00  0.120336E+08  0.149713E+08
  0.428527E-02  0.149447E+08  0.149427E+08  0.000000E+00  0.000000E+00  0.118880E+08  0.149113E+08
  0.443052E-02  0.148837E+08  0.148816E+08  0.000000E+00  0.000000E+00  0.117393E+08  0.148493E+08
  0.458069E-02  0.148206E+08  0.148184E+08  0.000000E+00  0.000000E+00  0.115875E+08  0.147852E+08
  0.473596E-02  0.147555E+08  0.147531E+08  0.000000E+00  0.000000E+00  0.114327E+08  0.147191E+08
  0.489648E-02  0.146882E+08  0.146857E+08  0.000000E+00  0.000000E+00  0.112748E+08  0.146508E+08
  0.506245E-02  0.146188E+08  0.146161E+08  0.000000E+00  0.000000E+00  0.111139E+08  0.145804E+08
  0.523404E-02  0.145472E+08  0.145443E+08  0.000000E+00  0.000000E+00  0.109501E+08  0.145077E+08
  0.541145E-02  0.144733E+08  0.144702E+08  0.000000E+00  0.000000E+00  0.107835E+08  0.144328E+08
  0.559487E-02  0.143972E+08  0.143939E+08  0.000000E+00  0.000000E+00  0.106142E+08  0.143557E+08
  0.578451E-02  0.143187E+08  0.143152E+08  0.000000E+00  0.000000E+00  0.104423E+08  0.142762E+08
  0.598058E-02  0.142379E+08  0.142342E+08  0.000000E+00  0.000000E+00  0.102679E+08  0.141943E+08
  0.618329E-02  0.141547E+08  0.141507E+08  0.000000E+00  0.000000E+00  0.100911E+08  0.141100E+08
  0.639287E-02  0.140690E+08  0.140648E+08  0.000000E+00  0.000000E+00  0.991213E+07  0.140232E+08
  0.660956E-02  0.139808E+08  0.139763E+08  0.000000E+00  0.000000E+00  0.973100E+07  0.139340E+08
  0.683359E-02  0.138901E+08  0.138853E+08  0.000000E+00  0.000000E+00  0.954787E+07  0.138423E+08
  0.706522E-02  0.137968E+08  0.137917E+08  0.000000E+00  0.000000E+00  0.936287E+07  0.137479E+08
  0.730469E-02  0.137009E+08  0.136955E+08  0.000000E+00  0.000000E+00  0.917614E+07  0.136510E+08
  0.755228E-02  0.136024E+08  0.135966E+08  0.000000E+00  0.000000E+00  0.898782E+07  0.135514E+08
  0.780827E-02  0.135011E+08  0.134950E+08  0.000000E+00  0.000000E+00  0.879805E+07  0.134491E+08
  0.807293E-02  0.133971E+08  0.133906E+08  0.000000E+00  0.000000E+00  0.860696E+07  0.133441E+08
  0.834657E-02  0.132903E+08  0.132834E+08  0.000000E+00  0.000000E+00  0.841472E+07  0.132363E+08
  0.862947E-02  0.131807E+08  0.131734E+08  0.000000E+00  0.000000E+00  0.822146E+07  0.131258E+08
  0.892197E-02  0.130682E+08  0.130604E+08  0.000000E+00  0.000000E+00  0.802735E+07  0.130123E+08
  0.922438E-02  0.129528E+08  0.129446E+08  0.000000E+00  0.000000E+00  0.783255E+07  0.128960E+08
  0.953704E-02  0.128345E+08  0.128257E+08  0.000000E+00  0.000000E+00  0.763722E+07  0.127767E+08
  0.986030E-02  0.127132E+08  0.127038E+08  0.000000E+00  0.000000E+00  0.744151E+07  0.126545E+08
  0.101945E-01  0.125888E+08  0.125789E+08  0.000000E+00  0.000000E+00  0.724561E+07  0.125293E+08
  0.105401E-01  0.124614E+08  0.124509E+08  0.000000E+00  0.000000E+00  0.704966E+07  0.124010E+08
  0.108973E-01  0.123308E+08  0.123197E+08  0.000000E+00  0.000000E+00  0.685386E+07  0.122696E+08
  0.112667E-01  0.121971E+08  0.121853E+08  0.000000E+00  0.000000E+00  0.665836E+07  0.121351E+08
  0.116486E-01  0.120601E+08  0.120477E+08  0.000000E+00  0.000000E+00  0.646335E+07  0.119974E+08
  0.120434E-01  0.119200E+08  0.119068E+08  0.000000E+00  0.000000E+00  0.626901E+07  0.118566E+08
  0.124516E-01  0.117766E+08  0.117626E+08  0.000000E+00  0.000000E+00  0.607552E+07  0.117125E+08
  0.128737E-01  0.116299E+08  0.116151E+08  0.000000E+00  0.000000E+00  0.588305E+07  0.115651E+08
  0.133100E-01  0.114798E+08  0.114642E+08  0.000000E+00  0.000000E+00  0.569178E+07  0.114145E+08
  0.137612E-01  0.113264E+08  0.113100E+08  0.000000E+00  0.000000E+00  0.550188E+07  0.112606E+08
  0.142276E-01  0.111697E+08  0.111523E+08  0.000000E+00  0.000000E+00  0.531352E+07  0.111033E+08
  0.147098E-01  0.110095E+08  0.109912E+08  0.000000E+00  0.000000E+00  0.512684E+07  0.109427E+08
  0.152084E-01  0.108460E+08  0.108267E+08  0.000000E+00  0.000000E+00  0.494200E+07  0.107788E+08
  0.157239E-01  0.106790E+08  0.106587E+08  0.000000E+00  0.000000E+00  0.475914E+07  0.106115E+08
  0.162569E-01  0.105087E+08  0.104873E+08  0.000000E+00  0.000000E+00  0.457845E+07  0.104409E+08
  0.168079E-01  0.103350E+08  0.103125E+08  0.000000E+00  0.000000E+00  0.440009E+07  0.102670E+08
  0.173776E-01  0.101580E+08  0.101344E+08  0.000000E+00  0.000000E+00  0.422428E+07  0.100898E+08
  0.179666E-01  0.997768E+07  0.995294E+07  0.000000E+00  0.000000E+00  0.405118E+07  0.990934E+07
  0.185756E-01  0.979414E+07  0.976823E+07  0.000000E+00  0.000000E+00  0.388096E+07  0.972576E+07
  0.192052E-01  0.960746E+07  0.958034E+07  0.000000E+00  0.000000E+00  0.371372E+07  0.953908E+07
  0.198562E-01  0.941774E+07  0.938939E+07  0.000000E+00  0.000000E+00  0.354958E+07  0.934943E+07
  0.205292E-01  0.922508E+07  0.919550E+07  0.000000E+00  0.000000E+00  0.338869E+07  0.915692E+07
  0.212251E-01  0.902966E+07  0.899883E+07  0.000000E+00  0.000000E+00  0.323123E+07  0.896169E+07
  0.219445E-01  0.883162E+07  0.879955E+07  0.000000E+00  0.000000E+00  0.307740E+07  0.876393E+07
  0.226883E-01  0.863119E+07  0.859787E+07  0.000000E+00  0.000000E+00  0.292730E+07  0.856384E+07
  0.234573E-01  0.842859E+07  0.839404E+07  0.000000E+00  0.000000E+00  0.278103E+07  0.836164E+07
  0.242524E-01  0.822409E+07  0.818834E+07  0.000000E+00  0.000000E+00  0.263871E+07  0.815761E+07
  0.250745E-01  0.801800E+07  0.798108E+07  0.000000E+00  0.000000E+00  0.250051E+07  0.795207E+07
  0.259244E-01  0.781066E+07  0.777263E+07  0.000000E+00  0.000000E+00  0.236655E+07  0.774534E+07
  0.268031E-01  0.760246E+07  0.756337E+07  0.000000E+00  0.000000E+00  0.223689E+07  0.753781E+07
  0.277116E-01  0.739383E+07  0.735374E+07  0.000000E+00  0.000000E+00  0.211165E+07  0.732992E+07
  0.286509E-01  0.718522E+07  0.714424E+07  0.000000E+00  0.000000E+00  0.199095E+07  0.712211E+07
  0.296220E-01  0.697716E+07  0.693537E+07  0.000000E+00  0.000000E+00  0.187486E+07  0.691491E+07
  0.306260E-01  0.677018E+07  0.672772E+07  0.000000E+00  0.000000E+00  0.176344E+07  0.670886E+07
  0.316641E-01  0.656488E+07  0.652188E+07  0.000000E+00  0.000000E+00  0.165676E+07  0.650454E+07
  0.327374E-01  0.636189E+07  0.631850E+07  0.000000E+00  0.000000E+00  0.155485E+07  0.630257E+07
  0.338470E-01  0.619192E+07  0.614830E+07  0.000000E+00  0.000000E+00  0.137163E+07  0.613243E+07
  0.349942E-01  0.599651E+07  0.595285E+07  0.000000E+00  0.000000E+00  0.128211E+07  0.593815E+07
  0.361804E-01  0.580533E+07  0.576183E+07  0.000000E+00  0.000000E+00  0.119742E+07  0.574816E+07
  0.374067E-01  0.561725E+07  0.557412E+07  0.000000E+00  0.000000E+00  0.111716E+07  0.556130E+07
  0.386746E-01  0.543375E+07  0.539122E+07  0.000000E+00  0.000000E+00  0.104148E+07  0.537907E+07
  0.399855E-01  0.525631E+07  0.521460E+07  0.000000E+00  0.000000E+00  0.970453E+06  0.520292E+07
  0.413408E-01  0.508562E+07  0.504496E+07  0.000000E+00  0.000000E+00  0.903985E+06  0.503354E+07
  0.427421E-01  0.492229E+07  0.488291E+07  0.000000E+00  0.000000E+00  0.841978E+06  0.487152E+07
  0.441908E-01  0.474812E+07  0.471025E+07  0.000000E+00  0.000000E+00  0.815889E+06  0.469921E+07
  0.456886E-01  0.459999E+07  0.456383E+07  0.000000E+00  0.000000E+00  0.761389E+06  0.455237E+07
  0.472373E-01  0.445979E+07  0.442553E+07  0.000000E+00  0.000000E+00  0.710753E+06  0.441346E+07
  0.488384E-01  0.432728E+07  0.429508E+07  0.000000E+00  0.000000E+00  0.663721E+06  0.428222E+07
  0.504938E-01  0.420198E+07  0.417197E+07  0.000000E+00  0.000000E+00  0.620031E+06  0.415817E+07
  0.522053E-01  0.408331E+07  0.405558E+07  0.000000E+00  0.000000E+00  0.579393E+06  0.404072E+07
  0.539748E-01  0.398109E+07  0.395566E+07  0.000000E+00  0.000000E+00  0.528112E+06  0.393944E+07
  0.558043E-01  0.387330E+07  0.385017E+07  0.000000E+00  0.000000E+00  0.493033E+06  0.383282E+07
  0.576957E-01  0.376949E+07  0.374858E+07  0.000000E+00  0.000000E+00  0.460197E+06  0.373015E+07
  0.596514E-01  0.366866E+07  0.364983E+07  0.000000E+00  0.000000E+00  0.429380E+06  0.363043E+07
  0.616732E-01  0.356972E+07  0.355279E+07  0.000000E+00  0.000000E+00  0.400348E+06  0.353256E+07
  0.637637E-01  0.346419E+07  0.344890E+07  0.000000E+00  0.000000E+00  0.380375E+06  0.342823E+07
  0.659249E-01  0.336528E+07  0.335133E+07  0.000000E+00  0.000000E+00  0.354155E+06  0.333033E+07
  0.681595E-01  0.326460E+07  0.325166E+07  0.000000E+00  0.000000E+00  0.329136E+06  0.323064E+07
  0.704697E-01  0.316104E+07  0.314875E+07  0.000000E+00  0.000000E+00  0.305193E+06  0.312805E+07
  0.728583E-01  0.305588E+07  0.304389E+07  0.000000E+00  0.000000E+00  0.279589E+06  0.302380E+07
  0.753278E-01  0.294500E+07  0.293296E+07  0.000000E+00  0.000000E+00  0.257681E+06  0.291387E+07
  0.778811E-01  0.283060E+07  0.281823E+07  0.000000E+00  0.000000E+00  0.236756E+06  0.280044E+07
  0.805209E-01  0.271357E+07  0.270062E+07  0.000000E+00  0.000000E+00  0.216873E+06  0.268436E+07
  0.832502E-01  0.259518E+07  0.258152E+07  0.000000E+00  0.000000E+00  0.198104E+06  0.256693E+07
  0.860720E-01  0.247705E+07  0.246264E+07  0.000000E+00  0.000000E+00  0.180533E+06  0.244976E+07
  0.889894E-01  0.236097E+07  0.234589E+07  0.000000E+00  0.000000E+00  0.164220E+06  0.233466E+07
  0.920057E-01  0.224889E+07  0.223331E+07  0.000000E+00  0.000000E+00  0.149229E+06  0.222354E+07
  0.951242E-01  0.214289E+07  0.212708E+07  0.000000E+00  0.000000E+00  0.135606E+06  0.211850E+07
  0.983485E-01  0.204504E+07  0.202936E+07  0.000000E+00  0.000000E+00  0.123375E+06  0.202160E+07
  0.101682E+00  0.195710E+07  0.194193E+07  0.000000E+00  0.000000E+00  0.112521E+06  0.193459E+07
  0.105129E+00  0.187993E+07  0.186566E+07  0.000000E+00  0.000000E+00  0.102970E+06  0.185830E+07
  0.108692E+00  0.181308E+07  0.180002E+07  0.000000E+00  0.000000E+00  0.945804E+05  0.179229E+07
  0.112376E+00  0.175465E+07  0.174300E+07  0.000000E+00  0.000000E+00  0.871451E+05  0.173464E+07
  0.116185E+00  0.170176E+07  0.169160E+07  0.000000E+00  0.000000E+00  0.804396E+05  0.168250E+07
  0.120123E+00  0.165125E+07  0.164248E+07  0.000000E+00  0.000000E+00  0.742595E+05  0.163270E+07
  0.124195E+00  0.160023E+07  0.159262E+07  0.000000E+00  0.000000E+00  0.684437E+05  0.158237E+07
  0.128404E+00  0.154630E+07  0.153948E+07  0.000000E+00  0.000000E+00  0.628774E+05  0.152909E+07
  0.132756E+00  0.148762E+07  0.148117E+07  0.000000E+00  0.000000E+00  0.574877E+05  0.147105E+07
  0.137256E+00  0.142340E+07  0.141692E+07  0.000000E+00  0.000000E+00  0.522545E+05  0.140746E+07
  0.141909E+00  0.135447E+07  0.134765E+07  0.000000E+00  0.000000E+00  0.472191E+05  0.133917E+07
  0.146719E+00  0.128349E+07  0.127619E+07  0.000000E+00  0.000000E+00  0.424757E+05  0.126882E+07
  0.151692E+00  0.121423E+07  0.120650E+07  0.000000E+00  0.000000E+00  0.381335E+05  0.120020E+07
  0.156833E+00  0.115032E+07  0.114238E+07  0.000000E+00  0.000000E+00  0.342736E+05  0.113691E+07
  0.162149E+00  0.109428E+07  0.108646E+07  0.000000E+00  0.000000E+00  0.309235E+05  0.108145E+07
  0.167645E+00  0.104708E+07  0.103976E+07  0.000000E+00  0.000000E+00  0.280578E+05  0.103482E+07
  0.173328E+00  0.100796E+07  0.100140E+07  0.000000E+00  0.000000E+00  0.256052E+05  0.996221E+06
  0.179203E+00  0.974228E+06  0.968537E+06  0.000000E+00  0.000000E+00  0.234551E+05  0.962978E+06
  0.185277E+00  0.941852E+06  0.936926E+06  0.000000E+00  0.000000E+00  0.214843E+05  0.931059E+06
  0.191557E+00  0.906949E+06  0.902519E+06  0.000000E+00  0.000000E+00  0.195945E+05  0.896596E+06
  0.198050E+00  0.867427E+06  0.863161E+06  0.000000E+00  0.000000E+00  0.177438E+05  0.857510E+06
  0.204762E+00  0.823811E+06  0.819438E+06  0.000000E+00  0.000000E+00  0.159500E+05  0.814329E+06
  0.211703E+00  0.778934E+06  0.774348E+06  0.000000E+00  0.000000E+00  0.142696E+05  0.769884E+06
  0.218878E+00  0.736572E+06  0.731864E+06  0.000000E+00  0.000000E+00  0.127643E+05  0.727945E+06
  0.226297E+00  0.699681E+06  0.695079E+06  0.000000E+00  0.000000E+00  0.114673E+05  0.691458E+06
  0.233968E+00  0.669196E+06  0.664941E+06  0.000000E+00  0.000000E+00  0.103705E+05  0.661348E+06
  0.241898E+00  0.643397E+06  0.639615E+06  0.000000E+00  0.000000E+00  0.942592E+04  0.635898E+06
  0.250097E+00  0.618749E+06  0.615387E+06  0.000000E+00  0.000000E+00  0.856727E+04  0.611578E+06
  0.258574E+00  0.592347E+06  0.589221E+06  0.000000E+00  0.000000E+00  0.774918E+04  0.585492E+06
  0.267339E+00  0.563279E+06  0.560193E+06  0.000000E+00  0.000000E+00  0.696021E+04  0.556737E+06
  0.276400E+00  0.533137E+06  0.530005E+06  0.000000E+00  0.000000E+00  0.622069E+04  0.526906E+06
  0.285769E+00  0.505071E+06  0.501957E+06  0.000000E+00  0.000000E+00  0.556352E+04  0.499140E+06
  0.295455E+00  0.480896E+06  0.477942E+06  0.000000E+00  0.000000E+00  0.500004E+04  0.475248E+06
  0.305470E+00  0.460097E+06  0.457400E+06  0.000000E+00  0.000000E+00  0.451448E+04  0.454711E+06
  0.315823E+00  0.440412E+06  0.437949E+06  0.000000E+00  0.000000E+00  0.407718E+04  0.435274E+06
  0.326528E+00  0.419839E+06  0.417504E+06  0.000000E+00  0.000000E+00  0.366613E+04  0.414941E+06
  0.337596E+00  0.398362E+06  0.396066E+06  0.000000E+00  0.000000E+00  0.328031E+04  0.393699E+06
  0.349039E+00  0.377654E+06  0.375402E+06  0.000000E+00  0.000000E+00  0.293190E+04  0.373219E+06
  0.360869E+00  0.359181E+06  0.357043E+06  0.000000E+00  0.000000E+00  0.262852E+04  0.354962E+06
  0.373101E+00  0.342666E+06  0.340683E+06  0.000000E+00  0.000000E+00  0.236337E+04  0.338648E+06
  0.385748E+00  0.326649E+06  0.324794E+06  0.000000E+00  0.000000E+00  0.212281E+04  0.322824E+06
  0.398823E+00  0.310378E+06  0.308595E+06  0.000000E+00  0.000000E+00  0.190015E+04  0.306738E+06
  0.412341E+00  0.294464E+06  0.292738E+06  0.000000E+00  0.000000E+00  0.169789E+04  0.291004E+06
  0.426317E+00  0.279817E+06  0.278176E+06  0.000000E+00  0.000000E+00  0.151935E+04  0.276528E+06
  0.440767E+00  0.266351E+06  0.264812E+06  0.000000E+00  0.000000E+00  0.136164E+04  0.263223E+06
  0.455707E+00  0.253293E+06  0.251837E+06  0.000000E+00  0.000000E+00  0.121892E+04  0.250319E+06
  0.471153E+00  0.240451E+06  0.239056E+06  0.000000E+00  0.000000E+00  0.108902E+04  0.237625E+06
  0.487123E+00  0.228272E+06  0.226942E+06  0.000000E+00  0.000000E+00  0.972843E+03  0.225588E+06
  0.503634E+00  0.216936E+06  0.215679E+06  0.000000E+00  0.000000E+00  0.869826E+03  0.214385E+06
  0.520705E+00  0.206103E+06  0.204913E+06  0.000000E+00  0.000000E+00  0.777359E+03  0.203680E+06
  0.538354E+00  0.195617E+06  0.194483E+06  0.000000E+00  0.000000E+00  0.693908E+03  0.193316E+06
  0.556602E+00  0.185673E+06  0.184595E+06  0.000000E+00  0.000000E+00  0.619350E+03  0.183488E+06
  0.575468E+00  0.176294E+06  0.175273E+06  0.000000E+00  0.000000E+00  0.552899E+03  0.174219E+06
  0.594973E+00  0.167316E+06  0.166348E+06  0.000000E+00  0.000000E+00  0.493282E+03  0.165347E+06
  0.615140E+00  0.158740E+06  0.157820E+06  0.000000E+00  0.000000E+00  0.439873E+03  0.156871E+06
  0.635991E+00  0.150619E+06  0.149747E+06  0.000000E+00  0.000000E+00  0.392233E+03  0.148846E+06
  0.657547E+00  0.142890E+06  0.142063E+06  0.000000E+00  0.000000E+00  0.349641E+03  0.141208E+06
  0.679835E+00  0.135521E+06  0.134736E+06  0.000000E+00  0.000000E+00  0.311547E+03  0.133925E+06
  0.702878E+00  0.128527E+06  0.127783E+06  0.000000E+00  0.000000E+00  0.277552E+03  0.127013E+06
  0.726702E+00  0.121875E+06  0.121170E+06  0.000000E+00  0.000000E+00  0.247196E+03  0.120440E+06
  0.751334E+00  0.115548E+06  0.114879E+06  0.000000E+00  0.000000E+00  0.220092E+03  0.114187E+06
  0.776801E+00  0.109538E+06  0.108903E+06  0.000000E+00  0.000000E+00  0.195914E+03  0.108247E+06
  0.803130E+00  0.103824E+06  0.103223E+06  0.000000E+00  0.000000E+00  0.174344E+03  0.102601E+06
  0.830353E+00  0.983957E+05  0.978261E+05  0.000000E+00  0.000000E+00  0.155109E+03  0.972364E+05
  0.858497E+00  0.932399E+05  0.927002E+05  0.000000E+00  0.000000E+00  0.137964E+03  0.921412E+05
  0.887596E+00  0.883424E+05  0.878311E+05  0.000000E+00  0.000000E+00  0.122683E+03  0.873014E+05
  0.917681E+00  0.836928E+05  0.832083E+05  0.000000E+00  0.000000E+00  0.109070E+03  0.827064E+05
  0.948786E+00  0.792779E+05  0.788191E+05  0.000000E+00  0.000000E+00  0.969438E+02  0.783435E+05
  0.980945E+00  0.750871E+05  0.746525E+05  0.000000E+00  0.000000E+00  0.861469E+02  0.742021E+05
  0.101419E+01  0.711090E+05  0.706975E+05  0.000000E+00  0.000000E+00  0.765346E+02  0.702708E+05
  0.104857E+01  0.673335E+05  0.669438E+05  0.000000E+00  0.000000E+00  0.679799E+02  0.665397E+05
  0.108411E+01  0.637509E+05  0.633819E+05  0.000000E+00  0.000000E+00  0.603685E+02  0.629993E+05
  0.112086E+01  0.603520E+05  0.600027E+05  0.000000E+00  0.000000E+00  0.535984E+02  0.596405E+05
  0.115885E+01  0.571281E+05  0.567976E+05  0.000000E+00  0.000000E+00  0.475774E+02  0.564546E+05
  0.119813E+01  0.540707E+05  0.537578E+05  0.000000E+00  0.000000E+00  0.422241E+02  0.534331E+05
  0.123874E+01  0.511714E+05  0.508752E+05  0.000000E+00  0.000000E+00  0.374662E+02  0.505680E+05
  0.128073E+01  0.484222E+05  0.481420E+05  0.000000E+00  0.000000E+00  0.332377E+02  0.478512E+05
  0.132414E+01  0.458160E+05  0.455509E+05  0.000000E+00  0.000000E+00  0.294812E+02  0.452757E+05
  0.136902E+01  0.433455E+05  0.430947E+05  0.000000E+00  0.000000E+00  0.261442E+02  0.428343E+05
  0.141542E+01  0.410041E+05  0.407669E+05  0.000000E+00  0.000000E+00  0.231811E+02  0.405205E+05
  0.146340E+01  0.387851E+05  0.385607E+05  0.000000E+00  0.000000E+00  0.205498E+02  0.383277E+05
  0.151300E+01  0.366826E+05  0.364703E+05  0.000000E+00  0.000000E+00  0.182143E+02  0.362499E+05
  0.156428E+01  0.346905E+05  0.344898E+05  0.000000E+00  0.000000E+00  0.161415E+02  0.342814E+05
  0.161730E+01  0.328036E+05  0.326138E+05  0.000000E+00  0.000000E+00  0.143019E+02  0.324167E+05
  0.167212E+01  0.310165E+05  0.308370E+05  0.000000E+00  0.000000E+00  0.126703E+02  0.306507E+05
  0.172880E+01  0.293240E+05  0.291543E+05  0.000000E+00  0.000000E+00  0.112229E+02  0.289781E+05
  0.178740E+01  0.277212E+05  0.275609E+05  0.000000E+00  0.000000E+00  0.993925E+01  0.273943E+05
  0.184798E+01  0.262037E+05  0.260521E+05  0.000000E+00  0.000000E+00  0.880125E+01  0.258946E+05
  0.191062E+01  0.247670E+05  0.246238E+05  0.000000E+00  0.000000E+00  0.779230E+01  0.244749E+05
  0.197538E+01  0.234070E+05  0.232716E+05  0.000000E+00  0.000000E+00  0.689799E+01  0.231309E+05
  0.204234E+01  0.221197E+05  0.219917E+05  0.000000E+00  0.000000E+00  0.610550E+01  0.218588E+05
  0.211156E+01  0.209014E+05  0.207805E+05  0.000000E+00  0.000000E+00  0.540328E+01  0.206549E+05
  0.218313E+01  0.197487E+05  0.196344E+05  0.000000E+00  0.000000E+00  0.478125E+01  0.195157E+05
  0.225713E+01  0.186579E+05  0.185500E+05  0.000000E+00  0.000000E+00  0.423022E+01  0.184378E+05
  0.233364E+01  0.176260E+05  0.175240E+05  0.000000E+00  0.000000E+00  0.374225E+01  0.174181E+05
  0.241274E+01  0.166497E+05  0.165534E+05  0.000000E+00  0.000000E+00  0.331005E+01  0.164533E+05
  0.249452E+01  0.157263E+05  0.156353E+05  0.000000E+00  0.000000E+00  0.292755E+01  0.155408E+05
  0.257907E+01  0.148528E+05  0.147669E+05  0.000000E+00  0.000000E+00  0.258882E+01  0.146776E+05
  0.266649E+01  0.140269E+05  0.139457E+05  0.000000E+00  0.000000E+00  0.228909E+01  0.138614E+05
  0.275687E+01  0.132458E+05  0.131692E+05  0.000000E+00  0.000000E+00  0.202381E+01  0.130896E+05
  0.285031E+01  0.125074E+05  0.124350E+05  0.000000E+00  0.000000E+00  0.178906E+01  0.123598E+05
  0.294692E+01  0.118092E+05  0.117408E+05  0.000000E+00  0.000000E+00  0.158134E+01  0.116699E+05
  0.304681E+01  0.111491E+05  0.110846E+05  0.000000E+00  0.000000E+00  0.139764E+01  0.110176E+05
  0.315008E+01  0.105252E+05  0.104643E+05  0.000000E+00  0.000000E+00  0.123511E+01  0.104010E+05
  0.325685E+01  0.993542E+04  0.987792E+04  0.000000E+00  0.000000E+00  0.109139E+01  0.981820E+04
  0.336724E+01  0.937810E+04  0.932383E+04  0.000000E+00  0.000000E+00  0.964295E+00  0.926746E+04
  0.348138E+01  0.885143E+04  0.880020E+04  0.000000E+00  0.000000E+00  0.851904E+00  0.874700E+04
  0.359938E+01  0.835377E+04  0.830542E+04  0.000000E+00  0.000000E+00  0.752565E+00  0.825521E+04
  0.372138E+01  0.788352E+04  0.783789E+04  0.000000E+00  0.000000E+00  0.664721E+00  0.779051E+04
  0.384752E+01  0.743925E+04  0.739619E+04  0.000000E+00  0.000000E+00  0.587083E+00  0.735148E+04
  0.397793E+01  0.701955E+04  0.697891E+04  0.000000E+00  0.000000E+00  0.518474E+00  0.693673E+04
  0.411276E+01  0.662313E+04  0.658478E+04  0.000000E+00  0.000000E+00  0.457830E+00  0.654498E+04
  0.425217E+01  0.624868E+04  0.621250E+04  0.000000E+00  0.000000E+00  0.404250E+00  0.617495E+04
  0.439629E+01  0.589503E+04  0.586089E+04  0.000000E+00  0.000000E+00  0.356919E+00  0.582547E+04
  0.454531E+01  0.556102E+04  0.552881E+04  0.000000E+00  0.000000E+00  0.315087E+00  0.549540E+04
  0.469937E+01  0.524562E+04  0.521523E+04  0.000000E+00  0.000000E+00  0.278152E+00  0.518372E+04
  0.485865E+01  0.494783E+04  0.491916E+04  0.000000E+00  0.000000E+00  0.245522E+00  0.488944E+04
  0.502334E+01  0.466666E+04  0.463961E+04  0.000000E+00  0.000000E+00  0.216697E+00  0.461159E+04
  0.519360E+01  0.440120E+04  0.437569E+04  0.000000E+00  0.000000E+00  0.191251E+00  0.434926E+04
  0.536965E+01  0.415058E+04  0.412652E+04  0.000000E+00  0.000000E+00  0.168774E+00  0.410160E+04
  0.555165E+01  0.391402E+04  0.389133E+04  0.000000E+00  0.000000E+00  0.148927E+00  0.386783E+04
  0.573982E+01  0.369073E+04  0.366933E+04  0.000000E+00  0.000000E+00  0.131410E+00  0.364718E+04
  0.593437E+01  0.347999E+04  0.345981E+04  0.000000E+00  0.000000E+00  0.115939E+00  0.343893E+04
  0.613552E+01  0.328109E+04  0.326205E+04  0.000000E+00  0.000000E+00  0.102287E+00  0.324237E+04
  0.634348E+01  0.309339E+04  0.307543E+04  0.000000E+00  0.000000E+00  0.902340E-01  0.305688E+04
  0.655850E+01  0.291626E+04  0.289934E+04  0.000000E+00  0.000000E+00  0.795958E-01  0.288185E+04
  0.678080E+01  0.274915E+04  0.273318E+04  0.000000E+00  0.000000E+00  0.702105E-01  0.271670E+04
  0.701063E+01  0.259146E+04  0.257640E+04  0.000000E+00  0.000000E+00  0.619264E-01  0.256087E+04
  0.724826E+01  0.244268E+04  0.242849E+04  0.000000E+00  0.000000E+00  0.546148E-01  0.241385E+04
  0.749394E+01  0.230233E+04  0.228895E+04  0.000000E+00  0.000000E+00  0.481629E-01  0.227516E+04
  0.774795E+01  0.216994E+04  0.215732E+04  0.000000E+00  0.000000E+00  0.424727E-01  0.214432E+04
  0.801057E+01  0.204505E+04  0.203316E+04  0.000000E+00  0.000000E+00  0.374513E-01  0.202091E+04
  0.828209E+01  0.192725E+04  0.191604E+04  0.000000E+00  0.000000E+00  0.330233E-01  0.190450E+04
  0.856281E+01  0.181615E+04  0.180558E+04  0.000000E+00  0.000000E+00  0.291152E-01  0.179471E+04
  0.885305E+01  0.171138E+04  0.170141E+04  0.000000E+00  0.000000E+00  0.256697E-01  0.169117E+04
  0.915312E+01  0.161256E+04  0.160316E+04  0.000000E+00  0.000000E+00  0.226295E-01  0.159352E+04
  0.946337E+01  0.151938E+04  0.151052E+04  0.000000E+00  0.000000E+00  0.199497E-01  0.150144E+04
  0.978413E+01  0.143152E+04  0.142317E+04  0.000000E+00  0.000000E+00  0.175862E-01  0.141462E+04
  0.101158E+02  0.134868E+04  0.134080E+04  0.000000E+00  0.000000E+00  0.154998E-01  0.133275E+04
  0.104586E+02  0.127056E+04  0.126314E+04  0.000000E+00  0.000000E+00  0.136623E-01  0.125556E+04
  0.108131E+02  0.119693E+04  0.118993E+04  0.000000E+00  0.000000E+00  0.120411E-01  0.118279E+04
  0.111796E+02  0.112750E+04  0.112091E+04  0.000000E+00  0.000000E+00  0.106125E-01  0.111419E+04
  0.115586E+02  0.106206E+04  0.105584E+04  0.000000E+00  0.000000E+00  0.935223E-02  0.104951E+04
  0.119504E+02  0.100037E+04  0.994505E+03  0.000000E+00  0.000000E+00  0.824120E-02  0.988554E+03
  0.123554E+02  0.942223E+03  0.936694E+03  0.000000E+00  0.000000E+00  0.726242E-02  0.931093E+03
  0.127742E+02  0.887415E+03  0.882202E+03  0.000000E+00  0.000000E+00  0.639902E-02  0.876931E+03
  0.132072E+02  0.835762E+03  0.830847E+03  0.000000E+00  0.000000E+00  0.563756E-02  0.825888E+03
  0.136549E+02  0.787082E+03  0.782448E+03  0.000000E+00  0.000000E+00  0.496762E-02  0.777782E+03
  0.141177E+02  0.741206E+03  0.736836E+03  0.000000E+00  0.000000E+00  0.437666E-02  0.732447E+03
  0.145962E+02  0.697974E+03  0.693854E+03  0.000000E+00  0.000000E+00  0.385580E-02  0.689725E+03
  0.150909E+02  0.657239E+03  0.653353E+03  0.000000E+00  0.000000E+00  0.339652E-02  0.649470E+03
  0.156025E+02  0.618853E+03  0.615188E+03  0.000000E+00  0.000000E+00  0.299198E-02  0.611537E+03
  0.161313E+02  0.582689E+03  0.579232E+03  0.000000E+00  0.000000E+00  0.263594E-02  0.575799E+03
  0.166781E+02  0.548614E+03  0.545354E+03  0.000000E+00  0.000000E+00  0.232164E-02  0.542127E+03
  0.172434E+02  0.516511E+03  0.513436E+03  0.000000E+00  0.000000E+00  0.204495E-02  0.510403E+03
  0.178278E+02  0.486269E+03  0.483368E+03  0.000000E+00  0.000000E+00  0.180078E-02  0.480517E+03
  0.184321E+02  0.457779E+03  0.455042E+03  0.000000E+00  0.000000E+00  0.158621E-02  0.452363E+03
  0.190569E+02  0.430942E+03  0.428360E+03  0.000000E+00  0.000000E+00  0.139689E-02  0.425843E+03
  0.197028E+02  0.405663E+03  0.403226E+03  0.000000E+00  0.000000E+00  0.123045E-02  0.400862E+03
  0.203706E+02  0.381852E+03  0.379552E+03  0.000000E+00  0.000000E+00  0.108347E-02  0.377331E+03
  0.210611E+02  0.359425E+03  0.357254E+03  0.000000E+00  0.000000E+00  0.954020E-03  0.355169E+03
  0.217750E+02  0.338303E+03  0.336254E+03  0.000000E+00  0.000000E+00  0.840004E-03  0.334296E+03
  0.225131E+02  0.318411E+03  0.316476E+03  0.000000E+00  0.000000E+00  0.739644E-03  0.314638E+03
  0.232761E+02  0.299677E+03  0.297849E+03  0.000000E+00  0.000000E+00  0.651153E-03  0.296125E+03
  0.240651E+02  0.282035E+03  0.280309E+03  0.000000E+00  0.000000E+00  0.573341E-03  0.278692E+03
  0.248808E+02  0.265422E+03  0.263792E+03  0.000000E+00  0.000000E+00  0.504833E-03  0.262275E+03
  0.257241E+02  0.249779E+03  0.248238E+03  0.000000E+00  0.000000E+00  0.444404E-03  0.246816E+03
  0.265960E+02  0.235049E+03  0.233593E+03  0.000000E+00  0.000000E+00  0.391244E-03  0.232260E+03
  0.274975E+02  0.221180E+03  0.219803E+03  0.000000E+00  0.000000E+00  0.344454E-03  0.218554E+03
  0.284295E+02  0.208123E+03  0.206821E+03  0.000000E+00  0.000000E+00  0.303215E-03  0.205651E+03
  0.293932E+02  0.195828E+03  0.194597E+03  0.000000E+00  0.000000E+00  0.266795E-03  0.193501E+03
  0.303894E+02  0.184255E+03  0.183089E+03  0.000000E+00  0.000000E+00  0.234902E-03  0.182064E+03
  0.314195E+02  0.173358E+03  0.172256E+03  0.000000E+00  0.000000E+00  0.206764E-03  0.171296E+03
  0.324844E+02  0.163101E+03  0.162057E+03  0.000000E+00  0.000000E+00  0.182041E-03  0.161160E+03
  0.335855E+02  0.153445E+03  0.152456E+03  0.000000E+00  0.000000E+00  0.160220E-03  0.151618E+03
  0.347239E+02  0.144356E+03  0.143419E+03  0.000000E+00  0.000000E+00  0.140976E-03  0.142636E+03
  0.359009E+02  0.135801E+03  0.134913E+03  0.000000E+00  0.000000E+00  0.124112E-03  0.134181E+03
  0.371177E+02  0.127748E+03  0.126906E+03  0.000000E+00  0.000000E+00  0.109208E-03  0.126223E+03
  0.383758E+02  0.120169E+03  0.119370E+03  0.000000E+00  0.000000E+00  0.960938E-04  0.118734E+03
  0.396766E+02  0.113035E+03  0.112277E+03  0.000000E+00  0.000000E+00  0.845438E-04  0.111684E+03
  0.410214E+02  0.106322E+03  0.105602E+03  0.000000E+00  0.000000E+00  0.743868E-04  0.105050E+03
  0.424119E+02  0.100003E+03  0.993190E+02  0.000000E+00  0.000000E+00  0.654301E-04  0.988056E+02
  0.438494E+02  0.940571E+02  0.934067E+02  0.000000E+00  0.000000E+00  0.575994E-04  0.929296E+02
  0.453357E+02  0.884614E+02  0.878429E+02  0.000000E+00  0.000000E+00  0.506760E-04  0.873999E+02
  0.468724E+02  0.831959E+02  0.826072E+02  0.000000E+00  0.000000E+00  0.445727E-04  0.821964E+02
  0.484611E+02  0.782409E+02  0.776803E+02  0.000000E+00  0.000000E+00  0.392369E-04  0.772998E+02
  0.501037E+02  0.735787E+02  0.730444E+02  0.000000E+00  0.000000E+00  0.344902E-04  0.726924E+02
  0.518020E+02  0.691916E+02  0.686821E+02  0.000000E+00  0.000000E+00  0.303454E-04  0.683570E+02
  0.535578E+02  0.650639E+02  0.645778E+02  0.000000E+00  0.000000E+00  0.266850E-04  0.642780E+02
  0.553732E+02  0.611802E+02  0.607160E+02  0.000000E+00  0.000000E+00  0.234554E-04  0.604400E+02
  0.572501E+02  0.575263E+02  0.570826E+02  0.000000E+00  0.000000E+00  0.206639E-04  0.568290E+02
  0.591905E+02  0.540887E+02  0.536643E+02  0.000000E+00  0.000000E+00  0.181695E-04  0.534319E+02
  0.611968E+02  0.508545E+02  0.504483E+02  0.000000E+00  0.000000E+00  0.159797E-04  0.502358E+02
  0.632711E+02  0.478120E+02  0.474229E+02  0.000000E+00  0.000000E+00  0.140585E-04  0.472291E+02
  0.654157E+02  0.449498E+02  0.445767E+02  0.000000E+00  0.000000E+00  0.123513E-04  0.444006E+02
  0.676329E+02  0.422573E+02  0.418992E+02  0.000000E+00  0.000000E+00  0.108810E-04  0.417398E+02
  0.699254E+02  0.397245E+02  0.393806E+02  0.000000E+00  0.000000E+00  0.956331E-05  0.392368E+02
  0.722955E+02  0.373421E+02  0.370114E+02  0.000000E+00  0.000000E+00  0.840996E-05  0.368824E+02
  0.747460E+02  0.351011E+02  0.347828E+02  0.000000E+00  0.000000E+00  0.738280E-05  0.346677E+02
  0.772794E+02  0.329932E+02  0.326867E+02  0.000000E+00  0.000000E+00  0.650522E-05  0.325847E+02
  0.798989E+02  0.310106E+02  0.307150E+02  0.000000E+00  0.000000E+00  0.573381E-05  0.306254E+02
  0.826070E+02  0.291459E+02  0.288606E+02  0.000000E+00  0.000000E+00  0.502595E-05  0.287826E+02
  0.854070E+02  0.273921E+02  0.271164E+02  0.000000E+00  0.000000E+00  0.443752E-05  0.270494E+02
  0.883018E+02  0.257427E+02  0.254761E+02  0.000000E+00  0.000000E+00  0.386894E-05  0.254193E+02
  0.912949E+02  0.241914E+02  0.239333E+02  0.000000E+00  0.000000E+00  0.341517E-05  0.238862E+02
  0.943893E+02  0.227325E+02  0.224824E+02  0.000000E+00  0.000000E+00  0.300166E-05  0.224445E+02
  0.975888E+02  0.213605E+02  0.211179E+02  0.000000E+00  0.000000E+00  0.263606E-05  0.210886E+02
  0.100897E+03  0.200703E+02  0.198348E+02  0.000000E+00  0.000000E+00  0.231315E-05  0.198136E+02
  0.104316E+03  0.188571E+02  0.186282E+02  0.000000E+00  0.000000E+00  0.203640E-05  0.186146E+02
  0.107852E+03  0.177162E+02  0.174935E+02  0.000000E+00  0.000000E+00  0.179582E-05  0.174872E+02
  0.111508E+03  0.166434E+02  0.164265E+02  0.000000E+00  0.000000E+00  0.157913E-05  0.164269E+02
  0.115287E+03  0.156347E+02  0.154233E+02  0.000000E+00  0.000000E+00  0.138824E-05  0.154300E+02
  0.119195E+03  0.146862E+02  0.144799E+02  0.000000E+00  0.000000E+00  0.121960E-05  0.144927E+02
  0.123235E+03  0.137944E+02  0.135929E+02  0.000000E+00  0.000000E+00  0.107039E-05  0.136114E+02
  0.127412E+03  0.129559E+02  0.127589E+02  0.000000E+00  0.000000E+00  0.938873E-06  0.127827E+02
  0.131731E+03  0.121675E+02  0.119748E+02  0.000000E+00  0.000000E+00  0.825438E-06  0.120036E+02
  0.136196E+03  0.114263E+02  0.112377E+02  0.000000E+00  0.000000E+00  0.725919E-06  0.112711E+02
  0.140812E+03  0.107295E+02  0.105446E+02  0.000000E+00  0.000000E+00  0.638083E-06  0.105824E+02
  0.145585E+03  0.100744E+02  0.989305E+01  0.000000E+00  0.000000E+00  0.559726E-06  0.993498E+01
  0.150520E+03  0.945850E+01  0.928055E+01  0.000000E+00  0.000000E+00  0.489778E-06  0.932636E+01
  0.155622E+03  0.887956E+01  0.870478E+01  0.000000E+00  0.000000E+00  0.429660E-06  0.875422E+01
  0.160897E+03  0.833530E+01  0.816353E+01  0.000000E+00  0.000000E+00  0.379106E-06  0.821636E+01
  0.166350E+03  0.782372E+01  0.765479E+01  0.000000E+00  0.000000E+00  0.330925E-06  0.771079E+01
  0.171989E+03  0.734284E+01  0.717661E+01  0.000000E+00  0.000000E+00  0.290083E-06  0.723558E+01
  0.177818E+03  0.689084E+01  0.672718E+01  0.000000E+00  0.000000E+00  0.254617E-06  0.678891E+01
  0.183845E+03  0.646598E+01  0.630476E+01  0.000000E+00  0.000000E+00  0.223964E-06  0.636905E+01
  0.190077E+03  0.606668E+01  0.590780E+01  0.000000E+00  0.000000E+00  0.196216E-06  0.597447E+01
  0.196519E+03  0.569141E+01  0.553476E+01  0.000000E+00  0.000000E+00  0.172934E-06  0.560363E+01
  0.203180E+03  0.533872E+01  0.518422E+01  0.000000E+00  0.000000E+00  0.153194E-06  0.525513E+01
