  0.106221E-04  0.150926E+07  0.150926E+07  0.201228E+07  0.201227E+07  0.152642E+07  0.150945E+07
  0.109822E-04  0.150926E+07  0.150926E+07  0.201227E+07  0.201227E+07  0.152642E+07  0.150945E+07
  0.113544E-04  0.150926E+07  0.150926E+07  0.201226E+07  0.201226E+07  0.152642E+07  0.150945E+07
  0.117393E-04  0.150926E+07  0.150926E+07  0.201226E+07  0.201226E+07  0.152642E+07  0.150945E+07
  0.121372E-04  0.150926E+07  0.150926E+07  0.201225E+07  0.201225E+07  0.152641E+07  0.150945E+07
  0.125486E-04  0.150926E+07  0.150926E+07  0.201225E+07  0.201224E+07  0.152641E+07  0.150945E+07
  0.129739E-04  0.150926E+07  0.150926E+07  0.201224E+07  0.201224E+07  0.152641E+07  0.150945E+07
  0.134136E-04  0.150926E+07  0.150926E+07  0.201223E+07  0.201223E+07  0.152641E+07  0.150945E+07
  0.138683E-04  0.150926E+07  0.150926E+07  0.201222E+07  0.201222E+07  0.152641E+07  0.150945E+07
  0.143384E-04  0.150926E+07  0.150926E+07  0.201221E+07  0.201221E+07  0.152641E+07  0.150945E+07
  0.148244E-04  0.150926E+07  0.150926E+07  0.201220E+07  0.201220E+07  0.152641E+07  0.150945E+07
  0.153268E-04  0.150926E+07  0.150926E+07  0.201219E+07  0.201219E+07  0.152640E+07  0.150945E+07
  0.158463E-04  0.150926E+07  0.150926E+07  0.201218E+07  0.201218E+07  0.152640E+07  0.150945E+07
  0.163835E-04  0.150926E+07  0.150926E+07  0.201217E+07  0.201216E+07  0.152640E+07  0.150945E+07
  0.169388E-04  0.150926E+07  0.150926E+07  0.201216E+07  0.201215E+07  0.152640E+07  0.150945E+07
  0.175129E-04  0.150926E+07  0.150926E+07  0.201214E+07  0.201214E+07  0.152639E+07  0.150945E+07
  0.181065E-04  0.150926E+07  0.150926E+07  0.201213E+07  0.201212E+07  0.152639E+07  0.150945E+07
  0.187202E-04  0.150926E+07  0.150926E+07  0.201211E+07  0.201211E+07  0.152639E+07  0.150945E+07
  0.193548E-04  0.150926E+07  0.150926E+07  0.201209E+07  0.201209E+07  0.152639E+07  0.150945E+07
  0.200108E-04  0.150926E+07  0.150926E+07  0.201208E+07  0.201207E+07  0.152638E+07  0.150945E+07
  0.206891E-04  0.150926E+07  0.150926E+07  0.201206E+07  0.201205E+07  0.152638E+07  0.150945E+07
  0.213903E-04  0.150926E+07  0.150926E+07  0.201204E+07  0.201203E+07  0.152638E+07  0.150945E+07
  0.221154E-04  0.150926E+07  0.150926E+07  0.201202E+07  0.201201E+07  0.152637E+07  0.150945E+07
  0.228650E-04  0.150926E+07  0.150926E+07  0.201199E+07  0.201198E+07  0.152637E+07  0.150945E+07
  0.236400E-04  0.150926E+07  0.150926E+07  0.201197E+07  0.201196E+07  0.152636E+07  0.150945E+07
  0.244412E-04  0.150926E+07  0.150926E+07  0.201194E+07  0.201193E+07  0.152636E+07  0.150945E+07
  0.252697E-04  0.150926E+07  0.150926E+07  0.201191E+07  0.201190E+07  0.152635E+07  0.150945E+07
  0.261262E-04  0.150926E+07  0.150926E+07  0.201188E+07  0.201187E+07  0.152635E+07  0.150945E+07
  0.270118E-04  0.150926E+07  0.150926E+07  0.201185E+07  0.201184E+07  0.152634E+07  0.150945E+07
  0.279273E-04  0.150926E+07  0.150926E+07  0.201181E+07  0.201180E+07  0.152634E+07  0.150945E+07
  0.288739E-04  0.150926E+07  0.150926E+07  0.201178E+07  0.201177E+07  0.152633E+07  0.150945E+07
  0.298526E-04  0.150926E+07  0.150926E+07  0.201174E+07  0.201172E+07  0.152632E+07  0.150945E+07
  0.308645E-04  0.150926E+07  0.150926E+07  0.201169E+07  0.201168E+07  0.152632E+07  0.150945E+07
  0.319106E-04  0.150926E+07  0.150926E+07  0.201165E+07  0.201163E+07  0.152631E+07  0.150945E+07
  0.329922E-04  0.150926E+07  0.150926E+07  0.201160E+07  0.201159E+07  0.152630E+07  0.150944E+07
  0.341105E-04  0.150926E+07  0.150926E+07  0.201155E+07  0.201153E+07  0.152629E+07  0.150944E+07
  0.352667E-04  0.150926E+07  0.150925E+07  0.201149E+07  0.201148E+07  0.152628E+07  0.150944E+07
  0.364621E-04  0.150925E+07  0.150925E+07  0.201143E+07  0.201142E+07  0.152627E+07  0.150944E+07
  0.376979E-04  0.150925E+07  0.150925E+07  0.201137E+07  0.201135E+07  0.152626E+07  0.150944E+07
  0.389757E-04  0.150925E+07  0.150925E+07  0.201130E+07  0.201128E+07  0.152625E+07  0.150944E+07
  0.402968E-04  0.150925E+07  0.150925E+07  0.201123E+07  0.201121E+07  0.152623E+07  0.150944E+07
  0.416627E-04  0.150925E+07  0.150925E+07  0.201115E+07  0.201113E+07  0.152622E+07  0.150944E+07
  0.430748E-04  0.150925E+07  0.150925E+07  0.201107E+07  0.201104E+07  0.152620E+07  0.150944E+07
  0.445349E-04  0.150925E+07  0.150925E+07  0.201098E+07  0.201095E+07  0.152619E+07  0.150944E+07
  0.460444E-04  0.150925E+07  0.150925E+07  0.201088E+07  0.201086E+07  0.152617E+07  0.150943E+07
  0.476050E-04  0.150925E+07  0.150925E+07  0.201078E+07  0.201075E+07  0.152615E+07  0.150943E+07
  0.492186E-04  0.150924E+07  0.150924E+07  0.201067E+07  0.201064E+07  0.152613E+07  0.150943E+07
  0.508869E-04  0.150924E+07  0.150924E+07  0.201056E+07  0.201052E+07  0.152611E+07  0.150943E+07
  0.526117E-04  0.150924E+07  0.150924E+07  0.201044E+07  0.201040E+07  0.152609E+07  0.150943E+07
  0.543950E-04  0.150924E+07  0.150924E+07  0.201030E+07  0.201026E+07  0.152607E+07  0.150943E+07
  0.562387E-04  0.150924E+07  0.150924E+07  0.201016E+07  0.201012E+07  0.152604E+07  0.150942E+07
  0.581449E-04  0.150924E+07  0.150924E+07  0.201001E+07  0.200997E+07  0.152602E+07  0.150942E+07
  0.601158E-04  0.150923E+07  0.150923E+07  0.200985E+07  0.200980E+07  0.152599E+07  0.150942E+07
  0.621534E-04  0.150923E+07  0.150923E+07  0.200968E+07  0.200963E+07  0.152596E+07  0.150942E+07
  0.642601E-04  0.150923E+07  0.150923E+07  0.200949E+07  0.200944E+07  0.152592E+07  0.150941E+07
  0.664382E-04  0.150923E+07  0.150923E+07  0.200929E+07  0.200924E+07  0.152589E+07  0.150941E+07
  0.686901E-04  0.150922E+07  0.150922E+07  0.200908E+07  0.200902E+07  0.152585E+07  0.150941E+07
  0.710184E-04  0.150922E+07  0.150922E+07  0.200886E+07  0.200879E+07  0.152581E+07  0.150940E+07
  0.734256E-04  0.150922E+07  0.150922E+07  0.200862E+07  0.200855E+07  0.152577E+07  0.150940E+07
  0.759143E-04  0.150922E+07  0.150921E+07  0.200836E+07  0.200828E+07  0.152572E+07  0.150940E+07
  0.784875E-04  0.150921E+07  0.150921E+07  0.200808E+07  0.200800E+07  0.152568E+07  0.150939E+07
  0.811478E-04  0.150921E+07  0.150921E+07  0.200779E+07  0.200770E+07  0.152562E+07  0.150939E+07
  0.838983E-04  0.150920E+07  0.150920E+07  0.200748E+07  0.200738E+07  0.152557E+07  0.150938E+07
  0.867421E-04  0.150920E+07  0.150920E+07  0.200714E+07  0.200704E+07  0.152551E+07  0.150938E+07
  0.896822E-04  0.150920E+07  0.150919E+07  0.200678E+07  0.200668E+07  0.152544E+07  0.150937E+07
  0.927220E-04  0.150919E+07  0.150919E+07  0.200640E+07  0.200629E+07  0.152538E+07  0.150937E+07
  0.958648E-04  0.150919E+07  0.150918E+07  0.200599E+07  0.200587E+07  0.152530E+07  0.150936E+07
  0.991141E-04  0.150918E+07  0.150918E+07  0.200555E+07  0.200542E+07  0.152522E+07  0.150936E+07
  0.102474E-03  0.150917E+07  0.150917E+07  0.200508E+07  0.200494E+07  0.152514E+07  0.150935E+07
  0.105947E-03  0.150917E+07  0.150917E+07  0.200458E+07  0.200443E+07  0.152505E+07  0.150934E+07
  0.109538E-03  0.150916E+07  0.150916E+07  0.200405E+07  0.200389E+07  0.152496E+07  0.150933E+07
  0.113251E-03  0.150915E+07  0.150915E+07  0.200347E+07  0.200331E+07  0.152486E+07  0.150933E+07
  0.117090E-03  0.150915E+07  0.150914E+07  0.200286E+07  0.200269E+07  0.152475E+07  0.150932E+07
  0.121058E-03  0.150914E+07  0.150914E+07  0.200221E+07  0.200202E+07  0.152463E+07  0.150931E+07
  0.125162E-03  0.150913E+07  0.150913E+07  0.200151E+07  0.200131E+07  0.152451E+07  0.150930E+07
  0.129404E-03  0.150912E+07  0.150912E+07  0.200077E+07  0.200055E+07  0.152437E+07  0.150929E+07
  0.133790E-03  0.150911E+07  0.150911E+07  0.199997E+07  0.199974E+07  0.152423E+07  0.150928E+07
  0.138325E-03  0.150910E+07  0.150910E+07  0.199912E+07  0.199887E+07  0.152408E+07  0.150926E+07
  0.143013E-03  0.150909E+07  0.150908E+07  0.199821E+07  0.199795E+07  0.152392E+07  0.150925E+07
  0.147861E-03  0.150907E+07  0.150907E+07  0.199724E+07  0.199696E+07  0.152375E+07  0.150924E+07
  0.152873E-03  0.150906E+07  0.150906E+07  0.199620E+07  0.199590E+07  0.152356E+07  0.150922E+07
  0.158054E-03  0.150905E+07  0.150904E+07  0.199509E+07  0.199477E+07  0.152336E+07  0.150920E+07
  0.163412E-03  0.150903E+07  0.150903E+07  0.199391E+07  0.199356E+07  0.152315E+07  0.150919E+07
  0.168950E-03  0.150902E+07  0.150901E+07  0.199264E+07  0.199227E+07  0.152293E+07  0.150917E+07
  0.174677E-03  0.150900E+07  0.150900E+07  0.199129E+07  0.199089E+07  0.152269E+07  0.150915E+07
  0.180598E-03  0.150898E+07  0.150898E+07  0.198984E+07  0.198942E+07  0.152243E+07  0.150913E+07
  0.186719E-03  0.150896E+07  0.150896E+07  0.198830E+07  0.198785E+07  0.152215E+07  0.150911E+07
  0.193048E-03  0.150894E+07  0.150894E+07  0.198665E+07  0.198617E+07  0.152186E+07  0.150908E+07
  0.199591E-03  0.150892E+07  0.150891E+07  0.198489E+07  0.198438E+07  0.152154E+07  0.150906E+07
  0.206357E-03  0.150889E+07  0.150889E+07  0.198301E+07  0.198246E+07  0.152121E+07  0.150903E+07
  0.213351E-03  0.150887E+07  0.150886E+07  0.198100E+07  0.198042E+07  0.152085E+07  0.150900E+07
  0.220583E-03  0.150884E+07  0.150883E+07  0.197886E+07  0.197823E+07  0.152047E+07  0.150897E+07
  0.228059E-03  0.150881E+07  0.150881E+07  0.197657E+07  0.197590E+07  0.152006E+07  0.150893E+07
  0.235789E-03  0.150878E+07  0.150877E+07  0.197412E+07  0.197341E+07  0.151962E+07  0.150890E+07
  0.243781E-03  0.150875E+07  0.150874E+07  0.197151E+07  0.197075E+07  0.151915E+07  0.150886E+07
  0.252044E-03  0.150871E+07  0.150870E+07  0.196872E+07  0.196791E+07  0.151865E+07  0.150882E+07
  0.260588E-03  0.150867E+07  0.150866E+07  0.196575E+07  0.196488E+07  0.151812E+07  0.150877E+07
  0.269420E-03  0.150863E+07  0.150862E+07  0.196257E+07  0.196165E+07  0.151755E+07  0.150873E+07
  0.278552E-03  0.150859E+07  0.150858E+07  0.195918E+07  0.195820E+07  0.151694E+07  0.150868E+07
  0.287994E-03  0.150854E+07  0.150853E+07  0.195556E+07  0.195451E+07  0.151629E+07  0.150862E+07
  0.297755E-03  0.150849E+07  0.150848E+07  0.195170E+07  0.195058E+07  0.151559E+07  0.150857E+07
  0.307848E-03  0.150844E+07  0.150843E+07  0.194759E+07  0.194639E+07  0.151485E+07  0.150851E+07
  0.318282E-03  0.150838E+07  0.150837E+07  0.194319E+07  0.194192E+07  0.151405E+07  0.150844E+07
  0.329071E-03  0.150832E+07  0.150831E+07  0.193851E+07  0.193715E+07  0.151321E+07  0.150837E+07
  0.340224E-03  0.150825E+07  0.150824E+07  0.193351E+07  0.193206E+07  0.151230E+07  0.150830E+07
  0.351756E-03  0.150818E+07  0.150817E+07  0.192818E+07  0.192664E+07  0.151134E+07  0.150822E+07
  0.363679E-03  0.150811E+07  0.150810E+07  0.192250E+07  0.192086E+07  0.151030E+07  0.150813E+07
  0.376006E-03  0.150803E+07  0.150802E+07  0.191644E+07  0.191469E+07  0.150920E+07  0.150804E+07
  0.388751E-03  0.150795E+07  0.150793E+07  0.190999E+07  0.190812E+07  0.150803E+07  0.150794E+07
  0.401928E-03  0.150786E+07  0.150784E+07  0.190311E+07  0.190113E+07  0.150677E+07  0.150784E+07
  0.415551E-03  0.150776E+07  0.150774E+07  0.189578E+07  0.189367E+07  0.150543E+07  0.150773E+07
  0.429636E-03  0.150766E+07  0.150764E+07  0.188798E+07  0.188574E+07  0.150400E+07  0.150761E+07
  0.444199E-03  0.150755E+07  0.150753E+07  0.187967E+07  0.187729E+07  0.150247E+07  0.150749E+07
  0.459255E-03  0.150743E+07  0.150741E+07  0.187083E+07  0.186829E+07  0.150085E+07  0.150735E+07
  0.474821E-03  0.150730E+07  0.150728E+07  0.186142E+07  0.185872E+07  0.149911E+07  0.150721E+07
  0.490915E-03  0.150717E+07  0.150714E+07  0.185141E+07  0.184855E+07  0.149726E+07  0.150705E+07
  0.507555E-03  0.150702E+07  0.150700E+07  0.184076E+07  0.183772E+07  0.149528E+07  0.150689E+07
  0.524759E-03  0.150687E+07  0.150684E+07  0.182944E+07  0.182622E+07  0.149317E+07  0.150671E+07
  0.542546E-03  0.150671E+07  0.150668E+07  0.181742E+07  0.181400E+07  0.149092E+07  0.150653E+07
  0.560935E-03  0.150653E+07  0.150650E+07  0.180464E+07  0.180102E+07  0.148852E+07  0.150633E+07
  0.579948E-03  0.150634E+07  0.150631E+07  0.179108E+07  0.178724E+07  0.148597E+07  0.150611E+07
  0.599606E-03  0.150615E+07  0.150611E+07  0.177668E+07  0.177262E+07  0.148325E+07  0.150589E+07
  0.619929E-03  0.150593E+07  0.150589E+07  0.176142E+07  0.175711E+07  0.148034E+07  0.150564E+07
  0.640942E-03  0.150571E+07  0.150566E+07  0.174523E+07  0.174068E+07  0.147725E+07  0.150538E+07
  0.662667E-03  0.150546E+07  0.150542E+07  0.172808E+07  0.172327E+07  0.147396E+07  0.150511E+07
  0.685128E-03  0.150520E+07  0.150516E+07  0.170992E+07  0.170484E+07  0.147046E+07  0.150481E+07
  0.708350E-03  0.150493E+07  0.150488E+07  0.169070E+07  0.168535E+07  0.146672E+07  0.150450E+07
  0.732360E-03  0.150463E+07  0.150458E+07  0.167038E+07  0.166474E+07  0.146275E+07  0.150416E+07
  0.757184E-03  0.150432E+07  0.150426E+07  0.164892E+07  0.164298E+07  0.145853E+07  0.150380E+07
  0.782848E-03  0.150398E+07  0.150392E+07  0.162625E+07  0.162001E+07  0.145404E+07  0.150342E+07
  0.809383E-03  0.150363E+07  0.150356E+07  0.160234E+07  0.159579E+07  0.144926E+07  0.150302E+07
  0.836817E-03  0.150325E+07  0.150317E+07  0.157715E+07  0.157027E+07  0.144418E+07  0.150258E+07
  0.865181E-03  0.150284E+07  0.150276E+07  0.155063E+07  0.154343E+07  0.143879E+07  0.150212E+07
  0.894507E-03  0.150241E+07  0.150232E+07  0.152274E+07  0.151521E+07  0.143306E+07  0.150163E+07
  0.924826E-03  0.150194E+07  0.150186E+07  0.149345E+07  0.148558E+07  0.142699E+07  0.150110E+07
  0.956173E-03  0.150145E+07  0.150136E+07  0.146272E+07  0.145452E+07  0.142054E+07  0.150054E+07
  0.988582E-03  0.150093E+07  0.150083E+07  0.143053E+07  0.142199E+07  0.141370E+07  0.149995E+07
  0.102209E-02  0.150037E+07  0.150026E+07  0.139685E+07  0.138799E+07  0.140646E+07  0.149931E+07
  0.105673E-02  0.149977E+07  0.149966E+07  0.136168E+07  0.135250E+07  0.139879E+07  0.149864E+07
  0.109255E-02  0.149914E+07  0.149902E+07  0.132501E+07  0.131551E+07  0.139067E+07  0.149792E+07
  0.112958E-02  0.149847E+07  0.149834E+07  0.128684E+07  0.127705E+07  0.138208E+07  0.149716E+07
  0.116787E-02  0.149775E+07  0.149761E+07  0.124720E+07  0.123712E+07  0.137301E+07  0.149635E+07
  0.120746E-02  0.149699E+07  0.149684E+07  0.120610E+07  0.119577E+07  0.136342E+07  0.149549E+07
  0.124838E-02  0.149618E+07  0.149602E+07  0.116360E+07  0.115304E+07  0.135330E+07  0.149457E+07
  0.129070E-02  0.149531E+07  0.149514E+07  0.111976E+07  0.110899E+07  0.134264E+07  0.149360E+07
  0.133445E-02  0.149440E+07  0.149422E+07  0.107464E+07  0.106371E+07  0.133141E+07  0.149257E+07
  0.137968E-02  0.149342E+07  0.149323E+07  0.102836E+07  0.101731E+07  0.131959E+07  0.149147E+07
  0.142644E-02  0.149239E+07  0.149218E+07  0.981021E+06  0.969895E+06  0.130717E+07  0.149031E+07
  0.147479E-02  0.149129E+07  0.149107E+07  0.932768E+06  0.921620E+06  0.129413E+07  0.148908E+07
  0.152478E-02  0.149013E+07  0.148989E+07  0.883765E+06  0.872650E+06  0.128045E+07  0.148777E+07
  0.157646E-02  0.148889E+07  0.148864E+07  0.834196E+06  0.823177E+06  0.126613E+07  0.148639E+07
  0.162990E-02  0.148758E+07  0.148731E+07  0.784271E+06  0.773413E+06  0.125116E+07  0.148493E+07
  0.168514E-02  0.148619E+07  0.148591E+07  0.734227E+06  0.723598E+06  0.123552E+07  0.148338E+07
  0.174226E-02  0.148473E+07  0.148442E+07  0.684321E+06  0.673990E+06  0.121922E+07  0.148174E+07
  0.180131E-02  0.148317E+07  0.148284E+07  0.634834E+06  0.624870E+06  0.120225E+07  0.148002E+07
  0.186237E-02  0.148153E+07  0.148118E+07  0.586065E+06  0.576536E+06  0.118463E+07  0.147819E+07
  0.192550E-02  0.147979E+07  0.147942E+07  0.538332E+06  0.529301E+06  0.116635E+07  0.147627E+07
  0.199076E-02  0.147795E+07  0.147755E+07  0.491960E+06  0.483484E+06  0.114744E+07  0.147424E+07
  0.205824E-02  0.147601E+07  0.147559E+07  0.447288E+06  0.439412E+06  0.112791E+07  0.147210E+07
  0.212800E-02  0.147397E+07  0.147351E+07  0.404646E+06  0.397404E+06  0.110779E+07  0.146985E+07
  0.220013E-02  0.147181E+07  0.147133E+07  0.364361E+06  0.357770E+06  0.108712E+07  0.146748E+07
  0.227470E-02  0.146954E+07  0.146902E+07  0.326737E+06  0.320795E+06  0.106593E+07  0.146500E+07
  0.235181E-02  0.146715E+07  0.146659E+07  0.292053E+06  0.286733E+06  0.104427E+07  0.146239E+07
  0.243152E-02  0.146463E+07  0.146404E+07  0.260543E+06  0.255795E+06  0.102220E+07  0.145965E+07
  0.251394E-02  0.146199E+07  0.146136E+07  0.232392E+06  0.228137E+06  0.999762E+06  0.145678E+07
  0.259915E-02  0.145921E+07  0.145854E+07  0.207718E+06  0.203849E+06  0.977039E+06  0.145378E+07
  0.268725E-02  0.145630E+07  0.145558E+07  0.186565E+06  0.182945E+06  0.954099E+06  0.145064E+07
  0.277833E-02  0.145324E+07  0.145247E+07  0.168888E+06  0.165357E+06  0.931022E+06  0.144735E+07
  0.287250E-02  0.145004E+07  0.144922E+07  0.154552E+06  0.150929E+06  0.907889E+06  0.144392E+07
  0.296987E-02  0.144669E+07  0.144582E+07  0.143325E+06  0.139412E+06  0.884788E+06  0.144035E+07
  0.307053E-02  0.144319E+07  0.144226E+07  0.134877E+06  0.130473E+06  0.861806E+06  0.143662E+07
  0.317461E-02  0.143953E+07  0.143853E+07  0.128789E+06  0.123703E+06  0.839032E+06  0.143274E+07
  0.328221E-02  0.143571E+07  0.143465E+07  0.124567E+06  0.118630E+06  0.816551E+06  0.142870E+07
  0.339346E-02  0.143173E+07  0.143059E+07  0.121659E+06  0.114743E+06  0.794445E+06  0.142450E+07
  0.350848E-02  0.142757E+07  0.142636E+07  0.119486E+06  0.111519E+06  0.772789E+06  0.142014E+07
  0.362740E-02  0.142325E+07  0.142195E+07  0.117471E+06  0.108457E+06  0.751647E+06  0.141562E+07
  0.375035E-02  0.141875E+07  0.141737E+07  0.115084E+06  0.105115E+06  0.731073E+06  0.141093E+07
  0.387747E-02  0.141407E+07  0.141259E+07  0.111877E+06  0.101143E+06  0.711108E+06  0.140606E+07
  0.400890E-02  0.140921E+07  0.140764E+07  0.107527E+06  0.963166E+05  0.691774E+06  0.140103E+07
  0.414478E-02  0.140416E+07  0.140248E+07  0.101870E+06  0.905618E+05  0.673079E+06  0.139581E+07
  0.428527E-02  0.139892E+07  0.139714E+07  0.949200E+05  0.839639E+05  0.655010E+06  0.139042E+07
  0.443052E-02  0.139350E+07  0.139159E+07  0.868805E+05  0.767620E+05  0.637540E+06  0.138483E+07
  0.458069E-02  0.138787E+07  0.138584E+07  0.781246E+05  0.693226E+05  0.620622E+06  0.137906E+07
  0.473596E-02  0.138205E+07  0.137988E+07  0.691594E+05  0.620926E+05  0.604198E+06  0.137310E+07
  0.489648E-02  0.137602E+07  0.137371E+07  0.605635E+05  0.555356E+05  0.588197E+06  0.136694E+07
  0.506245E-02  0.136979E+07  0.136733E+07  0.529071E+05  0.500566E+05  0.572543E+06  0.136058E+07
  0.523404E-02  0.136335E+07  0.136072E+07  0.466615E+05  0.459278E+05  0.557159E+06  0.135401E+07
  0.541145E-02  0.135669E+07  0.135390E+07  0.421136E+05  0.432278E+05  0.541970E+06  0.134724E+07
  0.559487E-02  0.134982E+07  0.134684E+07  0.393012E+05  0.418102E+05  0.526913E+06  0.134024E+07
  0.578451E-02  0.134273E+07  0.133956E+07  0.379862E+05  0.413131E+05  0.511937E+06  0.133303E+07
  0.598058E-02  0.133541E+07  0.133203E+07  0.000000E+00  0.000000E+00  0.497009E+06  0.132560E+07
  0.618329E-02  0.132787E+07  0.132427E+07  0.000000E+00  0.000000E+00  0.482116E+06  0.131793E+07
  0.639287E-02  0.132009E+07  0.131626E+07  0.000000E+00  0.000000E+00  0.467264E+06  0.131004E+07
  0.660956E-02  0.131208E+07  0.130800E+07  0.000000E+00  0.000000E+00  0.452478E+06  0.130191E+07
  0.683359E-02  0.130383E+07  0.129949E+07  0.000000E+00  0.000000E+00  0.437790E+06  0.129355E+07
  0.706522E-02  0.129534E+07  0.129071E+07  0.000000E+00  0.000000E+00  0.423244E+06  0.128494E+07
  0.730469E-02  0.128659E+07  0.128168E+07  0.000000E+00  0.000000E+00  0.408882E+06  0.127609E+07
  0.755228E-02  0.127760E+07  0.127237E+07  0.000000E+00  0.000000E+00  0.394739E+06  0.126699E+07
  0.780827E-02  0.126835E+07  0.126279E+07  0.000000E+00  0.000000E+00  0.380842E+06  0.125763E+07
  0.807293E-02  0.125885E+07  0.125293E+07  0.000000E+00  0.000000E+00  0.367205E+06  0.124802E+07
  0.834657E-02  0.124908E+07  0.124279E+07  0.000000E+00  0.000000E+00  0.353827E+06  0.123815E+07
  0.862947E-02  0.123904E+07  0.123235E+07  0.000000E+00  0.000000E+00  0.340703E+06  0.122801E+07
  0.892197E-02  0.122873E+07  0.122163E+07  0.000000E+00  0.000000E+00  0.327819E+06  0.121760E+07
  0.922438E-02  0.121814E+07  0.121060E+07  0.000000E+00  0.000000E+00  0.315166E+06  0.120692E+07
  0.953704E-02  0.120728E+07  0.119928E+07  0.000000E+00  0.000000E+00  0.302737E+06  0.119596E+07
  0.986030E-02  0.119613E+07  0.118764E+07  0.000000E+00  0.000000E+00  0.290531E+06  0.118472E+07
  0.101945E-01  0.118470E+07  0.117569E+07  0.000000E+00  0.000000E+00  0.278554E+06  0.117320E+07
  0.105401E-01  0.117298E+07  0.116342E+07  0.000000E+00  0.000000E+00  0.266814E+06  0.116139E+07
  0.108973E-01  0.116096E+07  0.115083E+07  0.000000E+00  0.000000E+00  0.255321E+06  0.114928E+07
  0.112667E-01  0.114865E+07  0.113791E+07  0.000000E+00  0.000000E+00  0.244084E+06  0.113687E+07
  0.116486E-01  0.113603E+07  0.112465E+07  0.000000E+00  0.000000E+00  0.233109E+06  0.112417E+07
  0.120434E-01  0.112311E+07  0.111106E+07  0.000000E+00  0.000000E+00  0.222405E+06  0.111116E+07
  0.124516E-01  0.110988E+07  0.109713E+07  0.000000E+00  0.000000E+00  0.211980E+06  0.109784E+07
  0.128737E-01  0.109633E+07  0.108286E+07  0.000000E+00  0.000000E+00  0.201848E+06  0.108422E+07
  0.133100E-01  0.108248E+07  0.106824E+07  0.000000E+00  0.000000E+00  0.192019E+06  0.107028E+07
  0.137612E-01  0.106831E+07  0.105326E+07  0.000000E+00  0.000000E+00  0.182505E+06  0.105602E+07
  0.142276E-01  0.105382E+07  0.103794E+07  0.000000E+00  0.000000E+00  0.173313E+06  0.104145E+07
  0.147098E-01  0.103901E+07  0.102225E+07  0.000000E+00  0.000000E+00  0.164445E+06  0.102656E+07
  0.152084E-01  0.102387E+07  0.100622E+07  0.000000E+00  0.000000E+00  0.155898E+06  0.101135E+07
  0.157239E-01  0.100842E+07  0.989827E+06  0.000000E+00  0.000000E+00  0.147664E+06  0.995824E+06
  0.162569E-01  0.992651E+06  0.973083E+06  0.000000E+00  0.000000E+00  0.139733E+06  0.979977E+06
  0.168079E-01  0.976561E+06  0.955989E+06  0.000000E+00  0.000000E+00  0.132090E+06  0.963813E+06
  0.173776E-01  0.960155E+06  0.938549E+06  0.000000E+00  0.000000E+00  0.124721E+06  0.947335E+06
  0.179666E-01  0.943438E+06  0.920769E+06  0.000000E+00  0.000000E+00  0.117615E+06  0.930546E+06
  0.185756E-01  0.926415E+06  0.902657E+06  0.000000E+00  0.000000E+00  0.110769E+06  0.913454E+06
  0.192052E-01  0.909092E+06  0.884224E+06  0.000000E+00  0.000000E+00  0.104189E+06  0.896065E+06
  0.198562E-01  0.891480E+06  0.865482E+06  0.000000E+00  0.000000E+00  0.978839E+05  0.878389E+06
  0.205292E-01  0.873588E+06  0.846446E+06  0.000000E+00  0.000000E+00  0.918633E+05  0.860438E+06
  0.212251E-01  0.855429E+06  0.827135E+06  0.000000E+00  0.000000E+00  0.861270E+05  0.842224E+06
  0.219445E-01  0.837020E+06  0.807571E+06  0.000000E+00  0.000000E+00  0.806618E+05  0.823765E+06
  0.226883E-01  0.818378E+06  0.787778E+06  0.000000E+00  0.000000E+00  0.754455E+05  0.805080E+06
  0.234573E-01  0.799525E+06  0.767786E+06  0.000000E+00  0.000000E+00  0.704598E+05  0.786190E+06
  0.242524E-01  0.780483E+06  0.747626E+06  0.000000E+00  0.000000E+00  0.657036E+05  0.767120E+06
  0.250745E-01  0.761282E+06  0.727338E+06  0.000000E+00  0.000000E+00  0.611926E+05  0.747899E+06
  0.259244E-01  0.741952E+06  0.706962E+06  0.000000E+00  0.000000E+00  0.569403E+05  0.728561E+06
  0.268031E-01  0.722527E+06  0.686545E+06  0.000000E+00  0.000000E+00  0.529367E+05  0.709141E+06
  0.277116E-01  0.703046E+06  0.666138E+06  0.000000E+00  0.000000E+00  0.491486E+05  0.689679E+06
  0.286509E-01  0.683551E+06  0.645797E+06  0.000000E+00  0.000000E+00  0.455518E+05  0.670218E+06
  0.296220E-01  0.664088E+06  0.625581E+06  0.000000E+00  0.000000E+00  0.421584E+05  0.650807E+06
  0.306260E-01  0.644707E+06  0.605556E+06  0.000000E+00  0.000000E+00  0.389926E+05  0.631498E+06
  0.316641E-01  0.625461E+06  0.585790E+06  0.000000E+00  0.000000E+00  0.360423E+05  0.612345E+06
  0.327374E-01  0.606406E+06  0.566355E+06  0.000000E+00  0.000000E+00  0.332661E+05  0.593407E+06
  0.338470E-01  0.590549E+06  0.550259E+06  0.000000E+00  0.000000E+00  0.260019E+05  0.577605E+06
  0.349942E-01  0.572149E+06  0.531799E+06  0.000000E+00  0.000000E+00  0.238741E+05  0.559374E+06
  0.361804E-01  0.554119E+06  0.513889E+06  0.000000E+00  0.000000E+00  0.219203E+05  0.541542E+06
  0.374067E-01  0.536348E+06  0.496431E+06  0.000000E+00  0.000000E+00  0.200903E+05  0.523999E+06
  0.386746E-01  0.518977E+06  0.479575E+06  0.000000E+00  0.000000E+00  0.184026E+05  0.506886E+06
  0.399855E-01  0.502142E+06  0.463464E+06  0.000000E+00  0.000000E+00  0.168777E+05  0.490342E+06
  0.413408E-01  0.485911E+06  0.448169E+06  0.000000E+00  0.000000E+00  0.154578E+05  0.474430E+06
  0.427421E-01  0.470340E+06  0.433744E+06  0.000000E+00  0.000000E+00  0.141386E+05  0.459207E+06
  0.441908E-01  0.453670E+06  0.418433E+06  0.000000E+00  0.000000E+00  0.148600E+05  0.442955E+06
  0.456886E-01  0.439470E+06  0.405780E+06  0.000000E+00  0.000000E+00  0.136677E+05  0.429156E+06
  0.472373E-01  0.425991E+06  0.394024E+06  0.000000E+00  0.000000E+00  0.125741E+05  0.416101E+06
  0.488384E-01  0.413213E+06  0.383120E+06  0.000000E+00  0.000000E+00  0.115688E+05  0.403766E+06
  0.504938E-01  0.401096E+06  0.372997E+06  0.000000E+00  0.000000E+00  0.106512E+05  0.392104E+06
  0.522053E-01  0.389591E+06  0.363568E+06  0.000000E+00  0.000000E+00  0.982070E+04  0.381063E+06
  0.539748E-01  0.379650E+06  0.355738E+06  0.000000E+00  0.000000E+00  0.824850E+04  0.371566E+06
  0.558043E-01  0.369165E+06  0.347356E+06  0.000000E+00  0.000000E+00  0.759194E+04  0.361540E+06
  0.576957E-01  0.359064E+06  0.339295E+06  0.000000E+00  0.000000E+00  0.697403E+04  0.351884E+06
  0.596514E-01  0.349261E+06  0.331414E+06  0.000000E+00  0.000000E+00  0.640880E+04  0.342503E+06
  0.616732E-01  0.339661E+06  0.323563E+06  0.000000E+00  0.000000E+00  0.588727E+04  0.333295E+06
  0.637637E-01  0.329461E+06  0.314891E+06  0.000000E+00  0.000000E+00  0.586982E+04  0.323462E+06
  0.659249E-01  0.319937E+06  0.306625E+06  0.000000E+00  0.000000E+00  0.539948E+04  0.314247E+06
  0.681595E-01  0.310290E+06  0.297934E+06  0.000000E+00  0.000000E+00  0.495031E+04  0.304861E+06
  0.704697E-01  0.300418E+06  0.288695E+06  0.000000E+00  0.000000E+00  0.453154E+04  0.295199E+06
  0.728583E-01  0.290448E+06  0.279029E+06  0.000000E+00  0.000000E+00  0.399091E+04  0.285383E+06
  0.753278E-01  0.279979E+06  0.268557E+06  0.000000E+00  0.000000E+00  0.362461E+04  0.275025E+06
  0.778811E-01  0.269218E+06  0.257521E+06  0.000000E+00  0.000000E+00  0.328949E+04  0.264334E+06
  0.805209E-01  0.258239E+06  0.246054E+06  0.000000E+00  0.000000E+00  0.297500E+04  0.253392E+06
  0.832502E-01  0.247152E+06  0.234345E+06  0.000000E+00  0.000000E+00  0.268503E+04  0.242320E+06
  0.860720E-01  0.236095E+06  0.222623E+06  0.000000E+00  0.000000E+00  0.241636E+04  0.231271E+06
  0.889894E-01  0.225223E+06  0.211146E+06  0.000000E+00  0.000000E+00  0.217228E+04  0.220416E+06
  0.920057E-01  0.214704E+06  0.200181E+06  0.000000E+00  0.000000E+00  0.195082E+04  0.209936E+06
  0.951242E-01  0.204720E+06  0.190001E+06  0.000000E+00  0.000000E+00  0.174932E+04  0.200027E+06
  0.983485E-01  0.195459E+06  0.180859E+06  0.000000E+00  0.000000E+00  0.157448E+04  0.190887E+06
  0.101682E+00  0.187082E+06  0.172949E+06  0.000000E+00  0.000000E+00  0.142000E+04  0.182678E+06
  0.105129E+00  0.179671E+06  0.166348E+06  0.000000E+00  0.000000E+00  0.128395E+04  0.175482E+06
  0.108692E+00  0.173190E+06  0.160966E+06  0.000000E+00  0.000000E+00  0.116550E+04  0.169254E+06
  0.112376E+00  0.167475E+06  0.156544E+06  0.000000E+00  0.000000E+00  0.106371E+04  0.163817E+06
  0.116185E+00  0.162273E+06  0.152701E+06  0.000000E+00  0.000000E+00  0.970647E+03  0.158898E+06
  0.120123E+00  0.157308E+06  0.149017E+06  0.000000E+00  0.000000E+00  0.886430E+03  0.154200E+06
  0.124195E+00  0.152328E+06  0.145100E+06  0.000000E+00  0.000000E+00  0.806712E+03  0.149452E+06
  0.128404E+00  0.147121E+06  0.140630E+06  0.000000E+00  0.000000E+00  0.734715E+03  0.144424E+06
  0.132756E+00  0.141523E+06  0.135390E+06  0.000000E+00  0.000000E+00  0.664288E+03  0.138946E+06
  0.137256E+00  0.135456E+06  0.129315E+06  0.000000E+00  0.000000E+00  0.598377E+03  0.132944E+06
  0.141909E+00  0.128985E+06  0.122557E+06  0.000000E+00  0.000000E+00  0.535216E+03  0.126496E+06
  0.146719E+00  0.122342E+06  0.115490E+06  0.000000E+00  0.000000E+00  0.476973E+03  0.119855E+06
  0.151692E+00  0.115855E+06  0.108619E+06  0.000000E+00  0.000000E+00  0.424115E+03  0.113375E+06
  0.156833E+00  0.109844E+06  0.102423E+06  0.000000E+00  0.000000E+00  0.377319E+03  0.107399E+06
  0.162149E+00  0.104530E+06  0.972295E+05  0.000000E+00  0.000000E+00  0.337387E+03  0.102163E+06
  0.167645E+00  0.100002E+06  0.931500E+05  0.000000E+00  0.000000E+00  0.303015E+03  0.977597E+05
  0.173328E+00  0.961993E+05  0.900455E+05  0.000000E+00  0.000000E+00  0.274379E+03  0.941152E+05
  0.179203E+00  0.928922E+05  0.875311E+05  0.000000E+00  0.000000E+00  0.249214E+03  0.909764E+05
  0.185277E+00  0.897265E+05  0.850685E+05  0.000000E+00  0.000000E+00  0.225919E+03  0.879625E+05
  0.191557E+00  0.863581E+05  0.821627E+05  0.000000E+00  0.000000E+00  0.204542E+03  0.847081E+05
  0.198050E+00  0.825985E+05  0.785642E+05  0.000000E+00  0.000000E+00  0.183802E+03  0.810167E+05
  0.204762E+00  0.784893E+05  0.743689E+05  0.000000E+00  0.000000E+00  0.163513E+03  0.769383E+05
  0.211703E+00  0.742758E+05  0.699705E+05  0.000000E+00  0.000000E+00  0.145209E+03  0.727402E+05
  0.218878E+00  0.702880E+05  0.658771E+05  0.000000E+00  0.000000E+00  0.128972E+03  0.687787E+05
  0.226297E+00  0.667863E+05  0.624750E+05  0.000000E+00  0.000000E+00  0.115003E+03  0.653321E+05
  0.233968E+00  0.638571E+05  0.598637E+05  0.000000E+00  0.000000E+00  0.103126E+03  0.624881E+05
  0.241898E+00  0.613535E+05  0.577931E+05  0.000000E+00  0.000000E+00  0.929829E+02  0.600841E+05
  0.250097E+00  0.589652E+05  0.557932E+05  0.000000E+00  0.000000E+00  0.840402E+02  0.577868E+05
  0.258574E+00  0.564363E+05  0.534860E+05  0.000000E+00  0.000000E+00  0.754176E+02  0.553227E+05
  0.267339E+00  0.536823E+05  0.507752E+05  0.000000E+00  0.000000E+00  0.672705E+02  0.526062E+05
  0.276400E+00  0.508388E+05  0.478955E+05  0.000000E+00  0.000000E+00  0.597018E+02  0.497880E+05
  0.285769E+00  0.481830E+05  0.452598E+05  0.000000E+00  0.000000E+00  0.530329E+02  0.471647E+05
  0.295455E+00  0.458756E+05  0.431009E+05  0.000000E+00  0.000000E+00  0.474126E+02  0.449075E+05
  0.305470E+00  0.438739E+05  0.413362E+05  0.000000E+00  0.000000E+00  0.424812E+02  0.429673E+05
  0.315823E+00  0.419804E+05  0.396603E+05  0.000000E+00  0.000000E+00  0.381560E+02  0.411309E+05
  0.326528E+00  0.400177E+05  0.378177E+05  0.000000E+00  0.000000E+00  0.340755E+02  0.392099E+05
  0.337596E+00  0.379816E+05  0.358218E+05  0.000000E+00  0.000000E+00  0.302967E+02  0.372029E+05
  0.349039E+00  0.360176E+05  0.339016E+05  0.000000E+00  0.000000E+00  0.269249E+02  0.352678E+05
  0.360869E+00  0.342556E+05  0.322451E+05  0.000000E+00  0.000000E+00  0.239896E+02  0.335428E+05
  0.373101E+00  0.326727E+05  0.308068E+05  0.000000E+00  0.000000E+00  0.214337E+02  0.320014E+05
  0.385748E+00  0.311408E+05  0.293940E+05  0.000000E+00  0.000000E+00  0.192060E+02  0.305062E+05
  0.398823E+00  0.295924E+05  0.279144E+05  0.000000E+00  0.000000E+00  0.170502E+02  0.289864E+05
  0.412341E+00  0.280799E+05  0.264567E+05  0.000000E+00  0.000000E+00  0.151524E+02  0.274997E+05
  0.426317E+00  0.266833E+05  0.251399E+05  0.000000E+00  0.000000E+00  0.134958E+02  0.261318E+05
  0.440767E+00  0.253961E+05  0.239479E+05  0.000000E+00  0.000000E+00  0.120511E+02  0.248746E+05
  0.455707E+00  0.241499E+05  0.227798E+05  0.000000E+00  0.000000E+00  0.107211E+02  0.236552E+05
  0.471153E+00  0.229274E+05  0.216149E+05  0.000000E+00  0.000000E+00  0.952556E+01  0.224557E+05
  0.487123E+00  0.217671E+05  0.205152E+05  0.000000E+00  0.000000E+00  0.848041E+01  0.213183E+05
  0.503634E+00  0.206850E+05  0.195023E+05  0.000000E+00  0.000000E+00  0.755138E+01  0.202597E+05
  0.520705E+00  0.196515E+05  0.185316E+05  0.000000E+00  0.000000E+00  0.671818E+01  0.192481E+05
  0.538354E+00  0.186524E+05  0.175852E+05  0.000000E+00  0.000000E+00  0.596254E+01  0.182688E+05
  0.556602E+00  0.177044E+05  0.166902E+05  0.000000E+00  0.000000E+00  0.530467E+01  0.173401E+05
  0.575468E+00  0.168097E+05  0.158495E+05  0.000000E+00  0.000000E+00  0.472198E+01  0.164642E+05
  0.594973E+00  0.159537E+05  0.150423E+05  0.000000E+00  0.000000E+00  0.419476E+01  0.156258E+05
  0.615140E+00  0.151361E+05  0.142702E+05  0.000000E+00  0.000000E+00  0.371592E+01  0.148248E+05
  0.635991E+00  0.143617E+05  0.135408E+05  0.000000E+00  0.000000E+00  0.331279E+01  0.140664E+05
  0.657547E+00  0.136247E+05  0.128463E+05  0.000000E+00  0.000000E+00  0.293581E+01  0.133447E+05
  0.679835E+00  0.129221E+05  0.121834E+05  0.000000E+00  0.000000E+00  0.260925E+01  0.126565E+05
  0.702878E+00  0.122552E+05  0.115548E+05  0.000000E+00  0.000000E+00  0.231337E+01  0.120033E+05
  0.726702E+00  0.116209E+05  0.109569E+05  0.000000E+00  0.000000E+00  0.205598E+01  0.113821E+05
  0.751334E+00  0.110176E+05  0.103880E+05  0.000000E+00  0.000000E+00  0.182654E+01  0.107911E+05
  0.776801E+00  0.104445E+05  0.984776E+04  0.000000E+00  0.000000E+00  0.162049E+01  0.102298E+05
  0.803130E+00  0.989974E+04  0.933411E+04  0.000000E+00  0.000000E+00  0.143711E+01  0.969625E+04
  0.830353E+00  0.938215E+04  0.884611E+04  0.000000E+00  0.000000E+00  0.127225E+01  0.918930E+04
  0.858497E+00  0.889054E+04  0.838263E+04  0.000000E+00  0.000000E+00  0.113110E+01  0.870779E+04
  0.887596E+00  0.842356E+04  0.794234E+04  0.000000E+00  0.000000E+00  0.100258E+01  0.825041E+04
  0.917681E+00  0.798020E+04  0.752434E+04  0.000000E+00  0.000000E+00  0.886666E+00  0.781618E+04
  0.948786E+00  0.755924E+04  0.712744E+04  0.000000E+00  0.000000E+00  0.786900E+00  0.740387E+04
  0.980945E+00  0.715964E+04  0.675069E+04  0.000000E+00  0.000000E+00  0.699203E+00  0.701249E+04
  0.101419E+01  0.678033E+04  0.639305E+04  0.000000E+00  0.000000E+00  0.620193E+00  0.664097E+04
  0.104857E+01  0.642032E+04  0.605363E+04  0.000000E+00  0.000000E+00  0.548423E+00  0.628837E+04
  0.108411E+01  0.607872E+04  0.573155E+04  0.000000E+00  0.000000E+00  0.485338E+00  0.595378E+04
  0.112086E+01  0.575463E+04  0.542598E+04  0.000000E+00  0.000000E+00  0.430417E+00  0.563636E+04
  0.115885E+01  0.544723E+04  0.513615E+04  0.000000E+00  0.000000E+00  0.382054E+00  0.533528E+04
  0.119813E+01  0.515570E+04  0.486127E+04  0.000000E+00  0.000000E+00  0.336749E+00  0.504974E+04
  0.123874E+01  0.487925E+04  0.460062E+04  0.000000E+00  0.000000E+00  0.299242E+00  0.477897E+04
  0.128073E+01  0.461711E+04  0.435346E+04  0.000000E+00  0.000000E+00  0.264710E+00  0.452222E+04
  0.132414E+01  0.436860E+04  0.411915E+04  0.000000E+00  0.000000E+00  0.235578E+00  0.427882E+04
  0.136902E+01  0.413304E+04  0.389704E+04  0.000000E+00  0.000000E+00  0.207425E+00  0.404810E+04
  0.141542E+01  0.390979E+04  0.368654E+04  0.000000E+00  0.000000E+00  0.183867E+00  0.382944E+04
  0.146340E+01  0.369821E+04  0.348705E+04  0.000000E+00  0.000000E+00  0.162376E+00  0.362221E+04
  0.151300E+01  0.349772E+04  0.329802E+04  0.000000E+00  0.000000E+00  0.144599E+00  0.342584E+04
  0.156428E+01  0.330778E+04  0.311892E+04  0.000000E+00  0.000000E+00  0.127411E+00  0.323980E+04
  0.161730E+01  0.312786E+04  0.294928E+04  0.000000E+00  0.000000E+00  0.112795E+00  0.306358E+04
  0.167212E+01  0.295745E+04  0.278861E+04  0.000000E+00  0.000000E+00  0.998113E-01  0.289668E+04
  0.172880E+01  0.279607E+04  0.263644E+04  0.000000E+00  0.000000E+00  0.885141E-01  0.273861E+04
  0.178740E+01  0.264325E+04  0.249235E+04  0.000000E+00  0.000000E+00  0.780770E-01  0.258893E+04
  0.184798E+01  0.249855E+04  0.235591E+04  0.000000E+00  0.000000E+00  0.689028E-01  0.244721E+04
  0.191062E+01  0.236156E+04  0.222675E+04  0.000000E+00  0.000000E+00  0.610939E-01  0.231304E+04
  0.197538E+01  0.223188E+04  0.210447E+04  0.000000E+00  0.000000E+00  0.542835E-01  0.218602E+04
  0.204234E+01  0.210913E+04  0.198873E+04  0.000000E+00  0.000000E+00  0.478919E-01  0.206579E+04
  0.211156E+01  0.199297E+04  0.187921E+04  0.000000E+00  0.000000E+00  0.423843E-01  0.195202E+04
  0.218313E+01  0.188306E+04  0.177556E+04  0.000000E+00  0.000000E+00  0.373785E-01  0.184436E+04
  0.225713E+01  0.177905E+04  0.167750E+04  0.000000E+00  0.000000E+00  0.330672E-01  0.174249E+04
  0.233364E+01  0.168066E+04  0.158472E+04  0.000000E+00  0.000000E+00  0.292500E-01  0.164612E+04
  0.241274E+01  0.158757E+04  0.149695E+04  0.000000E+00  0.000000E+00  0.259871E-01  0.155495E+04
  0.249452E+01  0.149952E+04  0.141392E+04  0.000000E+00  0.000000E+00  0.229225E-01  0.146870E+04
  0.257907E+01  0.141623E+04  0.133539E+04  0.000000E+00  0.000000E+00  0.201341E-01  0.138713E+04
  0.266649E+01  0.133748E+04  0.126113E+04  0.000000E+00  0.000000E+00  0.177451E-01  0.130999E+04
  0.275687E+01  0.126300E+04  0.119091E+04  0.000000E+00  0.000000E+00  0.157558E-01  0.123705E+04
  0.285031E+01  0.119259E+04  0.112452E+04  0.000000E+00  0.000000E+00  0.139236E-01  0.116808E+04
  0.294692E+01  0.112602E+04  0.106174E+04  0.000000E+00  0.000000E+00  0.122855E-01  0.110288E+04
  0.304681E+01  0.106308E+04  0.100240E+04  0.000000E+00  0.000000E+00  0.109061E-01  0.104123E+04
  0.315008E+01  0.100359E+04  0.946300E+03  0.000000E+00  0.000000E+00  0.950129E-02  0.982964E+03
  0.325685E+01  0.947353E+03  0.893277E+03  0.000000E+00  0.000000E+00  0.845486E-02  0.927887E+03
  0.336724E+01  0.894212E+03  0.843169E+03  0.000000E+00  0.000000E+00  0.746491E-02  0.875838E+03
  0.348138E+01  0.843994E+03  0.795817E+03  0.000000E+00  0.000000E+00  0.657844E-02  0.826651E+03
  0.359938E+01  0.796541E+03  0.751073E+03  0.000000E+00  0.000000E+00  0.586067E-02  0.780174E+03
  0.372138E+01  0.751703E+03  0.708793E+03  0.000000E+00  0.000000E+00  0.511486E-02  0.736257E+03
  0.384752E+01  0.709341E+03  0.668849E+03  0.000000E+00  0.000000E+00  0.453217E-02  0.694765E+03
  0.397793E+01  0.669322E+03  0.631114E+03  0.000000E+00  0.000000E+00  0.402115E-02  0.655569E+03
  0.411276E+01  0.631523E+03  0.595472E+03  0.000000E+00  0.000000E+00  0.351749E-02  0.618546E+03
  0.425217E+01  0.595819E+03  0.561805E+03  0.000000E+00  0.000000E+00  0.317057E-02  0.583576E+03
  0.439629E+01  0.562098E+03  0.530009E+03  0.000000E+00  0.000000E+00  0.274831E-02  0.550547E+03
  0.454531E+01  0.530250E+03  0.499978E+03  0.000000E+00  0.000000E+00  0.243995E-02  0.519354E+03
  0.469937E+01  0.500177E+03  0.471620E+03  0.000000E+00  0.000000E+00  0.214020E-02  0.489898E+03
  0.485865E+01  0.471782E+03  0.444845E+03  0.000000E+00  0.000000E+00  0.190705E-02  0.462086E+03
  0.502334E+01  0.444972E+03  0.419565E+03  0.000000E+00  0.000000E+00  0.166223E-02  0.435827E+03
  0.519360E+01  0.419660E+03  0.395698E+03  0.000000E+00  0.000000E+00  0.148584E-02  0.411036E+03
  0.536965E+01  0.395764E+03  0.373165E+03  0.000000E+00  0.000000E+00  0.129897E-02  0.387630E+03
  0.555165E+01  0.373208E+03  0.351895E+03  0.000000E+00  0.000000E+00  0.114512E-02  0.365537E+03
  0.573982E+01  0.351917E+03  0.331820E+03  0.000000E+00  0.000000E+00  0.102267E-02  0.344684E+03
  0.593437E+01  0.331823E+03  0.312872E+03  0.000000E+00  0.000000E+00  0.896950E-03  0.325003E+03
  0.613552E+01  0.312857E+03  0.294988E+03  0.000000E+00  0.000000E+00  0.797490E-03  0.306427E+03
  0.634348E+01  0.294960E+03  0.278112E+03  0.000000E+00  0.000000E+00  0.682927E-03  0.288897E+03
  0.655850E+01  0.278071E+03  0.262186E+03  0.000000E+00  0.000000E+00  0.610648E-03  0.272355E+03
  0.678080E+01  0.262136E+03  0.247161E+03  0.000000E+00  0.000000E+00  0.542463E-03  0.256748E+03
  0.701063E+01  0.247101E+03  0.232982E+03  0.000000E+00  0.000000E+00  0.481575E-03  0.242021E+03
  0.724826E+01  0.232915E+03  0.219606E+03  0.000000E+00  0.000000E+00  0.421806E-03  0.228127E+03
  0.749394E+01  0.219533E+03  0.206987E+03  0.000000E+00  0.000000E+00  0.375648E-03  0.215019E+03
  0.774795E+01  0.206909E+03  0.195083E+03  0.000000E+00  0.000000E+00  0.322637E-03  0.202655E+03
  0.801057E+01  0.195001E+03  0.183854E+03  0.000000E+00  0.000000E+00  0.283729E-03  0.190991E+03
  0.828209E+01  0.183768E+03  0.173263E+03  0.000000E+00  0.000000E+00  0.256060E-03  0.179990E+03
  0.856281E+01  0.173175E+03  0.163274E+03  0.000000E+00  0.000000E+00  0.223681E-03  0.169614E+03
  0.885305E+01  0.163185E+03  0.153853E+03  0.000000E+00  0.000000E+00  0.197157E-03  0.159829E+03
  0.915312E+01  0.153763E+03  0.144968E+03  0.000000E+00  0.000000E+00  0.177065E-03  0.150600E+03
  0.946337E+01  0.144878E+03  0.136590E+03  0.000000E+00  0.000000E+00  0.153353E-03  0.141898E+03
  0.978413E+01  0.136501E+03  0.128690E+03  0.000000E+00  0.000000E+00  0.135976E-03  0.133693E+03
  0.101158E+02  0.128601E+03  0.121241E+03  0.000000E+00  0.000000E+00  0.120034E-03  0.125955E+03
  0.104586E+02  0.121153E+03  0.114218E+03  0.000000E+00  0.000000E+00  0.103349E-03  0.118661E+03
  0.108131E+02  0.114132E+03  0.107597E+03  0.000000E+00  0.000000E+00  0.940483E-04  0.111783E+03
  0.111796E+02  0.107513E+03  0.101355E+03  0.000000E+00  0.000000E+00  0.830482E-04  0.105300E+03
  0.115586E+02  0.101272E+03  0.954706E+02  0.000000E+00  0.000000E+00  0.725605E-04  0.991877E+02
  0.119504E+02  0.953902E+02  0.899240E+02  0.000000E+00  0.000000E+00  0.640470E-04  0.934266E+02
  0.123554E+02  0.898459E+02  0.846958E+02  0.000000E+00  0.000000E+00  0.547371E-04  0.879962E+02
  0.127742E+02  0.846200E+02  0.797677E+02  0.000000E+00  0.000000E+00  0.495164E-04  0.828775E+02
  0.132072E+02  0.796949E+02  0.751234E+02  0.000000E+00  0.000000E+00  0.430587E-04  0.780536E+02
  0.136549E+02  0.750533E+02  0.707464E+02  0.000000E+00  0.000000E+00  0.384524E-04  0.735073E+02
  0.141177E+02  0.706790E+02  0.666214E+02  0.000000E+00  0.000000E+00  0.334064E-04  0.692228E+02
  0.145962E+02  0.665569E+02  0.627342E+02  0.000000E+00  0.000000E+00  0.307464E-04  0.651854E+02
  0.150909E+02  0.626728E+02  0.590715E+02  0.000000E+00  0.000000E+00  0.271293E-04  0.613810E+02
  0.156025E+02  0.590127E+02  0.556200E+02  0.000000E+00  0.000000E+00  0.229785E-04  0.577961E+02
  0.161313E+02  0.555644E+02  0.523682E+02  0.000000E+00  0.000000E+00  0.200943E-04  0.544186E+02
  0.166781E+02  0.523154E+02  0.493044E+02  0.000000E+00  0.000000E+00  0.178501E-04  0.512363E+02
  0.172434E+02  0.492545E+02  0.464178E+02  0.000000E+00  0.000000E+00  0.148556E-04  0.482382E+02
  0.178278E+02  0.463709E+02  0.436985E+02  0.000000E+00  0.000000E+00  0.137947E-04  0.454138E+02
  0.184321E+02  0.436544E+02  0.411368E+02  0.000000E+00  0.000000E+00  0.126388E-04  0.427531E+02
  0.190569E+02  0.410955E+02  0.387236E+02  0.000000E+00  0.000000E+00  0.112428E-04  0.402467E+02
  0.197028E+02  0.386852E+02  0.364506E+02  0.000000E+00  0.000000E+00  0.967877E-05  0.378859E+02
  0.203706E+02  0.364148E+02  0.343095E+02  0.000000E+00  0.000000E+00  0.789037E-05  0.356621E+02
  0.210611E+02  0.342765E+02  0.322930E+02  0.000000E+00  0.000000E+00  0.718937E-05  0.335677E+02
  0.217750E+02  0.322625E+02  0.303937E+02  0.000000E+00  0.000000E+00  0.639390E-05  0.315950E+02
  0.225131E+02  0.303658E+02  0.286050E+02  0.000000E+00  0.000000E+00  0.597030E-05  0.297372E+02
  0.232761E+02  0.285795E+02  0.269204E+02  0.000000E+00  0.000000E+00  0.483917E-05  0.279876E+02
  0.240651E+02  0.268974E+02  0.253340E+02  0.000000E+00  0.000000E+00  0.474228E-05  0.263400E+02
  0.248808E+02  0.253134E+02  0.238402E+02  0.000000E+00  0.000000E+00  0.453205E-05  0.247885E+02
  0.257241E+02  0.238218E+02  0.224335E+02  0.000000E+00  0.000000E+00  0.308478E-05  0.233276E+02
  0.265960E+02  0.224174E+02  0.211090E+02  0.000000E+00  0.000000E+00  0.318029E-05  0.219520E+02
  0.274975E+02  0.210950E+02  0.198618E+02  0.000000E+00  0.000000E+00  0.296570E-05  0.206567E+02
  0.284295E+02  0.198500E+02  0.186877E+02  0.000000E+00  0.000000E+00  0.218096E-05  0.194372E+02
  0.293932E+02  0.186778E+02  0.175821E+02  0.000000E+00  0.000000E+00  0.227185E-05  0.182891E+02
  0.303894E+02  0.175742E+02  0.165413E+02  0.000000E+00  0.000000E+00  0.174746E-05  0.172082E+02
  0.314195E+02  0.165353E+02  0.155615E+02  0.000000E+00  0.000000E+00  0.159397E-05  0.161905E+02
  0.324844E+02  0.155573E+02  0.146391E+02  0.000000E+00  0.000000E+00  0.123902E-05  0.152326E+02
  0.335855E+02  0.146367E+02  0.137708E+02  0.000000E+00  0.000000E+00  0.112298E-05  0.143308E+02
  0.347239E+02  0.137700E+02  0.129534E+02  0.000000E+00  0.000000E+00  0.110660E-05  0.134820E+02
  0.359009E+02  0.129543E+02  0.121840E+02  0.000000E+00  0.000000E+00  0.947563E-06  0.126830E+02
  0.371177E+02  0.121865E+02  0.114598E+02  0.000000E+00  0.000000E+00  0.114244E-05  0.119309E+02
  0.383758E+02  0.114638E+02  0.107782E+02  0.000000E+00  0.000000E+00  0.799085E-06  0.112231E+02
  0.396766E+02  0.107837E+02  0.101366E+02  0.000000E+00  0.000000E+00  0.638560E-06  0.105568E+02
  0.410214E+02  0.101436E+02  0.953286E+01  0.000000E+00  0.000000E+00  0.613713E-06  0.992986E+01
  0.424119E+02  0.954114E+01  0.896461E+01  0.000000E+00  0.000000E+00  0.618544E-06  0.933977E+01
  0.438494E+02  0.897421E+01  0.842983E+01  0.000000E+00  0.000000E+00  0.475274E-06  0.878446E+01
  0.453357E+02  0.844070E+01  0.792657E+01  0.000000E+00  0.000000E+00  0.431105E-06  0.826187E+01
  0.468724E+02  0.793865E+01  0.745299E+01  0.000000E+00  0.000000E+00  0.321819E-06  0.777011E+01
  0.484611E+02  0.746623E+01  0.700733E+01  0.000000E+00  0.000000E+00  0.370613E-06  0.730736E+01
  0.501037E+02  0.702171E+01  0.658799E+01  0.000000E+00  0.000000E+00  0.336102E-06  0.687194E+01
  0.518020E+02  0.660343E+01  0.619340E+01  0.000000E+00  0.000000E+00  0.264588E-06  0.646223E+01
  0.535578E+02  0.620989E+01  0.582213E+01  0.000000E+00  0.000000E+00  0.177903E-06  0.607674E+01
  0.553732E+02  0.583961E+01  0.547280E+01  0.000000E+00  0.000000E+00  0.178969E-06  0.571404E+01
  0.572501E+02  0.549123E+01  0.514412E+01  0.000000E+00  0.000000E+00  0.792048E-07  0.537279E+01
  0.591905E+02  0.516348E+01  0.483490E+01  0.000000E+00  0.000000E+00  0.104577E-06  0.505174E+01
  0.611968E+02  0.485513E+01  0.454397E+01  0.000000E+00  0.000000E+00  0.199190E-06  0.474970E+01
  0.632711E+02  0.456506E+01  0.427028E+01  0.000000E+00  0.000000E+00  0.794649E-07  0.446556E+01
  0.654157E+02  0.429217E+01  0.401279E+01  0.000000E+00  0.000000E+00  0.548806E-07  0.419825E+01
  0.676329E+02  0.403548E+01  0.377058E+01  0.000000E+00  0.000000E+00  0.982489E-07  0.394680E+01
  0.699254E+02  0.379400E+01  0.354271E+01  0.000000E+00  0.000000E+00  0.157377E-06  0.371026E+01
  0.722955E+02  0.356687E+01  0.332837E+01  0.000000E+00  0.000000E+00  0.737660E-07  0.348776E+01
  0.747460E+02  0.335321E+01  0.312675E+01  0.000000E+00  0.000000E+00  0.349326E-07  0.327847E+01
  0.772794E+02  0.315225E+01  0.293710E+01  0.000000E+00  0.000000E+00  0.358904E-07  0.308161E+01
  0.798989E+02  0.296324E+01  0.275871E+01  0.000000E+00  0.000000E+00  0.192056E-07  0.289645E+01
  0.826070E+02  0.278546E+01  0.259093E+01  0.000000E+00  0.000000E+00  0.769744E-07  0.272231E+01
  0.854070E+02  0.261826E+01  0.243312E+01  0.000000E+00  0.000000E+00  0.470288E-07  0.255851E+01
  0.883018E+02  0.246101E+01  0.228469E+01  0.000000E+00  0.000000E+00 -0.394101E-09  0.240447E+01
  0.912949E+02  0.231312E+01  0.214509E+01  0.000000E+00  0.000000E+00  0.637565E-07  0.225959E+01
  0.943893E+02  0.217404E+01  0.201381E+01  0.000000E+00  0.000000E+00 -0.758410E-08  0.212335E+01
  0.975888E+02  0.204325E+01  0.189034E+01  0.000000E+00  0.000000E+00  0.180837E-07  0.199522E+01
  0.100897E+03  0.192025E+01  0.177423E+01  0.000000E+00  0.000000E+00 -0.718123E-08  0.187473E+01
  0.104316E+03  0.180459E+01  0.166504E+01  0.000000E+00  0.000000E+00 -0.225905E-07  0.176142E+01
  0.107852E+03  0.169583E+01  0.156236E+01  0.000000E+00  0.000000E+00  0.201775E-07  0.165487E+01
  0.111508E+03  0.159356E+01  0.146580E+01  0.000000E+00  0.000000E+00  0.222552E-08  0.155468E+01
  0.115287E+03  0.149740E+01  0.137501E+01  0.000000E+00  0.000000E+00  0.397961E-07  0.146048E+01
  0.119195E+03  0.140698E+01  0.128964E+01  0.000000E+00  0.000000E+00 -0.807235E-08  0.137190E+01
  0.123235E+03  0.132196E+01  0.120936E+01  0.000000E+00  0.000000E+00  0.277032E-08  0.128861E+01
  0.127412E+03  0.124202E+01  0.113389E+01  0.000000E+00  0.000000E+00 -0.557477E-08  0.121030E+01
  0.131731E+03  0.116687E+01  0.106293E+01  0.000000E+00  0.000000E+00  0.104193E-07  0.113667E+01
  0.136196E+03  0.109621E+01  0.996212E+00  0.000000E+00  0.000000E+00  0.146361E-07  0.106745E+01
  0.140812E+03  0.102978E+01  0.933492E+00  0.000000E+00  0.000000E+00  0.106988E-07  0.100237E+01
  0.145585E+03  0.967330E+00  0.874526E+00  0.000000E+00  0.000000E+00  0.191981E-08  0.941190E+00
  0.150520E+03  0.908619E+00  0.819099E+00  0.000000E+00  0.000000E+00 -0.797062E-08  0.883674E+00
  0.155622E+03  0.853426E+00  0.766997E+00  0.000000E+00  0.000000E+00  0.928811E-09  0.829606E+00
  0.160897E+03  0.801539E+00  0.718020E+00  0.000000E+00  0.000000E+00  0.406100E-08  0.778776E+00
  0.166350E+03  0.752766E+00  0.671990E+00  0.000000E+00  0.000000E+00  0.693969E-09  0.730998E+00
  0.171989E+03  0.706920E+00  0.628728E+00  0.000000E+00  0.000000E+00  0.236897E-09  0.686088E+00
  0.177818E+03  0.663825E+00  0.588071E+00  0.000000E+00  0.000000E+00  0.494627E-08  0.643875E+00
  0.183845E+03  0.623315E+00  0.549863E+00  0.000000E+00  0.000000E+00  0.836485E-08  0.604196E+00
  0.190077E+03  0.585240E+00  0.513963E+00  0.000000E+00  0.000000E+00  0.238157E-08  0.566904E+00
  0.196519E+03  0.549454E+00  0.480234E+00  0.000000E+00  0.000000E+00  0.242336E-08  0.531856E+00
  0.203180E+03  0.515820E+00  0.448546E+00  0.000000E+00  0.000000E+00  0.919485E-08  0.498917E+00
