  0.106221E-04  0.204057E+07  0.204057E+07  0.272061E+07  0.272061E+07  0.205300E+07  0.204070E+07
  0.109822E-04  0.204057E+07  0.204057E+07  0.272060E+07  0.272060E+07  0.205300E+07  0.204070E+07
  0.113544E-04  0.204056E+07  0.204056E+07  0.272059E+07  0.272059E+07  0.205300E+07  0.204070E+07
  0.117393E-04  0.204056E+07  0.204056E+07  0.272058E+07  0.272058E+07  0.205299E+07  0.204070E+07
  0.121372E-04  0.204056E+07  0.204056E+07  0.272057E+07  0.272056E+07  0.205299E+07  0.204070E+07
  0.125486E-04  0.204056E+07  0.204056E+07  0.272055E+07  0.272055E+07  0.205299E+07  0.204070E+07
  0.129739E-04  0.204056E+07  0.204056E+07  0.272054E+07  0.272054E+07  0.205299E+07  0.204070E+07
  0.134136E-04  0.204056E+07  0.204056E+07  0.272052E+07  0.272052E+07  0.205299E+07  0.204070E+07
  0.138683E-04  0.204056E+07  0.204056E+07  0.272051E+07  0.272050E+07  0.205298E+07  0.204070E+07
  0.143384E-04  0.204056E+07  0.204056E+07  0.272049E+07  0.272049E+07  0.205298E+07  0.204070E+07
  0.148244E-04  0.204056E+07  0.204056E+07  0.272047E+07  0.272047E+07  0.205298E+07  0.204070E+07
  0.153268E-04  0.204056E+07  0.204056E+07  0.272045E+07  0.272045E+07  0.205298E+07  0.204070E+07
  0.158463E-04  0.204056E+07  0.204056E+07  0.272043E+07  0.272043E+07  0.205298E+07  0.204070E+07
  0.163835E-04  0.204056E+07  0.204056E+07  0.272041E+07  0.272041E+07  0.205297E+07  0.204070E+07
  0.169388E-04  0.204056E+07  0.204056E+07  0.272039E+07  0.272038E+07  0.205297E+07  0.204070E+07
  0.175129E-04  0.204056E+07  0.204056E+07  0.272036E+07  0.272036E+07  0.205297E+07  0.204070E+07
  0.181065E-04  0.204056E+07  0.204056E+07  0.272033E+07  0.272033E+07  0.205296E+07  0.204070E+07
  0.187202E-04  0.204056E+07  0.204056E+07  0.272030E+07  0.272030E+07  0.205296E+07  0.204070E+07
  0.193548E-04  0.204056E+07  0.204056E+07  0.272027E+07  0.272027E+07  0.205296E+07  0.204070E+07
  0.200108E-04  0.204056E+07  0.204056E+07  0.272024E+07  0.272023E+07  0.205295E+07  0.204070E+07
  0.206891E-04  0.204056E+07  0.204056E+07  0.272020E+07  0.272020E+07  0.205295E+07  0.204070E+07
  0.213903E-04  0.204056E+07  0.204056E+07  0.272017E+07  0.272016E+07  0.205294E+07  0.204070E+07
  0.221154E-04  0.204056E+07  0.204056E+07  0.272013E+07  0.272012E+07  0.205294E+07  0.204070E+07
  0.228650E-04  0.204056E+07  0.204056E+07  0.272008E+07  0.272007E+07  0.205293E+07  0.204070E+07
  0.236400E-04  0.204056E+07  0.204056E+07  0.272004E+07  0.272003E+07  0.205293E+07  0.204069E+07
  0.244412E-04  0.204056E+07  0.204056E+07  0.271999E+07  0.271998E+07  0.205292E+07  0.204069E+07
  0.252697E-04  0.204056E+07  0.204056E+07  0.271993E+07  0.271992E+07  0.205291E+07  0.204069E+07
  0.261262E-04  0.204056E+07  0.204056E+07  0.271988E+07  0.271986E+07  0.205291E+07  0.204069E+07
  0.270118E-04  0.204056E+07  0.204056E+07  0.271982E+07  0.271980E+07  0.205290E+07  0.204069E+07
  0.279273E-04  0.204056E+07  0.204056E+07  0.271975E+07  0.271974E+07  0.205289E+07  0.204069E+07
  0.288739E-04  0.204056E+07  0.204056E+07  0.271968E+07  0.271967E+07  0.205288E+07  0.204069E+07
  0.298526E-04  0.204056E+07  0.204056E+07  0.271961E+07  0.271959E+07  0.205287E+07  0.204069E+07
  0.308645E-04  0.204055E+07  0.204055E+07  0.271953E+07  0.271951E+07  0.205286E+07  0.204069E+07
  0.319106E-04  0.204055E+07  0.204055E+07  0.271944E+07  0.271943E+07  0.205285E+07  0.204069E+07
  0.329922E-04  0.204055E+07  0.204055E+07  0.271935E+07  0.271933E+07  0.205284E+07  0.204069E+07
  0.341105E-04  0.204055E+07  0.204055E+07  0.271926E+07  0.271924E+07  0.205283E+07  0.204069E+07
  0.352667E-04  0.204055E+07  0.204055E+07  0.271915E+07  0.271913E+07  0.205282E+07  0.204068E+07
  0.364621E-04  0.204055E+07  0.204055E+07  0.271904E+07  0.271902E+07  0.205280E+07  0.204068E+07
  0.376979E-04  0.204055E+07  0.204055E+07  0.271893E+07  0.271890E+07  0.205279E+07  0.204068E+07
  0.389757E-04  0.204055E+07  0.204055E+07  0.271880E+07  0.271877E+07  0.205277E+07  0.204068E+07
  0.402968E-04  0.204055E+07  0.204055E+07  0.271867E+07  0.271864E+07  0.205276E+07  0.204068E+07
  0.416627E-04  0.204054E+07  0.204054E+07  0.271852E+07  0.271849E+07  0.205274E+07  0.204068E+07
  0.430748E-04  0.204054E+07  0.204054E+07  0.271837E+07  0.271833E+07  0.205272E+07  0.204068E+07
  0.445349E-04  0.204054E+07  0.204054E+07  0.271820E+07  0.271817E+07  0.205270E+07  0.204067E+07
  0.460444E-04  0.204054E+07  0.204054E+07  0.271803E+07  0.271799E+07  0.205268E+07  0.204067E+07
  0.476050E-04  0.204054E+07  0.204054E+07  0.271784E+07  0.271780E+07  0.205265E+07  0.204067E+07
  0.492186E-04  0.204054E+07  0.204053E+07  0.271764E+07  0.271759E+07  0.205263E+07  0.204067E+07
  0.508869E-04  0.204053E+07  0.204053E+07  0.271742E+07  0.271738E+07  0.205260E+07  0.204066E+07
  0.526117E-04  0.204053E+07  0.204053E+07  0.271719E+07  0.271714E+07  0.205257E+07  0.204066E+07
  0.543950E-04  0.204053E+07  0.204053E+07  0.271695E+07  0.271689E+07  0.205254E+07  0.204066E+07
  0.562387E-04  0.204053E+07  0.204052E+07  0.271669E+07  0.271663E+07  0.205251E+07  0.204066E+07
  0.581449E-04  0.204052E+07  0.204052E+07  0.271641E+07  0.271634E+07  0.205247E+07  0.204065E+07
  0.601158E-04  0.204052E+07  0.204052E+07  0.271611E+07  0.271604E+07  0.205244E+07  0.204065E+07
  0.621534E-04  0.204052E+07  0.204052E+07  0.271579E+07  0.271572E+07  0.205240E+07  0.204065E+07
  0.642601E-04  0.204051E+07  0.204051E+07  0.271544E+07  0.271537E+07  0.205235E+07  0.204064E+07
  0.664382E-04  0.204051E+07  0.204051E+07  0.271508E+07  0.271500E+07  0.205231E+07  0.204064E+07
  0.686901E-04  0.204050E+07  0.204050E+07  0.271469E+07  0.271460E+07  0.205226E+07  0.204063E+07
  0.710184E-04  0.204050E+07  0.204050E+07  0.271427E+07  0.271418E+07  0.205221E+07  0.204063E+07
  0.734256E-04  0.204050E+07  0.204050E+07  0.271382E+07  0.271372E+07  0.205215E+07  0.204062E+07
  0.759143E-04  0.204049E+07  0.204049E+07  0.271334E+07  0.271324E+07  0.205209E+07  0.204062E+07
  0.784875E-04  0.204049E+07  0.204049E+07  0.271283E+07  0.271272E+07  0.205203E+07  0.204061E+07
  0.811478E-04  0.204048E+07  0.204048E+07  0.271229E+07  0.271217E+07  0.205196E+07  0.204061E+07
  0.838983E-04  0.204047E+07  0.204047E+07  0.271171E+07  0.271158E+07  0.205189E+07  0.204060E+07
  0.867421E-04  0.204047E+07  0.204047E+07  0.271108E+07  0.271095E+07  0.205181E+07  0.204059E+07
  0.896822E-04  0.204046E+07  0.204046E+07  0.271042E+07  0.271027E+07  0.205173E+07  0.204058E+07
  0.927220E-04  0.204045E+07  0.204045E+07  0.270971E+07  0.270955E+07  0.205164E+07  0.204058E+07
  0.958648E-04  0.204045E+07  0.204045E+07  0.270895E+07  0.270878E+07  0.205154E+07  0.204057E+07
  0.991141E-04  0.204044E+07  0.204044E+07  0.270813E+07  0.270796E+07  0.205144E+07  0.204056E+07
  0.102474E-03  0.204043E+07  0.204043E+07  0.270727E+07  0.270708E+07  0.205133E+07  0.204055E+07
  0.105947E-03  0.204042E+07  0.204042E+07  0.270634E+07  0.270614E+07  0.205122E+07  0.204054E+07
  0.109538E-03  0.204041E+07  0.204041E+07  0.270535E+07  0.270513E+07  0.205109E+07  0.204053E+07
  0.113251E-03  0.204040E+07  0.204040E+07  0.270429E+07  0.270406E+07  0.205096E+07  0.204051E+07
  0.117090E-03  0.204039E+07  0.204039E+07  0.270316E+07  0.270291E+07  0.205082E+07  0.204050E+07
  0.121058E-03  0.204038E+07  0.204037E+07  0.270195E+07  0.270168E+07  0.205067E+07  0.204049E+07
  0.125162E-03  0.204036E+07  0.204036E+07  0.270066E+07  0.270037E+07  0.205050E+07  0.204047E+07
  0.129404E-03  0.204035E+07  0.204035E+07  0.269927E+07  0.269897E+07  0.205033E+07  0.204046E+07
  0.133790E-03  0.204033E+07  0.204033E+07  0.269780E+07  0.269748E+07  0.205015E+07  0.204044E+07
  0.138325E-03  0.204032E+07  0.204031E+07  0.269622E+07  0.269588E+07  0.204995E+07  0.204042E+07
  0.143013E-03  0.204030E+07  0.204030E+07  0.269454E+07  0.269417E+07  0.204974E+07  0.204040E+07
  0.147861E-03  0.204028E+07  0.204028E+07  0.269274E+07  0.269235E+07  0.204951E+07  0.204038E+07
  0.152873E-03  0.204026E+07  0.204026E+07  0.269082E+07  0.269040E+07  0.204927E+07  0.204036E+07
  0.158054E-03  0.204024E+07  0.204024E+07  0.268877E+07  0.268832E+07  0.204901E+07  0.204034E+07
  0.163412E-03  0.204022E+07  0.204022E+07  0.268658E+07  0.268610E+07  0.204874E+07  0.204031E+07
  0.168950E-03  0.204019E+07  0.204019E+07  0.268423E+07  0.268372E+07  0.204844E+07  0.204028E+07
  0.174677E-03  0.204017E+07  0.204016E+07  0.268173E+07  0.268119E+07  0.204813E+07  0.204025E+07
  0.180598E-03  0.204014E+07  0.204014E+07  0.267906E+07  0.267848E+07  0.204779E+07  0.204022E+07
  0.186719E-03  0.204011E+07  0.204011E+07  0.267621E+07  0.267559E+07  0.204743E+07  0.204019E+07
  0.193048E-03  0.204008E+07  0.204008E+07  0.267316E+07  0.267250E+07  0.204705E+07  0.204016E+07
  0.199591E-03  0.204005E+07  0.204004E+07  0.266991E+07  0.266920E+07  0.204664E+07  0.204012E+07
  0.206357E-03  0.204001E+07  0.204001E+07  0.266644E+07  0.266568E+07  0.204620E+07  0.204008E+07
  0.213351E-03  0.203997E+07  0.203997E+07  0.266273E+07  0.266192E+07  0.204573E+07  0.204003E+07
  0.220583E-03  0.203993E+07  0.203993E+07  0.265877E+07  0.265791E+07  0.204523E+07  0.203999E+07
  0.228059E-03  0.203989E+07  0.203988E+07  0.265455E+07  0.265363E+07  0.204470E+07  0.203994E+07
  0.235789E-03  0.203984E+07  0.203984E+07  0.265004E+07  0.264906E+07  0.204413E+07  0.203989E+07
  0.243781E-03  0.203979E+07  0.203979E+07  0.264523E+07  0.264418E+07  0.204352E+07  0.203983E+07
  0.252044E-03  0.203974E+07  0.203973E+07  0.264009E+07  0.263898E+07  0.204287E+07  0.203977E+07
  0.260588E-03  0.203968E+07  0.203967E+07  0.263461E+07  0.263342E+07  0.204217E+07  0.203971E+07
  0.269420E-03  0.203962E+07  0.203961E+07  0.262877E+07  0.262750E+07  0.204143E+07  0.203964E+07
  0.278552E-03  0.203956E+07  0.203955E+07  0.262254E+07  0.262118E+07  0.204063E+07  0.203957E+07
  0.287994E-03  0.203949E+07  0.203948E+07  0.261589E+07  0.261445E+07  0.203978E+07  0.203949E+07
  0.297755E-03  0.203941E+07  0.203940E+07  0.260880E+07  0.260726E+07  0.203888E+07  0.203940E+07
  0.307848E-03  0.203933E+07  0.203932E+07  0.260124E+07  0.259960E+07  0.203791E+07  0.203931E+07
  0.318282E-03  0.203925E+07  0.203924E+07  0.259318E+07  0.259144E+07  0.203688E+07  0.203922E+07
  0.329071E-03  0.203916E+07  0.203915E+07  0.258459E+07  0.258274E+07  0.203577E+07  0.203912E+07
  0.340224E-03  0.203906E+07  0.203905E+07  0.257544E+07  0.257347E+07  0.203459E+07  0.203901E+07
  0.351756E-03  0.203896E+07  0.203894E+07  0.256570E+07  0.256359E+07  0.203333E+07  0.203889E+07
  0.363679E-03  0.203885E+07  0.203883E+07  0.255531E+07  0.255308E+07  0.203199E+07  0.203877E+07
  0.376006E-03  0.203873E+07  0.203871E+07  0.254426E+07  0.254188E+07  0.203056E+07  0.203864E+07
  0.388751E-03  0.203860E+07  0.203859E+07  0.253249E+07  0.252996E+07  0.202903E+07  0.203849E+07
  0.401928E-03  0.203847E+07  0.203845E+07  0.251997E+07  0.251728E+07  0.202739E+07  0.203834E+07
  0.415551E-03  0.203832E+07  0.203831E+07  0.250664E+07  0.250379E+07  0.202565E+07  0.203818E+07
  0.429636E-03  0.203817E+07  0.203815E+07  0.249248E+07  0.248945E+07  0.202379E+07  0.203801E+07
  0.444199E-03  0.203801E+07  0.203798E+07  0.247741E+07  0.247420E+07  0.202180E+07  0.203782E+07
  0.459255E-03  0.203783E+07  0.203781E+07  0.246140E+07  0.245799E+07  0.201968E+07  0.203763E+07
  0.474821E-03  0.203764E+07  0.203762E+07  0.244440E+07  0.244078E+07  0.201742E+07  0.203742E+07
  0.490915E-03  0.203744E+07  0.203742E+07  0.242634E+07  0.242251E+07  0.201501E+07  0.203719E+07
  0.507555E-03  0.203723E+07  0.203720E+07  0.240718E+07  0.240312E+07  0.201244E+07  0.203695E+07
  0.524759E-03  0.203700E+07  0.203697E+07  0.238685E+07  0.238255E+07  0.200970E+07  0.203670E+07
  0.542546E-03  0.203676E+07  0.203673E+07  0.236529E+07  0.236075E+07  0.200678E+07  0.203643E+07
  0.560935E-03  0.203650E+07  0.203647E+07  0.234245E+07  0.233765E+07  0.200366E+07  0.203613E+07
  0.579948E-03  0.203622E+07  0.203619E+07  0.231827E+07  0.231320E+07  0.200035E+07  0.203582E+07
  0.599606E-03  0.203593E+07  0.203589E+07  0.229267E+07  0.228732E+07  0.199681E+07  0.203549E+07
  0.619929E-03  0.203561E+07  0.203557E+07  0.226560E+07  0.225997E+07  0.199304E+07  0.203514E+07
  0.640942E-03  0.203527E+07  0.203523E+07  0.223700E+07  0.223106E+07  0.198903E+07  0.203476E+07
  0.662667E-03  0.203492E+07  0.203487E+07  0.220680E+07  0.220055E+07  0.198476E+07  0.203436E+07
  0.685128E-03  0.203453E+07  0.203448E+07  0.217494E+07  0.216838E+07  0.198022E+07  0.203393E+07
  0.708350E-03  0.203412E+07  0.203407E+07  0.214136E+07  0.213447E+07  0.197538E+07  0.203347E+07
  0.732360E-03  0.203369E+07  0.203363E+07  0.210600E+07  0.209878E+07  0.197024E+07  0.203298E+07
  0.757184E-03  0.203322E+07  0.203316E+07  0.206881E+07  0.206126E+07  0.196477E+07  0.203246E+07
  0.782848E-03  0.203273E+07  0.203266E+07  0.202974E+07  0.202185E+07  0.195896E+07  0.203191E+07
  0.809383E-03  0.203220E+07  0.203213E+07  0.198875E+07  0.198052E+07  0.195278E+07  0.203132E+07
  0.836817E-03  0.203164E+07  0.203156E+07  0.194580E+07  0.193723E+07  0.194622E+07  0.203069E+07
  0.865181E-03  0.203104E+07  0.203096E+07  0.190086E+07  0.189195E+07  0.193926E+07  0.203002E+07
  0.894507E-03  0.203040E+07  0.203032E+07  0.185390E+07  0.184466E+07  0.193187E+07  0.202931E+07
  0.924826E-03  0.202972E+07  0.202963E+07  0.180493E+07  0.179537E+07  0.192403E+07  0.202855E+07
  0.956173E-03  0.202899E+07  0.202890E+07  0.175394E+07  0.174407E+07  0.191572E+07  0.202774E+07
  0.988582E-03  0.202822E+07  0.202812E+07  0.170096E+07  0.169080E+07  0.190692E+07  0.202688E+07
  0.102209E-02  0.202740E+07  0.202729E+07  0.164603E+07  0.163559E+07  0.189761E+07  0.202596E+07
  0.105673E-02  0.202653E+07  0.202641E+07  0.158919E+07  0.157850E+07  0.188775E+07  0.202499E+07
  0.109255E-02  0.202560E+07  0.202548E+07  0.153052E+07  0.151962E+07  0.187732E+07  0.202396E+07
  0.112958E-02  0.202461E+07  0.202448E+07  0.147013E+07  0.145904E+07  0.186631E+07  0.202286E+07
  0.116787E-02  0.202357E+07  0.202342E+07  0.140814E+07  0.139690E+07  0.185468E+07  0.202169E+07
  0.120746E-02  0.202245E+07  0.202230E+07  0.134470E+07  0.133336E+07  0.184241E+07  0.202045E+07
  0.124838E-02  0.202127E+07  0.202110E+07  0.127999E+07  0.126860E+07  0.182949E+07  0.201914E+07
  0.129070E-02  0.202001E+07  0.201984E+07  0.121423E+07  0.120284E+07  0.181588E+07  0.201775E+07
  0.133445E-02  0.201867E+07  0.201849E+07  0.114766E+07  0.113632E+07  0.180157E+07  0.201627E+07
  0.137968E-02  0.201726E+07  0.201706E+07  0.108055E+07  0.106933E+07  0.178653E+07  0.201470E+07
  0.142644E-02  0.201576E+07  0.201555E+07  0.101322E+07  0.100219E+07  0.177075E+07  0.201304E+07
  0.147479E-02  0.201417E+07  0.201394E+07  0.946001E+06  0.935216E+06  0.175421E+07  0.201129E+07
  0.152478E-02  0.201248E+07  0.201224E+07  0.879267E+06  0.868797E+06  0.173690E+07  0.200943E+07
  0.157646E-02  0.201070E+07  0.201044E+07  0.813414E+06  0.803323E+06  0.171880E+07  0.200746E+07
  0.162990E-02  0.200881E+07  0.200854E+07  0.748863E+06  0.739209E+06  0.169992E+07  0.200539E+07
  0.168514E-02  0.200682E+07  0.200652E+07  0.686048E+06  0.676885E+06  0.168024E+07  0.200319E+07
  0.174226E-02  0.200471E+07  0.200439E+07  0.625417E+06  0.616786E+06  0.165977E+07  0.200088E+07
  0.180131E-02  0.200248E+07  0.200214E+07  0.567414E+06  0.559347E+06  0.163852E+07  0.199844E+07
  0.186237E-02  0.200013E+07  0.199977E+07  0.512477E+06  0.504987E+06  0.161649E+07  0.199587E+07
  0.192550E-02  0.199764E+07  0.199726E+07  0.461018E+06  0.454100E+06  0.159370E+07  0.199316E+07
  0.199076E-02  0.199503E+07  0.199462E+07  0.413412E+06  0.407040E+06  0.157018E+07  0.199031E+07
  0.205824E-02  0.199227E+07  0.199184E+07  0.369986E+06  0.364108E+06  0.154596E+07  0.198732E+07
  0.212800E-02  0.198937E+07  0.198891E+07  0.330996E+06  0.325534E+06  0.152108E+07  0.198417E+07
  0.220013E-02  0.198632E+07  0.198583E+07  0.296614E+06  0.291463E+06  0.149558E+07  0.198087E+07
  0.227470E-02  0.198312E+07  0.198259E+07  0.266916E+06  0.261943E+06  0.146952E+07  0.197741E+07
  0.235181E-02  0.197975E+07  0.197918E+07  0.241863E+06  0.236911E+06  0.144295E+07  0.197378E+07
  0.243152E-02  0.197622E+07  0.197561E+07  0.221295E+06  0.216190E+06  0.141595E+07  0.196998E+07
  0.251394E-02  0.197251E+07  0.197186E+07  0.204925E+06  0.199477E+06  0.138859E+07  0.196601E+07
  0.259915E-02  0.196863E+07  0.196794E+07  0.192337E+06  0.186357E+06  0.136094E+07  0.196186E+07
  0.268725E-02  0.196456E+07  0.196382E+07  0.182996E+06  0.176302E+06  0.133310E+07  0.195753E+07
  0.277833E-02  0.196031E+07  0.195952E+07  0.176262E+06  0.168700E+06  0.130516E+07  0.195301E+07
  0.287250E-02  0.195586E+07  0.195502E+07  0.171418E+06  0.162875E+06  0.127720E+07  0.194829E+07
  0.296987E-02  0.195122E+07  0.195032E+07  0.167704E+06  0.158125E+06  0.124931E+07  0.194339E+07
  0.307053E-02  0.194637E+07  0.194542E+07  0.164359E+06  0.153766E+06  0.122160E+07  0.193828E+07
  0.317461E-02  0.194132E+07  0.194030E+07  0.160674E+06  0.149177E+06  0.119414E+07  0.193297E+07
  0.328221E-02  0.193605E+07  0.193496E+07  0.156043E+06  0.143853E+06  0.116701E+07  0.192745E+07
  0.339346E-02  0.193056E+07  0.192940E+07  0.150018E+06  0.137443E+06  0.114029E+07  0.192172E+07
  0.350848E-02  0.192486E+07  0.192362E+07  0.142354E+06  0.129792E+06  0.111404E+07  0.191578E+07
  0.362740E-02  0.191892E+07  0.191760E+07  0.133036E+06  0.120955E+06  0.108829E+07  0.190961E+07
  0.375035E-02  0.191275E+07  0.191134E+07  0.122296E+06  0.111199E+06  0.106308E+07  0.190322E+07
  0.387747E-02  0.190635E+07  0.190484E+07  0.110593E+06  0.100971E+06  0.103843E+07  0.189660E+07
  0.400890E-02  0.189970E+07  0.189810E+07  0.985635E+05  0.908471E+05  0.101432E+07  0.188974E+07
  0.414478E-02  0.189281E+07  0.189110E+07  0.869497E+05  0.814481E+05  0.990742E+06  0.188265E+07
  0.428527E-02  0.188566E+07  0.188384E+07  0.764921E+05  0.733447E+05  0.967651E+06  0.187531E+07
  0.443052E-02  0.187826E+07  0.187631E+07  0.678156E+05  0.669558E+05  0.944995E+06  0.186772E+07
  0.458069E-02  0.187060E+07  0.186852E+07  0.613158E+05  0.624621E+05  0.922711E+06  0.185988E+07
  0.473596E-02  0.186267E+07  0.186046E+07  0.570725E+05  0.597520E+05  0.900730E+06  0.185177E+07
  0.489648E-02  0.185447E+07  0.185211E+07  0.548105E+05  0.584204E+05  0.878979E+06  0.184340E+07
  0.506245E-02  0.184600E+07  0.184348E+07  0.000000E+00  0.000000E+00  0.857388E+06  0.183476E+07
  0.523404E-02  0.183724E+07  0.183456E+07  0.000000E+00  0.000000E+00  0.835899E+06  0.182584E+07
  0.541145E-02  0.182820E+07  0.182535E+07  0.000000E+00  0.000000E+00  0.814462E+06  0.181663E+07
  0.559487E-02  0.181888E+07  0.181583E+07  0.000000E+00  0.000000E+00  0.793047E+06  0.180714E+07
  0.578451E-02  0.180925E+07  0.180601E+07  0.000000E+00  0.000000E+00  0.771639E+06  0.179736E+07
  0.598058E-02  0.179933E+07  0.179588E+07  0.000000E+00  0.000000E+00  0.750244E+06  0.178727E+07
  0.618329E-02  0.178910E+07  0.178543E+07  0.000000E+00  0.000000E+00  0.728881E+06  0.177688E+07
  0.639287E-02  0.177856E+07  0.177465E+07  0.000000E+00  0.000000E+00  0.707584E+06  0.176619E+07
  0.660956E-02  0.176770E+07  0.176354E+07  0.000000E+00  0.000000E+00  0.686394E+06  0.175517E+07
  0.683359E-02  0.175653E+07  0.175209E+07  0.000000E+00  0.000000E+00  0.665354E+06  0.174384E+07
  0.706522E-02  0.174502E+07  0.174031E+07  0.000000E+00  0.000000E+00  0.644504E+06  0.173219E+07
  0.730469E-02  0.173319E+07  0.172817E+07  0.000000E+00  0.000000E+00  0.623878E+06  0.172021E+07
  0.755228E-02  0.172101E+07  0.171567E+07  0.000000E+00  0.000000E+00  0.603501E+06  0.170789E+07
  0.780827E-02  0.170849E+07  0.170281E+07  0.000000E+00  0.000000E+00  0.583388E+06  0.169523E+07
  0.807293E-02  0.169562E+07  0.168959E+07  0.000000E+00  0.000000E+00  0.563547E+06  0.168223E+07
  0.834657E-02  0.168240E+07  0.167599E+07  0.000000E+00  0.000000E+00  0.543982E+06  0.166887E+07
  0.862947E-02  0.166882E+07  0.166200E+07  0.000000E+00  0.000000E+00  0.524696E+06  0.165516E+07
  0.892197E-02  0.165487E+07  0.164763E+07  0.000000E+00  0.000000E+00  0.505691E+06  0.164109E+07
  0.922438E-02  0.164056E+07  0.163287E+07  0.000000E+00  0.000000E+00  0.486974E+06  0.162665E+07
  0.953704E-02  0.162587E+07  0.161770E+07  0.000000E+00  0.000000E+00  0.468555E+06  0.161184E+07
  0.986030E-02  0.161079E+07  0.160213E+07  0.000000E+00  0.000000E+00  0.450443E+06  0.159665E+07
  0.101945E-01  0.159533E+07  0.158614E+07  0.000000E+00  0.000000E+00  0.432651E+06  0.158108E+07
  0.105401E-01  0.157948E+07  0.156974E+07  0.000000E+00  0.000000E+00  0.415190E+06  0.156511E+07
  0.108973E-01  0.156324E+07  0.155290E+07  0.000000E+00  0.000000E+00  0.398072E+06  0.154876E+07
  0.112667E-01  0.154659E+07  0.153564E+07  0.000000E+00  0.000000E+00  0.381310E+06  0.153201E+07
  0.116486E-01  0.152953E+07  0.151794E+07  0.000000E+00  0.000000E+00  0.364917E+06  0.151485E+07
  0.120434E-01  0.151206E+07  0.149979E+07  0.000000E+00  0.000000E+00  0.348908E+06  0.149728E+07
  0.124516E-01  0.149418E+07  0.148119E+07  0.000000E+00  0.000000E+00  0.333295E+06  0.147931E+07
  0.128737E-01  0.147588E+07  0.146214E+07  0.000000E+00  0.000000E+00  0.318092E+06  0.146091E+07
  0.133100E-01  0.145715E+07  0.144264E+07  0.000000E+00  0.000000E+00  0.303310E+06  0.144210E+07
  0.137612E-01  0.143799E+07  0.142267E+07  0.000000E+00  0.000000E+00  0.288956E+06  0.142286E+07
  0.142276E-01  0.141841E+07  0.140223E+07  0.000000E+00  0.000000E+00  0.275036E+06  0.140320E+07
  0.147098E-01  0.139840E+07  0.138133E+07  0.000000E+00  0.000000E+00  0.261549E+06  0.138311E+07
  0.152084E-01  0.137795E+07  0.135996E+07  0.000000E+00  0.000000E+00  0.248492E+06  0.136259E+07
  0.157239E-01  0.135707E+07  0.133813E+07  0.000000E+00  0.000000E+00  0.235856E+06  0.134164E+07
  0.162569E-01  0.133576E+07  0.131583E+07  0.000000E+00  0.000000E+00  0.223628E+06  0.132026E+07
  0.168079E-01  0.131402E+07  0.129307E+07  0.000000E+00  0.000000E+00  0.211798E+06  0.129846E+07
  0.173776E-01  0.129185E+07  0.126985E+07  0.000000E+00  0.000000E+00  0.200356E+06  0.127624E+07
  0.179666E-01  0.126926E+07  0.124618E+07  0.000000E+00  0.000000E+00  0.189302E+06  0.125360E+07
  0.185756E-01  0.124626E+07  0.122207E+07  0.000000E+00  0.000000E+00  0.178642E+06  0.123055E+07
  0.192052E-01  0.122286E+07  0.119754E+07  0.000000E+00  0.000000E+00  0.168389E+06  0.120710E+07
  0.198562E-01  0.119907E+07  0.117260E+07  0.000000E+00  0.000000E+00  0.158555E+06  0.118327E+07
  0.205292E-01  0.117490E+07  0.114727E+07  0.000000E+00  0.000000E+00  0.149140E+06  0.115907E+07
  0.212251E-01  0.115037E+07  0.112157E+07  0.000000E+00  0.000000E+00  0.140128E+06  0.113451E+07
  0.219445E-01  0.112551E+07  0.109553E+07  0.000000E+00  0.000000E+00  0.131491E+06  0.110963E+07
  0.226883E-01  0.110033E+07  0.106918E+07  0.000000E+00  0.000000E+00  0.123210E+06  0.108444E+07
  0.234573E-01  0.107487E+07  0.104257E+07  0.000000E+00  0.000000E+00  0.115282E+06  0.105898E+07
  0.242524E-01  0.104916E+07  0.101572E+07  0.000000E+00  0.000000E+00  0.107731E+06  0.103328E+07
  0.250745E-01  0.102323E+07  0.988693E+06  0.000000E+00  0.000000E+00  0.100572E+06  0.100738E+07
  0.259244E-01  0.997137E+06  0.961536E+06  0.000000E+00  0.000000E+00  0.937919E+05  0.981316E+06
  0.268031E-01  0.970918E+06  0.934311E+06  0.000000E+00  0.000000E+00  0.873494E+05  0.955146E+06
  0.277116E-01  0.944627E+06  0.907082E+06  0.000000E+00  0.000000E+00  0.812197E+05  0.928920E+06
  0.286509E-01  0.918323E+06  0.879920E+06  0.000000E+00  0.000000E+00  0.754214E+05  0.902697E+06
  0.296220E-01  0.892067E+06  0.852903E+06  0.000000E+00  0.000000E+00  0.699780E+05  0.876542E+06
  0.306260E-01  0.865929E+06  0.826114E+06  0.000000E+00  0.000000E+00  0.648635E+05  0.850525E+06
  0.316641E-01  0.839979E+06  0.799640E+06  0.000000E+00  0.000000E+00  0.600325E+05  0.824719E+06
  0.327374E-01  0.814296E+06  0.773574E+06  0.000000E+00  0.000000E+00  0.554941E+05  0.799204E+06
  0.338470E-01  0.792915E+06  0.751956E+06  0.000000E+00  0.000000E+00  0.439674E+05  0.777891E+06
  0.349942E-01  0.768132E+06  0.727117E+06  0.000000E+00  0.000000E+00  0.404586E+05  0.753332E+06
  0.361804E-01  0.743857E+06  0.702972E+06  0.000000E+00  0.000000E+00  0.371773E+05  0.729308E+06
  0.374067E-01  0.719943E+06  0.679382E+06  0.000000E+00  0.000000E+00  0.341502E+05  0.705677E+06
  0.386746E-01  0.696578E+06  0.656548E+06  0.000000E+00  0.000000E+00  0.313674E+05  0.682626E+06
  0.399855E-01  0.673948E+06  0.634660E+06  0.000000E+00  0.000000E+00  0.287712E+05  0.660339E+06
  0.413408E-01  0.652142E+06  0.613813E+06  0.000000E+00  0.000000E+00  0.263848E+05  0.638905E+06
  0.427421E-01  0.631236E+06  0.594081E+06  0.000000E+00  0.000000E+00  0.242031E+05  0.618400E+06
  0.441908E-01  0.608868E+06  0.573102E+06  0.000000E+00  0.000000E+00  0.251732E+05  0.596518E+06
  0.456886E-01  0.589831E+06  0.555645E+06  0.000000E+00  0.000000E+00  0.231888E+05  0.577932E+06
  0.472373E-01  0.571776E+06  0.539348E+06  0.000000E+00  0.000000E+00  0.213496E+05  0.560347E+06
  0.488384E-01  0.554673E+06  0.524157E+06  0.000000E+00  0.000000E+00  0.196894E+05  0.543732E+06
  0.504938E-01  0.538466E+06  0.509984E+06  0.000000E+00  0.000000E+00  0.181539E+05  0.528024E+06
  0.522053E-01  0.523089E+06  0.496723E+06  0.000000E+00  0.000000E+00  0.167434E+05  0.513152E+06
  0.539748E-01  0.509817E+06  0.485602E+06  0.000000E+00  0.000000E+00  0.142175E+05  0.500357E+06
  0.558043E-01  0.495816E+06  0.473742E+06  0.000000E+00  0.000000E+00  0.130866E+05  0.486853E+06
  0.576957E-01  0.482328E+06  0.462330E+06  0.000000E+00  0.000000E+00  0.120475E+05  0.473848E+06
  0.596514E-01  0.469234E+06  0.451191E+06  0.000000E+00  0.000000E+00  0.110884E+05  0.461213E+06
  0.616732E-01  0.456406E+06  0.440139E+06  0.000000E+00  0.000000E+00  0.102082E+05  0.448811E+06
  0.637637E-01  0.442758E+06  0.428043E+06  0.000000E+00  0.000000E+00  0.101049E+05  0.435570E+06
  0.659249E-01  0.430004E+06  0.416565E+06  0.000000E+00  0.000000E+00  0.929557E+04  0.423160E+06
  0.681595E-01  0.417069E+06  0.404596E+06  0.000000E+00  0.000000E+00  0.853877E+04  0.410518E+06
  0.704697E-01  0.403813E+06  0.391977E+06  0.000000E+00  0.000000E+00  0.782852E+04  0.397506E+06
  0.728583E-01  0.390406E+06  0.378872E+06  0.000000E+00  0.000000E+00  0.691650E+04  0.384286E+06
  0.753278E-01  0.376311E+06  0.364767E+06  0.000000E+00  0.000000E+00  0.629823E+04  0.370337E+06
  0.778811E-01  0.361810E+06  0.349977E+06  0.000000E+00  0.000000E+00  0.572337E+04  0.355940E+06
  0.805209E-01  0.347001E+06  0.334664E+06  0.000000E+00  0.000000E+00  0.518352E+04  0.341204E+06
  0.832502E-01  0.332040E+06  0.319063E+06  0.000000E+00  0.000000E+00  0.467595E+04  0.326294E+06
  0.860720E-01  0.317118E+06  0.303458E+06  0.000000E+00  0.000000E+00  0.421757E+04  0.311416E+06
  0.889894E-01  0.302446E+06  0.288167E+06  0.000000E+00  0.000000E+00  0.379623E+04  0.296798E+06
  0.920057E-01  0.288259E+06  0.273523E+06  0.000000E+00  0.000000E+00  0.340841E+04  0.282685E+06
  0.951242E-01  0.274806E+06  0.259869E+06  0.000000E+00  0.000000E+00  0.306563E+04  0.269343E+06
  0.983485E-01  0.262344E+06  0.247527E+06  0.000000E+00  0.000000E+00  0.275919E+04  0.257034E+06
  0.101682E+00  0.251090E+06  0.236751E+06  0.000000E+00  0.000000E+00  0.249023E+04  0.245980E+06
  0.105129E+00  0.241156E+06  0.227643E+06  0.000000E+00  0.000000E+00  0.225496E+04  0.236290E+06
  0.108692E+00  0.232491E+06  0.220099E+06  0.000000E+00  0.000000E+00  0.205060E+04  0.227904E+06
  0.112376E+00  0.224868E+06  0.213794E+06  0.000000E+00  0.000000E+00  0.187107E+04  0.220581E+06
  0.116185E+00  0.217939E+06  0.208250E+06  0.000000E+00  0.000000E+00  0.170865E+04  0.213958E+06
  0.120123E+00  0.211326E+06  0.202940E+06  0.000000E+00  0.000000E+00  0.156171E+04  0.207632E+06
  0.124195E+00  0.204680E+06  0.197374E+06  0.000000E+00  0.000000E+00  0.142558E+04  0.201238E+06
  0.128404E+00  0.197710E+06  0.191153E+06  0.000000E+00  0.000000E+00  0.129727E+04  0.194467E+06
  0.132756E+00  0.190193E+06  0.183997E+06  0.000000E+00  0.000000E+00  0.117523E+04  0.187092E+06
  0.137256E+00  0.182025E+06  0.175816E+06  0.000000E+00  0.000000E+00  0.105836E+04  0.179009E+06
  0.141909E+00  0.173298E+06  0.166791E+06  0.000000E+00  0.000000E+00  0.947393E+03  0.170327E+06
  0.146719E+00  0.164331E+06  0.157389E+06  0.000000E+00  0.000000E+00  0.844411E+03  0.161385E+06
  0.151692E+00  0.155577E+06  0.148240E+06  0.000000E+00  0.000000E+00  0.751859E+03  0.152660E+06
  0.156833E+00  0.147474E+06  0.139947E+06  0.000000E+00  0.000000E+00  0.669654E+03  0.144613E+06
  0.162149E+00  0.140325E+06  0.132922E+06  0.000000E+00  0.000000E+00  0.598958E+03  0.137562E+06
  0.167645E+00  0.134254E+06  0.127308E+06  0.000000E+00  0.000000E+00  0.539369E+03  0.131633E+06
  0.173328E+00  0.129173E+06  0.122938E+06  0.000000E+00  0.000000E+00  0.487951E+03  0.126725E+06
  0.179203E+00  0.124764E+06  0.119337E+06  0.000000E+00  0.000000E+00  0.443018E+03  0.122499E+06
  0.185277E+00  0.120541E+06  0.115829E+06  0.000000E+00  0.000000E+00  0.402829E+03  0.118440E+06
  0.191557E+00  0.116031E+06  0.111789E+06  0.000000E+00  0.000000E+00  0.364441E+03  0.114058E+06
  0.198050E+00  0.110979E+06  0.106898E+06  0.000000E+00  0.000000E+00  0.327607E+03  0.109088E+06
  0.204762E+00  0.105442E+06  0.101271E+06  0.000000E+00  0.000000E+00  0.292124E+03  0.103596E+06
  0.211703E+00  0.997594E+05  0.953979E+05  0.000000E+00  0.000000E+00  0.259333E+03  0.979435E+05
  0.218878E+00  0.943849E+05  0.899145E+05  0.000000E+00  0.000000E+00  0.230417E+03  0.926093E+05
  0.226297E+00  0.896760E+05  0.853064E+05  0.000000E+00  0.000000E+00  0.205296E+03  0.879685E+05
  0.233968E+00  0.857498E+05  0.817039E+05  0.000000E+00  0.000000E+00  0.184466E+03  0.841390E+05
  0.241898E+00  0.824030E+05  0.787980E+05  0.000000E+00  0.000000E+00  0.166417E+03  0.809021E+05
  0.250097E+00  0.792091E+05  0.759989E+05  0.000000E+00  0.000000E+00  0.150307E+03  0.778087E+05
  0.258574E+00  0.758168E+05  0.728312E+05  0.000000E+00  0.000000E+00  0.135031E+03  0.744908E+05
  0.267339E+00  0.721115E+05  0.691684E+05  0.000000E+00  0.000000E+00  0.120483E+03  0.708331E+05
  0.276400E+00  0.682814E+05  0.653002E+05  0.000000E+00  0.000000E+00  0.107086E+03  0.670384E+05
  0.285769E+00  0.647070E+05  0.617455E+05  0.000000E+00  0.000000E+00  0.950602E+02  0.635062E+05
  0.295455E+00  0.616087E+05  0.587980E+05  0.000000E+00  0.000000E+00  0.849721E+02  0.604669E+05
  0.305470E+00  0.589269E+05  0.563572E+05  0.000000E+00  0.000000E+00  0.762141E+02  0.578545E+05
  0.315823E+00  0.563897E+05  0.540410E+05  0.000000E+00  0.000000E+00  0.684614E+02  0.553818E+05
  0.326528E+00  0.537540E+05  0.515267E+05  0.000000E+00  0.000000E+00  0.611972E+02  0.527951E+05
  0.337596E+00  0.510150E+05  0.488278E+05  0.000000E+00  0.000000E+00  0.544315E+02  0.500927E+05
  0.349039E+00  0.483733E+05  0.462301E+05  0.000000E+00  0.000000E+00  0.484562E+02  0.474872E+05
  0.360869E+00  0.460069E+05  0.439708E+05  0.000000E+00  0.000000E+00  0.431355E+02  0.451645E+05
  0.373101E+00  0.438839E+05  0.419945E+05  0.000000E+00  0.000000E+00  0.385948E+02  0.430891E+05
  0.385748E+00  0.418280E+05  0.400595E+05  0.000000E+00  0.000000E+00  0.345128E+02  0.410758E+05
  0.398823E+00  0.397472E+05  0.380482E+05  0.000000E+00  0.000000E+00  0.306966E+02  0.390293E+05
  0.412341E+00  0.377140E+05  0.360702E+05  0.000000E+00  0.000000E+00  0.273032E+02  0.370275E+05
  0.426317E+00  0.358382E+05  0.342752E+05  0.000000E+00  0.000000E+00  0.243334E+02  0.351857E+05
  0.440767E+00  0.341105E+05  0.326441E+05  0.000000E+00  0.000000E+00  0.216840E+02  0.334930E+05
  0.455707E+00  0.324371E+05  0.310498E+05  0.000000E+00  0.000000E+00  0.193161E+02  0.318511E+05
  0.471153E+00  0.307944E+05  0.294654E+05  0.000000E+00  0.000000E+00  0.171837E+02  0.302360E+05
  0.487123E+00  0.292356E+05  0.279679E+05  0.000000E+00  0.000000E+00  0.152815E+02  0.287045E+05
  0.503634E+00  0.277827E+05  0.265851E+05  0.000000E+00  0.000000E+00  0.136020E+02  0.272792E+05
  0.520705E+00  0.263948E+05  0.252608E+05  0.000000E+00  0.000000E+00  0.121104E+02  0.259170E+05
  0.538354E+00  0.250526E+05  0.239719E+05  0.000000E+00  0.000000E+00  0.107703E+02  0.245984E+05
  0.556602E+00  0.237792E+05  0.227522E+05  0.000000E+00  0.000000E+00  0.956926E+01  0.233479E+05
  0.575468E+00  0.225776E+05  0.216054E+05  0.000000E+00  0.000000E+00  0.851518E+01  0.221686E+05
  0.594973E+00  0.214279E+05  0.205051E+05  0.000000E+00  0.000000E+00  0.757098E+01  0.210397E+05
  0.615140E+00  0.203298E+05  0.194529E+05  0.000000E+00  0.000000E+00  0.672361E+01  0.199612E+05
  0.635991E+00  0.192896E+05  0.184584E+05  0.000000E+00  0.000000E+00  0.597169E+01  0.189400E+05
  0.657547E+00  0.182998E+05  0.175116E+05  0.000000E+00  0.000000E+00  0.530601E+01  0.179682E+05
  0.679835E+00  0.173561E+05  0.166081E+05  0.000000E+00  0.000000E+00  0.472073E+01  0.170415E+05
  0.702878E+00  0.164603E+05  0.157512E+05  0.000000E+00  0.000000E+00  0.418629E+01  0.161620E+05
  0.726702E+00  0.156085E+05  0.149361E+05  0.000000E+00  0.000000E+00  0.371549E+01  0.153256E+05
  0.751334E+00  0.147981E+05  0.141606E+05  0.000000E+00  0.000000E+00  0.329943E+01  0.145299E+05
  0.776801E+00  0.140284E+05  0.134241E+05  0.000000E+00  0.000000E+00  0.292403E+01  0.137742E+05
  0.803130E+00  0.132967E+05  0.127239E+05  0.000000E+00  0.000000E+00  0.259914E+01  0.130557E+05
  0.830353E+00  0.126015E+05  0.120587E+05  0.000000E+00  0.000000E+00  0.230485E+01  0.123731E+05
  0.858497E+00  0.119412E+05  0.114269E+05  0.000000E+00  0.000000E+00  0.204456E+01  0.117248E+05
  0.887596E+00  0.113140E+05  0.108267E+05  0.000000E+00  0.000000E+00  0.181196E+01  0.111089E+05
  0.917681E+00  0.107185E+05  0.102569E+05  0.000000E+00  0.000000E+00  0.160799E+01  0.105242E+05
  0.948786E+00  0.101531E+05  0.971584E+04  0.000000E+00  0.000000E+00  0.142556E+01  0.996909E+04
  0.980945E+00  0.961635E+04  0.920225E+04  0.000000E+00  0.000000E+00  0.126122E+01  0.944210E+04
  0.101419E+01  0.910688E+04  0.871474E+04  0.000000E+00  0.000000E+00  0.112131E+01  0.894186E+04
  0.104857E+01  0.862335E+04  0.825204E+04  0.000000E+00  0.000000E+00  0.993207E+00  0.846709E+04
  0.108411E+01  0.816453E+04  0.781299E+04  0.000000E+00  0.000000E+00  0.879831E+00  0.801659E+04
  0.112086E+01  0.772924E+04  0.739645E+04  0.000000E+00  0.000000E+00  0.780320E+00  0.758918E+04
  0.115885E+01  0.731636E+04  0.700137E+04  0.000000E+00  0.000000E+00  0.691132E+00  0.718379E+04
  0.119813E+01  0.692479E+04  0.662667E+04  0.000000E+00  0.000000E+00  0.611501E+00  0.679932E+04
  0.123874E+01  0.655348E+04  0.627135E+04  0.000000E+00  0.000000E+00  0.541769E+00  0.643474E+04
  0.128073E+01  0.620140E+04  0.593443E+04  0.000000E+00  0.000000E+00  0.479386E+00  0.608903E+04
  0.132414E+01  0.586762E+04  0.561503E+04  0.000000E+00  0.000000E+00  0.424896E+00  0.576130E+04
  0.136902E+01  0.555123E+04  0.531226E+04  0.000000E+00  0.000000E+00  0.376212E+00  0.545064E+04
  0.141542E+01  0.525137E+04  0.502532E+04  0.000000E+00  0.000000E+00  0.333530E+00  0.515622E+04
  0.146340E+01  0.496719E+04  0.475338E+04  0.000000E+00  0.000000E+00  0.295055E+00  0.487719E+04
  0.151300E+01  0.469791E+04  0.449570E+04  0.000000E+00  0.000000E+00  0.260236E+00  0.461279E+04
  0.156428E+01  0.444279E+04  0.425156E+04  0.000000E+00  0.000000E+00  0.230763E+00  0.436229E+04
  0.161730E+01  0.420114E+04  0.402031E+04  0.000000E+00  0.000000E+00  0.203715E+00  0.412502E+04
  0.167212E+01  0.397226E+04  0.380129E+04  0.000000E+00  0.000000E+00  0.180649E+00  0.390029E+04
  0.172880E+01  0.375550E+04  0.359386E+04  0.000000E+00  0.000000E+00  0.159810E+00  0.368746E+04
  0.178740E+01  0.355024E+04  0.339744E+04  0.000000E+00  0.000000E+00  0.141379E+00  0.348592E+04
  0.184798E+01  0.335589E+04  0.321146E+04  0.000000E+00  0.000000E+00  0.125315E+00  0.329509E+04
  0.191062E+01  0.317190E+04  0.303539E+04  0.000000E+00  0.000000E+00  0.110499E+00  0.311443E+04
  0.197538E+01  0.299771E+04  0.286870E+04  0.000000E+00  0.000000E+00  0.978188E-01  0.294340E+04
  0.204234E+01  0.283285E+04  0.271094E+04  0.000000E+00  0.000000E+00  0.866702E-01  0.278153E+04
  0.211156E+01  0.267683E+04  0.256163E+04  0.000000E+00  0.000000E+00  0.764192E-01  0.262834E+04
  0.218313E+01  0.252920E+04  0.242035E+04  0.000000E+00  0.000000E+00  0.676354E-01  0.248338E+04
  0.225713E+01  0.238951E+04  0.228667E+04  0.000000E+00  0.000000E+00  0.598028E-01  0.234621E+04
  0.233364E+01  0.225735E+04  0.216021E+04  0.000000E+00  0.000000E+00  0.528373E-01  0.221645E+04
  0.241274E+01  0.213232E+04  0.204056E+04  0.000000E+00  0.000000E+00  0.467447E-01  0.209369E+04
  0.249452E+01  0.201405E+04  0.192738E+04  0.000000E+00  0.000000E+00  0.411553E-01  0.197756E+04
  0.257907E+01  0.190219E+04  0.182034E+04  0.000000E+00  0.000000E+00  0.364699E-01  0.186773E+04
  0.266649E+01  0.179641E+04  0.171911E+04  0.000000E+00  0.000000E+00  0.322031E-01  0.176387E+04
  0.275687E+01  0.169638E+04  0.162338E+04  0.000000E+00  0.000000E+00  0.284032E-01  0.166565E+04
  0.285031E+01  0.160181E+04  0.153288E+04  0.000000E+00  0.000000E+00  0.251295E-01  0.157279E+04
  0.294692E+01  0.151239E+04  0.144731E+04  0.000000E+00  0.000000E+00  0.222094E-01  0.148499E+04
  0.304681E+01  0.142786E+04  0.136641E+04  0.000000E+00  0.000000E+00  0.195998E-01  0.140199E+04
  0.315008E+01  0.134795E+04  0.128994E+04  0.000000E+00  0.000000E+00  0.173308E-01  0.132353E+04
  0.325685E+01  0.127242E+04  0.121766E+04  0.000000E+00  0.000000E+00  0.153439E-01  0.124937E+04
  0.336724E+01  0.120105E+04  0.114936E+04  0.000000E+00  0.000000E+00  0.134713E-01  0.117929E+04
  0.348138E+01  0.113360E+04  0.108481E+04  0.000000E+00  0.000000E+00  0.119529E-01  0.111306E+04
  0.359938E+01  0.106986E+04  0.102382E+04  0.000000E+00  0.000000E+00  0.105434E-01  0.105048E+04
  0.372138E+01  0.100964E+04  0.966186E+03  0.000000E+00  0.000000E+00  0.927994E-02  0.991346E+03
  0.384752E+01  0.952741E+03  0.911737E+03  0.000000E+00  0.000000E+00  0.820715E-02  0.935479E+03
  0.397793E+01  0.898990E+03  0.860298E+03  0.000000E+00  0.000000E+00  0.724428E-02  0.882702E+03
  0.411276E+01  0.848221E+03  0.811713E+03  0.000000E+00  0.000000E+00  0.641738E-02  0.832852E+03
  0.425217E+01  0.800266E+03  0.765820E+03  0.000000E+00  0.000000E+00  0.566419E-02  0.785766E+03
  0.439629E+01  0.754974E+03  0.722477E+03  0.000000E+00  0.000000E+00  0.497407E-02  0.741295E+03
  0.454531E+01  0.712198E+03  0.681541E+03  0.000000E+00  0.000000E+00  0.438635E-02  0.699293E+03
  0.469937E+01  0.671805E+03  0.642885E+03  0.000000E+00  0.000000E+00  0.390104E-02  0.659632E+03
  0.485865E+01  0.633667E+03  0.606388E+03  0.000000E+00  0.000000E+00  0.342521E-02  0.622185E+03
  0.502334E+01  0.597657E+03  0.571927E+03  0.000000E+00  0.000000E+00  0.302993E-02  0.586828E+03
  0.519360E+01  0.563661E+03  0.539393E+03  0.000000E+00  0.000000E+00  0.267997E-02  0.553447E+03
  0.536965E+01  0.531564E+03  0.508677E+03  0.000000E+00  0.000000E+00  0.235756E-02  0.521932E+03
  0.555165E+01  0.501268E+03  0.479684E+03  0.000000E+00  0.000000E+00  0.207969E-02  0.492184E+03
  0.573982E+01  0.472672E+03  0.452318E+03  0.000000E+00  0.000000E+00  0.183758E-02  0.464106E+03
  0.593437E+01  0.445683E+03  0.426489E+03  0.000000E+00  0.000000E+00  0.161846E-02  0.437606E+03
  0.613552E+01  0.420210E+03  0.402111E+03  0.000000E+00  0.000000E+00  0.142983E-02  0.412594E+03
  0.634348E+01  0.396171E+03  0.379106E+03  0.000000E+00  0.000000E+00  0.125410E-02  0.388990E+03
  0.655850E+01  0.373487E+03  0.357398E+03  0.000000E+00  0.000000E+00  0.111287E-02  0.366718E+03
  0.678080E+01  0.352084E+03  0.336916E+03  0.000000E+00  0.000000E+00  0.983650E-03  0.345703E+03
  0.701063E+01  0.331889E+03  0.317589E+03  0.000000E+00  0.000000E+00  0.865133E-03  0.325873E+03
  0.724826E+01  0.312836E+03  0.299355E+03  0.000000E+00  0.000000E+00  0.763685E-03  0.307165E+03
  0.749394E+01  0.294861E+03  0.282153E+03  0.000000E+00  0.000000E+00  0.676455E-03  0.289516E+03
  0.774795E+01  0.277906E+03  0.265927E+03  0.000000E+00  0.000000E+00  0.594331E-03  0.272868E+03
  0.801057E+01  0.261912E+03  0.250620E+03  0.000000E+00  0.000000E+00  0.525396E-03  0.257163E+03
  0.828209E+01  0.246825E+03  0.236182E+03  0.000000E+00  0.000000E+00  0.463474E-03  0.242350E+03
  0.856281E+01  0.232597E+03  0.222566E+03  0.000000E+00  0.000000E+00  0.405680E-03  0.228380E+03
  0.885305E+01  0.219178E+03  0.209724E+03  0.000000E+00  0.000000E+00  0.357652E-03  0.215204E+03
  0.915312E+01  0.206524E+03  0.197613E+03  0.000000E+00  0.000000E+00  0.315092E-03  0.202778E+03
  0.946337E+01  0.194590E+03  0.186193E+03  0.000000E+00  0.000000E+00  0.277632E-03  0.191061E+03
  0.978413E+01  0.183338E+03  0.175424E+03  0.000000E+00  0.000000E+00  0.243953E-03  0.180012E+03
  0.101158E+02  0.172728E+03  0.165270E+03  0.000000E+00  0.000000E+00  0.216053E-03  0.169595E+03
  0.104586E+02  0.162725E+03  0.155697E+03  0.000000E+00  0.000000E+00  0.190449E-03  0.159772E+03
  0.108131E+02  0.153294E+03  0.146671E+03  0.000000E+00  0.000000E+00  0.166276E-03  0.150512E+03
  0.111796E+02  0.144403E+03  0.138163E+03  0.000000E+00  0.000000E+00  0.148100E-03  0.141783E+03
  0.115586E+02  0.136021E+03  0.130141E+03  0.000000E+00  0.000000E+00  0.130417E-03  0.133553E+03
  0.119504E+02  0.128121E+03  0.122581E+03  0.000000E+00  0.000000E+00  0.115286E-03  0.125795E+03
  0.123554E+02  0.120674E+03  0.115454E+03  0.000000E+00  0.000000E+00  0.102715E-03  0.118484E+03
  0.127742E+02  0.113655E+03  0.108736E+03  0.000000E+00  0.000000E+00  0.886958E-04  0.111591E+03
  0.132072E+02  0.107040E+03  0.102406E+03  0.000000E+00  0.000000E+00  0.788986E-04  0.105096E+03
  0.136549E+02  0.100806E+03  0.964391E+02  0.000000E+00  0.000000E+00  0.692301E-04  0.989747E+02
  0.141177E+02  0.949305E+02  0.908162E+02  0.000000E+00  0.000000E+00  0.609093E-04  0.932057E+02
  0.145962E+02  0.893940E+02  0.855175E+02  0.000000E+00  0.000000E+00  0.537001E-04  0.877695E+02
  0.150909E+02  0.841771E+02  0.805247E+02  0.000000E+00  0.000000E+00  0.469958E-04  0.826470E+02
  0.156025E+02  0.792611E+02  0.758199E+02  0.000000E+00  0.000000E+00  0.422851E-04  0.778200E+02
  0.161313E+02  0.746296E+02  0.713873E+02  0.000000E+00  0.000000E+00  0.364144E-04  0.732724E+02
  0.166781E+02  0.702657E+02  0.672108E+02  0.000000E+00  0.000000E+00  0.321965E-04  0.689875E+02
  0.172434E+02  0.661544E+02  0.632761E+02  0.000000E+00  0.000000E+00  0.292799E-04  0.649506E+02
  0.178278E+02  0.622813E+02  0.595693E+02  0.000000E+00  0.000000E+00  0.254955E-04  0.611477E+02
  0.184321E+02  0.586327E+02  0.560774E+02  0.000000E+00  0.000000E+00  0.223396E-04  0.575651E+02
  0.190569E+02  0.551958E+02  0.527880E+02  0.000000E+00  0.000000E+00  0.195513E-04  0.541903E+02
  0.197028E+02  0.519584E+02  0.496896E+02  0.000000E+00  0.000000E+00  0.171315E-04  0.510115E+02
  0.203706E+02  0.489089E+02  0.467710E+02  0.000000E+00  0.000000E+00  0.153847E-04  0.480173E+02
  0.210611E+02  0.460368E+02  0.440222E+02  0.000000E+00  0.000000E+00  0.132401E-04  0.451972E+02
  0.217750E+02  0.433318E+02  0.414332E+02  0.000000E+00  0.000000E+00  0.117908E-04  0.425411E+02
  0.225131E+02  0.407842E+02  0.389950E+02  0.000000E+00  0.000000E+00  0.999150E-05  0.400396E+02
  0.232761E+02  0.383850E+02  0.366987E+02  0.000000E+00  0.000000E+00  0.936604E-05  0.376838E+02
  0.240651E+02  0.361257E+02  0.345363E+02  0.000000E+00  0.000000E+00  0.758616E-05  0.354654E+02
  0.248808E+02  0.339981E+02  0.325000E+02  0.000000E+00  0.000000E+00  0.700086E-05  0.333763E+02
  0.257241E+02  0.319947E+02  0.305825E+02  0.000000E+00  0.000000E+00  0.642991E-05  0.314092E+02
  0.265960E+02  0.301084E+02  0.287771E+02  0.000000E+00  0.000000E+00  0.543343E-05  0.295570E+02
  0.274975E+02  0.283322E+02  0.270770E+02  0.000000E+00  0.000000E+00  0.518041E-05  0.278129E+02
  0.284295E+02  0.266600E+02  0.254765E+02  0.000000E+00  0.000000E+00  0.458902E-05  0.261710E+02
  0.293932E+02  0.250856E+02  0.239695E+02  0.000000E+00  0.000000E+00  0.363358E-05  0.246250E+02
  0.303894E+02  0.236033E+02  0.225508E+02  0.000000E+00  0.000000E+00  0.314104E-05  0.231696E+02
  0.314195E+02  0.222079E+02  0.212151E+02  0.000000E+00  0.000000E+00  0.283001E-05  0.217994E+02
  0.324844E+02  0.208943E+02  0.199578E+02  0.000000E+00  0.000000E+00  0.271238E-05  0.205095E+02
  0.335855E+02  0.196577E+02  0.187742E+02  0.000000E+00  0.000000E+00  0.213200E-05  0.192953E+02
  0.347239E+02  0.184937E+02  0.176600E+02  0.000000E+00  0.000000E+00  0.217676E-05  0.181523E+02
  0.359009E+02  0.173981E+02  0.166112E+02  0.000000E+00  0.000000E+00  0.176409E-05  0.170765E+02
  0.371177E+02  0.163668E+02  0.156241E+02  0.000000E+00  0.000000E+00  0.128139E-05  0.160639E+02
  0.383758E+02  0.153962E+02  0.146950E+02  0.000000E+00  0.000000E+00  0.129692E-05  0.151108E+02
  0.396766E+02  0.144826E+02  0.138205E+02  0.000000E+00  0.000000E+00  0.118425E-05  0.142138E+02
  0.410214E+02  0.136229E+02  0.129975E+02  0.000000E+00  0.000000E+00  0.109309E-05  0.133695E+02
  0.424119E+02  0.128137E+02  0.122229E+02  0.000000E+00  0.000000E+00  0.837933E-06  0.125750E+02
  0.438494E+02  0.120522E+02  0.114939E+02  0.000000E+00  0.000000E+00  0.756733E-06  0.118273E+02
  0.453357E+02  0.113357E+02  0.108079E+02  0.000000E+00  0.000000E+00  0.737900E-06  0.111236E+02
  0.468724E+02  0.106613E+02  0.101624E+02  0.000000E+00  0.000000E+00  0.678850E-06  0.104615E+02
  0.484611E+02  0.100268E+02  0.955492E+01  0.000000E+00  0.000000E+00  0.674819E-06  0.983841E+01
  0.501037E+02  0.942974E+01  0.898332E+01  0.000000E+00  0.000000E+00  0.428248E-06  0.925213E+01
  0.518020E+02  0.886793E+01  0.844545E+01  0.000000E+00  0.000000E+00  0.419276E-06  0.870046E+01
  0.535578E+02  0.833934E+01  0.793938E+01  0.000000E+00  0.000000E+00  0.415688E-06  0.818141E+01
  0.553732E+02  0.784200E+01  0.746321E+01  0.000000E+00  0.000000E+00  0.367994E-06  0.769304E+01
  0.572501E+02  0.737407E+01  0.701520E+01  0.000000E+00  0.000000E+00  0.398233E-06  0.723355E+01
  0.591905E+02  0.693385E+01  0.659371E+01  0.000000E+00  0.000000E+00  0.230497E-06  0.680127E+01
  0.611968E+02  0.651969E+01  0.619715E+01  0.000000E+00  0.000000E+00  0.210198E-06  0.639458E+01
  0.632711E+02  0.613008E+01  0.582409E+01  0.000000E+00  0.000000E+00  0.160035E-06  0.601199E+01
  0.654157E+02  0.576355E+01  0.547311E+01  0.000000E+00  0.000000E+00  0.183937E-06  0.565206E+01
  0.676329E+02  0.541876E+01  0.514296E+01  0.000000E+00  0.000000E+00  0.151983E-06  0.531348E+01
  0.699254E+02  0.509442E+01  0.483236E+01  0.000000E+00  0.000000E+00  0.132881E-06  0.499498E+01
  0.722955E+02  0.478934E+01  0.454021E+01  0.000000E+00  0.000000E+00  0.838310E-07  0.469539E+01
  0.747460E+02  0.450236E+01  0.426538E+01  0.000000E+00  0.000000E+00  0.935966E-07  0.441359E+01
  0.772794E+02  0.423244E+01  0.400688E+01  0.000000E+00  0.000000E+00  0.765311E-07  0.414853E+01
  0.798989E+02  0.397856E+01  0.376373E+01  0.000000E+00  0.000000E+00  0.855961E-07  0.389921E+01
  0.826070E+02  0.373978E+01  0.353503E+01  0.000000E+00  0.000000E+00  0.821386E-07  0.366472E+01
  0.854070E+02  0.351520E+01  0.331993E+01  0.000000E+00  0.000000E+00  0.422759E-07  0.344418E+01
  0.883018E+02  0.330399E+01  0.311762E+01  0.000000E+00  0.000000E+00  0.754688E-07  0.323676E+01
  0.912949E+02  0.310534E+01  0.292735E+01  0.000000E+00  0.000000E+00  0.290841E-07  0.304169E+01
  0.943893E+02  0.291853E+01  0.274841E+01  0.000000E+00  0.000000E+00  0.502751E-07  0.285824E+01
  0.975888E+02  0.274285E+01  0.258011E+01  0.000000E+00  0.000000E+00  0.183137E-07  0.268571E+01
  0.100897E+03  0.257765E+01  0.242185E+01  0.000000E+00  0.000000E+00  0.290408E-07  0.252347E+01
  0.104316E+03  0.242229E+01  0.227302E+01  0.000000E+00  0.000000E+00  0.130878E-07  0.237090E+01
  0.107852E+03  0.227621E+01  0.213307E+01  0.000000E+00  0.000000E+00  0.218450E-07  0.222744E+01
  0.111508E+03  0.213884E+01  0.200146E+01  0.000000E+00  0.000000E+00  0.249649E-07  0.209253E+01
  0.115287E+03  0.200967E+01  0.187771E+01  0.000000E+00  0.000000E+00  0.103705E-07  0.196568E+01
  0.119195E+03  0.188822E+01  0.176135E+01  0.000000E+00  0.000000E+00  0.179477E-07  0.184641E+01
  0.123235E+03  0.177403E+01  0.165195E+01  0.000000E+00  0.000000E+00  0.852026E-08  0.173427E+01
  0.127412E+03  0.166666E+01  0.154907E+01  0.000000E+00  0.000000E+00  0.169301E-07  0.162882E+01
  0.131731E+03  0.156571E+01  0.145236E+01  0.000000E+00  0.000000E+00  0.381971E-08  0.152969E+01
  0.136196E+03  0.147081E+01  0.136143E+01  0.000000E+00  0.000000E+00  0.136113E-07  0.143648E+01
  0.140812E+03  0.138158E+01  0.127594E+01  0.000000E+00  0.000000E+00  0.315503E-08  0.134885E+01
  0.145585E+03  0.129769E+01  0.119558E+01  0.000000E+00  0.000000E+00  0.146404E-07  0.126647E+01
  0.150520E+03  0.121883E+01  0.112003E+01  0.000000E+00  0.000000E+00  0.126802E-07  0.118903E+01
  0.155622E+03  0.114470E+01  0.104902E+01  0.000000E+00  0.000000E+00 -0.753808E-09  0.111622E+01
  0.160897E+03  0.107500E+01  0.982266E+00  0.000000E+00  0.000000E+00  0.985436E-08  0.104778E+01
  0.166350E+03  0.100949E+01  0.919529E+00  0.000000E+00  0.000000E+00  0.662088E-08  0.983452E+00
  0.171989E+03  0.947914E+00  0.860565E+00  0.000000E+00  0.000000E+00  0.910310E-08  0.922982E+00
  0.177818E+03  0.890030E+00  0.805152E+00  0.000000E+00  0.000000E+00 -0.749747E-09  0.866143E+00
  0.183845E+03  0.835619E+00  0.753076E+00  0.000000E+00  0.000000E+00 -0.399510E-08  0.812717E+00
  0.190077E+03  0.784480E+00  0.704146E+00  0.000000E+00  0.000000E+00  0.418979E-08  0.762506E+00
  0.196519E+03  0.736415E+00  0.658173E+00  0.000000E+00  0.000000E+00  0.233827E-08  0.715315E+00
  0.203180E+03  0.691240E+00  0.614983E+00  0.000000E+00  0.000000E+00  0.368019E-08  0.670965E+00
