  0.106221E-04  0.128352E+08  0.128352E+08  0.171075E+08  0.171075E+08  0.128282E+08  0.128352E+08
  0.109822E-04  0.128352E+08  0.128352E+08  0.171071E+08  0.171071E+08  0.128282E+08  0.128352E+08
  0.113544E-04  0.128352E+08  0.128352E+08  0.171066E+08  0.171066E+08  0.128282E+08  0.128352E+08
  0.117393E-04  0.128352E+08  0.128352E+08  0.171062E+08  0.171061E+08  0.128282E+08  0.128352E+08
  0.121372E-04  0.128352E+08  0.128352E+08  0.171056E+08  0.171056E+08  0.128282E+08  0.128352E+08
  0.125486E-04  0.128352E+08  0.128352E+08  0.171051E+08  0.171051E+08  0.128282E+08  0.128352E+08
  0.129739E-04  0.128352E+08  0.128352E+08  0.171045E+08  0.171045E+08  0.128282E+08  0.128352E+08
  0.134136E-04  0.128352E+08  0.128352E+08  0.171039E+08  0.171038E+08  0.128282E+08  0.128352E+08
  0.138683E-04  0.128352E+08  0.128352E+08  0.171032E+08  0.171032E+08  0.128282E+08  0.128352E+08
  0.143384E-04  0.128352E+08  0.128352E+08  0.171025E+08  0.171024E+08  0.128282E+08  0.128352E+08
  0.148244E-04  0.128352E+08  0.128352E+08  0.171017E+08  0.171017E+08  0.128282E+08  0.128352E+08
  0.153268E-04  0.128352E+08  0.128352E+08  0.171009E+08  0.171008E+08  0.128282E+08  0.128351E+08
  0.158463E-04  0.128352E+08  0.128352E+08  0.171000E+08  0.170999E+08  0.128281E+08  0.128351E+08
  0.163835E-04  0.128352E+08  0.128352E+08  0.170990E+08  0.170990E+08  0.128281E+08  0.128351E+08
  0.169388E-04  0.128352E+08  0.128352E+08  0.170980E+08  0.170980E+08  0.128281E+08  0.128351E+08
  0.175129E-04  0.128352E+08  0.128352E+08  0.170969E+08  0.170969E+08  0.128281E+08  0.128351E+08
  0.181065E-04  0.128352E+08  0.128352E+08  0.170958E+08  0.170957E+08  0.128281E+08  0.128351E+08
  0.187202E-04  0.128352E+08  0.128352E+08  0.170946E+08  0.170945E+08  0.128281E+08  0.128351E+08
  0.193548E-04  0.128352E+08  0.128352E+08  0.170932E+08  0.170932E+08  0.128281E+08  0.128351E+08
  0.200108E-04  0.128352E+08  0.128352E+08  0.170918E+08  0.170918E+08  0.128281E+08  0.128351E+08
  0.206891E-04  0.128352E+08  0.128352E+08  0.170903E+08  0.170903E+08  0.128280E+08  0.128351E+08
  0.213903E-04  0.128352E+08  0.128352E+08  0.170887E+08  0.170887E+08  0.128280E+08  0.128351E+08
  0.221154E-04  0.128352E+08  0.128352E+08  0.170870E+08  0.170869E+08  0.128280E+08  0.128351E+08
  0.228650E-04  0.128352E+08  0.128352E+08  0.170852E+08  0.170851E+08  0.128280E+08  0.128351E+08
  0.236400E-04  0.128352E+08  0.128352E+08  0.170832E+08  0.170831E+08  0.128280E+08  0.128351E+08
  0.244412E-04  0.128352E+08  0.128352E+08  0.170811E+08  0.170810E+08  0.128279E+08  0.128351E+08
  0.252697E-04  0.128352E+08  0.128352E+08  0.170789E+08  0.170788E+08  0.128279E+08  0.128351E+08
  0.261262E-04  0.128352E+08  0.128352E+08  0.170765E+08  0.170764E+08  0.128279E+08  0.128351E+08
  0.270118E-04  0.128352E+08  0.128352E+08  0.170739E+08  0.170738E+08  0.128279E+08  0.128351E+08
  0.279273E-04  0.128352E+08  0.128352E+08  0.170712E+08  0.170711E+08  0.128278E+08  0.128351E+08
  0.288739E-04  0.128351E+08  0.128351E+08  0.170682E+08  0.170681E+08  0.128278E+08  0.128351E+08
  0.298526E-04  0.128351E+08  0.128351E+08  0.170651E+08  0.170650E+08  0.128278E+08  0.128351E+08
  0.308645E-04  0.128351E+08  0.128351E+08  0.170618E+08  0.170616E+08  0.128278E+08  0.128351E+08
  0.319106E-04  0.128351E+08  0.128351E+08  0.170582E+08  0.170581E+08  0.128277E+08  0.128350E+08
  0.329922E-04  0.128351E+08  0.128351E+08  0.170544E+08  0.170542E+08  0.128277E+08  0.128350E+08
  0.341105E-04  0.128351E+08  0.128351E+08  0.170503E+08  0.170501E+08  0.128276E+08  0.128350E+08
  0.352667E-04  0.128351E+08  0.128351E+08  0.170459E+08  0.170458E+08  0.128276E+08  0.128350E+08
  0.364621E-04  0.128351E+08  0.128351E+08  0.170413E+08  0.170411E+08  0.128275E+08  0.128350E+08
  0.376979E-04  0.128351E+08  0.128351E+08  0.170363E+08  0.170361E+08  0.128275E+08  0.128350E+08
  0.389757E-04  0.128351E+08  0.128351E+08  0.170310E+08  0.170308E+08  0.128274E+08  0.128350E+08
  0.402968E-04  0.128350E+08  0.128350E+08  0.170253E+08  0.170251E+08  0.128274E+08  0.128350E+08
  0.416627E-04  0.128350E+08  0.128350E+08  0.170192E+08  0.170190E+08  0.128273E+08  0.128350E+08
  0.430748E-04  0.128350E+08  0.128350E+08  0.170127E+08  0.170125E+08  0.128273E+08  0.128349E+08
  0.445349E-04  0.128350E+08  0.128350E+08  0.170058E+08  0.170055E+08  0.128272E+08  0.128349E+08
  0.460444E-04  0.128350E+08  0.128350E+08  0.169983E+08  0.169981E+08  0.128271E+08  0.128349E+08
  0.476050E-04  0.128350E+08  0.128350E+08  0.169904E+08  0.169901E+08  0.128270E+08  0.128349E+08
  0.492186E-04  0.128349E+08  0.128349E+08  0.169819E+08  0.169816E+08  0.128269E+08  0.128349E+08
  0.508869E-04  0.128349E+08  0.128349E+08  0.169729E+08  0.169726E+08  0.128268E+08  0.128348E+08
  0.526117E-04  0.128349E+08  0.128349E+08  0.169632E+08  0.169629E+08  0.128267E+08  0.128348E+08
  0.543950E-04  0.128349E+08  0.128349E+08  0.169529E+08  0.169525E+08  0.128266E+08  0.128348E+08
  0.562387E-04  0.128349E+08  0.128349E+08  0.169419E+08  0.169415E+08  0.128265E+08  0.128348E+08
  0.581449E-04  0.128348E+08  0.128348E+08  0.169301E+08  0.169297E+08  0.128264E+08  0.128347E+08
  0.601158E-04  0.128348E+08  0.128348E+08  0.169175E+08  0.169170E+08  0.128263E+08  0.128347E+08
  0.621534E-04  0.128348E+08  0.128348E+08  0.169041E+08  0.169036E+08  0.128261E+08  0.128347E+08
  0.642601E-04  0.128347E+08  0.128347E+08  0.168897E+08  0.168892E+08  0.128260E+08  0.128346E+08
  0.664382E-04  0.128347E+08  0.128347E+08  0.168744E+08  0.168738E+08  0.128258E+08  0.128346E+08
  0.686901E-04  0.128347E+08  0.128347E+08  0.168580E+08  0.168574E+08  0.128257E+08  0.128346E+08
  0.710184E-04  0.128346E+08  0.128346E+08  0.168405E+08  0.168398E+08  0.128255E+08  0.128345E+08
  0.734256E-04  0.128346E+08  0.128346E+08  0.168218E+08  0.168211E+08  0.128253E+08  0.128345E+08
  0.759143E-04  0.128345E+08  0.128345E+08  0.168018E+08  0.168011E+08  0.128251E+08  0.128344E+08
  0.784875E-04  0.128345E+08  0.128345E+08  0.167805E+08  0.167798E+08  0.128249E+08  0.128344E+08
  0.811478E-04  0.128344E+08  0.128344E+08  0.167578E+08  0.167570E+08  0.128246E+08  0.128343E+08
  0.838983E-04  0.128344E+08  0.128344E+08  0.167335E+08  0.167326E+08  0.128244E+08  0.128342E+08
  0.867421E-04  0.128343E+08  0.128343E+08  0.167076E+08  0.167067E+08  0.128241E+08  0.128342E+08
  0.896822E-04  0.128342E+08  0.128342E+08  0.166800E+08  0.166789E+08  0.128238E+08  0.128341E+08
  0.927220E-04  0.128342E+08  0.128342E+08  0.166504E+08  0.166494E+08  0.128235E+08  0.128340E+08
  0.958648E-04  0.128341E+08  0.128341E+08  0.166189E+08  0.166178E+08  0.128232E+08  0.128340E+08
  0.991141E-04  0.128340E+08  0.128340E+08  0.165853E+08  0.165841E+08  0.128228E+08  0.128339E+08
  0.102474E-03  0.128339E+08  0.128339E+08  0.165495E+08  0.165482E+08  0.128225E+08  0.128338E+08
  0.105947E-03  0.128338E+08  0.128338E+08  0.165112E+08  0.165098E+08  0.128221E+08  0.128337E+08
  0.109538E-03  0.128337E+08  0.128337E+08  0.164704E+08  0.164689E+08  0.128216E+08  0.128336E+08
  0.113251E-03  0.128336E+08  0.128336E+08  0.164269E+08  0.164253E+08  0.128212E+08  0.128335E+08
  0.117090E-03  0.128335E+08  0.128335E+08  0.163805E+08  0.163789E+08  0.128207E+08  0.128334E+08
  0.121058E-03  0.128334E+08  0.128334E+08  0.163311E+08  0.163293E+08  0.128202E+08  0.128332E+08
  0.125162E-03  0.128333E+08  0.128333E+08  0.162784E+08  0.162765E+08  0.128196E+08  0.128331E+08
  0.129404E-03  0.128331E+08  0.128331E+08  0.162223E+08  0.162202E+08  0.128190E+08  0.128330E+08
  0.133790E-03  0.128330E+08  0.128330E+08  0.161624E+08  0.161603E+08  0.128184E+08  0.128328E+08
  0.138325E-03  0.128328E+08  0.128328E+08  0.160987E+08  0.160964E+08  0.128177E+08  0.128327E+08
  0.143013E-03  0.128327E+08  0.128326E+08  0.160309E+08  0.160284E+08  0.128170E+08  0.128325E+08
  0.147861E-03  0.128325E+08  0.128325E+08  0.159586E+08  0.159560E+08  0.128162E+08  0.128323E+08
  0.152873E-03  0.128323E+08  0.128323E+08  0.158818E+08  0.158790E+08  0.128154E+08  0.128321E+08
  0.158054E-03  0.128321E+08  0.128321E+08  0.158000E+08  0.157970E+08  0.128145E+08  0.128319E+08
  0.163412E-03  0.128319E+08  0.128319E+08  0.157130E+08  0.157098E+08  0.128135E+08  0.128317E+08
  0.168950E-03  0.128316E+08  0.128316E+08  0.156205E+08  0.156171E+08  0.128125E+08  0.128314E+08
  0.174677E-03  0.128314E+08  0.128314E+08  0.155222E+08  0.155186E+08  0.128114E+08  0.128312E+08
  0.180598E-03  0.128311E+08  0.128311E+08  0.154178E+08  0.154140E+08  0.128103E+08  0.128309E+08
  0.186719E-03  0.128308E+08  0.128308E+08  0.153069E+08  0.153029E+08  0.128090E+08  0.128306E+08
  0.193048E-03  0.128305E+08  0.128305E+08  0.151892E+08  0.151849E+08  0.128077E+08  0.128303E+08
  0.199591E-03  0.128302E+08  0.128302E+08  0.150643E+08  0.150597E+08  0.128063E+08  0.128299E+08
  0.206357E-03  0.128299E+08  0.128298E+08  0.149319E+08  0.149270E+08  0.128048E+08  0.128296E+08
  0.213351E-03  0.128295E+08  0.128295E+08  0.147915E+08  0.147864E+08  0.128032E+08  0.128292E+08
  0.220583E-03  0.128291E+08  0.128291E+08  0.146429E+08  0.146375E+08  0.128015E+08  0.128288E+08
  0.228059E-03  0.128287E+08  0.128287E+08  0.144856E+08  0.144798E+08  0.127996E+08  0.128284E+08
  0.235789E-03  0.128282E+08  0.128282E+08  0.143192E+08  0.143131E+08  0.127977E+08  0.128279E+08
  0.243781E-03  0.128277E+08  0.128277E+08  0.141433E+08  0.141369E+08  0.127956E+08  0.128274E+08
  0.252044E-03  0.128272E+08  0.128272E+08  0.139576E+08  0.139508E+08  0.127933E+08  0.128269E+08
  0.260588E-03  0.128267E+08  0.128267E+08  0.137616E+08  0.137544E+08  0.127909E+08  0.128263E+08
  0.269420E-03  0.128261E+08  0.128261E+08  0.135550E+08  0.135474E+08  0.127884E+08  0.128257E+08
  0.278552E-03  0.128255E+08  0.128255E+08  0.133374E+08  0.133294E+08  0.127857E+08  0.128250E+08
  0.287994E-03  0.128248E+08  0.128248E+08  0.131084E+08  0.131001E+08  0.127828E+08  0.128243E+08
  0.297755E-03  0.128241E+08  0.128241E+08  0.128679E+08  0.128591E+08  0.127797E+08  0.128236E+08
  0.307848E-03  0.128233E+08  0.128233E+08  0.126154E+08  0.126061E+08  0.127763E+08  0.128228E+08
  0.318282E-03  0.128225E+08  0.128225E+08  0.123507E+08  0.123410E+08  0.127728E+08  0.128220E+08
  0.329071E-03  0.128217E+08  0.128216E+08  0.120737E+08  0.120635E+08  0.127690E+08  0.128211E+08
  0.340224E-03  0.128207E+08  0.128207E+08  0.117841E+08  0.117735E+08  0.127650E+08  0.128201E+08
  0.351756E-03  0.128198E+08  0.128197E+08  0.114820E+08  0.114708E+08  0.127607E+08  0.128191E+08
  0.363679E-03  0.128187E+08  0.128187E+08  0.111673E+08  0.111556E+08  0.127561E+08  0.128180E+08
  0.376006E-03  0.128176E+08  0.128176E+08  0.108401E+08  0.108280E+08  0.127512E+08  0.128169E+08
  0.388751E-03  0.128164E+08  0.128164E+08  0.105006E+08  0.104880E+08  0.127460E+08  0.128156E+08
  0.401928E-03  0.128151E+08  0.128151E+08  0.101491E+08  0.101360E+08  0.127404E+08  0.128143E+08
  0.415551E-03  0.128138E+08  0.128138E+08  0.978612E+07  0.977250E+07  0.127345E+08  0.128129E+08
  0.429636E-03  0.128123E+08  0.128123E+08  0.941214E+07  0.939802E+07  0.127281E+08  0.128114E+08
  0.444199E-03  0.128108E+08  0.128108E+08  0.902792E+07  0.901331E+07  0.127214E+08  0.128098E+08
  0.459255E-03  0.128092E+08  0.128092E+08  0.863434E+07  0.861926E+07  0.127142E+08  0.128081E+08
  0.474821E-03  0.128074E+08  0.128074E+08  0.823249E+07  0.821694E+07  0.127065E+08  0.128063E+08
  0.490915E-03  0.128056E+08  0.128056E+08  0.782360E+07  0.780760E+07  0.126983E+08  0.128044E+08
  0.507555E-03  0.128036E+08  0.128036E+08  0.740913E+07  0.739269E+07  0.126896E+08  0.128024E+08
  0.524759E-03  0.128015E+08  0.128015E+08  0.699073E+07  0.697386E+07  0.126803E+08  0.128002E+08
  0.542546E-03  0.127993E+08  0.127993E+08  0.657023E+07  0.655296E+07  0.126704E+08  0.127979E+08
  0.560935E-03  0.127969E+08  0.127969E+08  0.614968E+07  0.613202E+07  0.126599E+08  0.127954E+08
  0.579948E-03  0.127944E+08  0.127944E+08  0.573128E+07  0.571325E+07  0.126488E+08  0.127928E+08
  0.599606E-03  0.127917E+08  0.127917E+08  0.531744E+07  0.529905E+07  0.126368E+08  0.127901E+08
  0.619929E-03  0.127889E+08  0.127889E+08  0.491069E+07  0.489194E+07  0.126242E+08  0.127871E+08
  0.640942E-03  0.127859E+08  0.127858E+08  0.451366E+07  0.449456E+07  0.126107E+08  0.127840E+08
  0.662667E-03  0.127827E+08  0.127826E+08  0.412906E+07  0.410962E+07  0.125964E+08  0.127807E+08
  0.685128E-03  0.127793E+08  0.127792E+08  0.375963E+07  0.373982E+07  0.125812E+08  0.127771E+08
  0.708350E-03  0.127757E+08  0.127756E+08  0.340803E+07  0.338783E+07  0.125651E+08  0.127734E+08
  0.732360E-03  0.127719E+08  0.127718E+08  0.307681E+07  0.305620E+07  0.125480E+08  0.127694E+08
  0.757184E-03  0.127678E+08  0.127677E+08  0.276833E+07  0.274727E+07  0.125298E+08  0.127652E+08
  0.782848E-03  0.127635E+08  0.127634E+08  0.248465E+07  0.246309E+07  0.125105E+08  0.127608E+08
  0.809383E-03  0.127590E+08  0.127589E+08  0.222744E+07  0.220531E+07  0.124900E+08  0.127560E+08
  0.836817E-03  0.127541E+08  0.127541E+08  0.199789E+07  0.197513E+07  0.124684E+08  0.127510E+08
  0.865181E-03  0.127490E+08  0.127490E+08  0.179662E+07  0.177316E+07  0.124454E+08  0.127457E+08
  0.894507E-03  0.127436E+08  0.127436E+08  0.162361E+07  0.159937E+07  0.124211E+08  0.127401E+08
  0.924826E-03  0.127379E+08  0.127378E+08  0.147810E+07  0.145304E+07  0.123954E+08  0.127342E+08
  0.956173E-03  0.127319E+08  0.127318E+08  0.135860E+07  0.133268E+07  0.123682E+08  0.127280E+08
  0.988582E-03  0.127255E+08  0.127254E+08  0.126288E+07  0.123608E+07  0.123395E+08  0.127213E+08
  0.102209E-02  0.127188E+08  0.127187E+08  0.118797E+07  0.116032E+07  0.123092E+08  0.127144E+08
  0.105673E-02  0.127117E+08  0.127116E+08  0.113030E+07  0.110189E+07  0.122772E+08  0.127070E+08
  0.109255E-02  0.127042E+08  0.127041E+08  0.108579E+07  0.105678E+07  0.122435E+08  0.126992E+08
  0.112958E-02  0.126963E+08  0.126962E+08  0.105010E+07  0.102072E+07  0.122079E+08  0.126910E+08
  0.116787E-02  0.126880E+08  0.126878E+08  0.101885E+07  0.989404E+06  0.121705E+08  0.126823E+08
  0.120746E-02  0.126792E+08  0.126790E+08  0.987891E+06  0.958778E+06  0.121312E+08  0.126732E+08
  0.124838E-02  0.126699E+08  0.126697E+08  0.953622E+06  0.925323E+06  0.120898E+08  0.126636E+08
  0.129070E-02  0.126601E+08  0.126599E+08  0.913293E+06  0.886348E+06  0.120464E+08  0.126534E+08
  0.133445E-02  0.126498E+08  0.126496E+08  0.865253E+06  0.840238E+06  0.120009E+08  0.126428E+08
  0.137968E-02  0.126390E+08  0.126388E+08  0.809133E+06  0.786620E+06  0.119532E+08  0.126315E+08
  0.142644E-02  0.126276E+08  0.126274E+08  0.745909E+06  0.726418E+06  0.119033E+08  0.126197E+08
  0.147479E-02  0.126156E+08  0.126154E+08  0.677813E+06  0.661758E+06  0.118511E+08  0.126073E+08
  0.152478E-02  0.126030E+08  0.126028E+08  0.608090E+06  0.595717E+06  0.117967E+08  0.125943E+08
  0.157646E-02  0.125898E+08  0.125895E+08  0.540568E+06  0.531912E+06  0.117399E+08  0.125805E+08
  0.162990E-02  0.125759E+08  0.125756E+08  0.479115E+06  0.473958E+06  0.116807E+08  0.125661E+08
  0.168514E-02  0.125613E+08  0.125610E+08  0.427011E+06  0.424882E+06  0.116192E+08  0.125510E+08
  0.174226E-02  0.125459E+08  0.125456E+08  0.386353E+06  0.386549E+06  0.115553E+08  0.125351E+08
  0.180131E-02  0.125298E+08  0.125295E+08  0.357598E+06  0.359256E+06  0.114890E+08  0.125185E+08
  0.186237E-02  0.125130E+08  0.125126E+08  0.339376E+06  0.341572E+06  0.114204E+08  0.125011E+08
  0.192550E-02  0.124953E+08  0.124949E+08  0.000000E+00  0.000000E+00  0.113493E+08  0.124828E+08
  0.199076E-02  0.124767E+08  0.124763E+08  0.000000E+00  0.000000E+00  0.112760E+08  0.124636E+08
  0.205824E-02  0.124573E+08  0.124568E+08  0.000000E+00  0.000000E+00  0.112004E+08  0.124436E+08
  0.212800E-02  0.124370E+08  0.124365E+08  0.000000E+00  0.000000E+00  0.111225E+08  0.124227E+08
  0.220013E-02  0.124158E+08  0.124152E+08  0.000000E+00  0.000000E+00  0.110425E+08  0.124008E+08
  0.227470E-02  0.123936E+08  0.123930E+08  0.000000E+00  0.000000E+00  0.109602E+08  0.123779E+08
  0.235181E-02  0.123703E+08  0.123697E+08  0.000000E+00  0.000000E+00  0.108759E+08  0.123540E+08
  0.243152E-02  0.123461E+08  0.123454E+08  0.000000E+00  0.000000E+00  0.107896E+08  0.123291E+08
  0.251394E-02  0.123208E+08  0.123201E+08  0.000000E+00  0.000000E+00  0.107013E+08  0.123031E+08
  0.259915E-02  0.122944E+08  0.122937E+08  0.000000E+00  0.000000E+00  0.106110E+08  0.122761E+08
  0.268725E-02  0.122669E+08  0.122661E+08  0.000000E+00  0.000000E+00  0.105189E+08  0.122479E+08
  0.277833E-02  0.122383E+08  0.122374E+08  0.000000E+00  0.000000E+00  0.104249E+08  0.122185E+08
  0.287250E-02  0.122085E+08  0.122076E+08  0.000000E+00  0.000000E+00  0.103291E+08  0.121880E+08
  0.296987E-02  0.121774E+08  0.121765E+08  0.000000E+00  0.000000E+00  0.102316E+08  0.121562E+08
  0.307053E-02  0.121452E+08  0.121441E+08  0.000000E+00  0.000000E+00  0.101322E+08  0.121232E+08
  0.317461E-02  0.121116E+08  0.121105E+08  0.000000E+00  0.000000E+00  0.100310E+08  0.120889E+08
  0.328221E-02  0.120768E+08  0.120756E+08  0.000000E+00  0.000000E+00  0.992802E+07  0.120533E+08
  0.339346E-02  0.120407E+08  0.120394E+08  0.000000E+00  0.000000E+00  0.982316E+07  0.120164E+08
  0.350848E-02  0.120031E+08  0.120018E+08  0.000000E+00  0.000000E+00  0.971639E+07  0.119781E+08
  0.362740E-02  0.119643E+08  0.119628E+08  0.000000E+00  0.000000E+00  0.960765E+07  0.119385E+08
  0.375035E-02  0.119240E+08  0.119224E+08  0.000000E+00  0.000000E+00  0.949687E+07  0.118974E+08
  0.387747E-02  0.118822E+08  0.118806E+08  0.000000E+00  0.000000E+00  0.938399E+07  0.118549E+08
  0.400890E-02  0.118390E+08  0.118372E+08  0.000000E+00  0.000000E+00  0.926895E+07  0.118108E+08
  0.414478E-02  0.117943E+08  0.117924E+08  0.000000E+00  0.000000E+00  0.915170E+07  0.117653E+08
  0.428527E-02  0.117480E+08  0.117460E+08  0.000000E+00  0.000000E+00  0.903219E+07  0.117182E+08
  0.443052E-02  0.117002E+08  0.116981E+08  0.000000E+00  0.000000E+00  0.891040E+07  0.116696E+08
  0.458069E-02  0.116508E+08  0.116485E+08  0.000000E+00  0.000000E+00  0.878633E+07  0.116193E+08
  0.473596E-02  0.115997E+08  0.115973E+08  0.000000E+00  0.000000E+00  0.865997E+07  0.115674E+08
  0.489648E-02  0.115470E+08  0.115444E+08  0.000000E+00  0.000000E+00  0.853138E+07  0.115139E+08
  0.506245E-02  0.114926E+08  0.114899E+08  0.000000E+00  0.000000E+00  0.840059E+07  0.114586E+08
  0.523404E-02  0.114364E+08  0.114336E+08  0.000000E+00  0.000000E+00  0.826768E+07  0.114016E+08
  0.541145E-02  0.113785E+08  0.113755E+08  0.000000E+00  0.000000E+00  0.813272E+07  0.113429E+08
  0.559487E-02  0.113189E+08  0.113156E+08  0.000000E+00  0.000000E+00  0.799582E+07  0.112823E+08
  0.578451E-02  0.112573E+08  0.112538E+08  0.000000E+00  0.000000E+00  0.785707E+07  0.112199E+08
  0.598058E-02  0.111940E+08  0.111902E+08  0.000000E+00  0.000000E+00  0.771658E+07  0.111557E+08
  0.618329E-02  0.111287E+08  0.111247E+08  0.000000E+00  0.000000E+00  0.757446E+07  0.110895E+08
  0.639287E-02  0.110615E+08  0.110573E+08  0.000000E+00  0.000000E+00  0.743083E+07  0.110214E+08
  0.660956E-02  0.109923E+08  0.109879E+08  0.000000E+00  0.000000E+00  0.728579E+07  0.109514E+08
  0.683359E-02  0.109212E+08  0.109164E+08  0.000000E+00  0.000000E+00  0.713946E+07  0.108794E+08
  0.706522E-02  0.108480E+08  0.108430E+08  0.000000E+00  0.000000E+00  0.699195E+07  0.108054E+08
  0.730469E-02  0.107728E+08  0.107674E+08  0.000000E+00  0.000000E+00  0.684338E+07  0.107293E+08
  0.755228E-02  0.106955E+08  0.106897E+08  0.000000E+00  0.000000E+00  0.669386E+07  0.106512E+08
  0.780827E-02  0.106160E+08  0.106099E+08  0.000000E+00  0.000000E+00  0.654352E+07  0.105709E+08
  0.807293E-02  0.105344E+08  0.105280E+08  0.000000E+00  0.000000E+00  0.639247E+07  0.104885E+08
  0.834657E-02  0.104506E+08  0.104438E+08  0.000000E+00  0.000000E+00  0.624084E+07  0.104039E+08
  0.862947E-02  0.103646E+08  0.103573E+08  0.000000E+00  0.000000E+00  0.608876E+07  0.103171E+08
  0.892197E-02  0.102764E+08  0.102686E+08  0.000000E+00  0.000000E+00  0.593634E+07  0.102280E+08
  0.922438E-02  0.101858E+08  0.101776E+08  0.000000E+00  0.000000E+00  0.578373E+07  0.101367E+08
  0.953704E-02  0.100929E+08  0.100842E+08  0.000000E+00  0.000000E+00  0.563106E+07  0.100431E+08
  0.986030E-02  0.999770E+07  0.998842E+07  0.000000E+00  0.000000E+00  0.547844E+07  0.994718E+07
  0.101945E-01  0.990008E+07  0.989023E+07  0.000000E+00  0.000000E+00  0.532603E+07  0.984887E+07
  0.105401E-01  0.980003E+07  0.978959E+07  0.000000E+00  0.000000E+00  0.517394E+07  0.974816E+07
  0.108973E-01  0.969753E+07  0.968647E+07  0.000000E+00  0.000000E+00  0.502232E+07  0.964503E+07
  0.112667E-01  0.959254E+07  0.958083E+07  0.000000E+00  0.000000E+00  0.487130E+07  0.953943E+07
  0.116486E-01  0.948504E+07  0.947264E+07  0.000000E+00  0.000000E+00  0.472103E+07  0.943135E+07
  0.120434E-01  0.937499E+07  0.936186E+07  0.000000E+00  0.000000E+00  0.457162E+07  0.932076E+07
  0.124516E-01  0.926238E+07  0.924849E+07  0.000000E+00  0.000000E+00  0.442324E+07  0.920762E+07
  0.128737E-01  0.914716E+07  0.913248E+07  0.000000E+00  0.000000E+00  0.427600E+07  0.909193E+07
  0.133100E-01  0.902932E+07  0.901381E+07  0.000000E+00  0.000000E+00  0.413006E+07  0.897365E+07
  0.137612E-01  0.890885E+07  0.889247E+07  0.000000E+00  0.000000E+00  0.398552E+07  0.885277E+07
  0.142276E-01  0.878572E+07  0.876844E+07  0.000000E+00  0.000000E+00  0.384251E+07  0.872928E+07
  0.147098E-01  0.865993E+07  0.864170E+07  0.000000E+00  0.000000E+00  0.370114E+07  0.860316E+07
  0.152084E-01  0.853146E+07  0.851225E+07  0.000000E+00  0.000000E+00  0.356151E+07  0.847440E+07
  0.157239E-01  0.840032E+07  0.838010E+07  0.000000E+00  0.000000E+00  0.342373E+07  0.834302E+07
  0.162569E-01  0.826651E+07  0.824524E+07  0.000000E+00  0.000000E+00  0.328791E+07  0.820902E+07
  0.168079E-01  0.813005E+07  0.810769E+07  0.000000E+00  0.000000E+00  0.315419E+07  0.807241E+07
  0.173776E-01  0.799097E+07  0.796749E+07  0.000000E+00  0.000000E+00  0.302270E+07  0.793322E+07
  0.179666E-01  0.784930E+07  0.782467E+07  0.000000E+00  0.000000E+00  0.289358E+07  0.779149E+07
  0.185756E-01  0.770508E+07  0.767928E+07  0.000000E+00  0.000000E+00  0.276695E+07  0.764727E+07
  0.192052E-01  0.755838E+07  0.753139E+07  0.000000E+00  0.000000E+00  0.264287E+07  0.750062E+07
  0.198562E-01  0.740929E+07  0.738107E+07  0.000000E+00  0.000000E+00  0.252140E+07  0.735162E+07
  0.205292E-01  0.725789E+07  0.722844E+07  0.000000E+00  0.000000E+00  0.240262E+07  0.720037E+07
  0.212251E-01  0.710430E+07  0.707361E+07  0.000000E+00  0.000000E+00  0.228667E+07  0.704698E+07
  0.219445E-01  0.694865E+07  0.691672E+07  0.000000E+00  0.000000E+00  0.217368E+07  0.689159E+07
  0.226883E-01  0.679111E+07  0.675794E+07  0.000000E+00  0.000000E+00  0.206374E+07  0.673436E+07
  0.234573E-01  0.663186E+07  0.659747E+07  0.000000E+00  0.000000E+00  0.195689E+07  0.657547E+07
  0.242524E-01  0.647111E+07  0.643552E+07  0.000000E+00  0.000000E+00  0.185316E+07  0.641514E+07
  0.250745E-01  0.630910E+07  0.627235E+07  0.000000E+00  0.000000E+00  0.175270E+07  0.625360E+07
  0.259244E-01  0.614610E+07  0.610824E+07  0.000000E+00  0.000000E+00  0.165558E+07  0.609113E+07
  0.268031E-01  0.598242E+07  0.594350E+07  0.000000E+00  0.000000E+00  0.156183E+07  0.592803E+07
  0.277116E-01  0.581839E+07  0.577848E+07  0.000000E+00  0.000000E+00  0.147147E+07  0.576463E+07
  0.286509E-01  0.565437E+07  0.561356E+07  0.000000E+00  0.000000E+00  0.138462E+07  0.560130E+07
  0.296220E-01  0.549077E+07  0.544916E+07  0.000000E+00  0.000000E+00  0.130131E+07  0.543844E+07
  0.306260E-01  0.532801E+07  0.528573E+07  0.000000E+00  0.000000E+00  0.122152E+07  0.527647E+07
  0.316641E-01  0.516657E+07  0.512375E+07  0.000000E+00  0.000000E+00  0.114533E+07  0.511586E+07
  0.327374E-01  0.500692E+07  0.496372E+07  0.000000E+00  0.000000E+00  0.107271E+07  0.495709E+07
  0.338470E-01  0.487337E+07  0.482994E+07  0.000000E+00  0.000000E+00  0.934853E+06  0.482346E+07
  0.349942E-01  0.471967E+07  0.467619E+07  0.000000E+00  0.000000E+00  0.871854E+06  0.467073E+07
  0.361804E-01  0.456929E+07  0.452597E+07  0.000000E+00  0.000000E+00  0.812396E+06  0.452136E+07
  0.374067E-01  0.442133E+07  0.437838E+07  0.000000E+00  0.000000E+00  0.756206E+06  0.437446E+07
  0.386746E-01  0.427697E+07  0.423461E+07  0.000000E+00  0.000000E+00  0.703360E+06  0.423119E+07
  0.399855E-01  0.413736E+07  0.409582E+07  0.000000E+00  0.000000E+00  0.653886E+06  0.409269E+07
  0.413408E-01  0.400306E+07  0.396256E+07  0.000000E+00  0.000000E+00  0.607688E+06  0.395952E+07
  0.427421E-01  0.387453E+07  0.383530E+07  0.000000E+00  0.000000E+00  0.564698E+06  0.383212E+07
  0.441908E-01  0.373742E+07  0.369969E+07  0.000000E+00  0.000000E+00  0.550482E+06  0.369660E+07
  0.456886E-01  0.362082E+07  0.358480E+07  0.000000E+00  0.000000E+00  0.512662E+06  0.358114E+07
  0.472373E-01  0.351047E+07  0.347634E+07  0.000000E+00  0.000000E+00  0.477600E+06  0.347192E+07
  0.488384E-01  0.340616E+07  0.337408E+07  0.000000E+00  0.000000E+00  0.445087E+06  0.336872E+07
  0.504938E-01  0.330751E+07  0.327760E+07  0.000000E+00  0.000000E+00  0.414948E+06  0.327118E+07
  0.522053E-01  0.321407E+07  0.318643E+07  0.000000E+00  0.000000E+00  0.386965E+06  0.317883E+07
  0.539748E-01  0.313359E+07  0.310825E+07  0.000000E+00  0.000000E+00  0.350028E+06  0.309921E+07
  0.558043E-01  0.304872E+07  0.302566E+07  0.000000E+00  0.000000E+00  0.326053E+06  0.301537E+07
  0.576957E-01  0.296697E+07  0.294612E+07  0.000000E+00  0.000000E+00  0.303662E+06  0.293464E+07
  0.596514E-01  0.288757E+07  0.286880E+07  0.000000E+00  0.000000E+00  0.282705E+06  0.285622E+07
  0.616732E-01  0.280966E+07  0.279277E+07  0.000000E+00  0.000000E+00  0.263007E+06  0.277925E+07
  0.637637E-01  0.272657E+07  0.271132E+07  0.000000E+00  0.000000E+00  0.250561E+06  0.269720E+07
  0.659249E-01  0.264870E+07  0.263479E+07  0.000000E+00  0.000000E+00  0.232821E+06  0.262021E+07
  0.681595E-01  0.256945E+07  0.255655E+07  0.000000E+00  0.000000E+00  0.215944E+06  0.254180E+07
  0.704697E-01  0.248794E+07  0.247569E+07  0.000000E+00  0.000000E+00  0.199838E+06  0.246111E+07
  0.728583E-01  0.240520E+07  0.239324E+07  0.000000E+00  0.000000E+00  0.182296E+06  0.237912E+07
  0.753278E-01  0.231795E+07  0.230595E+07  0.000000E+00  0.000000E+00  0.167668E+06  0.229265E+07
  0.778811E-01  0.222796E+07  0.221562E+07  0.000000E+00  0.000000E+00  0.153738E+06  0.220342E+07
  0.805209E-01  0.213588E+07  0.212298E+07  0.000000E+00  0.000000E+00  0.140542E+06  0.211211E+07
  0.832502E-01  0.204275E+07  0.202914E+07  0.000000E+00  0.000000E+00  0.128121E+06  0.201974E+07
  0.860720E-01  0.194982E+07  0.193547E+07  0.000000E+00  0.000000E+00  0.116520E+06  0.192756E+07
  0.889894E-01  0.185851E+07  0.184348E+07  0.000000E+00  0.000000E+00  0.105778E+06  0.183701E+07
  0.920057E-01  0.177033E+07  0.175480E+07  0.000000E+00  0.000000E+00  0.959327E+05  0.174960E+07
  0.951242E-01  0.168692E+07  0.167117E+07  0.000000E+00  0.000000E+00  0.870021E+05  0.166696E+07
  0.983485E-01  0.160992E+07  0.159430E+07  0.000000E+00  0.000000E+00  0.789991E+05  0.159073E+07
  0.101682E+00  0.154070E+07  0.152559E+07  0.000000E+00  0.000000E+00  0.719075E+05  0.152227E+07
  0.105129E+00  0.147995E+07  0.146573E+07  0.000000E+00  0.000000E+00  0.656758E+05  0.146226E+07
  0.108692E+00  0.142730E+07  0.141428E+07  0.000000E+00  0.000000E+00  0.602087E+05  0.141032E+07
  0.112376E+00  0.138127E+07  0.136966E+07  0.000000E+00  0.000000E+00  0.553696E+05  0.136497E+07
  0.116185E+00  0.133960E+07  0.132947E+07  0.000000E+00  0.000000E+00  0.510126E+05  0.132395E+07
  0.120123E+00  0.129980E+07  0.129106E+07  0.000000E+00  0.000000E+00  0.470042E+05  0.128477E+07
  0.124195E+00  0.125962E+07  0.125203E+07  0.000000E+00  0.000000E+00  0.432430E+05  0.124517E+07
  0.128404E+00  0.121715E+07  0.121034E+07  0.000000E+00  0.000000E+00  0.396518E+05  0.120325E+07
  0.132756E+00  0.117096E+07  0.116453E+07  0.000000E+00  0.000000E+00  0.361858E+05  0.115759E+07
  0.137256E+00  0.112042E+07  0.111396E+07  0.000000E+00  0.000000E+00  0.328322E+05  0.110756E+07
  0.141909E+00  0.106619E+07  0.105939E+07  0.000000E+00  0.000000E+00  0.296147E+05  0.105382E+07
  0.146719E+00  0.101034E+07  0.100307E+07  0.000000E+00  0.000000E+00  0.265921E+05  0.998472E+06
  0.151692E+00  0.955857E+06  0.948150E+06  0.000000E+00  0.000000E+00  0.238317E+05  0.944474E+06
  0.156833E+00  0.905574E+06  0.897658E+06  0.000000E+00  0.000000E+00  0.213815E+05  0.894673E+06
  0.162149E+00  0.861462E+06  0.853677E+06  0.000000E+00  0.000000E+00  0.192579E+05  0.851039E+06
  0.167645E+00  0.824302E+06  0.817006E+06  0.000000E+00  0.000000E+00  0.174433E+05  0.814343E+06
  0.173328E+00  0.793487E+06  0.786952E+06  0.000000E+00  0.000000E+00  0.158910E+05  0.783972E+06
  0.179203E+00  0.766913E+06  0.761240E+06  0.000000E+00  0.000000E+00  0.145322E+05  0.757815E+06
  0.185277E+00  0.741407E+06  0.736496E+06  0.000000E+00  0.000000E+00  0.132889E+05  0.732699E+06
  0.191557E+00  0.713922E+06  0.709505E+06  0.000000E+00  0.000000E+00  0.121001E+05  0.705581E+06
  0.198050E+00  0.682813E+06  0.678560E+06  0.000000E+00  0.000000E+00  0.109392E+05  0.674824E+06
  0.204762E+00  0.648492E+06  0.644133E+06  0.000000E+00  0.000000E+00  0.981737E+04  0.640845E+06
  0.211703E+00  0.613182E+06  0.608612E+06  0.000000E+00  0.000000E+00  0.876915E+04  0.605871E+06
  0.218878E+00  0.579848E+06  0.575157E+06  0.000000E+00  0.000000E+00  0.783169E+04  0.572868E+06
  0.226297E+00  0.550812E+06  0.546226E+06  0.000000E+00  0.000000E+00  0.702483E+04  0.544155E+06
  0.233968E+00  0.526808E+06  0.522568E+06  0.000000E+00  0.000000E+00  0.634316E+04  0.520462E+06
  0.241898E+00  0.506489E+06  0.502718E+06  0.000000E+00  0.000000E+00  0.575663E+04  0.500434E+06
  0.250097E+00  0.487076E+06  0.483725E+06  0.000000E+00  0.000000E+00  0.522435E+04  0.481296E+06
  0.258574E+00  0.466290E+06  0.463174E+06  0.000000E+00  0.000000E+00  0.471849E+04  0.460769E+06
  0.267339E+00  0.443412E+06  0.440336E+06  0.000000E+00  0.000000E+00  0.423183E+04  0.438140E+06
  0.276400E+00  0.419692E+06  0.416570E+06  0.000000E+00  0.000000E+00  0.377668E+04  0.414665E+06
  0.285769E+00  0.397603E+06  0.394500E+06  0.000000E+00  0.000000E+00  0.337292E+04  0.392814E+06
  0.295455E+00  0.378572E+06  0.375628E+06  0.000000E+00  0.000000E+00  0.302700E+04  0.374012E+06
  0.305470E+00  0.362194E+06  0.359506E+06  0.000000E+00  0.000000E+00  0.272927E+04  0.357851E+06
  0.315823E+00  0.346694E+06  0.344239E+06  0.000000E+00  0.000000E+00  0.246153E+04  0.342555E+06
  0.326528E+00  0.330499E+06  0.328171E+06  0.000000E+00  0.000000E+00  0.221035E+04  0.326553E+06
  0.337596E+00  0.313595E+06  0.311306E+06  0.000000E+00  0.000000E+00  0.197511E+04  0.309837E+06
  0.349039E+00  0.297296E+06  0.295052E+06  0.000000E+00  0.000000E+00  0.176301E+04  0.293720E+06
  0.360869E+00  0.282754E+06  0.280623E+06  0.000000E+00  0.000000E+00  0.157853E+04  0.279352E+06
  0.373101E+00  0.269751E+06  0.267775E+06  0.000000E+00  0.000000E+00  0.141750E+04  0.266514E+06
  0.385748E+00  0.257141E+06  0.255292E+06  0.000000E+00  0.000000E+00  0.127161E+04  0.254061E+06
  0.398823E+00  0.244333E+06  0.242556E+06  0.000000E+00  0.000000E+00  0.113683E+04  0.241402E+06
  0.412341E+00  0.231807E+06  0.230087E+06  0.000000E+00  0.000000E+00  0.101459E+04  0.229019E+06
  0.426317E+00  0.220276E+06  0.218641E+06  0.000000E+00  0.000000E+00  0.906823E+03  0.217627E+06
  0.440767E+00  0.209675E+06  0.208141E+06  0.000000E+00  0.000000E+00  0.811747E+03  0.207156E+06
  0.455707E+00  0.199395E+06  0.197944E+06  0.000000E+00  0.000000E+00  0.725814E+03  0.197001E+06
  0.471153E+00  0.189287E+06  0.187896E+06  0.000000E+00  0.000000E+00  0.647736E+03  0.187011E+06
  0.487123E+00  0.179700E+06  0.178373E+06  0.000000E+00  0.000000E+00  0.577995E+03  0.177538E+06
  0.503634E+00  0.170775E+06  0.169522E+06  0.000000E+00  0.000000E+00  0.516226E+03  0.168722E+06
  0.520705E+00  0.162247E+06  0.161061E+06  0.000000E+00  0.000000E+00  0.460848E+03  0.160296E+06
  0.538354E+00  0.153993E+06  0.152862E+06  0.000000E+00  0.000000E+00  0.410947E+03  0.152140E+06
  0.556602E+00  0.146165E+06  0.145090E+06  0.000000E+00  0.000000E+00  0.366411E+03  0.144406E+06
  0.575468E+00  0.138781E+06  0.137764E+06  0.000000E+00  0.000000E+00  0.326764E+03  0.137111E+06
  0.594973E+00  0.131714E+06  0.130749E+06  0.000000E+00  0.000000E+00  0.291246E+03  0.130129E+06
  0.615140E+00  0.124963E+06  0.124045E+06  0.000000E+00  0.000000E+00  0.259458E+03  0.123458E+06
  0.635991E+00  0.118570E+06  0.117700E+06  0.000000E+00  0.000000E+00  0.231136E+03  0.117143E+06
  0.657547E+00  0.112486E+06  0.111661E+06  0.000000E+00  0.000000E+00  0.205848E+03  0.111132E+06
  0.679835E+00  0.106685E+06  0.105902E+06  0.000000E+00  0.000000E+00  0.183250E+03  0.105400E+06
  0.702878E+00  0.101178E+06  0.100437E+06  0.000000E+00  0.000000E+00  0.163111E+03  0.999602E+05
  0.726702E+00  0.959423E+05  0.952390E+05  0.000000E+00  0.000000E+00  0.145143E+03  0.947870E+05
  0.751334E+00  0.909611E+05  0.902942E+05  0.000000E+00  0.000000E+00  0.129118E+03  0.898657E+05
  0.776801E+00  0.862298E+05  0.855977E+05  0.000000E+00  0.000000E+00  0.114838E+03  0.851913E+05
  0.803130E+00  0.817320E+05  0.811329E+05  0.000000E+00  0.000000E+00  0.102113E+03  0.807477E+05
  0.830353E+00  0.774588E+05  0.768910E+05  0.000000E+00  0.000000E+00  0.907749E+02  0.765258E+05
  0.858497E+00  0.734001E+05  0.728621E+05  0.000000E+00  0.000000E+00  0.806786E+02  0.725159E+05
  0.887596E+00  0.695447E+05  0.690350E+05  0.000000E+00  0.000000E+00  0.716869E+02  0.687069E+05
  0.917681E+00  0.658844E+05  0.654015E+05  0.000000E+00  0.000000E+00  0.636850E+02  0.650907E+05
  0.948786E+00  0.624090E+05  0.619516E+05  0.000000E+00  0.000000E+00  0.565644E+02  0.616571E+05
  0.980945E+00  0.591099E+05  0.586767E+05  0.000000E+00  0.000000E+00  0.502297E+02  0.583977E+05
  0.101419E+01  0.559783E+05  0.555680E+05  0.000000E+00  0.000000E+00  0.445940E+02  0.553038E+05
  0.104857E+01  0.530061E+05  0.526177E+05  0.000000E+00  0.000000E+00  0.395832E+02  0.523674E+05
  0.108411E+01  0.501858E+05  0.498181E+05  0.000000E+00  0.000000E+00  0.351290E+02  0.495811E+05
  0.112086E+01  0.475101E+05  0.471620E+05  0.000000E+00  0.000000E+00  0.311690E+02  0.469376E+05
  0.115885E+01  0.449723E+05  0.446428E+05  0.000000E+00  0.000000E+00  0.276505E+02  0.444303E+05
  0.119813E+01  0.425654E+05  0.422535E+05  0.000000E+00  0.000000E+00  0.245249E+02  0.420524E+05
  0.123874E+01  0.402830E+05  0.399879E+05  0.000000E+00  0.000000E+00  0.217486E+02  0.397975E+05
  0.128073E+01  0.381188E+05  0.378395E+05  0.000000E+00  0.000000E+00  0.192832E+02  0.376594E+05
  0.132414E+01  0.360671E+05  0.358029E+05  0.000000E+00  0.000000E+00  0.170943E+02  0.356325E+05
  0.136902E+01  0.341223E+05  0.338723E+05  0.000000E+00  0.000000E+00  0.151515E+02  0.337111E+05
  0.141542E+01  0.322792E+05  0.320427E+05  0.000000E+00  0.000000E+00  0.134270E+02  0.318901E+05
  0.146340E+01  0.305324E+05  0.303087E+05  0.000000E+00  0.000000E+00  0.118972E+02  0.301644E+05
  0.151300E+01  0.288772E+05  0.286656E+05  0.000000E+00  0.000000E+00  0.105398E+02  0.285291E+05
  0.156428E+01  0.273090E+05  0.271089E+05  0.000000E+00  0.000000E+00  0.933596E+01  0.269798E+05
  0.161730E+01  0.258236E+05  0.256344E+05  0.000000E+00  0.000000E+00  0.826834E+01  0.255123E+05
  0.167212E+01  0.244167E+05  0.242379E+05  0.000000E+00  0.000000E+00  0.732175E+01  0.241224E+05
  0.172880E+01  0.230843E+05  0.229152E+05  0.000000E+00  0.000000E+00  0.648248E+01  0.228061E+05
  0.178740E+01  0.218227E+05  0.216628E+05  0.000000E+00  0.000000E+00  0.573891E+01  0.215596E+05
  0.184798E+01  0.206280E+05  0.204769E+05  0.000000E+00  0.000000E+00  0.507960E+01  0.203794E+05
  0.191062E+01  0.194971E+05  0.193542E+05  0.000000E+00  0.000000E+00  0.449564E+01  0.192620E+05
  0.197538E+01  0.184264E+05  0.182914E+05  0.000000E+00  0.000000E+00  0.397812E+01  0.182043E+05
  0.204234E+01  0.174130E+05  0.172855E+05  0.000000E+00  0.000000E+00  0.351986E+01  0.172031E+05
  0.211156E+01  0.164540E+05  0.163335E+05  0.000000E+00  0.000000E+00  0.311391E+01  0.162556E+05
  0.218313E+01  0.155465E+05  0.154326E+05  0.000000E+00  0.000000E+00  0.275449E+01  0.153591E+05
  0.225713E+01  0.146878E+05  0.145803E+05  0.000000E+00  0.000000E+00  0.243622E+01  0.145108E+05
  0.233364E+01  0.138755E+05  0.137739E+05  0.000000E+00  0.000000E+00  0.215455E+01  0.137082E+05
  0.241274E+01  0.131070E+05  0.130110E+05  0.000000E+00  0.000000E+00  0.190521E+01  0.129490E+05
  0.249452E+01  0.123800E+05  0.122893E+05  0.000000E+00  0.000000E+00  0.168450E+01  0.122308E+05
  0.257907E+01  0.116924E+05  0.116068E+05  0.000000E+00  0.000000E+00  0.148920E+01  0.115515E+05
  0.266649E+01  0.110422E+05  0.109613E+05  0.000000E+00  0.000000E+00  0.131642E+01  0.109091E+05
  0.275687E+01  0.104274E+05  0.103510E+05  0.000000E+00  0.000000E+00  0.116357E+01  0.103017E+05
  0.285031E+01  0.984602E+04  0.977389E+04  0.000000E+00  0.000000E+00  0.102833E+01  0.972732E+04
  0.294692E+01  0.929639E+04  0.922829E+04  0.000000E+00  0.000000E+00  0.908733E+00  0.918432E+04
  0.304681E+01  0.877678E+04  0.871247E+04  0.000000E+00  0.000000E+00  0.802972E+00  0.867096E+04
  0.315008E+01  0.828560E+04  0.822489E+04  0.000000E+00  0.000000E+00  0.709436E+00  0.818571E+04
  0.325685E+01  0.782134E+04  0.776404E+04  0.000000E+00  0.000000E+00  0.626750E+00  0.772705E+04
  0.336724E+01  0.738261E+04  0.732852E+04  0.000000E+00  0.000000E+00  0.553664E+00  0.729361E+04
  0.348138E+01  0.696801E+04  0.691695E+04  0.000000E+00  0.000000E+00  0.489032E+00  0.688400E+04
  0.359938E+01  0.657624E+04  0.652805E+04  0.000000E+00  0.000000E+00  0.431935E+00  0.649695E+04
  0.372138E+01  0.620605E+04  0.616057E+04  0.000000E+00  0.000000E+00  0.381446E+00  0.613123E+04
  0.384752E+01  0.585631E+04  0.581339E+04  0.000000E+00  0.000000E+00  0.336836E+00  0.578571E+04
  0.397793E+01  0.552592E+04  0.548541E+04  0.000000E+00  0.000000E+00  0.297406E+00  0.545929E+04
  0.411276E+01  0.521385E+04  0.517563E+04  0.000000E+00  0.000000E+00  0.262591E+00  0.515098E+04
  0.425217E+01  0.491907E+04  0.488301E+04  0.000000E+00  0.000000E+00  0.231830E+00  0.485976E+04
  0.439629E+01  0.464067E+04  0.460665E+04  0.000000E+00  0.000000E+00  0.204649E+00  0.458472E+04
  0.454531E+01  0.437774E+04  0.434564E+04  0.000000E+00  0.000000E+00  0.180635E+00  0.432495E+04
  0.469937E+01  0.412945E+04  0.409916E+04  0.000000E+00  0.000000E+00  0.159438E+00  0.407966E+04
  0.485865E+01  0.389502E+04  0.386645E+04  0.000000E+00  0.000000E+00  0.140724E+00  0.384805E+04
  0.502334E+01  0.367368E+04  0.364673E+04  0.000000E+00  0.000000E+00  0.124194E+00  0.362938E+04
  0.519360E+01  0.346470E+04  0.343928E+04  0.000000E+00  0.000000E+00  0.109592E+00  0.342293E+04
  0.536965E+01  0.326741E+04  0.324344E+04  0.000000E+00  0.000000E+00  0.967022E-01  0.322801E+04
  0.555165E+01  0.308119E+04  0.305857E+04  0.000000E+00  0.000000E+00  0.853215E-01  0.304403E+04
  0.573982E+01  0.290541E+04  0.288408E+04  0.000000E+00  0.000000E+00  0.752788E-01  0.287038E+04
  0.593437E+01  0.273951E+04  0.271940E+04  0.000000E+00  0.000000E+00  0.664111E-01  0.270648E+04
  0.613552E+01  0.258293E+04  0.256397E+04  0.000000E+00  0.000000E+00  0.585858E-01  0.255178E+04
  0.634348E+01  0.243517E+04  0.241728E+04  0.000000E+00  0.000000E+00  0.516750E-01  0.240580E+04
  0.655850E+01  0.229574E+04  0.227887E+04  0.000000E+00  0.000000E+00  0.455830E-01  0.226805E+04
  0.678080E+01  0.216418E+04  0.214827E+04  0.000000E+00  0.000000E+00  0.402027E-01  0.213808E+04
  0.701063E+01  0.204004E+04  0.202505E+04  0.000000E+00  0.000000E+00  0.354555E-01  0.201544E+04
  0.724826E+01  0.192292E+04  0.190878E+04  0.000000E+00  0.000000E+00  0.312684E-01  0.189973E+04
  0.749394E+01  0.181244E+04  0.179911E+04  0.000000E+00  0.000000E+00  0.275740E-01  0.179058E+04
  0.774795E+01  0.170822E+04  0.169565E+04  0.000000E+00  0.000000E+00  0.243145E-01  0.168761E+04
  0.801057E+01  0.160990E+04  0.159805E+04  0.000000E+00  0.000000E+00  0.214394E-01  0.159048E+04
  0.828209E+01  0.151717E+04  0.150600E+04  0.000000E+00  0.000000E+00  0.189032E-01  0.149887E+04
  0.856281E+01  0.142971E+04  0.141918E+04  0.000000E+00  0.000000E+00  0.166653E-01  0.141246E+04
  0.885305E+01  0.134723E+04  0.133730E+04  0.000000E+00  0.000000E+00  0.146922E-01  0.133097E+04
  0.915312E+01  0.126944E+04  0.126008E+04  0.000000E+00  0.000000E+00  0.129517E-01  0.125412E+04
  0.946337E+01  0.119609E+04  0.118726E+04  0.000000E+00  0.000000E+00  0.114174E-01  0.118165E+04
  0.978413E+01  0.112692E+04  0.111860E+04  0.000000E+00  0.000000E+00  0.100635E-01  0.111332E+04
  0.101158E+02  0.106170E+04  0.105386E+04  0.000000E+00  0.000000E+00  0.887027E-02  0.104889E+04
  0.104586E+02  0.100021E+04  0.992820E+03  0.000000E+00  0.000000E+00  0.781762E-02  0.988143E+03
  0.108131E+02  0.942243E+03  0.935273E+03  0.000000E+00  0.000000E+00  0.688947E-02  0.930871E+03
  0.111796E+02  0.887594E+03  0.881023E+03  0.000000E+00  0.000000E+00  0.607180E-02  0.876881E+03
  0.115586E+02  0.836073E+03  0.829879E+03  0.000000E+00  0.000000E+00  0.535160E-02  0.825981E+03
  0.119504E+02  0.787511E+03  0.781672E+03  0.000000E+00  0.000000E+00  0.471513E-02  0.778005E+03
  0.123554E+02  0.741737E+03  0.736232E+03  0.000000E+00  0.000000E+00  0.415497E-02  0.732782E+03
  0.127742E+02  0.698591E+03  0.693401E+03  0.000000E+00  0.000000E+00  0.366090E-02  0.690156E+03
  0.132072E+02  0.657929E+03  0.653036E+03  0.000000E+00  0.000000E+00  0.322538E-02  0.649984E+03
  0.136549E+02  0.619607E+03  0.614995E+03  0.000000E+00  0.000000E+00  0.284202E-02  0.612125E+03
  0.141177E+02  0.583493E+03  0.579143E+03  0.000000E+00  0.000000E+00  0.250378E-02  0.576445E+03
  0.145962E+02  0.549460E+03  0.545360E+03  0.000000E+00  0.000000E+00  0.220598E-02  0.542823E+03
  0.150909E+02  0.517393E+03  0.513526E+03  0.000000E+00  0.000000E+00  0.194359E-02  0.511142E+03
  0.156025E+02  0.487175E+03  0.483529E+03  0.000000E+00  0.000000E+00  0.171159E-02  0.481288E+03
  0.161313E+02  0.458705E+03  0.455267E+03  0.000000E+00  0.000000E+00  0.150774E-02  0.453162E+03
  0.166781E+02  0.431881E+03  0.428639E+03  0.000000E+00  0.000000E+00  0.132797E-02  0.426661E+03
  0.172434E+02  0.406609E+03  0.403551E+03  0.000000E+00  0.000000E+00  0.116968E-02  0.401694E+03
  0.178278E+02  0.382802E+03  0.379918E+03  0.000000E+00  0.000000E+00  0.103030E-02  0.378173E+03
  0.184321E+02  0.360374E+03  0.357653E+03  0.000000E+00  0.000000E+00  0.907244E-03  0.356016E+03
  0.190569E+02  0.339248E+03  0.336681E+03  0.000000E+00  0.000000E+00  0.799162E-03  0.335144E+03
  0.197028E+02  0.319348E+03  0.316926E+03  0.000000E+00  0.000000E+00  0.703701E-03  0.315484E+03
  0.203706E+02  0.300603E+03  0.298318E+03  0.000000E+00  0.000000E+00  0.619728E-03  0.296965E+03
  0.210611E+02  0.282949E+03  0.280792E+03  0.000000E+00  0.000000E+00  0.545793E-03  0.279523E+03
  0.217750E+02  0.266321E+03  0.264285E+03  0.000000E+00  0.000000E+00  0.480572E-03  0.263096E+03
  0.225131E+02  0.250661E+03  0.248740E+03  0.000000E+00  0.000000E+00  0.423027E-03  0.247625E+03
  0.232761E+02  0.235914E+03  0.234099E+03  0.000000E+00  0.000000E+00  0.372438E-03  0.233055E+03
  0.240651E+02  0.222026E+03  0.220312E+03  0.000000E+00  0.000000E+00  0.327829E-03  0.219334E+03
  0.248808E+02  0.208948E+03  0.207330E+03  0.000000E+00  0.000000E+00  0.288689E-03  0.206414E+03
  0.257241E+02  0.196633E+03  0.195104E+03  0.000000E+00  0.000000E+00  0.254039E-03  0.194248E+03
  0.265960E+02  0.185038E+03  0.183594E+03  0.000000E+00  0.000000E+00  0.223725E-03  0.182792E+03
  0.274975E+02  0.174120E+03  0.172755E+03  0.000000E+00  0.000000E+00  0.197044E-03  0.172006E+03
  0.284295E+02  0.163841E+03  0.162550E+03  0.000000E+00  0.000000E+00  0.173373E-03  0.161850E+03
  0.293932E+02  0.154162E+03  0.152943E+03  0.000000E+00  0.000000E+00  0.152628E-03  0.152289E+03
  0.303894E+02  0.145051E+03  0.143897E+03  0.000000E+00  0.000000E+00  0.134519E-03  0.143287E+03
  0.314195E+02  0.136474E+03  0.135382E+03  0.000000E+00  0.000000E+00  0.118322E-03  0.134813E+03
  0.324844E+02  0.128399E+03  0.127366E+03  0.000000E+00  0.000000E+00  0.103973E-03  0.126835E+03
  0.335855E+02  0.120798E+03  0.119820E+03  0.000000E+00  0.000000E+00  0.916424E-04  0.119326E+03
  0.347239E+02  0.113642E+03  0.112716E+03  0.000000E+00  0.000000E+00  0.806043E-04  0.112257E+03
  0.359009E+02  0.106908E+03  0.106030E+03  0.000000E+00  0.000000E+00  0.709076E-04  0.105603E+03
  0.371177E+02  0.100568E+03  0.997368E+02  0.000000E+00  0.000000E+00  0.625118E-04  0.993400E+02
  0.383758E+02  0.946019E+02  0.938135E+02  0.000000E+00  0.000000E+00  0.549066E-04  0.934454E+02
  0.396766E+02  0.889861E+02  0.882383E+02  0.000000E+00  0.000000E+00  0.483701E-04  0.878973E+02
  0.410214E+02  0.837011E+02  0.829914E+02  0.000000E+00  0.000000E+00  0.425882E-04  0.826759E+02
  0.424119E+02  0.787272E+02  0.780533E+02  0.000000E+00  0.000000E+00  0.374789E-04  0.777618E+02
  0.438494E+02  0.740463E+02  0.734062E+02  0.000000E+00  0.000000E+00  0.329279E-04  0.731373E+02
  0.453357E+02  0.696413E+02  0.690330E+02  0.000000E+00  0.000000E+00  0.289361E-04  0.687853E+02
  0.468724E+02  0.654962E+02  0.649176E+02  0.000000E+00  0.000000E+00  0.254532E-04  0.646901E+02
  0.484611E+02  0.615956E+02  0.610450E+02  0.000000E+00  0.000000E+00  0.224323E-04  0.608364E+02
  0.501037E+02  0.579254E+02  0.574012E+02  0.000000E+00  0.000000E+00  0.197436E-04  0.572103E+02
  0.518020E+02  0.544718E+02  0.539724E+02  0.000000E+00  0.000000E+00  0.173333E-04  0.537983E+02
  0.535578E+02  0.512225E+02  0.507463E+02  0.000000E+00  0.000000E+00  0.152865E-04  0.505881E+02
  0.553732E+02  0.481652E+02  0.477109E+02  0.000000E+00  0.000000E+00  0.134456E-04  0.475676E+02
  0.572501E+02  0.452887E+02  0.448550E+02  0.000000E+00  0.000000E+00  0.118068E-04  0.447257E+02
  0.591905E+02  0.425826E+02  0.421681E+02  0.000000E+00  0.000000E+00  0.103593E-04  0.420521E+02
  0.611968E+02  0.400366E+02  0.396403E+02  0.000000E+00  0.000000E+00  0.915457E-05  0.395367E+02
  0.632711E+02  0.376415E+02  0.372623E+02  0.000000E+00  0.000000E+00  0.805738E-05  0.371705E+02
  0.654157E+02  0.353883E+02  0.350251E+02  0.000000E+00  0.000000E+00  0.706291E-05  0.349443E+02
  0.676329E+02  0.332688E+02  0.329206E+02  0.000000E+00  0.000000E+00  0.623610E-05  0.328503E+02
  0.699254E+02  0.312750E+02  0.309408E+02  0.000000E+00  0.000000E+00  0.546567E-05  0.308804E+02
  0.722955E+02  0.293995E+02  0.290786E+02  0.000000E+00  0.000000E+00  0.480549E-05  0.290274E+02
  0.747460E+02  0.276353E+02  0.273269E+02  0.000000E+00  0.000000E+00  0.423302E-05  0.272845E+02
  0.772794E+02  0.259760E+02  0.256793E+02  0.000000E+00  0.000000E+00  0.371815E-05  0.256451E+02
  0.798989E+02  0.244153E+02  0.241295E+02  0.000000E+00  0.000000E+00  0.326849E-05  0.241031E+02
  0.826070E+02  0.229474E+02  0.226719E+02  0.000000E+00  0.000000E+00  0.286492E-05  0.226528E+02
  0.854070E+02  0.215667E+02  0.213009E+02  0.000000E+00  0.000000E+00  0.252245E-05  0.212887E+02
  0.883018E+02  0.202683E+02  0.200116E+02  0.000000E+00  0.000000E+00  0.220452E-05  0.200059E+02
  0.912949E+02  0.190471E+02  0.187989E+02  0.000000E+00  0.000000E+00  0.194284E-05  0.187993E+02
  0.943893E+02  0.178987E+02  0.176585E+02  0.000000E+00  0.000000E+00  0.170473E-05  0.176647E+02
  0.975888E+02  0.168186E+02  0.165859E+02  0.000000E+00  0.000000E+00  0.151043E-05  0.165976E+02
  0.100897E+03  0.158030E+02  0.155773E+02  0.000000E+00  0.000000E+00  0.132422E-05  0.155941E+02
  0.104316E+03  0.148479E+02  0.146289E+02  0.000000E+00  0.000000E+00  0.116036E-05  0.146505E+02
  0.107852E+03  0.139498E+02  0.137370E+02  0.000000E+00  0.000000E+00  0.102137E-05  0.137632E+02
  0.111508E+03  0.131053E+02  0.128983E+02  0.000000E+00  0.000000E+00  0.897511E-06  0.129288E+02
  0.115287E+03  0.123112E+02  0.121097E+02  0.000000E+00  0.000000E+00  0.788122E-06  0.121442E+02
  0.119195E+03  0.115645E+02  0.113682E+02  0.000000E+00  0.000000E+00  0.701552E-06  0.114065E+02
  0.123235E+03  0.108625E+02  0.106710E+02  0.000000E+00  0.000000E+00  0.609622E-06  0.107129E+02
  0.127412E+03  0.102024E+02  0.100154E+02  0.000000E+00  0.000000E+00  0.540700E-06  0.100607E+02
  0.131731E+03  0.958180E+01  0.939912E+01  0.000000E+00  0.000000E+00  0.476673E-06  0.944752E+01
  0.136196E+03  0.899832E+01  0.881967E+01  0.000000E+00  0.000000E+00  0.419663E-06  0.887104E+01
  0.140812E+03  0.844978E+01  0.827491E+01  0.000000E+00  0.000000E+00  0.365510E-06  0.832907E+01
  0.145585E+03  0.793405E+01  0.776275E+01  0.000000E+00  0.000000E+00  0.322141E-06  0.781953E+01
  0.150520E+03  0.744924E+01  0.728132E+01  0.000000E+00  0.000000E+00  0.285125E-06  0.734054E+01
  0.155622E+03  0.699349E+01  0.682874E+01  0.000000E+00  0.000000E+00  0.246368E-06  0.689025E+01
  0.160897E+03  0.656504E+01  0.640330E+01  0.000000E+00  0.000000E+00  0.216719E-06  0.646695E+01
  0.166350E+03  0.616232E+01  0.600343E+01  0.000000E+00  0.000000E+00  0.189266E-06  0.606906E+01
  0.171989E+03  0.578377E+01  0.562758E+01  0.000000E+00  0.000000E+00  0.167809E-06  0.569507E+01
  0.177818E+03  0.542795E+01  0.527432E+01  0.000000E+00  0.000000E+00  0.145218E-06  0.534353E+01
  0.183845E+03  0.509349E+01  0.494231E+01  0.000000E+00  0.000000E+00  0.129152E-06  0.501310E+01
  0.190077E+03  0.477915E+01  0.463030E+01  0.000000E+00  0.000000E+00  0.112593E-06  0.470256E+01
  0.196519E+03  0.448373E+01  0.433711E+01  0.000000E+00  0.000000E+00  0.981238E-07  0.441071E+01
  0.203180E+03  0.420608E+01  0.406160E+01  0.000000E+00  0.000000E+00  0.846491E-07  0.413643E+01
