    0.10622E-04    0.13490E+01
    0.10982E-04    0.13947E+01
    0.11354E-04    0.14420E+01
    0.11739E-04    0.14909E+01
    0.12137E-04    0.15414E+01
    0.12549E-04    0.15936E+01
    0.12974E-04    0.16477E+01
    0.13414E-04    0.17035E+01
    0.13868E-04    0.17613E+01
    0.14338E-04    0.18210E+01
    0.14824E-04    0.18827E+01
    0.15327E-04    0.19465E+01
    0.15846E-04    0.20125E+01
    0.16383E-04    0.20807E+01
    0.16939E-04    0.21512E+01
    0.17513E-04    0.22241E+01
    0.18107E-04    0.22995E+01
    0.18720E-04    0.23774E+01
    0.19355E-04    0.24580E+01
    0.20011E-04    0.25413E+01
    0.20689E-04    0.26275E+01
    0.21390E-04    0.27165E+01
    0.22115E-04    0.28086E+01
    0.22865E-04    0.29038E+01
    0.23640E-04    0.30022E+01
    0.24441E-04    0.31040E+01
    0.25270E-04    0.32092E+01
    0.26126E-04    0.33180E+01
    0.27012E-04    0.34304E+01
    0.27927E-04    0.35467E+01
    0.28874E-04    0.36669E+01
    0.29853E-04    0.37912E+01
    0.30864E-04    0.39197E+01
    0.31911E-04    0.40525E+01
    0.32992E-04    0.41899E+01
    0.34111E-04    0.43319E+01
    0.35267E-04    0.44787E+01
    0.36462E-04    0.46305E+01
    0.37698E-04    0.47875E+01
    0.38976E-04    0.49498E+01
    0.40297E-04    0.51175E+01
    0.41663E-04    0.52910E+01
    0.43075E-04    0.54703E+01
    0.44535E-04    0.56557E+01
    0.46044E-04    0.58474E+01
    0.47605E-04    0.60456E+01
    0.49219E-04    0.62505E+01
    0.50887E-04    0.64623E+01
    0.52612E-04    0.66813E+01
    0.54395E-04    0.69078E+01
    0.56239E-04    0.71419E+01
    0.58145E-04    0.73839E+01
    0.60116E-04    0.76342E+01
    0.62153E-04    0.78929E+01
    0.64260E-04    0.81604E+01
    0.66438E-04    0.84370E+01
    0.68690E-04    0.87229E+01
    0.71018E-04    0.90185E+01
    0.73426E-04    0.93242E+01
    0.75914E-04    0.96401E+01
    0.78487E-04    0.99668E+01
    0.81148E-04    0.10305E+02
    0.83898E-04    0.10654E+02
    0.86742E-04    0.11015E+02
    0.89682E-04    0.11388E+02
    0.92722E-04    0.11774E+02
    0.95865E-04    0.12173E+02
    0.99114E-04    0.12585E+02
    0.10247E-03    0.13012E+02
    0.10595E-03    0.13453E+02
    0.10954E-03    0.13909E+02
    0.11325E-03    0.14380E+02
    0.11709E-03    0.14867E+02
    0.12106E-03    0.15371E+02
    0.12516E-03    0.15891E+02
    0.12940E-03    0.16430E+02
    0.13379E-03    0.16986E+02
    0.13832E-03    0.17562E+02
    0.14301E-03    0.18157E+02
    0.14786E-03    0.18772E+02
    0.15287E-03    0.19407E+02
    0.15805E-03    0.20065E+02
    0.16341E-03    0.20744E+02
    0.16895E-03    0.21447E+02
    0.17468E-03    0.22173E+02
    0.18060E-03    0.22924E+02
    0.18672E-03    0.23700E+02
    0.19305E-03    0.24502E+02
    0.19959E-03    0.25332E+02
    0.20636E-03    0.26189E+02
    0.21335E-03    0.27075E+02
    0.22058E-03    0.27992E+02
    0.22806E-03    0.28939E+02
    0.23579E-03    0.29918E+02
    0.24378E-03    0.30930E+02
    0.25204E-03    0.31976E+02
    0.26059E-03    0.33058E+02
    0.26942E-03    0.34176E+02
    0.27855E-03    0.35331E+02
    0.28799E-03    0.36526E+02
    0.29776E-03    0.37760E+02
    0.30785E-03    0.39037E+02
    0.31828E-03    0.40355E+02
    0.32907E-03    0.41719E+02
    0.34022E-03    0.43127E+02
    0.35176E-03    0.44584E+02
    0.36368E-03    0.46088E+02
    0.37601E-03    0.47644E+02
    0.38875E-03    0.49251E+02
    0.40193E-03    0.50912E+02
    0.41555E-03    0.52628E+02
    0.42964E-03    0.54402E+02
    0.44420E-03    0.56234E+02
    0.45925E-03    0.58128E+02
    0.47482E-03    0.60084E+02
    0.49092E-03    0.62105E+02
    0.50756E-03    0.64193E+02
    0.52476E-03    0.66351E+02
    0.54255E-03    0.68579E+02
    0.56094E-03    0.70881E+02
    0.57995E-03    0.73259E+02
    0.59961E-03    0.75714E+02
    0.61993E-03    0.78250E+02
    0.64094E-03    0.80869E+02
    0.66267E-03    0.83573E+02
    0.68513E-03    0.86366E+02
    0.70835E-03    0.89248E+02
    0.73236E-03    0.92224E+02
    0.75718E-03    0.95296E+02
    0.78285E-03    0.98467E+02
    0.80938E-03    0.10174E+03
    0.83682E-03    0.10512E+03
    0.86518E-03    0.10860E+03
    0.89451E-03    0.11219E+03
    0.92483E-03    0.11590E+03
    0.95617E-03    0.11972E+03
    0.98858E-03    0.12367E+03
    0.10221E-02    0.12773E+03
    0.10567E-02    0.13192E+03
    0.10926E-02    0.13624E+03
    0.11296E-02    0.14070E+03
    0.11679E-02    0.14528E+03
    0.12075E-02    0.15001E+03
    0.12484E-02    0.15487E+03
    0.12907E-02    0.15989E+03
    0.13344E-02    0.16504E+03
    0.13797E-02    0.17035E+03
    0.14264E-02    0.17582E+03
    0.14748E-02    0.18144E+03
    0.15248E-02    0.18722E+03
    0.15765E-02    0.19316E+03
    0.16299E-02    0.19927E+03
    0.16851E-02    0.20555E+03
    0.17423E-02    0.21200E+03
    0.18013E-02    0.21863E+03
    0.18624E-02    0.22543E+03
    0.19255E-02    0.23241E+03
    0.19908E-02    0.23957E+03
    0.20582E-02    0.24692E+03
    0.21280E-02    0.25445E+03
    0.22001E-02    0.26217E+03
    0.22747E-02    0.27009E+03
    0.23518E-02    0.27819E+03
    0.24315E-02    0.28648E+03
    0.25139E-02    0.29497E+03
    0.25991E-02    0.30366E+03
    0.26872E-02    0.31253E+03
    0.27783E-02    0.32161E+03
    0.28725E-02    0.33088E+03
    0.29699E-02    0.34035E+03
    0.30705E-02    0.35001E+03
    0.31746E-02    0.35986E+03
    0.32822E-02    0.36991E+03
    0.33935E-02    0.38015E+03
    0.35085E-02    0.39057E+03
    0.36274E-02    0.40118E+03
    0.37504E-02    0.41198E+03
    0.38775E-02    0.42295E+03
    0.40089E-02    0.43409E+03
    0.41448E-02    0.44540E+03
    0.42853E-02    0.45688E+03
    0.44305E-02    0.46851E+03
    0.45807E-02    0.48029E+03
    0.47360E-02    0.49220E+03
    0.48965E-02    0.50425E+03
    0.50624E-02    0.51642E+03
    0.52340E-02    0.52870E+03
    0.54114E-02    0.54107E+03
    0.55949E-02    0.55353E+03
    0.57845E-02    0.56606E+03
    0.59806E-02    0.57865E+03
    0.61833E-02    0.59128E+03
    0.63929E-02    0.60393E+03
    0.66096E-02    0.61659E+03
    0.68336E-02    0.62923E+03
    0.70652E-02    0.64183E+03
    0.73047E-02    0.65438E+03
    0.75523E-02    0.66685E+03
    0.78083E-02    0.67922E+03
    0.80729E-02    0.69145E+03
    0.83466E-02    0.70352E+03
    0.86295E-02    0.71540E+03
    0.89220E-02    0.72706E+03
    0.92244E-02    0.73848E+03
    0.95370E-02    0.74960E+03
    0.98603E-02    0.76041E+03
    0.10195E-01    0.77086E+03
    0.10540E-01    0.78091E+03
    0.10897E-01    0.79053E+03
    0.11267E-01    0.79968E+03
    0.11649E-01    0.80831E+03
    0.12043E-01    0.81637E+03
    0.12452E-01    0.82383E+03
    0.12874E-01    0.83064E+03
    0.13310E-01    0.83676E+03
    0.13761E-01    0.84213E+03
    0.14228E-01    0.84671E+03
    0.14710E-01    0.85046E+03
    0.15208E-01    0.85332E+03
    0.15724E-01    0.85527E+03
    0.16257E-01    0.85624E+03
    0.16808E-01    0.85621E+03
    0.17378E-01    0.85512E+03
    0.17967E-01    0.85296E+03
    0.18576E-01    0.84968E+03
    0.19205E-01    0.84527E+03
    0.19856E-01    0.83970E+03
    0.20529E-01    0.83296E+03
    0.21225E-01    0.82504E+03
    0.21945E-01    0.81595E+03
    0.22688E-01    0.80570E+03
    0.23457E-01    0.79430E+03
    0.24252E-01    0.78180E+03
    0.25074E-01    0.76824E+03
    0.25924E-01    0.75367E+03
    0.26803E-01    0.73817E+03
    0.27712E-01    0.72182E+03
    0.28651E-01    0.70471E+03
    0.29622E-01    0.68696E+03
    0.30626E-01    0.66867E+03
    0.31664E-01    0.64999E+03
    0.32737E-01    0.63105E+03
    0.33847E-01    0.61801E+03
    0.34994E-01    0.59923E+03
    0.36180E-01    0.58063E+03
    0.37407E-01    0.56202E+03
    0.38675E-01    0.54371E+03
    0.39985E-01    0.52601E+03
    0.41341E-01    0.50909E+03
    0.42742E-01    0.49308E+03
    0.44191E-01    0.47437E+03
    0.45689E-01    0.46035E+03
    0.47237E-01    0.44741E+03
    0.48838E-01    0.43554E+03
    0.50494E-01    0.42465E+03
    0.52205E-01    0.41465E+03
    0.53975E-01    0.40757E+03
    0.55804E-01    0.39894E+03
    0.57696E-01    0.39071E+03
    0.59651E-01    0.38269E+03
    0.61673E-01    0.37466E+03
    0.63764E-01    0.36484E+03
    0.65925E-01    0.35601E+03
    0.68159E-01    0.34640E+03
    0.70470E-01    0.33580E+03
    0.72858E-01    0.32446E+03
    0.75328E-01    0.31154E+03
    0.77881E-01    0.29754E+03
    0.80521E-01    0.28268E+03
    0.83250E-01    0.26727E+03
    0.86072E-01    0.25170E+03
    0.88989E-01    0.23637E+03
    0.92006E-01    0.22169E+03
    0.95124E-01    0.20808E+03
    0.98348E-01    0.19591E+03
    0.10168E+00    0.18551E+03
    0.10513E+00    0.17698E+03
    0.10869E+00    0.17022E+03
    0.11238E+00    0.16486E+03
    0.11618E+00    0.16036E+03
    0.12012E+00    0.15614E+03
    0.12419E+00    0.15164E+03
    0.12840E+00    0.14641E+03
    0.13276E+00    0.14010E+03
    0.13726E+00    0.13261E+03
    0.14191E+00    0.12412E+03
    0.14672E+00    0.11521E+03
    0.15169E+00    0.10658E+03
    0.15683E+00    0.98883E+02
    0.16215E+00    0.92508E+02
    0.16765E+00    0.87576E+02
    0.17333E+00    0.83919E+02
    0.17920E+00    0.81072E+02
    0.18528E+00    0.78358E+02
    0.19156E+00    0.75130E+02
    0.19805E+00    0.71053E+02
    0.20476E+00    0.66251E+02
    0.21170E+00    0.61226E+02
    0.21888E+00    0.56593E+02
    0.22630E+00    0.52794E+02
    0.23397E+00    0.49935E+02
    0.24190E+00    0.47731E+02
    0.25010E+00    0.45647E+02
    0.25857E+00    0.43255E+02
    0.26734E+00    0.40437E+02
    0.27640E+00    0.37448E+02
    0.28577E+00    0.34745E+02
    0.29546E+00    0.32567E+02
    0.30547E+00    0.30824E+02
    0.31582E+00    0.29203E+02
    0.32653E+00    0.27438E+02
    0.33760E+00    0.25538E+02
    0.34904E+00    0.23728E+02
    0.36087E+00    0.22191E+02
    0.37310E+00    0.20883E+02
    0.38575E+00    0.19621E+02
    0.39882E+00    0.18315E+02
    0.41234E+00    0.17043E+02
    0.42632E+00    0.15911E+02
    0.44077E+00    0.14906E+02
    0.45571E+00    0.13937E+02
    0.47115E+00    0.12985E+02
    0.48712E+00    0.12100E+02
    0.50363E+00    0.11298E+02
    0.52070E+00    0.10544E+02
    0.53835E+00    0.98201E+01
    0.55660E+00    0.91469E+01
    0.57547E+00    0.85257E+01
    0.59497E+00    0.79398E+01
    0.61514E+00    0.73889E+01
    0.63599E+00    0.68778E+01
    0.65755E+00    0.63999E+01
    0.67984E+00    0.59519E+01
    0.70288E+00    0.55349E+01
    0.72670E+00    0.51455E+01
    0.75133E+00    0.47818E+01
    0.77680E+00    0.44430E+01
    0.80313E+00    0.41269E+01
    0.83035E+00    0.38323E+01
    0.85850E+00    0.35578E+01
    0.88760E+00    0.33021E+01
    0.91768E+00    0.30641E+01
    0.94879E+00    0.28426E+01
    0.98094E+00    0.26364E+01
    0.10142E+01    0.24446E+01
    0.10486E+01    0.22662E+01
    0.10841E+01    0.21003E+01
    0.11209E+01    0.19461E+01
    0.11588E+01    0.18029E+01
    0.11981E+01    0.16698E+01
    0.12387E+01    0.15462E+01
    0.12807E+01    0.14315E+01
    0.13241E+01    0.13250E+01
    0.13690E+01    0.12261E+01
    0.14154E+01    0.11344E+01
    0.14634E+01    0.10494E+01
    0.15130E+01    0.97051E+00
    0.15643E+01    0.89738E+00
    0.16173E+01    0.82961E+00
    0.16721E+01    0.76682E+00
    0.17288E+01    0.70865E+00
    0.17874E+01    0.65477E+00
    0.18480E+01    0.60487E+00
    0.19106E+01    0.55868E+00
    0.19754E+01    0.51592E+00
    0.20423E+01    0.47635E+00
    0.21116E+01    0.43974E+00
    0.21831E+01    0.40588E+00
    0.22571E+01    0.37456E+00
    0.23336E+01    0.34561E+00
    0.24127E+01    0.31884E+00
    0.24945E+01    0.29409E+00
    0.25791E+01    0.27122E+00
    0.26665E+01    0.25009E+00
    0.27569E+01    0.23058E+00
    0.28503E+01    0.21255E+00
    0.29469E+01    0.19591E+00
    0.30468E+01    0.18054E+00
    0.31501E+01    0.16635E+00
    0.32569E+01    0.15325E+00
    0.33672E+01    0.14117E+00
    0.34814E+01    0.13002E+00
    0.35994E+01    0.11974E+00
    0.37214E+01    0.11025E+00
    0.38475E+01    0.10150E+00
    0.39779E+01    0.93437E-01
    0.41128E+01    0.86000E-01
    0.42522E+01    0.79146E-01
    0.43963E+01    0.72828E-01
    0.45453E+01    0.67006E-01
    0.46994E+01    0.61642E-01
    0.48587E+01    0.56700E-01
    0.50233E+01    0.52149E-01
    0.51936E+01    0.47957E-01
    0.53696E+01    0.44096E-01
    0.55516E+01    0.40542E-01
    0.57398E+01    0.37270E-01
    0.59344E+01    0.34259E-01
    0.61355E+01    0.31487E-01
    0.63435E+01    0.28936E-01
    0.65585E+01    0.26589E-01
    0.67808E+01    0.24430E-01
    0.70106E+01    0.22443E-01
    0.72483E+01    0.20616E-01
    0.74939E+01    0.18936E-01
    0.77480E+01    0.17391E-01
    0.80106E+01    0.15970E-01
    0.82821E+01    0.14664E-01
    0.85628E+01    0.13464E-01
    0.88530E+01    0.12360E-01
    0.91531E+01    0.11346E-01
    0.94634E+01    0.10414E-01
    0.97841E+01    0.95578E-02
    0.10116E+02    0.87710E-02
    0.10459E+02    0.80483E-02
    0.10813E+02    0.73845E-02
    0.11180E+02    0.67749E-02
    0.11559E+02    0.62149E-02
    0.11950E+02    0.57008E-02
    0.12355E+02    0.52288E-02
    0.12774E+02    0.47954E-02
    0.13207E+02    0.43975E-02
    0.13655E+02    0.40324E-02
    0.14118E+02    0.36972E-02
    0.14596E+02    0.33896E-02
    0.15091E+02    0.31074E-02
    0.15602E+02    0.28484E-02
    0.16131E+02    0.26108E-02
    0.16678E+02    0.23928E-02
    0.17243E+02    0.21929E-02
    0.17828E+02    0.20095E-02
    0.18432E+02    0.18413E-02
    0.19057E+02    0.16870E-02
    0.19703E+02    0.15456E-02
    0.20371E+02    0.14159E-02
    0.21061E+02    0.12969E-02
    0.21775E+02    0.11879E-02
    0.22513E+02    0.10880E-02
    0.23276E+02    0.99640E-03
    0.24065E+02    0.91245E-03
    0.24881E+02    0.83551E-03
    0.25724E+02    0.76500E-03
    0.26596E+02    0.70040E-03
    0.27497E+02    0.64120E-03
    0.28430E+02    0.58697E-03
    0.29393E+02    0.53728E-03
    0.30389E+02    0.49177E-03
    0.31419E+02    0.45008E-03
    0.32484E+02    0.41189E-03
    0.33586E+02    0.37692E-03
    0.34724E+02    0.34489E-03
    0.35901E+02    0.31557E-03
    0.37118E+02    0.28871E-03
    0.38376E+02    0.26413E-03
    0.39677E+02    0.24162E-03
    0.41021E+02    0.22101E-03
    0.42412E+02    0.20215E-03
    0.43849E+02    0.18489E-03
    0.45336E+02    0.16908E-03
    0.46872E+02    0.15462E-03
    0.48461E+02    0.14138E-03
    0.50104E+02    0.12927E-03
    0.51802E+02    0.11819E-03
    0.53558E+02    0.10805E-03
    0.55373E+02    0.98770E-04
    0.57250E+02    0.90282E-04
    0.59191E+02    0.82518E-04
    0.61197E+02    0.75415E-04
    0.63271E+02    0.68919E-04
    0.65416E+02    0.62977E-04
    0.67633E+02    0.57544E-04
    0.69925E+02    0.52574E-04
    0.72295E+02    0.48030E-04
    0.74746E+02    0.43875E-04
    0.77279E+02    0.40076E-04
    0.79899E+02    0.36603E-04
    0.82607E+02    0.33428E-04
    0.85407E+02    0.30525E-04
    0.88302E+02    0.27872E-04
    0.91295E+02    0.25447E-04
    0.94389E+02    0.23230E-04
    0.97589E+02    0.21205E-04
    0.10090E+03    0.19354E-04
    0.10432E+03    0.17663E-04
    0.10785E+03    0.16117E-04
    0.11151E+03    0.14705E-04
    0.11529E+03    0.13415E-04
    0.11920E+03    0.12237E-04
    0.12324E+03    0.11161E-04
    0.12741E+03    0.10178E-04
    0.13173E+03    0.92803E-05
    0.13620E+03    0.84604E-05
    0.14081E+03    0.77119E-05
    0.14559E+03    0.70284E-05
    0.15052E+03    0.64044E-05
    0.15562E+03    0.58348E-05
    0.16090E+03    0.53149E-05
    0.16635E+03    0.48403E-05
    0.17199E+03    0.44073E-05
    0.17782E+03    0.40122E-05
    0.18385E+03    0.36517E-05
    0.19008E+03    0.33228E-05
    0.19652E+03    0.30229E-05
    0.20318E+03    0.27493E-05
