  0.106221E-04  0.170293E+07  0.170293E+07  0.227048E+07  0.227048E+07  0.171810E+07  0.170310E+07
  0.109822E-04  0.170293E+07  0.170293E+07  0.227047E+07  0.227047E+07  0.171810E+07  0.170310E+07
  0.113544E-04  0.170293E+07  0.170293E+07  0.227046E+07  0.227046E+07  0.171809E+07  0.170310E+07
  0.117393E-04  0.170293E+07  0.170293E+07  0.227045E+07  0.227045E+07  0.171809E+07  0.170310E+07
  0.121372E-04  0.170293E+07  0.170293E+07  0.227045E+07  0.227044E+07  0.171809E+07  0.170310E+07
  0.125486E-04  0.170293E+07  0.170293E+07  0.227044E+07  0.227044E+07  0.171809E+07  0.170310E+07
  0.129739E-04  0.170293E+07  0.170293E+07  0.227043E+07  0.227043E+07  0.171809E+07  0.170310E+07
  0.134136E-04  0.170293E+07  0.170293E+07  0.227042E+07  0.227041E+07  0.171809E+07  0.170310E+07
  0.138683E-04  0.170293E+07  0.170293E+07  0.227041E+07  0.227040E+07  0.171809E+07  0.170310E+07
  0.143384E-04  0.170293E+07  0.170293E+07  0.227039E+07  0.227039E+07  0.171808E+07  0.170310E+07
  0.148244E-04  0.170293E+07  0.170293E+07  0.227038E+07  0.227038E+07  0.171808E+07  0.170310E+07
  0.153268E-04  0.170293E+07  0.170293E+07  0.227037E+07  0.227036E+07  0.171808E+07  0.170310E+07
  0.158463E-04  0.170293E+07  0.170293E+07  0.227035E+07  0.227035E+07  0.171808E+07  0.170310E+07
  0.163835E-04  0.170293E+07  0.170293E+07  0.227034E+07  0.227033E+07  0.171808E+07  0.170310E+07
  0.169388E-04  0.170293E+07  0.170293E+07  0.227032E+07  0.227032E+07  0.171807E+07  0.170310E+07
  0.175129E-04  0.170293E+07  0.170293E+07  0.227030E+07  0.227030E+07  0.171807E+07  0.170310E+07
  0.181065E-04  0.170293E+07  0.170293E+07  0.227029E+07  0.227028E+07  0.171807E+07  0.170310E+07
  0.187202E-04  0.170293E+07  0.170293E+07  0.227027E+07  0.227026E+07  0.171806E+07  0.170310E+07
  0.193548E-04  0.170293E+07  0.170293E+07  0.227024E+07  0.227024E+07  0.171806E+07  0.170310E+07
  0.200108E-04  0.170293E+07  0.170293E+07  0.227022E+07  0.227022E+07  0.171806E+07  0.170310E+07
  0.206891E-04  0.170293E+07  0.170293E+07  0.227020E+07  0.227019E+07  0.171805E+07  0.170309E+07
  0.213903E-04  0.170293E+07  0.170293E+07  0.227017E+07  0.227016E+07  0.171805E+07  0.170309E+07
  0.221154E-04  0.170293E+07  0.170293E+07  0.227014E+07  0.227014E+07  0.171805E+07  0.170309E+07
  0.228650E-04  0.170293E+07  0.170293E+07  0.227011E+07  0.227010E+07  0.171804E+07  0.170309E+07
  0.236400E-04  0.170293E+07  0.170293E+07  0.227008E+07  0.227007E+07  0.171804E+07  0.170309E+07
  0.244412E-04  0.170293E+07  0.170293E+07  0.227005E+07  0.227004E+07  0.171803E+07  0.170309E+07
  0.252697E-04  0.170293E+07  0.170293E+07  0.227001E+07  0.227000E+07  0.171802E+07  0.170309E+07
  0.261262E-04  0.170293E+07  0.170293E+07  0.226997E+07  0.226996E+07  0.171802E+07  0.170309E+07
  0.270118E-04  0.170293E+07  0.170293E+07  0.226993E+07  0.226992E+07  0.171801E+07  0.170309E+07
  0.279273E-04  0.170292E+07  0.170292E+07  0.226988E+07  0.226987E+07  0.171801E+07  0.170309E+07
  0.288739E-04  0.170292E+07  0.170292E+07  0.226984E+07  0.226982E+07  0.171800E+07  0.170309E+07
  0.298526E-04  0.170292E+07  0.170292E+07  0.226979E+07  0.226977E+07  0.171799E+07  0.170309E+07
  0.308645E-04  0.170292E+07  0.170292E+07  0.226973E+07  0.226972E+07  0.171798E+07  0.170309E+07
  0.319106E-04  0.170292E+07  0.170292E+07  0.226967E+07  0.226966E+07  0.171797E+07  0.170309E+07
  0.329922E-04  0.170292E+07  0.170292E+07  0.226961E+07  0.226959E+07  0.171796E+07  0.170309E+07
  0.341105E-04  0.170292E+07  0.170292E+07  0.226954E+07  0.226953E+07  0.171795E+07  0.170309E+07
  0.352667E-04  0.170292E+07  0.170292E+07  0.226947E+07  0.226945E+07  0.171794E+07  0.170309E+07
  0.364621E-04  0.170292E+07  0.170292E+07  0.226940E+07  0.226938E+07  0.171793E+07  0.170308E+07
  0.376979E-04  0.170292E+07  0.170292E+07  0.226931E+07  0.226929E+07  0.171792E+07  0.170308E+07
  0.389757E-04  0.170292E+07  0.170292E+07  0.226923E+07  0.226920E+07  0.171790E+07  0.170308E+07
  0.402968E-04  0.170292E+07  0.170292E+07  0.226913E+07  0.226911E+07  0.171789E+07  0.170308E+07
  0.416627E-04  0.170292E+07  0.170291E+07  0.226903E+07  0.226901E+07  0.171787E+07  0.170308E+07
  0.430748E-04  0.170291E+07  0.170291E+07  0.226893E+07  0.226890E+07  0.171786E+07  0.170308E+07
  0.445349E-04  0.170291E+07  0.170291E+07  0.226881E+07  0.226879E+07  0.171784E+07  0.170308E+07
  0.460444E-04  0.170291E+07  0.170291E+07  0.226869E+07  0.226866E+07  0.171782E+07  0.170308E+07
  0.476050E-04  0.170291E+07  0.170291E+07  0.226856E+07  0.226853E+07  0.171780E+07  0.170307E+07
  0.492186E-04  0.170291E+07  0.170291E+07  0.226842E+07  0.226839E+07  0.171778E+07  0.170307E+07
  0.508869E-04  0.170291E+07  0.170291E+07  0.226828E+07  0.226824E+07  0.171776E+07  0.170307E+07
  0.526117E-04  0.170290E+07  0.170290E+07  0.226812E+07  0.226808E+07  0.171773E+07  0.170307E+07
  0.543950E-04  0.170290E+07  0.170290E+07  0.226795E+07  0.226790E+07  0.171771E+07  0.170307E+07
  0.562387E-04  0.170290E+07  0.170290E+07  0.226777E+07  0.226772E+07  0.171768E+07  0.170306E+07
  0.581449E-04  0.170290E+07  0.170290E+07  0.226757E+07  0.226752E+07  0.171765E+07  0.170306E+07
  0.601158E-04  0.170290E+07  0.170290E+07  0.226737E+07  0.226731E+07  0.171762E+07  0.170306E+07
  0.621534E-04  0.170289E+07  0.170289E+07  0.226715E+07  0.226709E+07  0.171758E+07  0.170305E+07
  0.642601E-04  0.170289E+07  0.170289E+07  0.226691E+07  0.226685E+07  0.171755E+07  0.170305E+07
  0.664382E-04  0.170289E+07  0.170289E+07  0.226666E+07  0.226659E+07  0.171751E+07  0.170305E+07
  0.686901E-04  0.170288E+07  0.170288E+07  0.226639E+07  0.226632E+07  0.171746E+07  0.170304E+07
  0.710184E-04  0.170288E+07  0.170288E+07  0.226610E+07  0.226602E+07  0.171742E+07  0.170304E+07
  0.734256E-04  0.170288E+07  0.170288E+07  0.226579E+07  0.226571E+07  0.171737E+07  0.170304E+07
  0.759143E-04  0.170287E+07  0.170287E+07  0.226546E+07  0.226537E+07  0.171732E+07  0.170303E+07
  0.784875E-04  0.170287E+07  0.170287E+07  0.226511E+07  0.226502E+07  0.171727E+07  0.170303E+07
  0.811478E-04  0.170287E+07  0.170286E+07  0.226473E+07  0.226463E+07  0.171721E+07  0.170302E+07
  0.838983E-04  0.170286E+07  0.170286E+07  0.226433E+07  0.226422E+07  0.171715E+07  0.170302E+07
  0.867421E-04  0.170286E+07  0.170285E+07  0.226390E+07  0.226379E+07  0.171708E+07  0.170301E+07
  0.896822E-04  0.170285E+07  0.170285E+07  0.226344E+07  0.226332E+07  0.171701E+07  0.170301E+07
  0.927220E-04  0.170284E+07  0.170284E+07  0.226295E+07  0.226282E+07  0.171693E+07  0.170300E+07
  0.958648E-04  0.170284E+07  0.170284E+07  0.226242E+07  0.226228E+07  0.171685E+07  0.170299E+07
  0.991141E-04  0.170283E+07  0.170283E+07  0.226186E+07  0.226171E+07  0.171676E+07  0.170298E+07
  0.102474E-03  0.170282E+07  0.170282E+07  0.226126E+07  0.226110E+07  0.171667E+07  0.170298E+07
  0.105947E-03  0.170282E+07  0.170282E+07  0.226062E+07  0.226045E+07  0.171657E+07  0.170297E+07
  0.109538E-03  0.170281E+07  0.170281E+07  0.225993E+07  0.225976E+07  0.171647E+07  0.170296E+07
  0.113251E-03  0.170280E+07  0.170280E+07  0.225920E+07  0.225901E+07  0.171635E+07  0.170295E+07
  0.117090E-03  0.170279E+07  0.170279E+07  0.225842E+07  0.225822E+07  0.171623E+07  0.170294E+07
  0.121058E-03  0.170278E+07  0.170278E+07  0.225758E+07  0.225737E+07  0.171610E+07  0.170293E+07
  0.125162E-03  0.170277E+07  0.170277E+07  0.225669E+07  0.225646E+07  0.171596E+07  0.170292E+07
  0.129404E-03  0.170276E+07  0.170276E+07  0.225574E+07  0.225549E+07  0.171582E+07  0.170290E+07
  0.133790E-03  0.170275E+07  0.170275E+07  0.225472E+07  0.225445E+07  0.171566E+07  0.170289E+07
  0.138325E-03  0.170274E+07  0.170273E+07  0.225363E+07  0.225334E+07  0.171549E+07  0.170288E+07
  0.143013E-03  0.170272E+07  0.170272E+07  0.225246E+07  0.225216E+07  0.171531E+07  0.170286E+07
  0.147861E-03  0.170271E+07  0.170271E+07  0.225122E+07  0.225090E+07  0.171512E+07  0.170284E+07
  0.152873E-03  0.170269E+07  0.170269E+07  0.224989E+07  0.224954E+07  0.171491E+07  0.170283E+07
  0.158054E-03  0.170268E+07  0.170267E+07  0.224847E+07  0.224810E+07  0.171469E+07  0.170281E+07
  0.163412E-03  0.170266E+07  0.170266E+07  0.224695E+07  0.224656E+07  0.171445E+07  0.170279E+07
  0.168950E-03  0.170264E+07  0.170264E+07  0.224533E+07  0.224491E+07  0.171420E+07  0.170277E+07
  0.174677E-03  0.170262E+07  0.170262E+07  0.224360E+07  0.224315E+07  0.171393E+07  0.170274E+07
  0.180598E-03  0.170260E+07  0.170259E+07  0.224175E+07  0.224127E+07  0.171364E+07  0.170272E+07
  0.186719E-03  0.170257E+07  0.170257E+07  0.223978E+07  0.223927E+07  0.171334E+07  0.170269E+07
  0.193048E-03  0.170255E+07  0.170255E+07  0.223767E+07  0.223712E+07  0.171301E+07  0.170266E+07
  0.199591E-03  0.170252E+07  0.170252E+07  0.223542E+07  0.223483E+07  0.171266E+07  0.170263E+07
  0.206357E-03  0.170250E+07  0.170249E+07  0.223301E+07  0.223239E+07  0.171228E+07  0.170260E+07
  0.213351E-03  0.170246E+07  0.170246E+07  0.223044E+07  0.222978E+07  0.171188E+07  0.170257E+07
  0.220583E-03  0.170243E+07  0.170243E+07  0.222770E+07  0.222699E+07  0.171145E+07  0.170253E+07
  0.228059E-03  0.170240E+07  0.170239E+07  0.222477E+07  0.222402E+07  0.171100E+07  0.170249E+07
  0.235789E-03  0.170236E+07  0.170236E+07  0.222165E+07  0.222084E+07  0.171051E+07  0.170245E+07
  0.243781E-03  0.170232E+07  0.170232E+07  0.221831E+07  0.221745E+07  0.170999E+07  0.170241E+07
  0.252044E-03  0.170228E+07  0.170227E+07  0.221475E+07  0.221383E+07  0.170943E+07  0.170236E+07
  0.260588E-03  0.170224E+07  0.170223E+07  0.221095E+07  0.220996E+07  0.170883E+07  0.170231E+07
  0.269420E-03  0.170219E+07  0.170218E+07  0.220689E+07  0.220584E+07  0.170820E+07  0.170225E+07
  0.278552E-03  0.170214E+07  0.170213E+07  0.220256E+07  0.220144E+07  0.170752E+07  0.170219E+07
  0.287994E-03  0.170208E+07  0.170207E+07  0.219794E+07  0.219675E+07  0.170679E+07  0.170213E+07
  0.297755E-03  0.170202E+07  0.170201E+07  0.219301E+07  0.219174E+07  0.170602E+07  0.170206E+07
  0.307848E-03  0.170196E+07  0.170195E+07  0.218776E+07  0.218640E+07  0.170519E+07  0.170199E+07
  0.318282E-03  0.170189E+07  0.170188E+07  0.218215E+07  0.218071E+07  0.170430E+07  0.170192E+07
  0.329071E-03  0.170182E+07  0.170181E+07  0.217617E+07  0.217464E+07  0.170336E+07  0.170184E+07
  0.340224E-03  0.170174E+07  0.170173E+07  0.216980E+07  0.216816E+07  0.170235E+07  0.170175E+07
  0.351756E-03  0.170166E+07  0.170165E+07  0.216301E+07  0.216126E+07  0.170127E+07  0.170166E+07
  0.363679E-03  0.170158E+07  0.170156E+07  0.215577E+07  0.215391E+07  0.170012E+07  0.170156E+07
  0.376006E-03  0.170148E+07  0.170147E+07  0.214806E+07  0.214608E+07  0.169889E+07  0.170145E+07
  0.388751E-03  0.170138E+07  0.170137E+07  0.213984E+07  0.213773E+07  0.169758E+07  0.170134E+07
  0.401928E-03  0.170128E+07  0.170126E+07  0.213109E+07  0.212885E+07  0.169618E+07  0.170122E+07
  0.415551E-03  0.170116E+07  0.170115E+07  0.212177E+07  0.211939E+07  0.169469E+07  0.170109E+07
  0.429636E-03  0.170104E+07  0.170102E+07  0.211185E+07  0.210932E+07  0.169309E+07  0.170095E+07
  0.444199E-03  0.170091E+07  0.170089E+07  0.210129E+07  0.209860E+07  0.169139E+07  0.170081E+07
  0.459255E-03  0.170077E+07  0.170075E+07  0.209006E+07  0.208720E+07  0.168958E+07  0.170065E+07
  0.474821E-03  0.170063E+07  0.170060E+07  0.207812E+07  0.207509E+07  0.168764E+07  0.170048E+07
  0.490915E-03  0.170047E+07  0.170044E+07  0.206543E+07  0.206220E+07  0.168557E+07  0.170030E+07
  0.507555E-03  0.170030E+07  0.170027E+07  0.205194E+07  0.204852E+07  0.168337E+07  0.170011E+07
  0.524759E-03  0.170012E+07  0.170009E+07  0.203760E+07  0.203398E+07  0.168102E+07  0.169991E+07
  0.542546E-03  0.169993E+07  0.169990E+07  0.202239E+07  0.201855E+07  0.167852E+07  0.169969E+07
  0.560935E-03  0.169972E+07  0.169969E+07  0.200624E+07  0.200217E+07  0.167585E+07  0.169946E+07
  0.579948E-03  0.169950E+07  0.169947E+07  0.198911E+07  0.198481E+07  0.167300E+07  0.169921E+07
  0.599606E-03  0.169927E+07  0.169923E+07  0.197095E+07  0.196640E+07  0.166997E+07  0.169894E+07
  0.619929E-03  0.169902E+07  0.169898E+07  0.195171E+07  0.194690E+07  0.166674E+07  0.169866E+07
  0.640942E-03  0.169876E+07  0.169871E+07  0.193133E+07  0.192626E+07  0.166329E+07  0.169836E+07
  0.662667E-03  0.169847E+07  0.169843E+07  0.190977E+07  0.190442E+07  0.165963E+07  0.169804E+07
  0.685128E-03  0.169817E+07  0.169812E+07  0.188697E+07  0.188133E+07  0.165573E+07  0.169769E+07
  0.708350E-03  0.169784E+07  0.169779E+07  0.186288E+07  0.185694E+07  0.165158E+07  0.169733E+07
  0.732360E-03  0.169750E+07  0.169744E+07  0.183744E+07  0.183120E+07  0.164716E+07  0.169694E+07
  0.757184E-03  0.169713E+07  0.169707E+07  0.181061E+07  0.180405E+07  0.164246E+07  0.169652E+07
  0.782848E-03  0.169674E+07  0.169668E+07  0.178234E+07  0.177546E+07  0.163746E+07  0.169608E+07
  0.809383E-03  0.169632E+07  0.169625E+07  0.175257E+07  0.174536E+07  0.163215E+07  0.169560E+07
  0.836817E-03  0.169587E+07  0.169580E+07  0.172127E+07  0.171373E+07  0.162651E+07  0.169510E+07
  0.865181E-03  0.169540E+07  0.169532E+07  0.168838E+07  0.168051E+07  0.162052E+07  0.169456E+07
  0.894507E-03  0.169489E+07  0.169481E+07  0.165389E+07  0.164567E+07  0.161416E+07  0.169399E+07
  0.924826E-03  0.169435E+07  0.169426E+07  0.161775E+07  0.160920E+07  0.160741E+07  0.169338E+07
  0.956173E-03  0.169378E+07  0.169368E+07  0.157993E+07  0.157105E+07  0.160025E+07  0.169273E+07
  0.988582E-03  0.169316E+07  0.169306E+07  0.154044E+07  0.153123E+07  0.159266E+07  0.169204E+07
  0.102209E-02  0.169251E+07  0.169240E+07  0.149926E+07  0.148973E+07  0.158463E+07  0.169131E+07
  0.105673E-02  0.169182E+07  0.169170E+07  0.145639E+07  0.144656E+07  0.157612E+07  0.169053E+07
  0.109255E-02  0.169108E+07  0.169096E+07  0.141185E+07  0.140174E+07  0.156712E+07  0.168969E+07
  0.112958E-02  0.169029E+07  0.169016E+07  0.136568E+07  0.135531E+07  0.155760E+07  0.168881E+07
  0.116787E-02  0.168946E+07  0.168932E+07  0.131793E+07  0.130732E+07  0.154755E+07  0.168787E+07
  0.120746E-02  0.168857E+07  0.168842E+07  0.126865E+07  0.125783E+07  0.153694E+07  0.168687E+07
  0.124838E-02  0.168762E+07  0.168746E+07  0.121794E+07  0.120695E+07  0.152575E+07  0.168581E+07
  0.129070E-02  0.168662E+07  0.168645E+07  0.116591E+07  0.115479E+07  0.151396E+07  0.168469E+07
  0.133445E-02  0.168555E+07  0.168537E+07  0.111268E+07  0.110147E+07  0.150155E+07  0.168350E+07
  0.137968E-02  0.168442E+07  0.168422E+07  0.105841E+07  0.104717E+07  0.148850E+07  0.168223E+07
  0.142644E-02  0.168321E+07  0.168301E+07  0.100328E+07  0.992064E+06  0.147479E+07  0.168089E+07
  0.147479E-02  0.168194E+07  0.168172E+07  0.947502E+06  0.936365E+06  0.146041E+07  0.167947E+07
  0.152478E-02  0.168059E+07  0.168035E+07  0.891304E+06  0.880314E+06  0.144534E+07  0.167796E+07
  0.157646E-02  0.167915E+07  0.167890E+07  0.834952E+06  0.824174E+06  0.142957E+07  0.167637E+07
  0.162990E-02  0.167763E+07  0.167736E+07  0.778734E+06  0.768236E+06  0.141310E+07  0.167468E+07
  0.168514E-02  0.167603E+07  0.167574E+07  0.722964E+06  0.712814E+06  0.139591E+07  0.167290E+07
  0.174226E-02  0.167433E+07  0.167402E+07  0.667977E+06  0.658242E+06  0.137801E+07  0.167102E+07
  0.180131E-02  0.167253E+07  0.167220E+07  0.614127E+06  0.604868E+06  0.135940E+07  0.166903E+07
  0.186237E-02  0.167063E+07  0.167027E+07  0.561783E+06  0.553054E+06  0.134008E+07  0.166693E+07
  0.192550E-02  0.166862E+07  0.166824E+07  0.511320E+06  0.503166E+06  0.132008E+07  0.166472E+07
  0.199076E-02  0.166650E+07  0.166610E+07  0.463112E+06  0.455565E+06  0.129940E+07  0.166240E+07
  0.205824E-02  0.166426E+07  0.166383E+07  0.417524E+06  0.410601E+06  0.127807E+07  0.165994E+07
  0.212800E-02  0.166191E+07  0.166145E+07  0.374902E+06  0.368599E+06  0.125613E+07  0.165737E+07
  0.220013E-02  0.165942E+07  0.165893E+07  0.335558E+06  0.329848E+06  0.123360E+07  0.165466E+07
  0.227470E-02  0.165681E+07  0.165629E+07  0.299760E+06  0.294591E+06  0.121055E+07  0.165182E+07
  0.235181E-02  0.165406E+07  0.165350E+07  0.267716E+06  0.263010E+06  0.118701E+07  0.164884E+07
  0.243152E-02  0.165118E+07  0.165058E+07  0.239565E+06  0.235214E+06  0.116305E+07  0.164571E+07
  0.251394E-02  0.164815E+07  0.164751E+07  0.215360E+06  0.211230E+06  0.113873E+07  0.164244E+07
  0.259915E-02  0.164496E+07  0.164428E+07  0.195057E+06  0.190988E+06  0.111414E+07  0.163902E+07
  0.268725E-02  0.164163E+07  0.164090E+07  0.178511E+06  0.174324E+06  0.108934E+07  0.163544E+07
  0.277833E-02  0.163814E+07  0.163736E+07  0.165467E+06  0.160967E+06  0.106441E+07  0.163170E+07
  0.287250E-02  0.163448E+07  0.163365E+07  0.155563E+06  0.150554E+06  0.103946E+07  0.162780E+07
  0.296987E-02  0.163066E+07  0.162978E+07  0.148335E+06  0.142630E+06  0.101456E+07  0.162374E+07
  0.307053E-02  0.162667E+07  0.162572E+07  0.143236E+06  0.136671E+06  0.989812E+06  0.161951E+07
  0.317461E-02  0.162250E+07  0.162149E+07  0.139652E+06  0.132104E+06  0.965296E+06  0.161510E+07
  0.328221E-02  0.161815E+07  0.161707E+07  0.136936E+06  0.128341E+06  0.941099E+06  0.161053E+07
  0.339346E-02  0.161362E+07  0.161247E+07  0.134447E+06  0.124816E+06  0.917300E+06  0.160577E+07
  0.350848E-02  0.160889E+07  0.160767E+07  0.131587E+06  0.121021E+06  0.893968E+06  0.160083E+07
  0.362740E-02  0.160398E+07  0.160268E+07  0.127854E+06  0.116550E+06  0.871160E+06  0.159571E+07
  0.375035E-02  0.159887E+07  0.159748E+07  0.122880E+06  0.111136E+06  0.848922E+06  0.159040E+07
  0.387747E-02  0.159356E+07  0.159208E+07  0.116474E+06  0.104677E+06  0.827282E+06  0.158489E+07
  0.400890E-02  0.158805E+07  0.158647E+07  0.108644E+06  0.972504E+05  0.806252E+06  0.157919E+07
  0.414478E-02  0.158233E+07  0.158064E+07  0.996047E+05  0.891083E+05  0.785828E+06  0.157329E+07
  0.428527E-02  0.157640E+07  0.157460E+07  0.897645E+05  0.806492E+05  0.765984E+06  0.156719E+07
  0.443052E-02  0.157025E+07  0.156833E+07  0.796800E+05  0.723685E+05  0.746682E+06  0.156088E+07
  0.458069E-02  0.156389E+07  0.156184E+07  0.699906E+05  0.647880E+05  0.727866E+06  0.155435E+07
  0.473596E-02  0.155730E+07  0.155511E+07  0.613285E+05  0.583725E+05  0.709471E+06  0.154761E+07
  0.489648E-02  0.155048E+07  0.154815E+07  0.542196E+05  0.534460E+05  0.691424E+06  0.154064E+07
  0.506245E-02  0.154343E+07  0.154094E+07  0.489879E+05  0.501213E+05  0.673648E+06  0.153345E+07
  0.523404E-02  0.153614E+07  0.153350E+07  0.456823E+05  0.482609E+05  0.656071E+06  0.152603E+07
  0.541145E-02  0.152862E+07  0.152580E+07  0.440473E+05  0.474832E+05  0.638629E+06  0.151836E+07
  0.559487E-02  0.152085E+07  0.151785E+07  0.000000E+00  0.000000E+00  0.621269E+06  0.151046E+07
  0.578451E-02  0.151284E+07  0.150964E+07  0.000000E+00  0.000000E+00  0.603956E+06  0.150231E+07
  0.598058E-02  0.150457E+07  0.150116E+07  0.000000E+00  0.000000E+00  0.586673E+06  0.149391E+07
  0.618329E-02  0.149605E+07  0.149242E+07  0.000000E+00  0.000000E+00  0.569424E+06  0.148525E+07
  0.639287E-02  0.148726E+07  0.148340E+07  0.000000E+00  0.000000E+00  0.552226E+06  0.147634E+07
  0.660956E-02  0.147822E+07  0.147410E+07  0.000000E+00  0.000000E+00  0.535113E+06  0.146716E+07
  0.683359E-02  0.146890E+07  0.146452E+07  0.000000E+00  0.000000E+00  0.518125E+06  0.145772E+07
  0.706522E-02  0.145931E+07  0.145464E+07  0.000000E+00  0.000000E+00  0.501304E+06  0.144800E+07
  0.730469E-02  0.144944E+07  0.144448E+07  0.000000E+00  0.000000E+00  0.484689E+06  0.143800E+07
  0.755228E-02  0.143928E+07  0.143401E+07  0.000000E+00  0.000000E+00  0.468310E+06  0.142773E+07
  0.780827E-02  0.142884E+07  0.142323E+07  0.000000E+00  0.000000E+00  0.452187E+06  0.141717E+07
  0.807293E-02  0.141811E+07  0.141215E+07  0.000000E+00  0.000000E+00  0.436328E+06  0.140633E+07
  0.834657E-02  0.140708E+07  0.140074E+07  0.000000E+00  0.000000E+00  0.420734E+06  0.139518E+07
  0.862947E-02  0.139576E+07  0.138902E+07  0.000000E+00  0.000000E+00  0.405398E+06  0.138374E+07
  0.892197E-02  0.138412E+07  0.137696E+07  0.000000E+00  0.000000E+00  0.390316E+06  0.137200E+07
  0.922438E-02  0.137218E+07  0.136457E+07  0.000000E+00  0.000000E+00  0.375484E+06  0.135995E+07
  0.953704E-02  0.135992E+07  0.135185E+07  0.000000E+00  0.000000E+00  0.360902E+06  0.134759E+07
  0.986030E-02  0.134734E+07  0.133878E+07  0.000000E+00  0.000000E+00  0.346577E+06  0.133491E+07
  0.101945E-01  0.133444E+07  0.132535E+07  0.000000E+00  0.000000E+00  0.332518E+06  0.132191E+07
  0.105401E-01  0.132121E+07  0.131158E+07  0.000000E+00  0.000000E+00  0.318733E+06  0.130859E+07
  0.108973E-01  0.130765E+07  0.129744E+07  0.000000E+00  0.000000E+00  0.305232E+06  0.129493E+07
  0.112667E-01  0.129376E+07  0.128293E+07  0.000000E+00  0.000000E+00  0.292024E+06  0.128094E+07
  0.116486E-01  0.127952E+07  0.126806E+07  0.000000E+00  0.000000E+00  0.279118E+06  0.126661E+07
  0.120434E-01  0.126494E+07  0.125281E+07  0.000000E+00  0.000000E+00  0.266526E+06  0.125195E+07
  0.124516E-01  0.125002E+07  0.123717E+07  0.000000E+00  0.000000E+00  0.254259E+06  0.123693E+07
  0.128737E-01  0.123474E+07  0.122116E+07  0.000000E+00  0.000000E+00  0.242330E+06  0.122157E+07
  0.133100E-01  0.121911E+07  0.120475E+07  0.000000E+00  0.000000E+00  0.230750E+06  0.120585E+07
  0.137612E-01  0.120312E+07  0.118796E+07  0.000000E+00  0.000000E+00  0.219529E+06  0.118978E+07
  0.142276E-01  0.118677E+07  0.117077E+07  0.000000E+00  0.000000E+00  0.208671E+06  0.117335E+07
  0.147098E-01  0.117007E+07  0.115318E+07  0.000000E+00  0.000000E+00  0.198177E+06  0.115657E+07
  0.152084E-01  0.115300E+07  0.113520E+07  0.000000E+00  0.000000E+00  0.188044E+06  0.113942E+07
  0.157239E-01  0.113557E+07  0.111683E+07  0.000000E+00  0.000000E+00  0.178263E+06  0.112192E+07
  0.162569E-01  0.111778E+07  0.109806E+07  0.000000E+00  0.000000E+00  0.168822E+06  0.110406E+07
  0.168079E-01  0.109963E+07  0.107890E+07  0.000000E+00  0.000000E+00  0.159707E+06  0.108584E+07
  0.173776E-01  0.108112E+07  0.105935E+07  0.000000E+00  0.000000E+00  0.150906E+06  0.106727E+07
  0.179666E-01  0.106226E+07  0.103942E+07  0.000000E+00  0.000000E+00  0.142412E+06  0.104834E+07
  0.185756E-01  0.104306E+07  0.101912E+07  0.000000E+00  0.000000E+00  0.134226E+06  0.102908E+07
  0.192052E-01  0.102352E+07  0.998465E+06  0.000000E+00  0.000000E+00  0.126358E+06  0.100948E+07
  0.198562E-01  0.100366E+07  0.977461E+06  0.000000E+00  0.000000E+00  0.118817E+06  0.989563E+06
  0.205292E-01  0.983475E+06  0.956129E+06  0.000000E+00  0.000000E+00  0.111613E+06  0.969333E+06
  0.212251E-01  0.962994E+06  0.934488E+06  0.000000E+00  0.000000E+00  0.104737E+06  0.948808E+06
  0.219445E-01  0.942231E+06  0.912562E+06  0.000000E+00  0.000000E+00  0.981693E+05  0.928008E+06
  0.226883E-01  0.921207E+06  0.890379E+06  0.000000E+00  0.000000E+00  0.918864E+05  0.906952E+06
  0.234573E-01  0.899944E+06  0.867970E+06  0.000000E+00  0.000000E+00  0.858749E+05  0.885666E+06
  0.242524E-01  0.878471E+06  0.845371E+06  0.000000E+00  0.000000E+00  0.801430E+05  0.864178E+06
  0.250745E-01  0.856818E+06  0.822625E+06  0.000000E+00  0.000000E+00  0.747112E+05  0.842522E+06
  0.259244E-01  0.835021E+06  0.799776E+06  0.000000E+00  0.000000E+00  0.695855E+05  0.820732E+06
  0.268031E-01  0.813118E+06  0.776875E+06  0.000000E+00  0.000000E+00  0.647411E+05  0.798851E+06
  0.277116E-01  0.791154E+06  0.753980E+06  0.000000E+00  0.000000E+00  0.601412E+05  0.776923E+06
  0.286509E-01  0.769176E+06  0.731151E+06  0.000000E+00  0.000000E+00  0.557767E+05  0.754997E+06
  0.296220E-01  0.747236E+06  0.708455E+06  0.000000E+00  0.000000E+00  0.516731E+05  0.733127E+06
  0.306260E-01  0.725391E+06  0.685963E+06  0.000000E+00  0.000000E+00  0.478414E+05  0.711372E+06
  0.316641E-01  0.703700E+06  0.663750E+06  0.000000E+00  0.000000E+00  0.442458E+05  0.689793E+06
  0.327374E-01  0.682229E+06  0.641897E+06  0.000000E+00  0.000000E+00  0.408538E+05  0.668457E+06
  0.338470E-01  0.664358E+06  0.623788E+06  0.000000E+00  0.000000E+00  0.320927E+05  0.650646E+06
  0.349942E-01  0.643630E+06  0.603002E+06  0.000000E+00  0.000000E+00  0.295024E+05  0.630108E+06
  0.361804E-01  0.623322E+06  0.582819E+06  0.000000E+00  0.000000E+00  0.270953E+05  0.610018E+06
  0.374067E-01  0.603311E+06  0.563125E+06  0.000000E+00  0.000000E+00  0.248448E+05  0.590255E+06
  0.386746E-01  0.583754E+06  0.544089E+06  0.000000E+00  0.000000E+00  0.227925E+05  0.570977E+06
  0.399855E-01  0.564806E+06  0.525873E+06  0.000000E+00  0.000000E+00  0.209082E+05  0.552339E+06
  0.413408E-01  0.546541E+06  0.508554E+06  0.000000E+00  0.000000E+00  0.191448E+05  0.534413E+06
  0.427421E-01  0.529024E+06  0.492195E+06  0.000000E+00  0.000000E+00  0.175395E+05  0.517264E+06
  0.441908E-01  0.510276E+06  0.474818E+06  0.000000E+00  0.000000E+00  0.183624E+05  0.498959E+06
  0.456886E-01  0.494312E+06  0.460414E+06  0.000000E+00  0.000000E+00  0.168961E+05  0.483414E+06
  0.472373E-01  0.479163E+06  0.447004E+06  0.000000E+00  0.000000E+00  0.155538E+05  0.468707E+06
  0.488384E-01  0.464808E+06  0.434538E+06  0.000000E+00  0.000000E+00  0.143133E+05  0.454811E+06
  0.504938E-01  0.451199E+06  0.422939E+06  0.000000E+00  0.000000E+00  0.132000E+05  0.441674E+06
  0.522053E-01  0.438281E+06  0.412115E+06  0.000000E+00  0.000000E+00  0.121590E+05  0.429236E+06
  0.539748E-01  0.427126E+06  0.403087E+06  0.000000E+00  0.000000E+00  0.102639E+05  0.418537E+06
  0.558043E-01  0.415358E+06  0.393438E+06  0.000000E+00  0.000000E+00  0.944224E+04  0.407242E+06
  0.576957E-01  0.404022E+06  0.384157E+06  0.000000E+00  0.000000E+00  0.868206E+04  0.396365E+06
  0.596514E-01  0.393018E+06  0.375088E+06  0.000000E+00  0.000000E+00  0.798343E+04  0.385797E+06
  0.616732E-01  0.382241E+06  0.366072E+06  0.000000E+00  0.000000E+00  0.733889E+04  0.375425E+06
  0.637637E-01  0.370783E+06  0.356152E+06  0.000000E+00  0.000000E+00  0.730218E+04  0.364349E+06
  0.659249E-01  0.360081E+06  0.346715E+06  0.000000E+00  0.000000E+00  0.671100E+04  0.353969E+06
  0.681595E-01  0.349234E+06  0.336829E+06  0.000000E+00  0.000000E+00  0.616134E+04  0.343395E+06
  0.704697E-01  0.338128E+06  0.326358E+06  0.000000E+00  0.000000E+00  0.564091E+04  0.332511E+06
  0.728583E-01  0.326904E+06  0.315438E+06  0.000000E+00  0.000000E+00  0.497444E+04  0.321454E+06
  0.753278E-01  0.315113E+06  0.303640E+06  0.000000E+00  0.000000E+00  0.452366E+04  0.309787E+06
  0.778811E-01  0.302989E+06  0.291235E+06  0.000000E+00  0.000000E+00  0.410537E+04  0.297744E+06
  0.805209E-01  0.290613E+06  0.278365E+06  0.000000E+00  0.000000E+00  0.371784E+04  0.285418E+06
  0.832502E-01  0.278113E+06  0.265235E+06  0.000000E+00  0.000000E+00  0.335589E+04  0.272947E+06
  0.860720E-01  0.265647E+06  0.252096E+06  0.000000E+00  0.000000E+00  0.301857E+04  0.260501E+06
  0.889894E-01  0.253389E+06  0.239227E+06  0.000000E+00  0.000000E+00  0.271490E+04  0.248273E+06
  0.920057E-01  0.241532E+06  0.226920E+06  0.000000E+00  0.000000E+00  0.244198E+04  0.236468E+06
  0.951242E-01  0.230283E+06  0.215473E+06  0.000000E+00  0.000000E+00  0.219076E+04  0.225308E+06
  0.983485E-01  0.219855E+06  0.205164E+06  0.000000E+00  0.000000E+00  0.197089E+04  0.215011E+06
  0.101682E+00  0.210428E+06  0.196209E+06  0.000000E+00  0.000000E+00  0.177794E+04  0.205765E+06
  0.105129E+00  0.202097E+06  0.188694E+06  0.000000E+00  0.000000E+00  0.160939E+04  0.197659E+06
  0.108692E+00  0.194819E+06  0.182525E+06  0.000000E+00  0.000000E+00  0.146277E+04  0.190645E+06
  0.112376E+00  0.188408E+06  0.177417E+06  0.000000E+00  0.000000E+00  0.133276E+04  0.184520E+06
  0.116185E+00  0.182576E+06  0.172955E+06  0.000000E+00  0.000000E+00  0.121872E+04  0.178979E+06
  0.120123E+00  0.177010E+06  0.168679E+06  0.000000E+00  0.000000E+00  0.111253E+04  0.173688E+06
  0.124195E+00  0.171422E+06  0.164161E+06  0.000000E+00  0.000000E+00  0.101472E+04  0.168339E+06
  0.128404E+00  0.165572E+06  0.159053E+06  0.000000E+00  0.000000E+00  0.923005E+03  0.162676E+06
  0.132756E+00  0.159274E+06  0.153114E+06  0.000000E+00  0.000000E+00  0.835841E+03  0.156506E+06
  0.137256E+00  0.152441E+06  0.146271E+06  0.000000E+00  0.000000E+00  0.752058E+03  0.149745E+06
  0.141909E+00  0.145148E+06  0.138686E+06  0.000000E+00  0.000000E+00  0.672810E+03  0.142482E+06
  0.146719E+00  0.137657E+06  0.130767E+06  0.000000E+00  0.000000E+00  0.599244E+03  0.135002E+06
  0.151692E+00  0.130343E+06  0.123065E+06  0.000000E+00  0.000000E+00  0.533283E+03  0.127703E+06
  0.156833E+00  0.123569E+06  0.116104E+06  0.000000E+00  0.000000E+00  0.475895E+03  0.120972E+06
  0.162149E+00  0.117586E+06  0.110242E+06  0.000000E+00  0.000000E+00  0.424355E+03  0.115074E+06
  0.167645E+00  0.112495E+06  0.105604E+06  0.000000E+00  0.000000E+00  0.382001E+03  0.110114E+06
  0.173328E+00  0.108226E+06  0.102038E+06  0.000000E+00  0.000000E+00  0.345689E+03  0.106009E+06
  0.179203E+00  0.104517E+06  0.991281E+05  0.000000E+00  0.000000E+00  0.313795E+03  0.102473E+06
  0.185277E+00  0.100965E+06  0.962848E+05  0.000000E+00  0.000000E+00  0.284980E+03  0.990785E+05
  0.191557E+00  0.971807E+05  0.929657E+05  0.000000E+00  0.000000E+00  0.257731E+03  0.954128E+05
  0.198050E+00  0.929497E+05  0.888960E+05  0.000000E+00  0.000000E+00  0.231541E+03  0.912548E+05
  0.204762E+00  0.883199E+05  0.841783E+05  0.000000E+00  0.000000E+00  0.206596E+03  0.866610E+05
  0.211703E+00  0.835705E+05  0.792417E+05  0.000000E+00  0.000000E+00  0.183322E+03  0.819324E+05
  0.218878E+00  0.790770E+05  0.746412E+05  0.000000E+00  0.000000E+00  0.162478E+03  0.774702E+05
  0.226297E+00  0.751350E+05  0.707993E+05  0.000000E+00  0.000000E+00  0.145157E+03  0.735881E+05
  0.233968E+00  0.718421E+05  0.678268E+05  0.000000E+00  0.000000E+00  0.130116E+03  0.703846E+05
  0.241898E+00  0.690309E+05  0.654519E+05  0.000000E+00  0.000000E+00  0.117539E+03  0.676769E+05
  0.250097E+00  0.663488E+05  0.631608E+05  0.000000E+00  0.000000E+00  0.105959E+03  0.650893E+05
  0.258574E+00  0.635049E+05  0.605399E+05  0.000000E+00  0.000000E+00  0.952489E+02  0.623137E+05
  0.267339E+00  0.604040E+05  0.574818E+05  0.000000E+00  0.000000E+00  0.848788E+02  0.592539E+05
  0.276400E+00  0.572007E+05  0.542416E+05  0.000000E+00  0.000000E+00  0.753204E+02  0.560796E+05
  0.285769E+00  0.542099E+05  0.512707E+05  0.000000E+00  0.000000E+00  0.669951E+02  0.531248E+05
  0.295455E+00  0.516140E+05  0.488243E+05  0.000000E+00  0.000000E+00  0.597580E+02  0.505824E+05
  0.305470E+00  0.493642E+05  0.468132E+05  0.000000E+00  0.000000E+00  0.536756E+02  0.483970E+05
  0.315823E+00  0.472359E+05  0.449038E+05  0.000000E+00  0.000000E+00  0.480980E+02  0.463285E+05
  0.326528E+00  0.450278E+05  0.428164E+05  0.000000E+00  0.000000E+00  0.430896E+02  0.441647E+05
  0.337596E+00  0.427353E+05  0.405641E+05  0.000000E+00  0.000000E+00  0.382976E+02  0.419041E+05
  0.349039E+00  0.405242E+05  0.383968E+05  0.000000E+00  0.000000E+00  0.340421E+02  0.397245E+05
  0.360869E+00  0.385417E+05  0.365205E+05  0.000000E+00  0.000000E+00  0.303403E+02  0.377815E+05
  0.373101E+00  0.367618E+05  0.348861E+05  0.000000E+00  0.000000E+00  0.270844E+02  0.360454E+05
  0.385748E+00  0.350388E+05  0.332829E+05  0.000000E+00  0.000000E+00  0.242259E+02  0.343612E+05
  0.398823E+00  0.332962E+05  0.316094E+05  0.000000E+00  0.000000E+00  0.215799E+02  0.326493E+05
  0.412341E+00  0.315937E+05  0.299620E+05  0.000000E+00  0.000000E+00  0.191937E+02  0.309747E+05
  0.426317E+00  0.300224E+05  0.284708E+05  0.000000E+00  0.000000E+00  0.170739E+02  0.294339E+05
  0.440767E+00  0.285745E+05  0.271187E+05  0.000000E+00  0.000000E+00  0.152189E+02  0.280179E+05
  0.455707E+00  0.271726E+05  0.257952E+05  0.000000E+00  0.000000E+00  0.135796E+02  0.266444E+05
  0.471153E+00  0.257967E+05  0.244774E+05  0.000000E+00  0.000000E+00  0.120609E+02  0.252934E+05
  0.487123E+00  0.244911E+05  0.232326E+05  0.000000E+00  0.000000E+00  0.107201E+02  0.240122E+05
  0.503634E+00  0.232738E+05  0.220848E+05  0.000000E+00  0.000000E+00  0.954546E+01  0.228199E+05
  0.520705E+00  0.221110E+05  0.209852E+05  0.000000E+00  0.000000E+00  0.849662E+01  0.216804E+05
  0.538354E+00  0.209868E+05  0.199139E+05  0.000000E+00  0.000000E+00  0.754489E+01  0.205773E+05
  0.556602E+00  0.199201E+05  0.189005E+05  0.000000E+00  0.000000E+00  0.671551E+01  0.195313E+05
  0.575468E+00  0.189134E+05  0.179482E+05  0.000000E+00  0.000000E+00  0.596410E+01  0.185447E+05
  0.594973E+00  0.179503E+05  0.170342E+05  0.000000E+00  0.000000E+00  0.529990E+01  0.176004E+05
  0.615140E+00  0.170304E+05  0.161599E+05  0.000000E+00  0.000000E+00  0.470865E+01  0.166982E+05
  0.635991E+00  0.161591E+05  0.153339E+05  0.000000E+00  0.000000E+00  0.418823E+01  0.158440E+05
  0.657547E+00  0.153299E+05  0.145473E+05  0.000000E+00  0.000000E+00  0.372490E+01  0.150310E+05
  0.679835E+00  0.145394E+05  0.137967E+05  0.000000E+00  0.000000E+00  0.330131E+01  0.142558E+05
  0.702878E+00  0.137889E+05  0.130849E+05  0.000000E+00  0.000000E+00  0.293512E+01  0.135201E+05
  0.726702E+00  0.130753E+05  0.124078E+05  0.000000E+00  0.000000E+00  0.260031E+01  0.128204E+05
  0.751334E+00  0.123965E+05  0.117635E+05  0.000000E+00  0.000000E+00  0.231507E+01  0.121548E+05
  0.776801E+00  0.117517E+05  0.111518E+05  0.000000E+00  0.000000E+00  0.205078E+01  0.115225E+05
  0.803130E+00  0.111387E+05  0.105701E+05  0.000000E+00  0.000000E+00  0.181972E+01  0.109215E+05
  0.830353E+00  0.105563E+05  0.100175E+05  0.000000E+00  0.000000E+00  0.161604E+01  0.103505E+05
  0.858497E+00  0.100032E+05  0.949262E+04  0.000000E+00  0.000000E+00  0.143184E+01  0.980816E+04
  0.887596E+00  0.947778E+04  0.899403E+04  0.000000E+00  0.000000E+00  0.127296E+01  0.929298E+04
  0.917681E+00  0.897894E+04  0.852068E+04  0.000000E+00  0.000000E+00  0.112656E+01  0.880387E+04
  0.948786E+00  0.850530E+04  0.807123E+04  0.000000E+00  0.000000E+00  0.997027E+00  0.833947E+04
  0.980945E+00  0.805568E+04  0.764458E+04  0.000000E+00  0.000000E+00  0.884861E+00  0.789862E+04
  0.101419E+01  0.762890E+04  0.723959E+04  0.000000E+00  0.000000E+00  0.784445E+00  0.748016E+04
  0.104857E+01  0.722384E+04  0.685522E+04  0.000000E+00  0.000000E+00  0.694989E+00  0.708300E+04
  0.108411E+01  0.683948E+04  0.649048E+04  0.000000E+00  0.000000E+00  0.616459E+00  0.670614E+04
  0.112086E+01  0.647483E+04  0.614445E+04  0.000000E+00  0.000000E+00  0.544717E+00  0.634860E+04
  0.115885E+01  0.612897E+04  0.581625E+04  0.000000E+00  0.000000E+00  0.483192E+00  0.600948E+04
  0.119813E+01  0.580094E+04  0.550497E+04  0.000000E+00  0.000000E+00  0.428458E+00  0.568785E+04
  0.123874E+01  0.548989E+04  0.520980E+04  0.000000E+00  0.000000E+00  0.379866E+00  0.538287E+04
  0.128073E+01  0.519495E+04  0.492992E+04  0.000000E+00  0.000000E+00  0.336724E+00  0.509368E+04
  0.132414E+01  0.491534E+04  0.466458E+04  0.000000E+00  0.000000E+00  0.296862E+00  0.481952E+04
  0.136902E+01  0.465030E+04  0.441306E+04  0.000000E+00  0.000000E+00  0.263579E+00  0.455964E+04
  0.141542E+01  0.439910E+04  0.417469E+04  0.000000E+00  0.000000E+00  0.233631E+00  0.431335E+04
  0.146340E+01  0.416104E+04  0.394878E+04  0.000000E+00  0.000000E+00  0.206578E+00  0.407993E+04
  0.151300E+01  0.393547E+04  0.373472E+04  0.000000E+00  0.000000E+00  0.182726E+00  0.385875E+04
  0.156428E+01  0.372175E+04  0.353191E+04  0.000000E+00  0.000000E+00  0.161222E+00  0.364920E+04
  0.161730E+01  0.351932E+04  0.333980E+04  0.000000E+00  0.000000E+00  0.143273E+00  0.345071E+04
  0.167212E+01  0.332759E+04  0.315785E+04  0.000000E+00  0.000000E+00  0.126703E+00  0.326272E+04
  0.172880E+01  0.314600E+04  0.298554E+04  0.000000E+00  0.000000E+00  0.112124E+00  0.308468E+04
  0.178740E+01  0.297406E+04  0.282236E+04  0.000000E+00  0.000000E+00  0.988372E-01  0.291608E+04
  0.184798E+01  0.281125E+04  0.266786E+04  0.000000E+00  0.000000E+00  0.875456E-01  0.275645E+04
  0.191062E+01  0.265712E+04  0.252160E+04  0.000000E+00  0.000000E+00  0.775015E-01  0.260532E+04
  0.197538E+01  0.251120E+04  0.238312E+04  0.000000E+00  0.000000E+00  0.683717E-01  0.246225E+04
  0.204234E+01  0.237310E+04  0.225207E+04  0.000000E+00  0.000000E+00  0.604629E-01  0.232684E+04
  0.211156E+01  0.224240E+04  0.212803E+04  0.000000E+00  0.000000E+00  0.534715E-01  0.219869E+04
  0.218313E+01  0.211873E+04  0.201067E+04  0.000000E+00  0.000000E+00  0.474425E-01  0.207743E+04
  0.225713E+01  0.200170E+04  0.189962E+04  0.000000E+00  0.000000E+00  0.419066E-01  0.196269E+04
  0.233364E+01  0.189100E+04  0.179455E+04  0.000000E+00  0.000000E+00  0.371105E-01  0.185414E+04
  0.241274E+01  0.178626E+04  0.169516E+04  0.000000E+00  0.000000E+00  0.326011E-01  0.175144E+04
  0.249452E+01  0.168718E+04  0.160114E+04  0.000000E+00  0.000000E+00  0.288571E-01  0.165430E+04
  0.257907E+01  0.159348E+04  0.151221E+04  0.000000E+00  0.000000E+00  0.255331E-01  0.156242E+04
  0.266649E+01  0.150487E+04  0.142812E+04  0.000000E+00  0.000000E+00  0.225387E-01  0.147553E+04
  0.275687E+01  0.142107E+04  0.134860E+04  0.000000E+00  0.000000E+00  0.198387E-01  0.139337E+04
  0.285031E+01  0.134184E+04  0.127341E+04  0.000000E+00  0.000000E+00  0.176902E-01  0.131569E+04
  0.294692E+01  0.126694E+04  0.120233E+04  0.000000E+00  0.000000E+00  0.155243E-01  0.124225E+04
  0.304681E+01  0.119613E+04  0.113512E+04  0.000000E+00  0.000000E+00  0.136926E-01  0.117281E+04
  0.315008E+01  0.112919E+04  0.107160E+04  0.000000E+00  0.000000E+00  0.121480E-01  0.110718E+04
  0.325685E+01  0.106592E+04  0.101156E+04  0.000000E+00  0.000000E+00  0.107646E-01  0.104514E+04
  0.336724E+01  0.100613E+04  0.954813E+03  0.000000E+00  0.000000E+00  0.949066E-02  0.986513E+03
  0.348138E+01  0.949622E+03  0.901191E+03  0.000000E+00  0.000000E+00  0.836969E-02  0.931111E+03
  0.359938E+01  0.896231E+03  0.850522E+03  0.000000E+00  0.000000E+00  0.737019E-02  0.878761E+03
  0.372138E+01  0.845780E+03  0.802644E+03  0.000000E+00  0.000000E+00  0.652515E-02  0.829294E+03
  0.384752E+01  0.798117E+03  0.757411E+03  0.000000E+00  0.000000E+00  0.573819E-02  0.782559E+03
  0.397793E+01  0.753090E+03  0.714679E+03  0.000000E+00  0.000000E+00  0.508962E-02  0.738410E+03
  0.411276E+01  0.710560E+03  0.674318E+03  0.000000E+00  0.000000E+00  0.447482E-02  0.696709E+03
  0.425217E+01  0.670388E+03  0.636193E+03  0.000000E+00  0.000000E+00  0.395579E-02  0.657319E+03
  0.439629E+01  0.632446E+03  0.600187E+03  0.000000E+00  0.000000E+00  0.348622E-02  0.620118E+03
  0.454531E+01  0.596613E+03  0.566180E+03  0.000000E+00  0.000000E+00  0.308362E-02  0.584982E+03
  0.469937E+01  0.562775E+03  0.534067E+03  0.000000E+00  0.000000E+00  0.272395E-02  0.551804E+03
  0.485865E+01  0.530826E+03  0.503747E+03  0.000000E+00  0.000000E+00  0.240427E-02  0.520478E+03
  0.502334E+01  0.500661E+03  0.475120E+03  0.000000E+00  0.000000E+00  0.212871E-02  0.490901E+03
  0.519360E+01  0.472182E+03  0.448092E+03  0.000000E+00  0.000000E+00  0.186085E-02  0.462977E+03
  0.536965E+01  0.445295E+03  0.422575E+03  0.000000E+00  0.000000E+00  0.165889E-02  0.436613E+03
  0.555165E+01  0.419915E+03  0.398490E+03  0.000000E+00  0.000000E+00  0.144129E-02  0.411729E+03
  0.573982E+01  0.395960E+03  0.375756E+03  0.000000E+00  0.000000E+00  0.128161E-02  0.388240E+03
  0.593437E+01  0.373352E+03  0.354299E+03  0.000000E+00  0.000000E+00  0.112463E-02  0.366072E+03
  0.613552E+01  0.352012E+03  0.334047E+03  0.000000E+00  0.000000E+00  0.995375E-03  0.345149E+03
  0.634348E+01  0.331875E+03  0.314936E+03  0.000000E+00  0.000000E+00  0.889506E-03  0.325403E+03
  0.655850E+01  0.312873E+03  0.296902E+03  0.000000E+00  0.000000E+00  0.778898E-03  0.306772E+03
  0.678080E+01  0.294943E+03  0.279887E+03  0.000000E+00  0.000000E+00  0.687281E-03  0.289192E+03
  0.701063E+01  0.278026E+03  0.263832E+03  0.000000E+00  0.000000E+00  0.607290E-03  0.272604E+03
  0.724826E+01  0.262065E+03  0.248684E+03  0.000000E+00  0.000000E+00  0.537857E-03  0.256954E+03
  0.749394E+01  0.247007E+03  0.234394E+03  0.000000E+00  0.000000E+00  0.470316E-03  0.242190E+03
  0.774795E+01  0.232804E+03  0.220914E+03  0.000000E+00  0.000000E+00  0.413116E-03  0.228263E+03
  0.801057E+01  0.219406E+03  0.208199E+03  0.000000E+00  0.000000E+00  0.363971E-03  0.215126E+03
  0.828209E+01  0.206767E+03  0.196204E+03  0.000000E+00  0.000000E+00  0.325124E-03  0.202734E+03
  0.856281E+01  0.194848E+03  0.184893E+03  0.000000E+00  0.000000E+00  0.282377E-03  0.191047E+03
  0.885305E+01  0.183607E+03  0.174225E+03  0.000000E+00  0.000000E+00  0.251882E-03  0.180025E+03
  0.915312E+01  0.173006E+03  0.164164E+03  0.000000E+00  0.000000E+00  0.220416E-03  0.169631E+03
  0.946337E+01  0.163010E+03  0.154676E+03  0.000000E+00  0.000000E+00  0.198512E-03  0.159829E+03
  0.978413E+01  0.153584E+03  0.145730E+03  0.000000E+00  0.000000E+00  0.171761E-03  0.150587E+03
  0.101158E+02  0.144696E+03  0.137295E+03  0.000000E+00  0.000000E+00  0.153085E-03  0.141872E+03
  0.104586E+02  0.136316E+03  0.129342E+03  0.000000E+00  0.000000E+00  0.133133E-03  0.133655E+03
  0.108131E+02  0.128415E+03  0.121844E+03  0.000000E+00  0.000000E+00  0.116920E-03  0.125909E+03
  0.111796E+02  0.120968E+03  0.114776E+03  0.000000E+00  0.000000E+00  0.102943E-03  0.118606E+03
  0.115586E+02  0.113946E+03  0.108112E+03  0.000000E+00  0.000000E+00  0.944282E-04  0.111721E+03
  0.119504E+02  0.107328E+03  0.101831E+03  0.000000E+00  0.000000E+00  0.806431E-04  0.105232E+03
  0.123554E+02  0.101090E+03  0.959107E+02  0.000000E+00  0.000000E+00  0.714357E-04  0.991156E+02
  0.127742E+02  0.952101E+02  0.903302E+02  0.000000E+00  0.000000E+00  0.629522E-04  0.933502E+02
  0.132072E+02  0.896686E+02  0.850709E+02  0.000000E+00  0.000000E+00  0.547019E-04  0.879167E+02
  0.136549E+02  0.844461E+02  0.801143E+02  0.000000E+00  0.000000E+00  0.496967E-04  0.827959E+02
  0.141177E+02  0.795243E+02  0.754432E+02  0.000000E+00  0.000000E+00  0.425836E-04  0.779700E+02
  0.145962E+02  0.748863E+02  0.710414E+02  0.000000E+00  0.000000E+00  0.379836E-04  0.734223E+02
  0.150909E+02  0.705161E+02  0.668937E+02  0.000000E+00  0.000000E+00  0.335938E-04  0.691372E+02
  0.156025E+02  0.663980E+02  0.629852E+02  0.000000E+00  0.000000E+00  0.292561E-04  0.650993E+02
  0.161313E+02  0.625181E+02  0.593029E+02  0.000000E+00  0.000000E+00  0.261378E-04  0.612950E+02
  0.166781E+02  0.588625E+02  0.558333E+02  0.000000E+00  0.000000E+00  0.219316E-04  0.577106E+02
  0.172434E+02  0.554185E+02  0.525646E+02  0.000000E+00  0.000000E+00  0.198312E-04  0.543336E+02
  0.178278E+02  0.521740E+02  0.494852E+02  0.000000E+00  0.000000E+00  0.181671E-04  0.511523E+02
  0.184321E+02  0.491175E+02  0.465843E+02  0.000000E+00  0.000000E+00  0.156023E-04  0.481554E+02
  0.190569E+02  0.462384E+02  0.438517E+02  0.000000E+00  0.000000E+00  0.140295E-04  0.453323E+02
  0.197028E+02  0.435264E+02  0.412777E+02  0.000000E+00  0.000000E+00  0.119997E-04  0.426731E+02
  0.203706E+02  0.409718E+02  0.388531E+02  0.000000E+00  0.000000E+00  0.106374E-04  0.401683E+02
  0.210611E+02  0.385659E+02  0.365696E+02  0.000000E+00  0.000000E+00  0.929329E-05  0.378092E+02
  0.217750E+02  0.362998E+02  0.344188E+02  0.000000E+00  0.000000E+00  0.805664E-05  0.355873E+02
  0.225131E+02  0.341657E+02  0.323932E+02  0.000000E+00  0.000000E+00  0.735596E-05  0.334948E+02
  0.232761E+02  0.321559E+02  0.304857E+02  0.000000E+00  0.000000E+00  0.625251E-05  0.315241E+02
  0.240651E+02  0.302633E+02  0.286892E+02  0.000000E+00  0.000000E+00  0.517518E-05  0.296683E+02
  0.248808E+02  0.284810E+02  0.269976E+02  0.000000E+00  0.000000E+00  0.504474E-05  0.279207E+02
  0.257241E+02  0.268028E+02  0.254047E+02  0.000000E+00  0.000000E+00  0.441428E-05  0.262751E+02
  0.265960E+02  0.252226E+02  0.239048E+02  0.000000E+00  0.000000E+00  0.427631E-05  0.247257E+02
  0.274975E+02  0.237347E+02  0.224925E+02  0.000000E+00  0.000000E+00  0.334632E-05  0.232668E+02
  0.284295E+02  0.223339E+02  0.211629E+02  0.000000E+00  0.000000E+00  0.318702E-05  0.218932E+02
  0.293932E+02  0.210149E+02  0.199109E+02  0.000000E+00  0.000000E+00  0.263973E-05  0.205999E+02
  0.303894E+02  0.197733E+02  0.187324E+02  0.000000E+00  0.000000E+00  0.219295E-05  0.193824E+02
  0.314195E+02  0.186043E+02  0.176228E+02  0.000000E+00  0.000000E+00  0.211256E-05  0.182362E+02
  0.324844E+02  0.175039E+02  0.165783E+02  0.000000E+00  0.000000E+00  0.186826E-05  0.171572E+02
  0.335855E+02  0.164680E+02  0.155950E+02  0.000000E+00  0.000000E+00  0.178920E-05  0.161415E+02
  0.347239E+02  0.154929E+02  0.146693E+02  0.000000E+00  0.000000E+00  0.148258E-05  0.151854E+02
  0.359009E+02  0.145751E+02  0.137981E+02  0.000000E+00  0.000000E+00  0.135866E-05  0.142854E+02
  0.371177E+02  0.137112E+02  0.129780E+02  0.000000E+00  0.000000E+00  0.104517E-05  0.134383E+02
  0.383758E+02  0.128981E+02  0.122062E+02  0.000000E+00  0.000000E+00  0.988911E-06  0.126410E+02
  0.396766E+02  0.121328E+02  0.114797E+02  0.000000E+00  0.000000E+00  0.797786E-06  0.118906E+02
  0.410214E+02  0.114126E+02  0.107960E+02  0.000000E+00  0.000000E+00  0.851354E-06  0.111844E+02
  0.424119E+02  0.107348E+02  0.101525E+02  0.000000E+00  0.000000E+00  0.771672E-06  0.105197E+02
  0.438494E+02  0.100969E+02  0.954692E+01  0.000000E+00  0.000000E+00  0.576073E-06  0.989425E+01
  0.453357E+02  0.949662E+01  0.897703E+01  0.000000E+00  0.000000E+00  0.635552E-06  0.930563E+01
  0.468724E+02  0.893174E+01  0.844074E+01  0.000000E+00  0.000000E+00  0.415547E-06  0.875173E+01
  0.484611E+02  0.840019E+01  0.793609E+01  0.000000E+00  0.000000E+00  0.382950E-06  0.823050E+01
  0.501037E+02  0.790003E+01  0.746123E+01  0.000000E+00  0.000000E+00  0.201633E-06  0.774006E+01
  0.518020E+02  0.742940E+01  0.701440E+01  0.000000E+00  0.000000E+00  0.301025E-06  0.727857E+01
  0.535578E+02  0.698661E+01  0.659397E+01  0.000000E+00  0.000000E+00  0.266659E-06  0.684437E+01
  0.553732E+02  0.656998E+01  0.619839E+01  0.000000E+00  0.000000E+00  0.306703E-06  0.643583E+01
  0.572501E+02  0.617800E+01  0.582620E+01  0.000000E+00  0.000000E+00  0.214677E-06  0.605146E+01
  0.591905E+02  0.580923E+01  0.547604E+01  0.000000E+00  0.000000E+00  0.151110E-06  0.568984E+01
  0.611968E+02  0.546229E+01  0.514660E+01  0.000000E+00  0.000000E+00  0.126422E-06  0.534963E+01
  0.632711E+02  0.513591E+01  0.483667E+01  0.000000E+00  0.000000E+00  0.135188E-06  0.502958E+01
  0.654157E+02  0.482887E+01  0.454510E+01  0.000000E+00  0.000000E+00  0.121024E-06  0.472849E+01
  0.676329E+02  0.454004E+01  0.427082E+01  0.000000E+00  0.000000E+00  0.757334E-07  0.444527E+01
  0.699254E+02  0.426834E+01  0.401279E+01  0.000000E+00  0.000000E+00  0.101988E-06  0.417883E+01
  0.722955E+02  0.401278E+01  0.377007E+01  0.000000E+00  0.000000E+00  0.619494E-07  0.392822E+01
  0.747460E+02  0.377238E+01  0.354176E+01  0.000000E+00  0.000000E+00  0.789811E-07  0.369248E+01
  0.772794E+02  0.354627E+01  0.332700E+01  0.000000E+00  0.000000E+00  0.869074E-07  0.347075E+01
  0.798989E+02  0.333360E+01  0.312500E+01  0.000000E+00  0.000000E+00  0.252804E-07  0.326219E+01
  0.826070E+02  0.313357E+01  0.293501E+01  0.000000E+00  0.000000E+00  0.539731E-07  0.306603E+01
  0.854070E+02  0.294544E+01  0.275630E+01  0.000000E+00  0.000000E+00  0.335558E-07  0.288154E+01
  0.883018E+02  0.276851E+01  0.258823E+01  0.000000E+00  0.000000E+00  0.384641E-07  0.270803E+01
  0.912949E+02  0.260211E+01  0.243016E+01  0.000000E+00  0.000000E+00  0.373629E-07  0.254485E+01
  0.943893E+02  0.244562E+01  0.228150E+01  0.000000E+00  0.000000E+00  0.256507E-07  0.239139E+01
  0.975888E+02  0.229845E+01  0.214168E+01  0.000000E+00  0.000000E+00 -0.129650E-07  0.224706E+01
  0.100897E+03  0.216006E+01  0.201020E+01  0.000000E+00  0.000000E+00  0.790063E-08  0.211134E+01
  0.104316E+03  0.202993E+01  0.188656E+01  0.000000E+00  0.000000E+00  0.439012E-07  0.198372E+01
  0.107852E+03  0.190755E+01  0.177029E+01  0.000000E+00  0.000000E+00  0.254588E-07  0.186371E+01
  0.111508E+03  0.179248E+01  0.166095E+01  0.000000E+00  0.000000E+00  0.461187E-08  0.175085E+01
  0.115287E+03  0.168428E+01  0.155814E+01  0.000000E+00  0.000000E+00  0.374180E-07  0.164474E+01
  0.119195E+03  0.158254E+01  0.146147E+01  0.000000E+00  0.000000E+00  0.161165E-07  0.154497E+01
  0.123235E+03  0.148689E+01  0.137057E+01  0.000000E+00  0.000000E+00  0.184599E-07  0.145116E+01
  0.127412E+03  0.139694E+01  0.128510E+01  0.000000E+00  0.000000E+00  0.237760E-07  0.136295E+01
  0.131731E+03  0.131238E+01  0.120475E+01  0.000000E+00  0.000000E+00  0.129781E-07  0.128002E+01
  0.136196E+03  0.123288E+01  0.112921E+01  0.000000E+00  0.000000E+00  0.219965E-07  0.120205E+01
  0.140812E+03  0.115814E+01  0.105819E+01  0.000000E+00  0.000000E+00  0.830248E-08  0.112875E+01
  0.145585E+03  0.108786E+01  0.991418E+00  0.000000E+00  0.000000E+00  0.398382E-08  0.105983E+01
  0.150520E+03  0.102180E+01  0.928656E+00  0.000000E+00  0.000000E+00  0.104352E-07  0.995048E+00
  0.155622E+03  0.959702E+00  0.869658E+00  0.000000E+00  0.000000E+00 -0.510310E-09  0.934147E+00
  0.160897E+03  0.901321E+00  0.814200E+00  0.000000E+00  0.000000E+00  0.358581E-08  0.876894E+00
  0.166350E+03  0.846443E+00  0.762078E+00  0.000000E+00  0.000000E+00 -0.626175E-08  0.823079E+00
  0.171989E+03  0.794858E+00  0.713091E+00  0.000000E+00  0.000000E+00  0.210884E-08  0.772494E+00
  0.177818E+03  0.746369E+00  0.667054E+00  0.000000E+00  0.000000E+00  0.307766E-08  0.724946E+00
  0.183845E+03  0.700789E+00  0.623789E+00  0.000000E+00  0.000000E+00  0.384412E-08  0.680253E+00
  0.190077E+03  0.657949E+00  0.583139E+00  0.000000E+00  0.000000E+00  0.739121E-09  0.638249E+00
  0.196519E+03  0.617684E+00  0.544945E+00  0.000000E+00  0.000000E+00  0.210293E-08  0.598772E+00
  0.203180E+03  0.579840E+00  0.509063E+00  0.000000E+00  0.000000E+00  0.237407E-08  0.561671E+00
