  0.106221E-04  0.153995E+07  0.153995E+07  0.205319E+07  0.205319E+07  0.155677E+07  0.154014E+07
  0.109822E-04  0.153995E+07  0.153995E+07  0.205319E+07  0.205318E+07  0.155677E+07  0.154014E+07
  0.113544E-04  0.153995E+07  0.153995E+07  0.205318E+07  0.205318E+07  0.155677E+07  0.154014E+07
  0.117393E-04  0.153995E+07  0.153995E+07  0.205317E+07  0.205317E+07  0.155676E+07  0.154014E+07
  0.121372E-04  0.153995E+07  0.153995E+07  0.205317E+07  0.205316E+07  0.155676E+07  0.154014E+07
  0.125486E-04  0.153995E+07  0.153995E+07  0.205316E+07  0.205316E+07  0.155676E+07  0.154014E+07
  0.129739E-04  0.153995E+07  0.153995E+07  0.205315E+07  0.205315E+07  0.155676E+07  0.154014E+07
  0.134136E-04  0.153995E+07  0.153995E+07  0.205314E+07  0.205314E+07  0.155676E+07  0.154014E+07
  0.138683E-04  0.153995E+07  0.153995E+07  0.205313E+07  0.205313E+07  0.155676E+07  0.154014E+07
  0.143384E-04  0.153995E+07  0.153995E+07  0.205312E+07  0.205312E+07  0.155676E+07  0.154014E+07
  0.148244E-04  0.153995E+07  0.153995E+07  0.205311E+07  0.205311E+07  0.155675E+07  0.154014E+07
  0.153268E-04  0.153995E+07  0.153995E+07  0.205310E+07  0.205310E+07  0.155675E+07  0.154014E+07
  0.158463E-04  0.153995E+07  0.153995E+07  0.205309E+07  0.205309E+07  0.155675E+07  0.154014E+07
  0.163835E-04  0.153995E+07  0.153995E+07  0.205308E+07  0.205308E+07  0.155675E+07  0.154014E+07
  0.169388E-04  0.153995E+07  0.153995E+07  0.205307E+07  0.205306E+07  0.155675E+07  0.154014E+07
  0.175129E-04  0.153995E+07  0.153995E+07  0.205305E+07  0.205305E+07  0.155674E+07  0.154014E+07
  0.181065E-04  0.153995E+07  0.153995E+07  0.205304E+07  0.205303E+07  0.155674E+07  0.154014E+07
  0.187202E-04  0.153995E+07  0.153995E+07  0.205302E+07  0.205302E+07  0.155674E+07  0.154014E+07
  0.193548E-04  0.153995E+07  0.153995E+07  0.205300E+07  0.205300E+07  0.155673E+07  0.154014E+07
  0.200108E-04  0.153995E+07  0.153995E+07  0.205298E+07  0.205298E+07  0.155673E+07  0.154014E+07
  0.206891E-04  0.153995E+07  0.153995E+07  0.205296E+07  0.205296E+07  0.155673E+07  0.154014E+07
  0.213903E-04  0.153995E+07  0.153995E+07  0.205294E+07  0.205294E+07  0.155672E+07  0.154014E+07
  0.221154E-04  0.153995E+07  0.153995E+07  0.205292E+07  0.205291E+07  0.155672E+07  0.154014E+07
  0.228650E-04  0.153995E+07  0.153995E+07  0.205290E+07  0.205289E+07  0.155672E+07  0.154014E+07
  0.236400E-04  0.153995E+07  0.153995E+07  0.205287E+07  0.205286E+07  0.155671E+07  0.154013E+07
  0.244412E-04  0.153995E+07  0.153995E+07  0.205284E+07  0.205283E+07  0.155671E+07  0.154013E+07
  0.252697E-04  0.153995E+07  0.153995E+07  0.205281E+07  0.205280E+07  0.155670E+07  0.154013E+07
  0.261262E-04  0.153995E+07  0.153995E+07  0.205278E+07  0.205277E+07  0.155670E+07  0.154013E+07
  0.270118E-04  0.153995E+07  0.153995E+07  0.205275E+07  0.205274E+07  0.155669E+07  0.154013E+07
  0.279273E-04  0.153995E+07  0.153995E+07  0.205271E+07  0.205270E+07  0.155668E+07  0.154013E+07
  0.288739E-04  0.153995E+07  0.153995E+07  0.205267E+07  0.205266E+07  0.155668E+07  0.154013E+07
  0.298526E-04  0.153995E+07  0.153995E+07  0.205263E+07  0.205262E+07  0.155667E+07  0.154013E+07
  0.308645E-04  0.153995E+07  0.153995E+07  0.205258E+07  0.205257E+07  0.155666E+07  0.154013E+07
  0.319106E-04  0.153995E+07  0.153995E+07  0.205254E+07  0.205252E+07  0.155665E+07  0.154013E+07
  0.329922E-04  0.153995E+07  0.153995E+07  0.205249E+07  0.205247E+07  0.155664E+07  0.154013E+07
  0.341105E-04  0.153994E+07  0.153994E+07  0.205243E+07  0.205242E+07  0.155664E+07  0.154013E+07
  0.352667E-04  0.153994E+07  0.153994E+07  0.205237E+07  0.205236E+07  0.155663E+07  0.154013E+07
  0.364621E-04  0.153994E+07  0.153994E+07  0.205231E+07  0.205229E+07  0.155661E+07  0.154013E+07
  0.376979E-04  0.153994E+07  0.153994E+07  0.205225E+07  0.205223E+07  0.155660E+07  0.154013E+07
  0.389757E-04  0.153994E+07  0.153994E+07  0.205218E+07  0.205216E+07  0.155659E+07  0.154012E+07
  0.402968E-04  0.153994E+07  0.153994E+07  0.205210E+07  0.205208E+07  0.155658E+07  0.154012E+07
  0.416627E-04  0.153994E+07  0.153994E+07  0.205202E+07  0.205200E+07  0.155656E+07  0.154012E+07
  0.430748E-04  0.153994E+07  0.153994E+07  0.205193E+07  0.205191E+07  0.155655E+07  0.154012E+07
  0.445349E-04  0.153994E+07  0.153994E+07  0.205184E+07  0.205181E+07  0.155653E+07  0.154012E+07
  0.460444E-04  0.153994E+07  0.153994E+07  0.205174E+07  0.205171E+07  0.155652E+07  0.154012E+07
  0.476050E-04  0.153993E+07  0.153993E+07  0.205164E+07  0.205161E+07  0.155650E+07  0.154012E+07
  0.492186E-04  0.153993E+07  0.153993E+07  0.205152E+07  0.205149E+07  0.155648E+07  0.154012E+07
  0.508869E-04  0.153993E+07  0.153993E+07  0.205140E+07  0.205137E+07  0.155646E+07  0.154011E+07
  0.526117E-04  0.153993E+07  0.153993E+07  0.205127E+07  0.205124E+07  0.155643E+07  0.154011E+07
  0.543950E-04  0.153993E+07  0.153993E+07  0.205114E+07  0.205110E+07  0.155641E+07  0.154011E+07
  0.562387E-04  0.153993E+07  0.153993E+07  0.205099E+07  0.205095E+07  0.155638E+07  0.154011E+07
  0.581449E-04  0.153992E+07  0.153992E+07  0.205083E+07  0.205078E+07  0.155636E+07  0.154011E+07
  0.601158E-04  0.153992E+07  0.153992E+07  0.205066E+07  0.205061E+07  0.155633E+07  0.154010E+07
  0.621534E-04  0.153992E+07  0.153992E+07  0.205048E+07  0.205043E+07  0.155630E+07  0.154010E+07
  0.642601E-04  0.153992E+07  0.153992E+07  0.205029E+07  0.205023E+07  0.155626E+07  0.154010E+07
  0.664382E-04  0.153992E+07  0.153991E+07  0.205008E+07  0.205003E+07  0.155623E+07  0.154010E+07
  0.686901E-04  0.153991E+07  0.153991E+07  0.204986E+07  0.204980E+07  0.155619E+07  0.154009E+07
  0.710184E-04  0.153991E+07  0.153991E+07  0.204963E+07  0.204956E+07  0.155615E+07  0.154009E+07
  0.734256E-04  0.153991E+07  0.153991E+07  0.204938E+07  0.204931E+07  0.155611E+07  0.154008E+07
  0.759143E-04  0.153990E+07  0.153990E+07  0.204911E+07  0.204903E+07  0.155606E+07  0.154008E+07
  0.784875E-04  0.153990E+07  0.153990E+07  0.204882E+07  0.204874E+07  0.155601E+07  0.154008E+07
  0.811478E-04  0.153990E+07  0.153990E+07  0.204852E+07  0.204843E+07  0.155596E+07  0.154007E+07
  0.838983E-04  0.153989E+07  0.153989E+07  0.204819E+07  0.204810E+07  0.155590E+07  0.154007E+07
  0.867421E-04  0.153989E+07  0.153989E+07  0.204784E+07  0.204774E+07  0.155584E+07  0.154006E+07
  0.896822E-04  0.153988E+07  0.153988E+07  0.204747E+07  0.204736E+07  0.155577E+07  0.154006E+07
  0.927220E-04  0.153988E+07  0.153988E+07  0.204707E+07  0.204695E+07  0.155570E+07  0.154005E+07
  0.958648E-04  0.153987E+07  0.153987E+07  0.204664E+07  0.204652E+07  0.155563E+07  0.154005E+07
  0.991141E-04  0.153987E+07  0.153987E+07  0.204618E+07  0.204605E+07  0.155555E+07  0.154004E+07
  0.102474E-03  0.153986E+07  0.153986E+07  0.204569E+07  0.204555E+07  0.155547E+07  0.154003E+07
  0.105947E-03  0.153985E+07  0.153985E+07  0.204517E+07  0.204502E+07  0.155538E+07  0.154002E+07
  0.109538E-03  0.153985E+07  0.153985E+07  0.204461E+07  0.204445E+07  0.155528E+07  0.154002E+07
  0.113251E-03  0.153984E+07  0.153984E+07  0.204402E+07  0.204385E+07  0.155518E+07  0.154001E+07
  0.117090E-03  0.153983E+07  0.153983E+07  0.204338E+07  0.204320E+07  0.155506E+07  0.154000E+07
  0.121058E-03  0.153982E+07  0.153982E+07  0.204270E+07  0.204251E+07  0.155495E+07  0.153999E+07
  0.125162E-03  0.153981E+07  0.153981E+07  0.204198E+07  0.204177E+07  0.155482E+07  0.153998E+07
  0.129404E-03  0.153980E+07  0.153980E+07  0.204120E+07  0.204098E+07  0.155468E+07  0.153997E+07
  0.133790E-03  0.153979E+07  0.153979E+07  0.204037E+07  0.204013E+07  0.155454E+07  0.153996E+07
  0.138325E-03  0.153978E+07  0.153978E+07  0.203948E+07  0.203923E+07  0.155439E+07  0.153994E+07
  0.143013E-03  0.153977E+07  0.153977E+07  0.203853E+07  0.203826E+07  0.155422E+07  0.153993E+07
  0.147861E-03  0.153976E+07  0.153976E+07  0.203752E+07  0.203723E+07  0.155404E+07  0.153992E+07
  0.152873E-03  0.153974E+07  0.153974E+07  0.203644E+07  0.203613E+07  0.155386E+07  0.153990E+07
  0.158054E-03  0.153973E+07  0.153973E+07  0.203528E+07  0.203495E+07  0.155366E+07  0.153988E+07
  0.163412E-03  0.153971E+07  0.153971E+07  0.203405E+07  0.203370E+07  0.155344E+07  0.153987E+07
  0.168950E-03  0.153970E+07  0.153970E+07  0.203273E+07  0.203235E+07  0.155321E+07  0.153985E+07
  0.174677E-03  0.153968E+07  0.153968E+07  0.203132E+07  0.203092E+07  0.155296E+07  0.153983E+07
  0.180598E-03  0.153966E+07  0.153966E+07  0.202981E+07  0.202938E+07  0.155270E+07  0.153980E+07
  0.186719E-03  0.153964E+07  0.153964E+07  0.202821E+07  0.202775E+07  0.155242E+07  0.153978E+07
  0.193048E-03  0.153962E+07  0.153962E+07  0.202649E+07  0.202600E+07  0.155212E+07  0.153976E+07
  0.199591E-03  0.153960E+07  0.153959E+07  0.202465E+07  0.202413E+07  0.155180E+07  0.153973E+07
  0.206357E-03  0.153957E+07  0.153957E+07  0.202269E+07  0.202213E+07  0.155146E+07  0.153970E+07
  0.213351E-03  0.153955E+07  0.153954E+07  0.202060E+07  0.202000E+07  0.155109E+07  0.153967E+07
  0.220583E-03  0.153952E+07  0.153951E+07  0.201837E+07  0.201773E+07  0.155070E+07  0.153964E+07
  0.228059E-03  0.153949E+07  0.153948E+07  0.201598E+07  0.201530E+07  0.155029E+07  0.153961E+07
  0.235789E-03  0.153946E+07  0.153945E+07  0.201343E+07  0.201271E+07  0.154984E+07  0.153957E+07
  0.243781E-03  0.153942E+07  0.153941E+07  0.201071E+07  0.200994E+07  0.154936E+07  0.153953E+07
  0.252044E-03  0.153938E+07  0.153938E+07  0.200781E+07  0.200698E+07  0.154885E+07  0.153949E+07
  0.260588E-03  0.153934E+07  0.153934E+07  0.200471E+07  0.200383E+07  0.154831E+07  0.153944E+07
  0.269420E-03  0.153930E+07  0.153930E+07  0.200140E+07  0.200046E+07  0.154773E+07  0.153939E+07
  0.278552E-03  0.153926E+07  0.153925E+07  0.199787E+07  0.199686E+07  0.154711E+07  0.153934E+07
  0.287994E-03  0.153921E+07  0.153920E+07  0.199410E+07  0.199303E+07  0.154644E+07  0.153929E+07
  0.297755E-03  0.153916E+07  0.153915E+07  0.199008E+07  0.198894E+07  0.154574E+07  0.153923E+07
  0.307848E-03  0.153910E+07  0.153909E+07  0.198579E+07  0.198457E+07  0.154498E+07  0.153917E+07
  0.318282E-03  0.153905E+07  0.153903E+07  0.198121E+07  0.197991E+07  0.154417E+07  0.153910E+07
  0.329071E-03  0.153898E+07  0.153897E+07  0.197633E+07  0.197495E+07  0.154331E+07  0.153903E+07
  0.340224E-03  0.153892E+07  0.153890E+07  0.197113E+07  0.196965E+07  0.154239E+07  0.153895E+07
  0.351756E-03  0.153884E+07  0.153883E+07  0.196558E+07  0.196401E+07  0.154140E+07  0.153887E+07
  0.363679E-03  0.153877E+07  0.153875E+07  0.195966E+07  0.195799E+07  0.154035E+07  0.153878E+07
  0.376006E-03  0.153869E+07  0.153867E+07  0.195336E+07  0.195157E+07  0.153923E+07  0.153869E+07
  0.388751E-03  0.153860E+07  0.153858E+07  0.194664E+07  0.194474E+07  0.153803E+07  0.153859E+07
  0.401928E-03  0.153851E+07  0.153849E+07  0.193948E+07  0.193745E+07  0.153675E+07  0.153848E+07
  0.415551E-03  0.153841E+07  0.153839E+07  0.193185E+07  0.192970E+07  0.153539E+07  0.153837E+07
  0.429636E-03  0.153830E+07  0.153828E+07  0.192373E+07  0.192144E+07  0.153393E+07  0.153825E+07
  0.444199E-03  0.153819E+07  0.153817E+07  0.191508E+07  0.191265E+07  0.153238E+07  0.153812E+07
  0.459255E-03  0.153807E+07  0.153805E+07  0.190588E+07  0.190329E+07  0.153072E+07  0.153798E+07
  0.474821E-03  0.153794E+07  0.153791E+07  0.189608E+07  0.189333E+07  0.152895E+07  0.153783E+07
  0.490915E-03  0.153780E+07  0.153777E+07  0.188567E+07  0.188275E+07  0.152706E+07  0.153768E+07
  0.507555E-03  0.153765E+07  0.153763E+07  0.187459E+07  0.187149E+07  0.152505E+07  0.153751E+07
  0.524759E-03  0.153749E+07  0.153747E+07  0.186282E+07  0.185953E+07  0.152290E+07  0.153733E+07
  0.542546E-03  0.153733E+07  0.153730E+07  0.185031E+07  0.184682E+07  0.152061E+07  0.153714E+07
  0.560935E-03  0.153715E+07  0.153711E+07  0.183702E+07  0.183332E+07  0.151817E+07  0.153693E+07
  0.579948E-03  0.153695E+07  0.153692E+07  0.182292E+07  0.181900E+07  0.151556E+07  0.153671E+07
  0.599606E-03  0.153675E+07  0.153671E+07  0.180795E+07  0.180381E+07  0.151279E+07  0.153648E+07
  0.619929E-03  0.153653E+07  0.153649E+07  0.179208E+07  0.178769E+07  0.150984E+07  0.153623E+07
  0.640942E-03  0.153630E+07  0.153626E+07  0.177526E+07  0.177062E+07  0.150669E+07  0.153596E+07
  0.662667E-03  0.153605E+07  0.153600E+07  0.175743E+07  0.175254E+07  0.150334E+07  0.153568E+07
  0.685128E-03  0.153578E+07  0.153574E+07  0.173857E+07  0.173340E+07  0.149977E+07  0.153538E+07
  0.708350E-03  0.153550E+07  0.153545E+07  0.171861E+07  0.171316E+07  0.149597E+07  0.153506E+07
  0.732360E-03  0.153520E+07  0.153514E+07  0.169751E+07  0.169177E+07  0.149192E+07  0.153471E+07
  0.757184E-03  0.153487E+07  0.153482E+07  0.167522E+07  0.166918E+07  0.148762E+07  0.153434E+07
  0.782848E-03  0.153453E+07  0.153447E+07  0.165170E+07  0.164535E+07  0.148305E+07  0.153395E+07
  0.809383E-03  0.153416E+07  0.153410E+07  0.162690E+07  0.162023E+07  0.147818E+07  0.153353E+07
  0.836817E-03  0.153377E+07  0.153370E+07  0.160077E+07  0.159378E+07  0.147302E+07  0.153309E+07
  0.865181E-03  0.153335E+07  0.153328E+07  0.157327E+07  0.156595E+07  0.146753E+07  0.153262E+07
  0.894507E-03  0.153291E+07  0.153283E+07  0.154436E+07  0.153672E+07  0.146170E+07  0.153211E+07
  0.924826E-03  0.153244E+07  0.153235E+07  0.151401E+07  0.150603E+07  0.145551E+07  0.153157E+07
  0.956173E-03  0.153193E+07  0.153184E+07  0.148219E+07  0.147388E+07  0.144895E+07  0.153100E+07
  0.988582E-03  0.153139E+07  0.153129E+07  0.144887E+07  0.144022E+07  0.144199E+07  0.153039E+07
  0.102209E-02  0.153082E+07  0.153071E+07  0.141403E+07  0.140505E+07  0.143462E+07  0.152974E+07
  0.105673E-02  0.153021E+07  0.153010E+07  0.137766E+07  0.136837E+07  0.142681E+07  0.152905E+07
  0.109255E-02  0.152956E+07  0.152944E+07  0.133976E+07  0.133016E+07  0.141855E+07  0.152831E+07
  0.112958E-02  0.152887E+07  0.152874E+07  0.130034E+07  0.129045E+07  0.140981E+07  0.152753E+07
  0.116787E-02  0.152813E+07  0.152799E+07  0.125942E+07  0.124925E+07  0.140057E+07  0.152670E+07
  0.120746E-02  0.152735E+07  0.152720E+07  0.121704E+07  0.120662E+07  0.139082E+07  0.152582E+07
  0.124838E-02  0.152652E+07  0.152636E+07  0.117324E+07  0.116259E+07  0.138053E+07  0.152488E+07
  0.129070E-02  0.152563E+07  0.152546E+07  0.112809E+07  0.111725E+07  0.136969E+07  0.152388E+07
  0.133445E-02  0.152469E+07  0.152451E+07  0.108167E+07  0.107069E+07  0.135826E+07  0.152283E+07
  0.137968E-02  0.152369E+07  0.152350E+07  0.103410E+07  0.102301E+07  0.134624E+07  0.152170E+07
  0.142644E-02  0.152263E+07  0.152243E+07  0.985502E+06  0.974349E+06  0.133361E+07  0.152051E+07
  0.147479E-02  0.152151E+07  0.152129E+07  0.936019E+06  0.924860E+06  0.132035E+07  0.151925E+07
  0.152478E-02  0.152031E+07  0.152008E+07  0.885828E+06  0.874721E+06  0.130645E+07  0.151791E+07
  0.157646E-02  0.151905E+07  0.151879E+07  0.835127E+06  0.824135E+06  0.129190E+07  0.151650E+07
  0.162990E-02  0.151770E+07  0.151743E+07  0.784138E+06  0.773327E+06  0.127668E+07  0.151500E+07
  0.168514E-02  0.151628E+07  0.151599E+07  0.733109E+06  0.722547E+06  0.126079E+07  0.151342E+07
  0.174226E-02  0.151478E+07  0.151447E+07  0.682312E+06  0.672068E+06  0.124423E+07  0.151174E+07
  0.180131E-02  0.151318E+07  0.151286E+07  0.632037E+06  0.622181E+06  0.122699E+07  0.150997E+07
  0.186237E-02  0.151150E+07  0.151115E+07  0.582598E+06  0.573195E+06  0.120909E+07  0.150810E+07
  0.192550E-02  0.150972E+07  0.150934E+07  0.534321E+06  0.525431E+06  0.119053E+07  0.150613E+07
  0.199076E-02  0.150784E+07  0.150744E+07  0.487543E+06  0.479220E+06  0.117133E+07  0.150406E+07
  0.205824E-02  0.150585E+07  0.150542E+07  0.442606E+06  0.434893E+06  0.115151E+07  0.150187E+07
  0.212800E-02  0.150376E+07  0.150330E+07  0.399849E+06  0.392773E+06  0.113110E+07  0.149957E+07
  0.220013E-02  0.150155E+07  0.150106E+07  0.359597E+06  0.353169E+06  0.111012E+07  0.149715E+07
  0.227470E-02  0.149922E+07  0.149870E+07  0.322153E+06  0.316363E+06  0.108863E+07  0.149461E+07
  0.235181E-02  0.149677E+07  0.149622E+07  0.287788E+06  0.282602E+06  0.106666E+07  0.149194E+07
  0.243152E-02  0.149420E+07  0.149361E+07  0.256726E+06  0.252083E+06  0.104428E+07  0.148914E+07
  0.251394E-02  0.149149E+07  0.149086E+07  0.229134E+06  0.224947E+06  0.102154E+07  0.148621E+07
  0.259915E-02  0.148865E+07  0.148798E+07  0.205110E+06  0.201261E+06  0.998514E+06  0.148313E+07
  0.268725E-02  0.148567E+07  0.148495E+07  0.184668E+06  0.181014E+06  0.975272E+06  0.147992E+07
  0.277833E-02  0.148255E+07  0.148178E+07  0.167736E+06  0.164107E+06  0.951896E+06  0.147657E+07
  0.287250E-02  0.147928E+07  0.147845E+07  0.154144E+06  0.150353E+06  0.928469E+06  0.147306E+07
  0.296987E-02  0.147585E+07  0.147497E+07  0.143620E+06  0.139469E+06  0.905078E+06  0.146941E+07
  0.307053E-02  0.147227E+07  0.147133E+07  0.135801E+06  0.131091E+06  0.881811E+06  0.146560E+07
  0.317461E-02  0.146853E+07  0.146753E+07  0.130231E+06  0.124777E+06  0.858758E+06  0.146164E+07
  0.328221E-02  0.146463E+07  0.146356E+07  0.126386E+06  0.120031E+06  0.836002E+06  0.145752E+07
  0.339346E-02  0.146055E+07  0.145942E+07  0.123691E+06  0.116326E+06  0.813627E+06  0.145323E+07
  0.350848E-02  0.145631E+07  0.145510E+07  0.121554E+06  0.113130E+06  0.791704E+06  0.144878E+07
  0.362740E-02  0.145189E+07  0.145060E+07  0.119397E+06  0.109949E+06  0.770300E+06  0.144416E+07
  0.375035E-02  0.144729E+07  0.144591E+07  0.116704E+06  0.106356E+06  0.749465E+06  0.143937E+07
  0.387747E-02  0.144252E+07  0.144104E+07  0.113056E+06  0.102034E+06  0.729237E+06  0.143440E+07
  0.400890E-02  0.143755E+07  0.143598E+07  0.108173E+06  0.967985E+05  0.709639E+06  0.142926E+07
  0.414478E-02  0.143240E+07  0.143072E+07  0.101947E+06  0.906260E+05  0.690675E+06  0.142394E+07
  0.428527E-02  0.142705E+07  0.142526E+07  0.944549E+05  0.836548E+05  0.672331E+06  0.141843E+07
  0.443052E-02  0.142151E+07  0.141960E+07  0.859627E+05  0.761735E+05  0.654576E+06  0.141273E+07
  0.458069E-02  0.141577E+07  0.141373E+07  0.769004E+05  0.685878E+05  0.637364E+06  0.140684E+07
  0.473596E-02  0.140982E+07  0.140765E+07  0.678156E+05  0.613665E+05  0.620634E+06  0.140076E+07
  0.489648E-02  0.140367E+07  0.140136E+07  0.593037E+05  0.549716E+05  0.604314E+06  0.139447E+07
  0.506245E-02  0.139731E+07  0.139484E+07  0.519215E+05  0.497811E+05  0.588330E+06  0.138798E+07
  0.523404E-02  0.139073E+07  0.138811E+07  0.460955E+05  0.460153E+05  0.572602E+06  0.138127E+07
  0.541145E-02  0.138394E+07  0.138114E+07  0.420396E+05  0.436835E+05  0.557059E+06  0.137436E+07
  0.559487E-02  0.137693E+07  0.137394E+07  0.397001E+05  0.425635E+05  0.541639E+06  0.136722E+07
  0.578451E-02  0.136969E+07  0.136651E+07  0.387454E+05  0.422275E+05  0.526294E+06  0.135986E+07
  0.598058E-02  0.136222E+07  0.135884E+07  0.000000E+00  0.000000E+00  0.510994E+06  0.135227E+07
  0.618329E-02  0.135452E+07  0.135092E+07  0.000000E+00  0.000000E+00  0.495728E+06  0.134445E+07
  0.639287E-02  0.134659E+07  0.134275E+07  0.000000E+00  0.000000E+00  0.480505E+06  0.133640E+07
  0.660956E-02  0.133841E+07  0.133432E+07  0.000000E+00  0.000000E+00  0.465350E+06  0.132810E+07
  0.683359E-02  0.132999E+07  0.132564E+07  0.000000E+00  0.000000E+00  0.450299E+06  0.131956E+07
  0.706522E-02  0.132132E+07  0.131669E+07  0.000000E+00  0.000000E+00  0.435395E+06  0.131078E+07
  0.730469E-02  0.131240E+07  0.130748E+07  0.000000E+00  0.000000E+00  0.420678E+06  0.130175E+07
  0.755228E-02  0.130323E+07  0.129799E+07  0.000000E+00  0.000000E+00  0.406184E+06  0.129246E+07
  0.780827E-02  0.129379E+07  0.128822E+07  0.000000E+00  0.000000E+00  0.391939E+06  0.128292E+07
  0.807293E-02  0.128409E+07  0.127816E+07  0.000000E+00  0.000000E+00  0.377953E+06  0.127311E+07
  0.834657E-02  0.127412E+07  0.126782E+07  0.000000E+00  0.000000E+00  0.364228E+06  0.126303E+07
  0.862947E-02  0.126388E+07  0.125718E+07  0.000000E+00  0.000000E+00  0.350757E+06  0.125269E+07
  0.892197E-02  0.125336E+07  0.124625E+07  0.000000E+00  0.000000E+00  0.337528E+06  0.124207E+07
  0.922438E-02  0.124256E+07  0.123501E+07  0.000000E+00  0.000000E+00  0.324533E+06  0.123117E+07
  0.953704E-02  0.123147E+07  0.122346E+07  0.000000E+00  0.000000E+00  0.311765E+06  0.121999E+07
  0.986030E-02  0.122010E+07  0.121159E+07  0.000000E+00  0.000000E+00  0.299226E+06  0.120853E+07
  0.101945E-01  0.120844E+07  0.119941E+07  0.000000E+00  0.000000E+00  0.286922E+06  0.119677E+07
  0.105401E-01  0.119647E+07  0.118690E+07  0.000000E+00  0.000000E+00  0.274862E+06  0.118471E+07
  0.108973E-01  0.118421E+07  0.117406E+07  0.000000E+00  0.000000E+00  0.263054E+06  0.117236E+07
  0.112667E-01  0.117165E+07  0.116089E+07  0.000000E+00  0.000000E+00  0.251508E+06  0.115971E+07
  0.116486E-01  0.115877E+07  0.114738E+07  0.000000E+00  0.000000E+00  0.240231E+06  0.114674E+07
  0.120434E-01  0.114559E+07  0.113353E+07  0.000000E+00  0.000000E+00  0.229231E+06  0.113347E+07
  0.124516E-01  0.113209E+07  0.111933E+07  0.000000E+00  0.000000E+00  0.218519E+06  0.111989E+07
  0.128737E-01  0.111827E+07  0.110478E+07  0.000000E+00  0.000000E+00  0.208106E+06  0.110599E+07
  0.133100E-01  0.110414E+07  0.108987E+07  0.000000E+00  0.000000E+00  0.198004E+06  0.109176E+07
  0.137612E-01  0.108968E+07  0.107461E+07  0.000000E+00  0.000000E+00  0.188225E+06  0.107722E+07
  0.142276E-01  0.107489E+07  0.105899E+07  0.000000E+00  0.000000E+00  0.178774E+06  0.106236E+07
  0.147098E-01  0.105978E+07  0.104300E+07  0.000000E+00  0.000000E+00  0.169653E+06  0.104717E+07
  0.152084E-01  0.104434E+07  0.102666E+07  0.000000E+00  0.000000E+00  0.160860E+06  0.103165E+07
  0.157239E-01  0.102858E+07  0.100995E+07  0.000000E+00  0.000000E+00  0.152386E+06  0.101581E+07
  0.162569E-01  0.101248E+07  0.992890E+06  0.000000E+00  0.000000E+00  0.144221E+06  0.999643E+06
  0.168079E-01  0.996067E+06  0.975468E+06  0.000000E+00  0.000000E+00  0.136349E+06  0.983153E+06
  0.173776E-01  0.979329E+06  0.957694E+06  0.000000E+00  0.000000E+00  0.128758E+06  0.966343E+06
  0.179666E-01  0.962272E+06  0.939574E+06  0.000000E+00  0.000000E+00  0.121436E+06  0.949217E+06
  0.185756E-01  0.944904E+06  0.921115E+06  0.000000E+00  0.000000E+00  0.114382E+06  0.931780E+06
  0.192052E-01  0.927230E+06  0.902330E+06  0.000000E+00  0.000000E+00  0.107601E+06  0.914041E+06
  0.198562E-01  0.909260E+06  0.883229E+06  0.000000E+00  0.000000E+00  0.101105E+06  0.896010E+06
  0.205292E-01  0.891006E+06  0.863829E+06  0.000000E+00  0.000000E+00  0.949008E+05  0.877697E+06
  0.212251E-01  0.872479E+06  0.844149E+06  0.000000E+00  0.000000E+00  0.889884E+05  0.859117E+06
  0.219445E-01  0.853697E+06  0.824210E+06  0.000000E+00  0.000000E+00  0.833532E+05  0.840287E+06
  0.226883E-01  0.834677E+06  0.804038E+06  0.000000E+00  0.000000E+00  0.779722E+05  0.821226E+06
  0.234573E-01  0.815442E+06  0.783663E+06  0.000000E+00  0.000000E+00  0.728279E+05  0.801956E+06
  0.242524E-01  0.796015E+06  0.763117E+06  0.000000E+00  0.000000E+00  0.679207E+05  0.782503E+06
  0.250745E-01  0.776425E+06  0.742439E+06  0.000000E+00  0.000000E+00  0.632672E+05  0.762897E+06
  0.259244E-01  0.756704E+06  0.721671E+06  0.000000E+00  0.000000E+00  0.588803E+05  0.743170E+06
  0.268031E-01  0.736886E+06  0.700860E+06  0.000000E+00  0.000000E+00  0.547475E+05  0.723360E+06
  0.277116E-01  0.717012E+06  0.680059E+06  0.000000E+00  0.000000E+00  0.508344E+05  0.703507E+06
  0.286509E-01  0.697123E+06  0.659323E+06  0.000000E+00  0.000000E+00  0.471189E+05  0.683656E+06
  0.296220E-01  0.677268E+06  0.638714E+06  0.000000E+00  0.000000E+00  0.436156E+05  0.663855E+06
  0.306260E-01  0.657496E+06  0.618298E+06  0.000000E+00  0.000000E+00  0.403478E+05  0.644158E+06
  0.316641E-01  0.637863E+06  0.598144E+06  0.000000E+00  0.000000E+00  0.372989E+05  0.624621E+06
  0.327374E-01  0.618425E+06  0.578326E+06  0.000000E+00  0.000000E+00  0.344276E+05  0.605303E+06
  0.338470E-01  0.602249E+06  0.561911E+06  0.000000E+00  0.000000E+00  0.269305E+05  0.589182E+06
  0.349942E-01  0.583480E+06  0.543082E+06  0.000000E+00  0.000000E+00  0.247324E+05  0.570586E+06
  0.361804E-01  0.565089E+06  0.524812E+06  0.000000E+00  0.000000E+00  0.227100E+05  0.552395E+06
  0.374067E-01  0.546963E+06  0.507000E+06  0.000000E+00  0.000000E+00  0.208145E+05  0.534501E+06
  0.386746E-01  0.529245E+06  0.489798E+06  0.000000E+00  0.000000E+00  0.190708E+05  0.517045E+06
  0.399855E-01  0.512076E+06  0.473354E+06  0.000000E+00  0.000000E+00  0.174925E+05  0.500169E+06
  0.413408E-01  0.495522E+06  0.457738E+06  0.000000E+00  0.000000E+00  0.160190E+05  0.483938E+06
  0.427421E-01  0.479642E+06  0.443007E+06  0.000000E+00  0.000000E+00  0.146556E+05  0.468409E+06
  0.441908E-01  0.462642E+06  0.427368E+06  0.000000E+00  0.000000E+00  0.153952E+05  0.451832E+06
  0.456886E-01  0.448163E+06  0.414438E+06  0.000000E+00  0.000000E+00  0.141597E+05  0.437757E+06
  0.472373E-01  0.434419E+06  0.402420E+06  0.000000E+00  0.000000E+00  0.130290E+05  0.424440E+06
  0.488384E-01  0.421392E+06  0.391268E+06  0.000000E+00  0.000000E+00  0.119868E+05  0.411857E+06
  0.504938E-01  0.409038E+06  0.380911E+06  0.000000E+00  0.000000E+00  0.110397E+05  0.399961E+06
  0.522053E-01  0.397309E+06  0.371262E+06  0.000000E+00  0.000000E+00  0.101774E+05  0.388699E+06
  0.539748E-01  0.387175E+06  0.363242E+06  0.000000E+00  0.000000E+00  0.855448E+04  0.379012E+06
  0.558043E-01  0.376487E+06  0.354659E+06  0.000000E+00  0.000000E+00  0.787366E+04  0.368784E+06
  0.576957E-01  0.366191E+06  0.346405E+06  0.000000E+00  0.000000E+00  0.723344E+04  0.358935E+06
  0.596514E-01  0.356197E+06  0.338336E+06  0.000000E+00  0.000000E+00  0.664772E+04  0.349366E+06
  0.616732E-01  0.346411E+06  0.330300E+06  0.000000E+00  0.000000E+00  0.610820E+04  0.339973E+06
  0.637637E-01  0.336011E+06  0.321431E+06  0.000000E+00  0.000000E+00  0.608717E+04  0.329943E+06
  0.659249E-01  0.326300E+06  0.312979E+06  0.000000E+00  0.000000E+00  0.559940E+04  0.320544E+06
  0.681595E-01  0.316463E+06  0.304098E+06  0.000000E+00  0.000000E+00  0.513462E+04  0.310969E+06
  0.704697E-01  0.306395E+06  0.294664E+06  0.000000E+00  0.000000E+00  0.469959E+04  0.301113E+06
  0.728583E-01  0.296226E+06  0.284799E+06  0.000000E+00  0.000000E+00  0.414091E+04  0.291101E+06
  0.753278E-01  0.285548E+06  0.274117E+06  0.000000E+00  0.000000E+00  0.376094E+04  0.280535E+06
  0.778811E-01  0.274571E+06  0.262865E+06  0.000000E+00  0.000000E+00  0.341366E+04  0.269630E+06
  0.805209E-01  0.263371E+06  0.251175E+06  0.000000E+00  0.000000E+00  0.308778E+04  0.258468E+06
  0.832502E-01  0.252060E+06  0.239240E+06  0.000000E+00  0.000000E+00  0.278631E+04  0.247175E+06
  0.860720E-01  0.240780E+06  0.227294E+06  0.000000E+00  0.000000E+00  0.250705E+04  0.235905E+06
  0.889894E-01  0.229688E+06  0.215596E+06  0.000000E+00  0.000000E+00  0.225523E+04  0.224831E+06
  0.920057E-01  0.218956E+06  0.204419E+06  0.000000E+00  0.000000E+00  0.202574E+04  0.214141E+06
  0.951242E-01  0.208772E+06  0.194038E+06  0.000000E+00  0.000000E+00  0.181571E+04  0.204034E+06
  0.983485E-01  0.199326E+06  0.184711E+06  0.000000E+00  0.000000E+00  0.163412E+04  0.194711E+06
  0.101682E+00  0.190783E+06  0.176635E+06  0.000000E+00  0.000000E+00  0.147427E+04  0.186337E+06
  0.105129E+00  0.183225E+06  0.169889E+06  0.000000E+00  0.000000E+00  0.133297E+04  0.178997E+06
  0.108692E+00  0.176618E+06  0.164382E+06  0.000000E+00  0.000000E+00  0.121008E+04  0.172645E+06
  0.112376E+00  0.170793E+06  0.159852E+06  0.000000E+00  0.000000E+00  0.110418E+04  0.167098E+06
  0.116185E+00  0.165491E+06  0.155911E+06  0.000000E+00  0.000000E+00  0.100794E+04  0.162081E+06
  0.120123E+00  0.160431E+06  0.152133E+06  0.000000E+00  0.000000E+00  0.920423E+03  0.157289E+06
  0.124195E+00  0.155355E+06  0.148121E+06  0.000000E+00  0.000000E+00  0.837887E+03  0.152445E+06
  0.128404E+00  0.150046E+06  0.143550E+06  0.000000E+00  0.000000E+00  0.763146E+03  0.147317E+06
  0.132756E+00  0.144337E+06  0.138199E+06  0.000000E+00  0.000000E+00  0.690010E+03  0.141730E+06
  0.137256E+00  0.138148E+06  0.132002E+06  0.000000E+00  0.000000E+00  0.621627E+03  0.135607E+06
  0.141909E+00  0.131547E+06  0.125113E+06  0.000000E+00  0.000000E+00  0.555985E+03  0.129030E+06
  0.146719E+00  0.124769E+06  0.117912E+06  0.000000E+00  0.000000E+00  0.495253E+03  0.122256E+06
  0.151692E+00  0.118152E+06  0.110908E+06  0.000000E+00  0.000000E+00  0.440778E+03  0.115647E+06
  0.156833E+00  0.112020E+06  0.104591E+06  0.000000E+00  0.000000E+00  0.392008E+03  0.109551E+06
  0.162149E+00  0.106599E+06  0.992918E+05  0.000000E+00  0.000000E+00  0.350511E+03  0.104210E+06
  0.167645E+00  0.101982E+06  0.951236E+05  0.000000E+00  0.000000E+00  0.315118E+03  0.997179E+05
  0.173328E+00  0.981057E+05  0.919461E+05  0.000000E+00  0.000000E+00  0.285083E+03  0.960005E+05
  0.179203E+00  0.947349E+05  0.893690E+05  0.000000E+00  0.000000E+00  0.258933E+03  0.927988E+05
  0.185277E+00  0.915080E+05  0.868462E+05  0.000000E+00  0.000000E+00  0.234715E+03  0.897245E+05
  0.191557E+00  0.880736E+05  0.838748E+05  0.000000E+00  0.000000E+00  0.212658E+03  0.864049E+05
  0.198050E+00  0.842393E+05  0.802017E+05  0.000000E+00  0.000000E+00  0.191055E+03  0.826396E+05
  0.204762E+00  0.800476E+05  0.759236E+05  0.000000E+00  0.000000E+00  0.170145E+03  0.784795E+05
  0.211703E+00  0.757491E+05  0.714398E+05  0.000000E+00  0.000000E+00  0.151035E+03  0.741973E+05
  0.218878E+00  0.716812E+05  0.672661E+05  0.000000E+00  0.000000E+00  0.134033E+03  0.701564E+05
  0.226297E+00  0.681097E+05  0.637942E+05  0.000000E+00  0.000000E+00  0.119583E+03  0.666408E+05
  0.233968E+00  0.651229E+05  0.611257E+05  0.000000E+00  0.000000E+00  0.107246E+03  0.637398E+05
  0.241898E+00  0.625705E+05  0.590069E+05  0.000000E+00  0.000000E+00  0.966917E+02  0.612876E+05
  0.250097E+00  0.601356E+05  0.569608E+05  0.000000E+00  0.000000E+00  0.873868E+02  0.589443E+05
  0.258574E+00  0.575568E+05  0.546039E+05  0.000000E+00  0.000000E+00  0.783979E+02  0.564308E+05
  0.267339E+00  0.547478E+05  0.518381E+05  0.000000E+00  0.000000E+00  0.699879E+02  0.536599E+05
  0.276400E+00  0.518473E+05  0.489013E+05  0.000000E+00  0.000000E+00  0.620897E+02  0.507853E+05
  0.285769E+00  0.491383E+05  0.462124E+05  0.000000E+00  0.000000E+00  0.551979E+02  0.481095E+05
  0.295455E+00  0.467853E+05  0.440080E+05  0.000000E+00  0.000000E+00  0.492889E+02  0.458070E+05
  0.305470E+00  0.447442E+05  0.422042E+05  0.000000E+00  0.000000E+00  0.441887E+02  0.438280E+05
  0.315823E+00  0.428135E+05  0.404913E+05  0.000000E+00  0.000000E+00  0.396474E+02  0.419548E+05
  0.326528E+00  0.408119E+05  0.386099E+05  0.000000E+00  0.000000E+00  0.354418E+02  0.399952E+05
  0.337596E+00  0.387351E+05  0.365734E+05  0.000000E+00  0.000000E+00  0.314814E+02  0.379481E+05
  0.349039E+00  0.367320E+05  0.346140E+05  0.000000E+00  0.000000E+00  0.279980E+02  0.359742E+05
  0.360869E+00  0.349350E+05  0.329227E+05  0.000000E+00  0.000000E+00  0.249491E+02  0.342147E+05
  0.373101E+00  0.333209E+05  0.314533E+05  0.000000E+00  0.000000E+00  0.223125E+02  0.326424E+05
  0.385748E+00  0.317587E+05  0.300104E+05  0.000000E+00  0.000000E+00  0.199555E+02  0.311173E+05
  0.398823E+00  0.301795E+05  0.285000E+05  0.000000E+00  0.000000E+00  0.177212E+02  0.295670E+05
  0.412341E+00  0.286369E+05  0.270122E+05  0.000000E+00  0.000000E+00  0.157581E+02  0.280505E+05
  0.426317E+00  0.272126E+05  0.256678E+05  0.000000E+00  0.000000E+00  0.140242E+02  0.266552E+05
  0.440767E+00  0.258999E+05  0.244504E+05  0.000000E+00  0.000000E+00  0.125447E+02  0.253729E+05
  0.455707E+00  0.246291E+05  0.232577E+05  0.000000E+00  0.000000E+00  0.111494E+02  0.241290E+05
  0.471153E+00  0.233822E+05  0.220686E+05  0.000000E+00  0.000000E+00  0.992103E+01  0.229055E+05
  0.487123E+00  0.221989E+05  0.209458E+05  0.000000E+00  0.000000E+00  0.880458E+01  0.217453E+05
  0.503634E+00  0.210954E+05  0.199116E+05  0.000000E+00  0.000000E+00  0.784999E+01  0.206656E+05
  0.520705E+00  0.200414E+05  0.189204E+05  0.000000E+00  0.000000E+00  0.698947E+01  0.196337E+05
  0.538354E+00  0.190224E+05  0.179542E+05  0.000000E+00  0.000000E+00  0.621065E+01  0.186347E+05
  0.556602E+00  0.180556E+05  0.170405E+05  0.000000E+00  0.000000E+00  0.551594E+01  0.176874E+05
  0.575468E+00  0.171431E+05  0.161821E+05  0.000000E+00  0.000000E+00  0.490706E+01  0.167940E+05
  0.594973E+00  0.162702E+05  0.153580E+05  0.000000E+00  0.000000E+00  0.436137E+01  0.159388E+05
  0.615140E+00  0.154364E+05  0.145697E+05  0.000000E+00  0.000000E+00  0.387863E+01  0.151218E+05
  0.635991E+00  0.146466E+05  0.138250E+05  0.000000E+00  0.000000E+00  0.344151E+01  0.143482E+05
  0.657547E+00  0.138950E+05  0.131159E+05  0.000000E+00  0.000000E+00  0.305454E+01  0.136120E+05
  0.679835E+00  0.131785E+05  0.124391E+05  0.000000E+00  0.000000E+00  0.271498E+01  0.129100E+05
  0.702878E+00  0.124983E+05  0.117973E+05  0.000000E+00  0.000000E+00  0.240516E+01  0.122437E+05
  0.726702E+00  0.118515E+05  0.111869E+05  0.000000E+00  0.000000E+00  0.213961E+01  0.116101E+05
  0.751334E+00  0.112362E+05  0.106060E+05  0.000000E+00  0.000000E+00  0.190143E+01  0.110073E+05
  0.776801E+00  0.106517E+05  0.100544E+05  0.000000E+00  0.000000E+00  0.168250E+01  0.104347E+05
  0.803130E+00  0.100961E+05  0.953000E+04  0.000000E+00  0.000000E+00  0.149784E+01  0.989047E+04
  0.830353E+00  0.956828E+04  0.903176E+04  0.000000E+00  0.000000E+00  0.132778E+01  0.937336E+04
  0.858497E+00  0.906691E+04  0.855854E+04  0.000000E+00  0.000000E+00  0.117606E+01  0.888221E+04
  0.887596E+00  0.859067E+04  0.810901E+04  0.000000E+00  0.000000E+00  0.103930E+01  0.841567E+04
  0.917681E+00  0.813852E+04  0.768224E+04  0.000000E+00  0.000000E+00  0.925320E+00  0.797274E+04
  0.948786E+00  0.770921E+04  0.727702E+04  0.000000E+00  0.000000E+00  0.818348E+00  0.755217E+04
  0.980945E+00  0.730168E+04  0.689235E+04  0.000000E+00  0.000000E+00  0.725839E+00  0.715295E+04
  0.101419E+01  0.691484E+04  0.652722E+04  0.000000E+00  0.000000E+00  0.644270E+00  0.677399E+04
  0.104857E+01  0.654769E+04  0.618067E+04  0.000000E+00  0.000000E+00  0.570550E+00  0.641433E+04
  0.108411E+01  0.619931E+04  0.585183E+04  0.000000E+00  0.000000E+00  0.504368E+00  0.607304E+04
  0.112086E+01  0.586879E+04  0.553985E+04  0.000000E+00  0.000000E+00  0.447970E+00  0.574926E+04
  0.115885E+01  0.555530E+04  0.524393E+04  0.000000E+00  0.000000E+00  0.396197E+00  0.544215E+04
  0.119813E+01  0.525798E+04  0.496329E+04  0.000000E+00  0.000000E+00  0.351236E+00  0.515089E+04
  0.123874E+01  0.497604E+04  0.469716E+04  0.000000E+00  0.000000E+00  0.311547E+00  0.487469E+04
  0.128073E+01  0.470871E+04  0.444482E+04  0.000000E+00  0.000000E+00  0.275779E+00  0.461281E+04
  0.132414E+01  0.445527E+04  0.420559E+04  0.000000E+00  0.000000E+00  0.244254E+00  0.436453E+04
  0.136902E+01  0.421503E+04  0.397882E+04  0.000000E+00  0.000000E+00  0.215726E+00  0.412919E+04
  0.141542E+01  0.398735E+04  0.376391E+04  0.000000E+00  0.000000E+00  0.191394E+00  0.390614E+04
  0.146340E+01  0.377157E+04  0.356023E+04  0.000000E+00  0.000000E+00  0.169091E+00  0.369476E+04
  0.151300E+01  0.356711E+04  0.336723E+04  0.000000E+00  0.000000E+00  0.150572E+00  0.349446E+04
  0.156428E+01  0.337340E+04  0.318437E+04  0.000000E+00  0.000000E+00  0.132766E+00  0.330470E+04
  0.161730E+01  0.318991E+04  0.301117E+04  0.000000E+00  0.000000E+00  0.117277E+00  0.312495E+04
  0.167212E+01  0.301612E+04  0.284713E+04  0.000000E+00  0.000000E+00  0.103930E+00  0.295470E+04
  0.172880E+01  0.285154E+04  0.269177E+04  0.000000E+00  0.000000E+00  0.917969E-01  0.279347E+04
  0.178740E+01  0.269569E+04  0.254465E+04  0.000000E+00  0.000000E+00  0.811772E-01  0.264079E+04
  0.184798E+01  0.254812E+04  0.240535E+04  0.000000E+00  0.000000E+00  0.717667E-01  0.249623E+04
  0.191062E+01  0.240841E+04  0.227348E+04  0.000000E+00  0.000000E+00  0.633629E-01  0.235937E+04
  0.197538E+01  0.227615E+04  0.214863E+04  0.000000E+00  0.000000E+00  0.560398E-01  0.222980E+04
  0.204234E+01  0.215098E+04  0.203047E+04  0.000000E+00  0.000000E+00  0.496292E-01  0.210717E+04
  0.211156E+01  0.203251E+04  0.191864E+04  0.000000E+00  0.000000E+00  0.439963E-01  0.199112E+04
  0.218313E+01  0.192041E+04  0.181282E+04  0.000000E+00  0.000000E+00  0.387840E-01  0.188131E+04
  0.225713E+01  0.181434E+04  0.171270E+04  0.000000E+00  0.000000E+00  0.343631E-01  0.177740E+04
  0.233364E+01  0.171400E+04  0.161798E+04  0.000000E+00  0.000000E+00  0.303658E-01  0.167909E+04
  0.241274E+01  0.161906E+04  0.152836E+04  0.000000E+00  0.000000E+00  0.267756E-01  0.158609E+04
  0.249452E+01  0.152926E+04  0.144359E+04  0.000000E+00  0.000000E+00  0.237178E-01  0.149812E+04
  0.257907E+01  0.144433E+04  0.136342E+04  0.000000E+00  0.000000E+00  0.210064E-01  0.141492E+04
  0.266649E+01  0.136401E+04  0.128760E+04  0.000000E+00  0.000000E+00  0.185463E-01  0.133623E+04
  0.275687E+01  0.128806E+04  0.121590E+04  0.000000E+00  0.000000E+00  0.163708E-01  0.126183E+04
  0.285031E+01  0.121625E+04  0.114811E+04  0.000000E+00  0.000000E+00  0.144218E-01  0.119148E+04
  0.294692E+01  0.114836E+04  0.108402E+04  0.000000E+00  0.000000E+00  0.127013E-01  0.112497E+04
  0.304681E+01  0.108417E+04  0.102343E+04  0.000000E+00  0.000000E+00  0.112835E-01  0.106209E+04
  0.315008E+01  0.102349E+04  0.966158E+03  0.000000E+00  0.000000E+00  0.100017E-01  0.100265E+04
  0.325685E+01  0.966147E+03  0.912022E+03  0.000000E+00  0.000000E+00  0.882394E-02  0.946473E+03
  0.336724E+01  0.911952E+03  0.860863E+03  0.000000E+00  0.000000E+00  0.773932E-02  0.893381E+03
  0.348138E+01  0.860737E+03  0.812517E+03  0.000000E+00  0.000000E+00  0.685771E-02  0.843209E+03
  0.359938E+01  0.812343E+03  0.766834E+03  0.000000E+00  0.000000E+00  0.603693E-02  0.795801E+03
  0.372138E+01  0.766615E+03  0.723667E+03  0.000000E+00  0.000000E+00  0.536386E-02  0.751004E+03
  0.384752E+01  0.723413E+03  0.682885E+03  0.000000E+00  0.000000E+00  0.471624E-02  0.708682E+03
  0.397793E+01  0.682601E+03  0.644358E+03  0.000000E+00  0.000000E+00  0.419645E-02  0.668700E+03
  0.411276E+01  0.644051E+03  0.607967E+03  0.000000E+00  0.000000E+00  0.367508E-02  0.630935E+03
  0.425217E+01  0.607639E+03  0.573595E+03  0.000000E+00  0.000000E+00  0.324958E-02  0.595265E+03
  0.439629E+01  0.573249E+03  0.541131E+03  0.000000E+00  0.000000E+00  0.290596E-02  0.561575E+03
  0.454531E+01  0.540770E+03  0.510470E+03  0.000000E+00  0.000000E+00  0.253472E-02  0.529757E+03
  0.469937E+01  0.510099E+03  0.481517E+03  0.000000E+00  0.000000E+00  0.223700E-02  0.499711E+03
  0.485865E+01  0.481141E+03  0.454180E+03  0.000000E+00  0.000000E+00  0.197354E-02  0.471342E+03
  0.502334E+01  0.453800E+03  0.428370E+03  0.000000E+00  0.000000E+00  0.173704E-02  0.444557E+03
  0.519360E+01  0.427986E+03  0.404002E+03  0.000000E+00  0.000000E+00  0.153730E-02  0.419269E+03
  0.536965E+01  0.403615E+03  0.380996E+03  0.000000E+00  0.000000E+00  0.134798E-02  0.395395E+03
  0.555165E+01  0.380611E+03  0.359280E+03  0.000000E+00  0.000000E+00  0.120565E-02  0.372859E+03
  0.573982E+01  0.358899E+03  0.338783E+03  0.000000E+00  0.000000E+00  0.106441E-02  0.351588E+03
  0.593437E+01  0.338406E+03  0.319437E+03  0.000000E+00  0.000000E+00  0.921949E-03  0.331513E+03
  0.613552E+01  0.319064E+03  0.301178E+03  0.000000E+00  0.000000E+00  0.824656E-03  0.312565E+03
  0.634348E+01  0.300811E+03  0.283948E+03  0.000000E+00  0.000000E+00  0.727917E-03  0.294684E+03
  0.655850E+01  0.283588E+03  0.267688E+03  0.000000E+00  0.000000E+00  0.637597E-03  0.277811E+03
  0.678080E+01  0.267337E+03  0.252347E+03  0.000000E+00  0.000000E+00  0.559254E-03  0.261891E+03
  0.701063E+01  0.252003E+03  0.237872E+03  0.000000E+00  0.000000E+00  0.494488E-03  0.246869E+03
  0.724826E+01  0.237536E+03  0.224214E+03  0.000000E+00  0.000000E+00  0.444006E-03  0.232696E+03
  0.749394E+01  0.223888E+03  0.211330E+03  0.000000E+00  0.000000E+00  0.390813E-03  0.219326E+03
  0.774795E+01  0.211013E+03  0.199177E+03  0.000000E+00  0.000000E+00  0.341316E-03  0.206714E+03
  0.801057E+01  0.198869E+03  0.187712E+03  0.000000E+00  0.000000E+00  0.305851E-03  0.194817E+03
  0.828209E+01  0.187414E+03  0.176898E+03  0.000000E+00  0.000000E+00  0.266216E-03  0.183595E+03
  0.856281E+01  0.176611E+03  0.166700E+03  0.000000E+00  0.000000E+00  0.233844E-03  0.173011E+03
  0.885305E+01  0.166422E+03  0.157081E+03  0.000000E+00  0.000000E+00  0.204565E-03  0.163030E+03
  0.915312E+01  0.156813E+03  0.148010E+03  0.000000E+00  0.000000E+00  0.182890E-03  0.153617E+03
  0.946337E+01  0.147752E+03  0.139456E+03  0.000000E+00  0.000000E+00  0.160901E-03  0.144740E+03
  0.978413E+01  0.139208E+03  0.131391E+03  0.000000E+00  0.000000E+00  0.143617E-03  0.136370E+03
  0.101158E+02  0.131152E+03  0.123786E+03  0.000000E+00  0.000000E+00  0.125601E-03  0.128478E+03
  0.104586E+02  0.123557E+03  0.116615E+03  0.000000E+00  0.000000E+00  0.108602E-03  0.121037E+03
  0.108131E+02  0.116396E+03  0.109855E+03  0.000000E+00  0.000000E+00  0.969056E-04  0.114022E+03
  0.111796E+02  0.109645E+03  0.103482E+03  0.000000E+00  0.000000E+00  0.852683E-04  0.107409E+03
  0.115586E+02  0.103281E+03  0.974741E+02  0.000000E+00  0.000000E+00  0.740651E-04  0.101174E+03
  0.119504E+02  0.972826E+02  0.918111E+02  0.000000E+00  0.000000E+00  0.678871E-04  0.952979E+02
  0.123554E+02  0.916283E+02  0.864732E+02  0.000000E+00  0.000000E+00  0.590503E-04  0.897587E+02
  0.127742E+02  0.862987E+02  0.814417E+02  0.000000E+00  0.000000E+00  0.525665E-04  0.845376E+02
  0.132072E+02  0.812759E+02  0.766999E+02  0.000000E+00  0.000000E+00  0.453976E-04  0.796170E+02
  0.136549E+02  0.765422E+02  0.722310E+02  0.000000E+00  0.000000E+00  0.401113E-04  0.749796E+02
  0.141177E+02  0.720811E+02  0.680195E+02  0.000000E+00  0.000000E+00  0.356862E-04  0.706093E+02
  0.145962E+02  0.678772E+02  0.640508E+02  0.000000E+00  0.000000E+00  0.314607E-04  0.664910E+02
  0.150909E+02  0.639161E+02  0.603112E+02  0.000000E+00  0.000000E+00  0.265458E-04  0.626105E+02
  0.156025E+02  0.601834E+02  0.567873E+02  0.000000E+00  0.000000E+00  0.243601E-04  0.589537E+02
  0.161313E+02  0.566667E+02  0.534672E+02  0.000000E+00  0.000000E+00  0.207389E-04  0.555086E+02
  0.166781E+02  0.533532E+02  0.503391E+02  0.000000E+00  0.000000E+00  0.190664E-04  0.522626E+02
  0.172434E+02  0.502316E+02  0.473920E+02  0.000000E+00  0.000000E+00  0.160849E-04  0.492044E+02
  0.178278E+02  0.472908E+02  0.446156E+02  0.000000E+00  0.000000E+00  0.147738E-04  0.463234E+02
  0.184321E+02  0.445204E+02  0.420001E+02  0.000000E+00  0.000000E+00  0.133502E-04  0.436094E+02
  0.190569E+02  0.419107E+02  0.395363E+02  0.000000E+00  0.000000E+00  0.117210E-04  0.410528E+02
  0.197028E+02  0.394526E+02  0.372156E+02  0.000000E+00  0.000000E+00  0.974733E-05  0.386447E+02
  0.203706E+02  0.371372E+02  0.350296E+02  0.000000E+00  0.000000E+00  0.844345E-05  0.363764E+02
  0.210611E+02  0.349564E+02  0.329707E+02  0.000000E+00  0.000000E+00  0.756218E-05  0.342400E+02
  0.217750E+02  0.329025E+02  0.310316E+02  0.000000E+00  0.000000E+00  0.681563E-05  0.322278E+02
  0.225131E+02  0.309681E+02  0.292053E+02  0.000000E+00  0.000000E+00  0.588180E-05  0.303328E+02
  0.232761E+02  0.291464E+02  0.274854E+02  0.000000E+00  0.000000E+00  0.481267E-05  0.285482E+02
  0.240651E+02  0.274309E+02  0.258658E+02  0.000000E+00  0.000000E+00  0.441119E-05  0.268676E+02
  0.248808E+02  0.258155E+02  0.243406E+02  0.000000E+00  0.000000E+00  0.430624E-05  0.252850E+02
  0.257241E+02  0.242943E+02  0.229044E+02  0.000000E+00  0.000000E+00  0.368531E-05  0.237948E+02
  0.265960E+02  0.228621E+02  0.215521E+02  0.000000E+00  0.000000E+00  0.306790E-05  0.223916E+02
  0.274975E+02  0.215134E+02  0.202788E+02  0.000000E+00  0.000000E+00  0.244550E-05  0.210704E+02
  0.284295E+02  0.202437E+02  0.190799E+02  0.000000E+00  0.000000E+00  0.229037E-05  0.198265E+02
  0.293932E+02  0.190482E+02  0.179512E+02  0.000000E+00  0.000000E+00  0.191776E-05  0.186554E+02
  0.303894E+02  0.179228E+02  0.168886E+02  0.000000E+00  0.000000E+00  0.223022E-05  0.175528E+02
  0.314195E+02  0.168633E+02  0.158882E+02  0.000000E+00  0.000000E+00  0.196795E-05  0.165148E+02
  0.324844E+02  0.158659E+02  0.149464E+02  0.000000E+00  0.000000E+00  0.158383E-05  0.155377E+02
  0.335855E+02  0.149270E+02  0.140598E+02  0.000000E+00  0.000000E+00  0.103472E-05  0.146178E+02
  0.347239E+02  0.140431E+02  0.132253E+02  0.000000E+00  0.000000E+00  0.129380E-05  0.137520E+02
  0.359009E+02  0.132112E+02  0.124398E+02  0.000000E+00  0.000000E+00  0.952287E-06  0.129370E+02
  0.371177E+02  0.124282E+02  0.117004E+02  0.000000E+00  0.000000E+00  0.115769E-05  0.121698E+02
  0.383758E+02  0.116912E+02  0.110045E+02  0.000000E+00  0.000000E+00  0.464134E-06  0.114478E+02
  0.396766E+02  0.109975E+02  0.103495E+02  0.000000E+00  0.000000E+00  0.669917E-06  0.107683E+02
  0.410214E+02  0.103447E+02  0.973303E+01  0.000000E+00  0.000000E+00  0.674434E-06  0.101287E+02
  0.424119E+02  0.973035E+01  0.915285E+01  0.000000E+00  0.000000E+00  0.353113E-06  0.952681E+01
  0.438494E+02  0.915218E+01  0.860686E+01  0.000000E+00  0.000000E+00  0.596949E-06  0.896037E+01
  0.453357E+02  0.860808E+01  0.809304E+01  0.000000E+00  0.000000E+00  0.454855E-06  0.842732E+01
  0.468724E+02  0.809608E+01  0.760952E+01  0.000000E+00  0.000000E+00  0.358586E-06  0.792571E+01
  0.484611E+02  0.761428E+01  0.715451E+01  0.000000E+00  0.000000E+00  0.236249E-06  0.745369E+01
  0.501037E+02  0.716094E+01  0.672637E+01  0.000000E+00  0.000000E+00  0.172952E-06  0.700955E+01
  0.518020E+02  0.673436E+01  0.632350E+01  0.000000E+00  0.000000E+00  0.309625E-06  0.659163E+01
  0.535578E+02  0.633301E+01  0.594444E+01  0.000000E+00  0.000000E+00  0.252440E-06  0.619842E+01
  0.553732E+02  0.595539E+01  0.558778E+01  0.000000E+00  0.000000E+00  0.203521E-06  0.582845E+01
  0.572501E+02  0.560009E+01  0.525221E+01  0.000000E+00  0.000000E+00  0.776593E-07  0.548036E+01
  0.591905E+02  0.526584E+01  0.493650E+01  0.000000E+00  0.000000E+00  0.751077E-07  0.515289E+01
  0.611968E+02  0.495138E+01  0.463947E+01  0.000000E+00  0.000000E+00  0.229209E-06  0.484480E+01
  0.632711E+02  0.465555E+01  0.436003E+01  0.000000E+00  0.000000E+00  0.166286E-06  0.455496E+01
  0.654157E+02  0.437725E+01  0.409714E+01  0.000000E+00  0.000000E+00  0.958826E-07  0.428230E+01
  0.676329E+02  0.411546E+01  0.384984E+01  0.000000E+00  0.000000E+00  0.704997E-07  0.402581E+01
  0.699254E+02  0.386919E+01  0.361720E+01  0.000000E+00  0.000000E+00  0.193732E-06  0.378453E+01
  0.722955E+02  0.363755E+01  0.339836E+01  0.000000E+00  0.000000E+00  0.969353E-07  0.355758E+01
  0.747460E+02  0.341966E+01  0.319251E+01  0.000000E+00  0.000000E+00  0.112705E-06  0.334409E+01
  0.772794E+02  0.321472E+01  0.299888E+01  0.000000E+00  0.000000E+00  0.231120E-07  0.314330E+01
  0.798989E+02  0.302195E+01  0.281675E+01  0.000000E+00  0.000000E+00  0.290031E-07  0.295443E+01
  0.826070E+02  0.284065E+01  0.264545E+01  0.000000E+00  0.000000E+00  0.462060E-07  0.277679E+01
  0.854070E+02  0.267013E+01  0.248432E+01  0.000000E+00  0.000000E+00  0.746749E-07  0.260972E+01
  0.883018E+02  0.250976E+01  0.233278E+01  0.000000E+00  0.000000E+00  0.305500E-07  0.245259E+01
  0.912949E+02  0.235893E+01  0.219026E+01  0.000000E+00  0.000000E+00  0.177082E-07  0.230481E+01
  0.943893E+02  0.221710E+01  0.205622E+01  0.000000E+00  0.000000E+00  0.373225E-07  0.216584E+01
  0.975888E+02  0.208370E+01  0.193016E+01  0.000000E+00  0.000000E+00  0.116883E-07  0.203514E+01
  0.100897E+03  0.195827E+01  0.181161E+01  0.000000E+00  0.000000E+00  0.473177E-08  0.191223E+01
  0.104316E+03  0.184031E+01  0.170013E+01  0.000000E+00  0.000000E+00  0.241706E-07  0.179666E+01
  0.107852E+03  0.172940E+01  0.159530E+01  0.000000E+00  0.000000E+00 -0.168161E-08  0.168798E+01
  0.111508E+03  0.162509E+01  0.149671E+01  0.000000E+00  0.000000E+00  0.458805E-07  0.158578E+01
  0.115287E+03  0.152702E+01  0.140401E+01  0.000000E+00  0.000000E+00  0.507205E-09  0.148968E+01
  0.119195E+03  0.143481E+01  0.131685E+01  0.000000E+00  0.000000E+00 -0.668251E-08  0.139933E+01
  0.123235E+03  0.134811E+01  0.123490E+01  0.000000E+00  0.000000E+00  0.141176E-07  0.131438E+01
  0.127412E+03  0.126658E+01  0.115784E+01  0.000000E+00  0.000000E+00  0.121213E-07  0.123449E+01
  0.131731E+03  0.118994E+01  0.108539E+01  0.000000E+00  0.000000E+00  0.113851E-07  0.115939E+01
  0.136196E+03  0.111788E+01  0.101727E+01  0.000000E+00  0.000000E+00  0.707523E-08  0.108879E+01
  0.140812E+03  0.105013E+01  0.953240E+00  0.000000E+00  0.000000E+00  0.234552E-07  0.102241E+01
  0.145585E+03  0.986439E+00  0.893037E+00  0.000000E+00  0.000000E+00  0.210642E-08  0.959996E+00
  0.150520E+03  0.926564E+00  0.836447E+00  0.000000E+00  0.000000E+00 -0.887967E-09  0.901329E+00
  0.155622E+03  0.870276E+00  0.783252E+00  0.000000E+00  0.000000E+00 -0.154730E-08  0.846177E+00
  0.160897E+03  0.817359E+00  0.733248E+00  0.000000E+00  0.000000E+00 -0.156171E-08  0.794329E+00
  0.166350E+03  0.767619E+00  0.686252E+00  0.000000E+00  0.000000E+00 -0.678677E-08  0.745595E+00
  0.171989E+03  0.720863E+00  0.642083E+00  0.000000E+00  0.000000E+00 -0.324162E-08  0.699785E+00
  0.177818E+03  0.676912E+00  0.600574E+00  0.000000E+00  0.000000E+00  0.116561E-07  0.656726E+00
  0.183845E+03  0.635599E+00  0.561564E+00  0.000000E+00  0.000000E+00 -0.398296E-08  0.616252E+00
  0.190077E+03  0.596769E+00  0.524912E+00  0.000000E+00  0.000000E+00  0.655993E-08  0.578214E+00
  0.196519E+03  0.560273E+00  0.490475E+00  0.000000E+00  0.000000E+00 -0.473618E-08  0.542463E+00
  0.203180E+03  0.525971E+00  0.458122E+00  0.000000E+00  0.000000E+00  0.612004E-08  0.508865E+00
