  0.106221E-04  0.542883E+07  0.542883E+07  0.723738E+07  0.723737E+07  0.543034E+07  0.542884E+07
  0.109822E-04  0.542882E+07  0.542882E+07  0.723731E+07  0.723730E+07  0.543034E+07  0.542884E+07
  0.113544E-04  0.542882E+07  0.542882E+07  0.723723E+07  0.723722E+07  0.543034E+07  0.542884E+07
  0.117393E-04  0.542882E+07  0.542882E+07  0.723714E+07  0.723714E+07  0.543033E+07  0.542884E+07
  0.121372E-04  0.542882E+07  0.542882E+07  0.723705E+07  0.723705E+07  0.543033E+07  0.542884E+07
  0.125486E-04  0.542882E+07  0.542882E+07  0.723696E+07  0.723695E+07  0.543033E+07  0.542884E+07
  0.129739E-04  0.542882E+07  0.542882E+07  0.723686E+07  0.723685E+07  0.543032E+07  0.542884E+07
  0.134136E-04  0.542882E+07  0.542882E+07  0.723675E+07  0.723674E+07  0.543032E+07  0.542884E+07
  0.138683E-04  0.542882E+07  0.542882E+07  0.723663E+07  0.723662E+07  0.543032E+07  0.542884E+07
  0.143384E-04  0.542882E+07  0.542882E+07  0.723651E+07  0.723650E+07  0.543031E+07  0.542884E+07
  0.148244E-04  0.542882E+07  0.542882E+07  0.723637E+07  0.723636E+07  0.543031E+07  0.542884E+07
  0.153268E-04  0.542882E+07  0.542882E+07  0.723623E+07  0.723622E+07  0.543030E+07  0.542884E+07
  0.158463E-04  0.542882E+07  0.542882E+07  0.723608E+07  0.723606E+07  0.543030E+07  0.542884E+07
  0.163835E-04  0.542882E+07  0.542882E+07  0.723591E+07  0.723590E+07  0.543029E+07  0.542883E+07
  0.169388E-04  0.542882E+07  0.542882E+07  0.723574E+07  0.723573E+07  0.543029E+07  0.542883E+07
  0.175129E-04  0.542882E+07  0.542882E+07  0.723555E+07  0.723554E+07  0.543028E+07  0.542883E+07
  0.181065E-04  0.542882E+07  0.542882E+07  0.723536E+07  0.723534E+07  0.543027E+07  0.542883E+07
  0.187202E-04  0.542881E+07  0.542881E+07  0.723514E+07  0.723512E+07  0.543026E+07  0.542883E+07
  0.193548E-04  0.542881E+07  0.542881E+07  0.723492E+07  0.723490E+07  0.543026E+07  0.542883E+07
  0.200108E-04  0.542881E+07  0.542881E+07  0.723467E+07  0.723465E+07  0.543025E+07  0.542883E+07
  0.206891E-04  0.542881E+07  0.542881E+07  0.723441E+07  0.723439E+07  0.543024E+07  0.542883E+07
  0.213903E-04  0.542881E+07  0.542881E+07  0.723414E+07  0.723411E+07  0.543023E+07  0.542882E+07
  0.221154E-04  0.542881E+07  0.542881E+07  0.723384E+07  0.723381E+07  0.543022E+07  0.542882E+07
  0.228650E-04  0.542881E+07  0.542881E+07  0.723352E+07  0.723349E+07  0.543021E+07  0.542882E+07
  0.236400E-04  0.542880E+07  0.542880E+07  0.723318E+07  0.723315E+07  0.543020E+07  0.542882E+07
  0.244412E-04  0.542880E+07  0.542880E+07  0.723282E+07  0.723279E+07  0.543018E+07  0.542882E+07
  0.252697E-04  0.542880E+07  0.542880E+07  0.723243E+07  0.723240E+07  0.543017E+07  0.542882E+07
  0.261262E-04  0.542880E+07  0.542880E+07  0.723202E+07  0.723198E+07  0.543016E+07  0.542881E+07
  0.270118E-04  0.542880E+07  0.542880E+07  0.723158E+07  0.723154E+07  0.543014E+07  0.542881E+07
  0.279273E-04  0.542880E+07  0.542880E+07  0.723110E+07  0.723106E+07  0.543012E+07  0.542881E+07
  0.288739E-04  0.542879E+07  0.542879E+07  0.723060E+07  0.723055E+07  0.543011E+07  0.542881E+07
  0.298526E-04  0.542879E+07  0.542879E+07  0.723006E+07  0.723001E+07  0.543009E+07  0.542880E+07
  0.308645E-04  0.542879E+07  0.542879E+07  0.722948E+07  0.722943E+07  0.543007E+07  0.542880E+07
  0.319106E-04  0.542878E+07  0.542878E+07  0.722886E+07  0.722881E+07  0.543005E+07  0.542880E+07
  0.329922E-04  0.542878E+07  0.542878E+07  0.722820E+07  0.722815E+07  0.543002E+07  0.542879E+07
  0.341105E-04  0.542878E+07  0.542878E+07  0.722750E+07  0.722744E+07  0.543000E+07  0.542879E+07
  0.352667E-04  0.542877E+07  0.542877E+07  0.722674E+07  0.722668E+07  0.542997E+07  0.542879E+07
  0.364621E-04  0.542877E+07  0.542877E+07  0.722594E+07  0.722587E+07  0.542994E+07  0.542878E+07
  0.376979E-04  0.542877E+07  0.542877E+07  0.722508E+07  0.722500E+07  0.542991E+07  0.542878E+07
  0.389757E-04  0.542876E+07  0.542876E+07  0.722416E+07  0.722408E+07  0.542988E+07  0.542877E+07
  0.402968E-04  0.542876E+07  0.542876E+07  0.722317E+07  0.722309E+07  0.542985E+07  0.542877E+07
  0.416627E-04  0.542875E+07  0.542875E+07  0.722212E+07  0.722203E+07  0.542981E+07  0.542876E+07
  0.430748E-04  0.542875E+07  0.542875E+07  0.722100E+07  0.722090E+07  0.542977E+07  0.542876E+07
  0.445349E-04  0.542874E+07  0.542874E+07  0.721980E+07  0.721969E+07  0.542973E+07  0.542875E+07
  0.460444E-04  0.542873E+07  0.542873E+07  0.721851E+07  0.721840E+07  0.542968E+07  0.542874E+07
  0.476050E-04  0.542873E+07  0.542873E+07  0.721714E+07  0.721702E+07  0.542964E+07  0.542874E+07
  0.492186E-04  0.542872E+07  0.542872E+07  0.721567E+07  0.721555E+07  0.542959E+07  0.542873E+07
  0.508869E-04  0.542871E+07  0.542871E+07  0.721411E+07  0.721397E+07  0.542953E+07  0.542872E+07
  0.526117E-04  0.542871E+07  0.542870E+07  0.721243E+07  0.721229E+07  0.542947E+07  0.542871E+07
  0.543950E-04  0.542870E+07  0.542870E+07  0.721064E+07  0.721049E+07  0.542941E+07  0.542870E+07
  0.562387E-04  0.542869E+07  0.542869E+07  0.720873E+07  0.720857E+07  0.542934E+07  0.542869E+07
  0.581449E-04  0.542868E+07  0.542868E+07  0.720668E+07  0.720651E+07  0.542927E+07  0.542868E+07
  0.601158E-04  0.542867E+07  0.542867E+07  0.720450E+07  0.720431E+07  0.542920E+07  0.542867E+07
  0.621534E-04  0.542866E+07  0.542866E+07  0.720217E+07  0.720197E+07  0.542911E+07  0.542866E+07
  0.642601E-04  0.542864E+07  0.542864E+07  0.719967E+07  0.719946E+07  0.542903E+07  0.542865E+07
  0.664382E-04  0.542863E+07  0.542863E+07  0.719701E+07  0.719678E+07  0.542893E+07  0.542863E+07
  0.686901E-04  0.542862E+07  0.542862E+07  0.719416E+07  0.719392E+07  0.542883E+07  0.542862E+07
  0.710184E-04  0.542860E+07  0.542860E+07  0.719111E+07  0.719086E+07  0.542873E+07  0.542860E+07
  0.734256E-04  0.542859E+07  0.542859E+07  0.718786E+07  0.718759E+07  0.542861E+07  0.542859E+07
  0.759143E-04  0.542857E+07  0.542857E+07  0.718439E+07  0.718409E+07  0.542849E+07  0.542857E+07
  0.784875E-04  0.542855E+07  0.542855E+07  0.718068E+07  0.718036E+07  0.542836E+07  0.542855E+07
  0.811478E-04  0.542853E+07  0.542853E+07  0.717671E+07  0.717637E+07  0.542822E+07  0.542853E+07
  0.838983E-04  0.542851E+07  0.542851E+07  0.717247E+07  0.717211E+07  0.542807E+07  0.542851E+07
  0.867421E-04  0.542849E+07  0.542849E+07  0.716794E+07  0.716756E+07  0.542791E+07  0.542848E+07
  0.896822E-04  0.542847E+07  0.542847E+07  0.716311E+07  0.716270E+07  0.542774E+07  0.542846E+07
  0.927220E-04  0.542844E+07  0.542844E+07  0.715794E+07  0.715750E+07  0.542756E+07  0.542843E+07
  0.958648E-04  0.542842E+07  0.542841E+07  0.715242E+07  0.715195E+07  0.542737E+07  0.542840E+07
  0.991141E-04  0.542839E+07  0.542839E+07  0.714653E+07  0.714603E+07  0.542716E+07  0.542837E+07
  0.102474E-03  0.542836E+07  0.542836E+07  0.714023E+07  0.713970E+07  0.542694E+07  0.542834E+07
  0.105947E-03  0.542832E+07  0.542832E+07  0.713351E+07  0.713294E+07  0.542670E+07  0.542831E+07
  0.109538E-03  0.542829E+07  0.542829E+07  0.712633E+07  0.712572E+07  0.542645E+07  0.542827E+07
  0.113251E-03  0.542825E+07  0.542825E+07  0.711866E+07  0.711801E+07  0.542618E+07  0.542823E+07
  0.117090E-03  0.542821E+07  0.542821E+07  0.711047E+07  0.710978E+07  0.542589E+07  0.542819E+07
  0.121058E-03  0.542817E+07  0.542817E+07  0.710173E+07  0.710098E+07  0.542558E+07  0.542814E+07
  0.125162E-03  0.542812E+07  0.542812E+07  0.709239E+07  0.709160E+07  0.542525E+07  0.542809E+07
  0.129404E-03  0.542807E+07  0.542807E+07  0.708242E+07  0.708158E+07  0.542490E+07  0.542804E+07
  0.133790E-03  0.542802E+07  0.542802E+07  0.707179E+07  0.707088E+07  0.542452E+07  0.542798E+07
  0.138325E-03  0.542797E+07  0.542796E+07  0.706043E+07  0.705947E+07  0.542412E+07  0.542792E+07
  0.143013E-03  0.542791E+07  0.542790E+07  0.704831E+07  0.704729E+07  0.542368E+07  0.542786E+07
  0.147861E-03  0.542784E+07  0.542784E+07  0.703538E+07  0.703428E+07  0.542322E+07  0.542779E+07
  0.152873E-03  0.542778E+07  0.542777E+07  0.702158E+07  0.702041E+07  0.542273E+07  0.542772E+07
  0.158054E-03  0.542770E+07  0.542770E+07  0.700686E+07  0.700561E+07  0.542221E+07  0.542764E+07
  0.163412E-03  0.542763E+07  0.542762E+07  0.699115E+07  0.698982E+07  0.542164E+07  0.542756E+07
  0.168950E-03  0.542754E+07  0.542754E+07  0.697440E+07  0.697298E+07  0.542104E+07  0.542747E+07
  0.174677E-03  0.542745E+07  0.542745E+07  0.695653E+07  0.695502E+07  0.542040E+07  0.542738E+07
  0.180598E-03  0.542736E+07  0.542736E+07  0.693748E+07  0.693587E+07  0.541972E+07  0.542728E+07
  0.186719E-03  0.542726E+07  0.542725E+07  0.691717E+07  0.691546E+07  0.541898E+07  0.542717E+07
  0.193048E-03  0.542715E+07  0.542715E+07  0.689552E+07  0.689370E+07  0.541820E+07  0.542705E+07
  0.199591E-03  0.542703E+07  0.542703E+07  0.687246E+07  0.687051E+07  0.541736E+07  0.542693E+07
  0.206357E-03  0.542691E+07  0.542691E+07  0.684788E+07  0.684581E+07  0.541647E+07  0.542680E+07
  0.213351E-03  0.542678E+07  0.542677E+07  0.682169E+07  0.681949E+07  0.541552E+07  0.542666E+07
  0.220583E-03  0.542664E+07  0.542663E+07  0.679381E+07  0.679147E+07  0.541450E+07  0.542651E+07
  0.228059E-03  0.542649E+07  0.542648E+07  0.676412E+07  0.676163E+07  0.541340E+07  0.542634E+07
  0.235789E-03  0.542633E+07  0.542632E+07  0.673253E+07  0.672987E+07  0.541224E+07  0.542617E+07
  0.243781E-03  0.542616E+07  0.542615E+07  0.669890E+07  0.669608E+07  0.541100E+07  0.542599E+07
  0.252044E-03  0.542597E+07  0.542596E+07  0.666314E+07  0.666014E+07  0.540967E+07  0.542579E+07
  0.260588E-03  0.542578E+07  0.542577E+07  0.662510E+07  0.662192E+07  0.540825E+07  0.542558E+07
  0.269420E-03  0.542557E+07  0.542556E+07  0.658468E+07  0.658130E+07  0.540674E+07  0.542536E+07
  0.278552E-03  0.542534E+07  0.542533E+07  0.654172E+07  0.653813E+07  0.540512E+07  0.542512E+07
  0.287994E-03  0.542510E+07  0.542509E+07  0.649609E+07  0.649229E+07  0.540339E+07  0.542487E+07
  0.297755E-03  0.542485E+07  0.542484E+07  0.644765E+07  0.644362E+07  0.540154E+07  0.542459E+07
  0.307848E-03  0.542458E+07  0.542457E+07  0.639625E+07  0.639198E+07  0.539957E+07  0.542430E+07
  0.318282E-03  0.542429E+07  0.542427E+07  0.634173E+07  0.633721E+07  0.539747E+07  0.542399E+07
  0.329071E-03  0.542398E+07  0.542396E+07  0.628394E+07  0.627915E+07  0.539522E+07  0.542366E+07
  0.340224E-03  0.542364E+07  0.542363E+07  0.622272E+07  0.621766E+07  0.539282E+07  0.542331E+07
  0.351756E-03  0.542329E+07  0.542328E+07  0.615790E+07  0.615255E+07  0.539026E+07  0.542293E+07
  0.363679E-03  0.542291E+07  0.542290E+07  0.608932E+07  0.608367E+07  0.538753E+07  0.542252E+07
  0.376006E-03  0.542251E+07  0.542249E+07  0.601681E+07  0.601085E+07  0.538462E+07  0.542209E+07
  0.388751E-03  0.542208E+07  0.542206E+07  0.594021E+07  0.593393E+07  0.538150E+07  0.542163E+07
  0.401928E-03  0.542162E+07  0.542160E+07  0.585936E+07  0.585275E+07  0.537818E+07  0.542114E+07
  0.415551E-03  0.542113E+07  0.542111E+07  0.577409E+07  0.576714E+07  0.537464E+07  0.542062E+07
  0.429636E-03  0.542060E+07  0.542058E+07  0.568425E+07  0.567694E+07  0.537087E+07  0.542006E+07
  0.444199E-03  0.542004E+07  0.542002E+07  0.558969E+07  0.558202E+07  0.536684E+07  0.541946E+07
  0.459255E-03  0.541945E+07  0.541942E+07  0.549027E+07  0.548224E+07  0.536254E+07  0.541883E+07
  0.474821E-03  0.541881E+07  0.541879E+07  0.538587E+07  0.537746E+07  0.535796E+07  0.541815E+07
  0.490915E-03  0.541814E+07  0.541811E+07  0.527638E+07  0.526759E+07  0.535308E+07  0.541742E+07
  0.507555E-03  0.541741E+07  0.541738E+07  0.516170E+07  0.515253E+07  0.534787E+07  0.541665E+07
  0.524759E-03  0.541664E+07  0.541661E+07  0.504177E+07  0.503222E+07  0.534233E+07  0.541583E+07
  0.542546E-03  0.541582E+07  0.541579E+07  0.491654E+07  0.490661E+07  0.533642E+07  0.541495E+07
  0.560935E-03  0.541494E+07  0.541491E+07  0.478600E+07  0.477570E+07  0.533013E+07  0.541402E+07
  0.579948E-03  0.541401E+07  0.541397E+07  0.465018E+07  0.463951E+07  0.532342E+07  0.541302E+07
  0.599606E-03  0.541302E+07  0.541298E+07  0.450914E+07  0.449812E+07  0.531629E+07  0.541196E+07
  0.619929E-03  0.541196E+07  0.541192E+07  0.436300E+07  0.435162E+07  0.530870E+07  0.541083E+07
  0.640942E-03  0.541083E+07  0.541079E+07  0.421190E+07  0.420020E+07  0.530062E+07  0.540963E+07
  0.662667E-03  0.540963E+07  0.540958E+07  0.405608E+07  0.404408E+07  0.529203E+07  0.540835E+07
  0.685128E-03  0.540835E+07  0.540830E+07  0.389581E+07  0.388353E+07  0.528289E+07  0.540698E+07
  0.708350E-03  0.540699E+07  0.540694E+07  0.373144E+07  0.371891E+07  0.527318E+07  0.540553E+07
  0.732360E-03  0.540555E+07  0.540549E+07  0.356339E+07  0.355065E+07  0.526286E+07  0.540399E+07
  0.757184E-03  0.540401E+07  0.540395E+07  0.339216E+07  0.337925E+07  0.525190E+07  0.540235E+07
  0.782848E-03  0.540237E+07  0.540231E+07  0.321834E+07  0.320529E+07  0.524027E+07  0.540060E+07
  0.809383E-03  0.540064E+07  0.540056E+07  0.304257E+07  0.302943E+07  0.522793E+07  0.539875E+07
  0.836817E-03  0.539879E+07  0.539871E+07  0.286561E+07  0.285243E+07  0.521483E+07  0.539678E+07
  0.865181E-03  0.539683E+07  0.539674E+07  0.268830E+07  0.267511E+07  0.520095E+07  0.539469E+07
  0.894507E-03  0.539474E+07  0.539466E+07  0.251152E+07  0.249839E+07  0.518625E+07  0.539247E+07
  0.924826E-03  0.539253E+07  0.539244E+07  0.233629E+07  0.232325E+07  0.517068E+07  0.539011E+07
  0.956173E-03  0.539019E+07  0.539009E+07  0.216363E+07  0.215073E+07  0.515420E+07  0.538761E+07
  0.988582E-03  0.538770E+07  0.538759E+07  0.199465E+07  0.198193E+07  0.513678E+07  0.538496E+07
  0.102209E-02  0.538506E+07  0.538495E+07  0.183050E+07  0.181798E+07  0.511837E+07  0.538215E+07
  0.105673E-02  0.538227E+07  0.538215E+07  0.167233E+07  0.166002E+07  0.509893E+07  0.537918E+07
  0.109255E-02  0.537931E+07  0.537918E+07  0.152128E+07  0.150920E+07  0.507842E+07  0.537603E+07
  0.112958E-02  0.537618E+07  0.537604E+07  0.137846E+07  0.136660E+07  0.505680E+07  0.537269E+07
  0.116787E-02  0.537287E+07  0.537272E+07  0.124490E+07  0.123323E+07  0.503402E+07  0.536917E+07
  0.120746E-02  0.536936E+07  0.536920E+07  0.112155E+07  0.111002E+07  0.501006E+07  0.536544E+07
  0.124838E-02  0.536566E+07  0.536549E+07  0.100916E+07  0.997709E+06  0.498487E+07  0.536150E+07
  0.129070E-02  0.536175E+07  0.536156E+07  0.908341E+06  0.896877E+06  0.495841E+07  0.535734E+07
  0.133445E-02  0.535762E+07  0.535742E+07  0.819445E+06  0.807865E+06  0.493067E+07  0.535295E+07
  0.137968E-02  0.535326E+07  0.535305E+07  0.742571E+06  0.730751E+06  0.490160E+07  0.534832E+07
  0.142644E-02  0.534866E+07  0.534843E+07  0.677518E+06  0.665326E+06  0.487118E+07  0.534344E+07
  0.147479E-02  0.534381E+07  0.534357E+07  0.623772E+06  0.611069E+06  0.483939E+07  0.533830E+07
  0.152478E-02  0.533870E+07  0.533845E+07  0.580491E+06  0.567146E+06  0.480622E+07  0.533288E+07
  0.157646E-02  0.533333E+07  0.533305E+07  0.546519E+06  0.532418E+06  0.477166E+07  0.532719E+07
  0.162990E-02  0.532767E+07  0.532738E+07  0.520411E+06  0.505472E+06  0.473570E+07  0.532120E+07
  0.168514E-02  0.532171E+07  0.532140E+07  0.500488E+06  0.484675E+06  0.469834E+07  0.531490E+07
  0.174226E-02  0.531546E+07  0.531513E+07  0.484908E+06  0.468247E+06  0.465960E+07  0.530829E+07
  0.180131E-02  0.530888E+07  0.530853E+07  0.471763E+06  0.454359E+06  0.461949E+07  0.530134E+07
  0.186237E-02  0.530198E+07  0.530160E+07  0.459200E+06  0.441246E+06  0.457804E+07  0.529406E+07
  0.192550E-02  0.529474E+07  0.529433E+07  0.445547E+06  0.427332E+06  0.453529E+07  0.528643E+07
  0.199076E-02  0.528714E+07  0.528671E+07  0.429446E+06  0.411351E+06  0.449127E+07  0.527843E+07
  0.205824E-02  0.527917E+07  0.527871E+07  0.409977E+06  0.392467E+06  0.444604E+07  0.527006E+07
  0.212800E-02  0.527083E+07  0.527034E+07  0.386753E+06  0.370352E+06  0.439966E+07  0.526130E+07
  0.220013E-02  0.526209E+07  0.526157E+07  0.359973E+06  0.345230E+06  0.435220E+07  0.525213E+07
  0.227470E-02  0.525295E+07  0.525239E+07  0.330419E+06  0.317859E+06  0.430374E+07  0.524256E+07
  0.235181E-02  0.524338E+07  0.524278E+07  0.299375E+06  0.289446E+06  0.425434E+07  0.523255E+07
  0.243152E-02  0.523338E+07  0.523275E+07  0.268482E+06  0.261493E+06  0.420410E+07  0.522211E+07
  0.251394E-02  0.522294E+07  0.522226E+07  0.239510E+06  0.235584E+06  0.415311E+07  0.521122E+07
  0.259915E-02  0.521203E+07  0.521131E+07  0.214097E+06  0.213132E+06  0.410146E+07  0.519986E+07
  0.268725E-02  0.520065E+07  0.519988E+07  0.193470E+06  0.195123E+06  0.404922E+07  0.518803E+07
  0.277833E-02  0.518879E+07  0.518796E+07  0.178201E+06  0.181916E+06  0.399650E+07  0.517571E+07
  0.287250E-02  0.517642E+07  0.517553E+07  0.168057E+06  0.173124E+06  0.394336E+07  0.516289E+07
  0.296987E-02  0.516354E+07  0.516260E+07  0.161993E+06  0.167646E+06  0.388987E+07  0.514956E+07
  0.307053E-02  0.515013E+07  0.514912E+07  0.000000E+00  0.000000E+00  0.383610E+07  0.513571E+07
  0.317461E-02  0.513619E+07  0.513511E+07  0.000000E+00  0.000000E+00  0.378209E+07  0.512132E+07
  0.328221E-02  0.512169E+07  0.512054E+07  0.000000E+00  0.000000E+00  0.372786E+07  0.510638E+07
  0.339346E-02  0.510663E+07  0.510541E+07  0.000000E+00  0.000000E+00  0.367344E+07  0.509088E+07
  0.350848E-02  0.509099E+07  0.508969E+07  0.000000E+00  0.000000E+00  0.361882E+07  0.507480E+07
  0.362740E-02  0.507477E+07  0.507338E+07  0.000000E+00  0.000000E+00  0.356399E+07  0.505814E+07
  0.375035E-02  0.505794E+07  0.505646E+07  0.000000E+00  0.000000E+00  0.350891E+07  0.504089E+07
  0.387747E-02  0.504050E+07  0.503892E+07  0.000000E+00  0.000000E+00  0.345354E+07  0.502302E+07
  0.400890E-02  0.502244E+07  0.502075E+07  0.000000E+00  0.000000E+00  0.339783E+07  0.500453E+07
  0.414478E-02  0.500373E+07  0.500193E+07  0.000000E+00  0.000000E+00  0.334173E+07  0.498540E+07
  0.428527E-02  0.498437E+07  0.498245E+07  0.000000E+00  0.000000E+00  0.328518E+07  0.496562E+07
  0.443052E-02  0.496435E+07  0.496231E+07  0.000000E+00  0.000000E+00  0.322813E+07  0.494517E+07
  0.458069E-02  0.494365E+07  0.494147E+07  0.000000E+00  0.000000E+00  0.317054E+07  0.492405E+07
  0.473596E-02  0.492226E+07  0.491994E+07  0.000000E+00  0.000000E+00  0.311238E+07  0.490224E+07
  0.489648E-02  0.490017E+07  0.489769E+07  0.000000E+00  0.000000E+00  0.305365E+07  0.487972E+07
  0.506245E-02  0.487735E+07  0.487471E+07  0.000000E+00  0.000000E+00  0.299433E+07  0.485648E+07
  0.523404E-02  0.485381E+07  0.485100E+07  0.000000E+00  0.000000E+00  0.293447E+07  0.483252E+07
  0.541145E-02  0.482952E+07  0.482652E+07  0.000000E+00  0.000000E+00  0.287409E+07  0.480780E+07
  0.559487E-02  0.480446E+07  0.480127E+07  0.000000E+00  0.000000E+00  0.281324E+07  0.478233E+07
  0.578451E-02  0.477863E+07  0.477523E+07  0.000000E+00  0.000000E+00  0.275199E+07  0.475608E+07
  0.598058E-02  0.475202E+07  0.474840E+07  0.000000E+00  0.000000E+00  0.269041E+07  0.472905E+07
  0.618329E-02  0.472460E+07  0.472074E+07  0.000000E+00  0.000000E+00  0.262855E+07  0.470121E+07
  0.639287E-02  0.469636E+07  0.469225E+07  0.000000E+00  0.000000E+00  0.256651E+07  0.467256E+07
  0.660956E-02  0.466728E+07  0.466292E+07  0.000000E+00  0.000000E+00  0.250433E+07  0.464309E+07
  0.683359E-02  0.463737E+07  0.463272E+07  0.000000E+00  0.000000E+00  0.244209E+07  0.461278E+07
  0.706522E-02  0.460659E+07  0.460165E+07  0.000000E+00  0.000000E+00  0.237984E+07  0.458161E+07
  0.730469E-02  0.457494E+07  0.456968E+07  0.000000E+00  0.000000E+00  0.231765E+07  0.454957E+07
  0.755228E-02  0.454239E+07  0.453680E+07  0.000000E+00  0.000000E+00  0.225556E+07  0.451665E+07
  0.780827E-02  0.450895E+07  0.450300E+07  0.000000E+00  0.000000E+00  0.219364E+07  0.448284E+07
  0.807293E-02  0.447458E+07  0.446827E+07  0.000000E+00  0.000000E+00  0.213192E+07  0.444812E+07
  0.834657E-02  0.443929E+07  0.443257E+07  0.000000E+00  0.000000E+00  0.207047E+07  0.441247E+07
  0.862947E-02  0.440305E+07  0.439591E+07  0.000000E+00  0.000000E+00  0.200934E+07  0.437589E+07
  0.892197E-02  0.436584E+07  0.435827E+07  0.000000E+00  0.000000E+00  0.194857E+07  0.433836E+07
  0.922438E-02  0.432767E+07  0.431962E+07  0.000000E+00  0.000000E+00  0.188822E+07  0.429986E+07
  0.953704E-02  0.428850E+07  0.427996E+07  0.000000E+00  0.000000E+00  0.182834E+07  0.426039E+07
  0.986030E-02  0.424833E+07  0.423927E+07  0.000000E+00  0.000000E+00  0.176899E+07  0.421992E+07
  0.101945E-01  0.420714E+07  0.419753E+07  0.000000E+00  0.000000E+00  0.171020E+07  0.417845E+07
  0.105401E-01  0.416492E+07  0.415473E+07  0.000000E+00  0.000000E+00  0.165204E+07  0.413596E+07
  0.108973E-01  0.412165E+07  0.411085E+07  0.000000E+00  0.000000E+00  0.159455E+07  0.409244E+07
  0.112667E-01  0.407733E+07  0.406589E+07  0.000000E+00  0.000000E+00  0.153777E+07  0.404787E+07
  0.116486E-01  0.403193E+07  0.401981E+07  0.000000E+00  0.000000E+00  0.148176E+07  0.400224E+07
  0.120434E-01  0.398545E+07  0.397262E+07  0.000000E+00  0.000000E+00  0.142656E+07  0.395555E+07
  0.124516E-01  0.393787E+07  0.392430E+07  0.000000E+00  0.000000E+00  0.137221E+07  0.390777E+07
  0.128737E-01  0.388918E+07  0.387483E+07  0.000000E+00  0.000000E+00  0.131876E+07  0.385890E+07
  0.133100E-01  0.383937E+07  0.382422E+07  0.000000E+00  0.000000E+00  0.126625E+07  0.380893E+07
  0.137612E-01  0.378844E+07  0.377244E+07  0.000000E+00  0.000000E+00  0.121472E+07  0.375785E+07
  0.142276E-01  0.373638E+07  0.371949E+07  0.000000E+00  0.000000E+00  0.116418E+07  0.370566E+07
  0.147098E-01  0.368318E+07  0.366536E+07  0.000000E+00  0.000000E+00  0.111468E+07  0.365234E+07
  0.152084E-01  0.362884E+07  0.361006E+07  0.000000E+00  0.000000E+00  0.106622E+07  0.359791E+07
  0.157239E-01  0.357335E+07  0.355359E+07  0.000000E+00  0.000000E+00  0.101882E+07  0.354235E+07
  0.162569E-01  0.351673E+07  0.349594E+07  0.000000E+00  0.000000E+00  0.972489E+06  0.348566E+07
  0.168079E-01  0.345898E+07  0.343712E+07  0.000000E+00  0.000000E+00  0.927251E+06  0.342787E+07
  0.173776E-01  0.340011E+07  0.337716E+07  0.000000E+00  0.000000E+00  0.883142E+06  0.336898E+07
  0.179666E-01  0.334013E+07  0.331605E+07  0.000000E+00  0.000000E+00  0.840204E+06  0.330899E+07
  0.185756E-01  0.327906E+07  0.325383E+07  0.000000E+00  0.000000E+00  0.798476E+06  0.324794E+07
  0.192052E-01  0.321693E+07  0.319053E+07  0.000000E+00  0.000000E+00  0.757979E+06  0.318585E+07
  0.198562E-01  0.315378E+07  0.312619E+07  0.000000E+00  0.000000E+00  0.718704E+06  0.312276E+07
  0.205292E-01  0.308964E+07  0.306084E+07  0.000000E+00  0.000000E+00  0.680628E+06  0.305870E+07
  0.212251E-01  0.302455E+07  0.299454E+07  0.000000E+00  0.000000E+00  0.643744E+06  0.299372E+07
  0.219445E-01  0.295859E+07  0.292736E+07  0.000000E+00  0.000000E+00  0.608083E+06  0.292789E+07
  0.226883E-01  0.289182E+07  0.285937E+07  0.000000E+00  0.000000E+00  0.573695E+06  0.286126E+07
  0.234573E-01  0.282430E+07  0.279066E+07  0.000000E+00  0.000000E+00  0.540602E+06  0.279392E+07
  0.242524E-01  0.275614E+07  0.272132E+07  0.000000E+00  0.000000E+00  0.508772E+06  0.272595E+07
  0.250745E-01  0.268743E+07  0.265147E+07  0.000000E+00  0.000000E+00  0.478168E+06  0.265747E+07
  0.259244E-01  0.261829E+07  0.258123E+07  0.000000E+00  0.000000E+00  0.448805E+06  0.258858E+07
  0.268031E-01  0.254885E+07  0.251075E+07  0.000000E+00  0.000000E+00  0.420730E+06  0.251941E+07
  0.277116E-01  0.247924E+07  0.244017E+07  0.000000E+00  0.000000E+00  0.393924E+06  0.245011E+07
  0.286509E-01  0.240963E+07  0.236967E+07  0.000000E+00  0.000000E+00  0.368331E+06  0.238082E+07
  0.296220E-01  0.234017E+07  0.229944E+07  0.000000E+00  0.000000E+00  0.343967E+06  0.231172E+07
  0.306260E-01  0.227106E+07  0.222966E+07  0.000000E+00  0.000000E+00  0.320863E+06  0.224300E+07
  0.316641E-01  0.220248E+07  0.216055E+07  0.000000E+00  0.000000E+00  0.298959E+06  0.217484E+07
  0.327374E-01  0.213465E+07  0.209233E+07  0.000000E+00  0.000000E+00  0.278228E+06  0.210746E+07
  0.338470E-01  0.207807E+07  0.203551E+07  0.000000E+00  0.000000E+00  0.231887E+06  0.205095E+07
  0.349942E-01  0.201272E+07  0.197012E+07  0.000000E+00  0.000000E+00  0.214773E+06  0.198611E+07
  0.361804E-01  0.194875E+07  0.190630E+07  0.000000E+00  0.000000E+00  0.198756E+06  0.192269E+07
  0.374067E-01  0.188580E+07  0.184370E+07  0.000000E+00  0.000000E+00  0.183749E+06  0.186032E+07
  0.386746E-01  0.182435E+07  0.178282E+07  0.000000E+00  0.000000E+00  0.169728E+06  0.179948E+07
  0.399855E-01  0.176490E+07  0.172416E+07  0.000000E+00  0.000000E+00  0.156729E+06  0.174066E+07
  0.413408E-01  0.170768E+07  0.166795E+07  0.000000E+00  0.000000E+00  0.144685E+06  0.168410E+07
  0.427421E-01  0.165289E+07  0.161440E+07  0.000000E+00  0.000000E+00  0.133544E+06  0.162999E+07
  0.441908E-01  0.159437E+07  0.155734E+07  0.000000E+00  0.000000E+00  0.133758E+06  0.157235E+07
  0.456886E-01  0.154461E+07  0.150924E+07  0.000000E+00  0.000000E+00  0.123855E+06  0.152330E+07
  0.472373E-01  0.149750E+07  0.146397E+07  0.000000E+00  0.000000E+00  0.114718E+06  0.147691E+07
  0.488384E-01  0.145293E+07  0.142141E+07  0.000000E+00  0.000000E+00  0.106304E+06  0.143307E+07
  0.504938E-01  0.141077E+07  0.138137E+07  0.000000E+00  0.000000E+00  0.985384E+05  0.139163E+07
  0.522053E-01  0.137081E+07  0.134362E+07  0.000000E+00  0.000000E+00  0.913798E+05  0.135240E+07
  0.539748E-01  0.133639E+07  0.131145E+07  0.000000E+00  0.000000E+00  0.803229E+05  0.131860E+07
  0.558043E-01  0.130006E+07  0.127736E+07  0.000000E+00  0.000000E+00  0.743653E+05  0.128298E+07
  0.576957E-01  0.126508E+07  0.124453E+07  0.000000E+00  0.000000E+00  0.688434E+05  0.124868E+07
  0.596514E-01  0.123110E+07  0.121259E+07  0.000000E+00  0.000000E+00  0.637020E+05  0.121535E+07
  0.616732E-01  0.119778E+07  0.118111E+07  0.000000E+00  0.000000E+00  0.589104E+05  0.118264E+07
  0.637637E-01  0.116225E+07  0.114719E+07  0.000000E+00  0.000000E+00  0.569710E+05  0.114775E+07
  0.659249E-01  0.112899E+07  0.111524E+07  0.000000E+00  0.000000E+00  0.526633E+05  0.111502E+07
  0.681595E-01  0.109517E+07  0.108242E+07  0.000000E+00  0.000000E+00  0.485911E+05  0.108169E+07
  0.704697E-01  0.106042E+07  0.104831E+07  0.000000E+00  0.000000E+00  0.447382E+05  0.104738E+07
  0.728583E-01  0.102518E+07  0.101337E+07  0.000000E+00  0.000000E+00  0.402234E+05  0.101252E+07
  0.753278E-01  0.988044E+06  0.976206E+06  0.000000E+00  0.000000E+00  0.367977E+05  0.975751E+06
  0.778811E-01  0.949767E+06  0.937610E+06  0.000000E+00  0.000000E+00  0.335721E+05  0.937801E+06
  0.805209E-01  0.910626E+06  0.897926E+06  0.000000E+00  0.000000E+00  0.305292E+05  0.898961E+06
  0.832502E-01  0.871045E+06  0.857662E+06  0.000000E+00  0.000000E+00  0.276893E+05  0.859665E+06
  0.860720E-01  0.831555E+06  0.817448E+06  0.000000E+00  0.000000E+00  0.250568E+05  0.820454E+06
  0.889894E-01  0.792745E+06  0.777981E+06  0.000000E+00  0.000000E+00  0.226327E+05  0.781929E+06
  0.920057E-01  0.755251E+06  0.740005E+06  0.000000E+00  0.000000E+00  0.204268E+05  0.744738E+06
  0.951242E-01  0.719763E+06  0.704304E+06  0.000000E+00  0.000000E+00  0.184374E+05  0.709578E+06
  0.983485E-01  0.686969E+06  0.671636E+06  0.000000E+00  0.000000E+00  0.166605E+05  0.677141E+06
  0.101682E+00  0.657454E+06  0.642620E+06  0.000000E+00  0.000000E+00  0.150938E+05  0.648012E+06
  0.105129E+00  0.631508E+06  0.617540E+06  0.000000E+00  0.000000E+00  0.137214E+05  0.622477E+06
  0.108692E+00  0.608983E+06  0.596188E+06  0.000000E+00  0.000000E+00  0.125207E+05  0.600379E+06
  0.112376E+00  0.589255E+06  0.577839E+06  0.000000E+00  0.000000E+00  0.114639E+05  0.581083E+06
  0.116185E+00  0.571376E+06  0.561406E+06  0.000000E+00  0.000000E+00  0.105146E+05  0.563630E+06
  0.120123E+00  0.554305E+06  0.545693E+06  0.000000E+00  0.000000E+00  0.964621E+04  0.546960E+06
  0.124195E+00  0.537090E+06  0.529601E+06  0.000000E+00  0.000000E+00  0.883526E+04  0.530110E+06
  0.128404E+00  0.518934E+06  0.512218E+06  0.000000E+00  0.000000E+00  0.806679E+04  0.512272E+06
  0.132756E+00  0.499234E+06  0.492885E+06  0.000000E+00  0.000000E+00  0.733119E+04  0.492839E+06
  0.137256E+00  0.477718E+06  0.471345E+06  0.000000E+00  0.000000E+00  0.662389E+04  0.471544E+06
  0.141909E+00  0.454655E+06  0.447961E+06  0.000000E+00  0.000000E+00  0.595011E+04  0.448671E+06
  0.146719E+00  0.430922E+06  0.423765E+06  0.000000E+00  0.000000E+00  0.532103E+04  0.425111E+06
  0.151692E+00  0.407760E+06  0.400185E+06  0.000000E+00  0.000000E+00  0.475000E+04  0.402125E+06
  0.156833E+00  0.386368E+06  0.378592E+06  0.000000E+00  0.000000E+00  0.424482E+04  0.380926E+06
  0.162149E+00  0.367573E+06  0.359924E+06  0.000000E+00  0.000000E+00  0.380896E+04  0.362352E+06
  0.167645E+00  0.351705E+06  0.344534E+06  0.000000E+00  0.000000E+00  0.343667E+04  0.346731E+06
  0.173328E+00  0.338513E+06  0.332085E+06  0.000000E+00  0.000000E+00  0.311935E+04  0.333803E+06
  0.179203E+00  0.327118E+06  0.321533E+06  0.000000E+00  0.000000E+00  0.284216E+04  0.322669E+06
  0.185277E+00  0.316187E+06  0.311346E+06  0.000000E+00  0.000000E+00  0.258934E+04  0.311978E+06
  0.191557E+00  0.304437E+06  0.300082E+06  0.000000E+00  0.000000E+00  0.234955E+04  0.300434E+06
  0.198050E+00  0.291174E+06  0.286983E+06  0.000000E+00  0.000000E+00  0.211673E+04  0.287340E+06
  0.204762E+00  0.276569E+06  0.272277E+06  0.000000E+00  0.000000E+00  0.189314E+04  0.272874E+06
  0.211703E+00  0.261552E+06  0.257056E+06  0.000000E+00  0.000000E+00  0.168528E+04  0.257983E+06
  0.218878E+00  0.247368E+06  0.242756E+06  0.000000E+00  0.000000E+00  0.150007E+04  0.243932E+06
  0.226297E+00  0.234994E+06  0.230485E+06  0.000000E+00  0.000000E+00  0.134108E+04  0.231708E+06
  0.233968E+00  0.224740E+06  0.220569E+06  0.000000E+00  0.000000E+00  0.120717E+04  0.221620E+06
  0.241898E+00  0.216044E+06  0.212333E+06  0.000000E+00  0.000000E+00  0.109206E+04  0.213093E+06
  0.250097E+00  0.207738E+06  0.204437E+06  0.000000E+00  0.000000E+00  0.988075E+03  0.204945E+06
  0.258574E+00  0.198865E+06  0.195795E+06  0.000000E+00  0.000000E+00  0.889669E+03  0.196205E+06
  0.267339E+00  0.189118E+06  0.186090E+06  0.000000E+00  0.000000E+00  0.795471E+03  0.186570E+06
  0.276400E+00  0.179022E+06  0.175950E+06  0.000000E+00  0.000000E+00  0.707819E+03  0.176575E+06
  0.285769E+00  0.169613E+06  0.166560E+06  0.000000E+00  0.000000E+00  0.630356E+03  0.167271E+06
  0.295455E+00  0.161494E+06  0.158598E+06  0.000000E+00  0.000000E+00  0.564161E+03  0.159265E+06
  0.305470E+00  0.154496E+06  0.151850E+06  0.000000E+00  0.000000E+00  0.507229E+03  0.152384E+06
  0.315823E+00  0.147873E+06  0.145456E+06  0.000000E+00  0.000000E+00  0.456264E+03  0.145871E+06
  0.326528E+00  0.140965E+06  0.138672E+06  0.000000E+00  0.000000E+00  0.408627E+03  0.139058E+06
  0.337596E+00  0.133762E+06  0.131510E+06  0.000000E+00  0.000000E+00  0.364186E+03  0.131940E+06
  0.349039E+00  0.126817E+06  0.124609E+06  0.000000E+00  0.000000E+00  0.324273E+03  0.125077E+06
  0.360869E+00  0.120614E+06  0.118516E+06  0.000000E+00  0.000000E+00  0.289595E+03  0.118959E+06
  0.373101E+00  0.115062E+06  0.113117E+06  0.000000E+00  0.000000E+00  0.259420E+03  0.113492E+06
  0.385748E+00  0.109680E+06  0.107860E+06  0.000000E+00  0.000000E+00  0.232170E+03  0.108189E+06
  0.398823E+00  0.104219E+06  0.102470E+06  0.000000E+00  0.000000E+00  0.207089E+03  0.102799E+06
  0.412341E+00  0.988792E+05  0.971862E+05  0.000000E+00  0.000000E+00  0.184396E+03  0.975263E+05
  0.426317E+00  0.939609E+05  0.923512E+05  0.000000E+00  0.000000E+00  0.164442E+03  0.926750E+05
  0.440767E+00  0.894368E+05  0.879271E+05  0.000000E+00  0.000000E+00  0.146882E+03  0.882165E+05
  0.455707E+00  0.850513E+05  0.836229E+05  0.000000E+00  0.000000E+00  0.131051E+03  0.838919E+05
  0.471153E+00  0.807407E+05  0.793722E+05  0.000000E+00  0.000000E+00  0.116721E+03  0.796379E+05
  0.487123E+00  0.766521E+05  0.753466E+05  0.000000E+00  0.000000E+00  0.103941E+03  0.756040E+05
  0.503634E+00  0.728446E+05  0.716115E+05  0.000000E+00  0.000000E+00  0.926531E+02  0.718498E+05
  0.520705E+00  0.692066E+05  0.680389E+05  0.000000E+00  0.000000E+00  0.825543E+02  0.682620E+05
  0.538354E+00  0.656862E+05  0.645734E+05  0.000000E+00  0.000000E+00  0.734761E+02  0.647889E+05
  0.556602E+00  0.623471E+05  0.612896E+05  0.000000E+00  0.000000E+00  0.653933E+02  0.614952E+05
  0.575468E+00  0.591974E+05  0.581963E+05  0.000000E+00  0.000000E+00  0.582211E+02  0.583889E+05
  0.594973E+00  0.561829E+05  0.552327E+05  0.000000E+00  0.000000E+00  0.518019E+02  0.554156E+05
  0.615140E+00  0.533033E+05  0.524004E+05  0.000000E+00  0.000000E+00  0.460667E+02  0.525750E+05
  0.635991E+00  0.505763E+05  0.497204E+05  0.000000E+00  0.000000E+00  0.409771E+02  0.498854E+05
  0.657547E+00  0.479811E+05  0.471695E+05  0.000000E+00  0.000000E+00  0.364335E+02  0.473257E+05
  0.679835E+00  0.455067E+05  0.447365E+05  0.000000E+00  0.000000E+00  0.323867E+02  0.448850E+05
  0.702878E+00  0.431580E+05  0.424278E+05  0.000000E+00  0.000000E+00  0.287824E+02  0.425684E+05
  0.726702E+00  0.409245E+05  0.402322E+05  0.000000E+00  0.000000E+00  0.255756E+02  0.403654E+05
  0.751334E+00  0.387998E+05  0.381433E+05  0.000000E+00  0.000000E+00  0.227182E+02  0.382697E+05
  0.776801E+00  0.367816E+05  0.361594E+05  0.000000E+00  0.000000E+00  0.201810E+02  0.362791E+05
  0.803130E+00  0.348631E+05  0.342734E+05  0.000000E+00  0.000000E+00  0.179176E+02  0.343868E+05
  0.830353E+00  0.330404E+05  0.324815E+05  0.000000E+00  0.000000E+00  0.159088E+02  0.325889E+05
  0.858497E+00  0.313091E+05  0.307795E+05  0.000000E+00  0.000000E+00  0.141228E+02  0.308813E+05
  0.887596E+00  0.296646E+05  0.291628E+05  0.000000E+00  0.000000E+00  0.125335E+02  0.292592E+05
  0.917681E+00  0.281033E+05  0.276280E+05  0.000000E+00  0.000000E+00  0.111208E+02  0.277193E+05
  0.948786E+00  0.266208E+05  0.261706E+05  0.000000E+00  0.000000E+00  0.986627E+01  0.262571E+05
  0.980945E+00  0.252136E+05  0.247872E+05  0.000000E+00  0.000000E+00  0.875176E+01  0.248690E+05
  0.101419E+01  0.238778E+05  0.234740E+05  0.000000E+00  0.000000E+00  0.776256E+01  0.235515E+05
  0.104857E+01  0.226100E+05  0.222276E+05  0.000000E+00  0.000000E+00  0.688297E+01  0.223010E+05
  0.108411E+01  0.214070E+05  0.210450E+05  0.000000E+00  0.000000E+00  0.610214E+01  0.211145E+05
  0.112086E+01  0.202656E+05  0.199230E+05  0.000000E+00  0.000000E+00  0.540894E+01  0.199887E+05
  0.115885E+01  0.191831E+05  0.188588E+05  0.000000E+00  0.000000E+00  0.479430E+01  0.189210E+05
  0.119813E+01  0.181564E+05  0.178495E+05  0.000000E+00  0.000000E+00  0.424821E+01  0.179083E+05
  0.123874E+01  0.171829E+05  0.168924E+05  0.000000E+00  0.000000E+00  0.376442E+01  0.169481E+05
  0.128073E+01  0.162597E+05  0.159849E+05  0.000000E+00  0.000000E+00  0.333525E+01  0.160376E+05
  0.132414E+01  0.153846E+05  0.151245E+05  0.000000E+00  0.000000E+00  0.295413E+01  0.151744E+05
  0.136902E+01  0.145550E+05  0.143090E+05  0.000000E+00  0.000000E+00  0.261620E+01  0.143561E+05
  0.141542E+01  0.137688E+05  0.135361E+05  0.000000E+00  0.000000E+00  0.231683E+01  0.135807E+05
  0.146340E+01  0.130237E+05  0.128036E+05  0.000000E+00  0.000000E+00  0.205116E+01  0.128457E+05
  0.151300E+01  0.123177E+05  0.121095E+05  0.000000E+00  0.000000E+00  0.181595E+01  0.121494E+05
  0.156428E+01  0.116488E+05  0.114519E+05  0.000000E+00  0.000000E+00  0.160750E+01  0.114896E+05
  0.161730E+01  0.110152E+05  0.108290E+05  0.000000E+00  0.000000E+00  0.142280E+01  0.108646E+05
  0.167212E+01  0.104151E+05  0.102390E+05  0.000000E+00  0.000000E+00  0.125913E+01  0.102727E+05
  0.172880E+01  0.984673E+04  0.968029E+04  0.000000E+00  0.000000E+00  0.111408E+01  0.971217E+04
  0.178740E+01  0.930855E+04  0.915121E+04  0.000000E+00  0.000000E+00  0.985723E+00  0.918135E+04
  0.184798E+01  0.879897E+04  0.865025E+04  0.000000E+00  0.000000E+00  0.871970E+00  0.867873E+04
  0.191062E+01  0.831656E+04  0.817599E+04  0.000000E+00  0.000000E+00  0.771313E+00  0.820291E+04
  0.197538E+01  0.785986E+04  0.772701E+04  0.000000E+00  0.000000E+00  0.682327E+00  0.775245E+04
  0.204234E+01  0.742760E+04  0.730206E+04  0.000000E+00  0.000000E+00  0.603315E+00  0.732610E+04
  0.211156E+01  0.701852E+04  0.689990E+04  0.000000E+00  0.000000E+00  0.533616E+00  0.692261E+04
  0.218313E+01  0.663143E+04  0.651935E+04  0.000000E+00  0.000000E+00  0.471811E+00  0.654081E+04
  0.225713E+01  0.626517E+04  0.615928E+04  0.000000E+00  0.000000E+00  0.417082E+00  0.617955E+04
  0.233364E+01  0.591866E+04  0.581862E+04  0.000000E+00  0.000000E+00  0.368729E+00  0.583778E+04
  0.241274E+01  0.559084E+04  0.549634E+04  0.000000E+00  0.000000E+00  0.325888E+00  0.551444E+04
  0.249452E+01  0.528075E+04  0.519150E+04  0.000000E+00  0.000000E+00  0.288025E+00  0.520858E+04
  0.257907E+01  0.498746E+04  0.490316E+04  0.000000E+00  0.000000E+00  0.254582E+00  0.491930E+04
  0.266649E+01  0.471010E+04  0.463050E+04  0.000000E+00  0.000000E+00  0.224920E+00  0.464574E+04
  0.275687E+01  0.444784E+04  0.437266E+04  0.000000E+00  0.000000E+00  0.198796E+00  0.438705E+04
  0.285031E+01  0.419986E+04  0.412888E+04  0.000000E+00  0.000000E+00  0.175645E+00  0.414247E+04
  0.294692E+01  0.396542E+04  0.389839E+04  0.000000E+00  0.000000E+00  0.155171E+00  0.391123E+04
  0.304681E+01  0.374377E+04  0.368049E+04  0.000000E+00  0.000000E+00  0.137016E+00  0.369261E+04
  0.315008E+01  0.353426E+04  0.347452E+04  0.000000E+00  0.000000E+00  0.121053E+00  0.348596E+04
  0.325685E+01  0.333623E+04  0.327984E+04  0.000000E+00  0.000000E+00  0.106903E+00  0.329064E+04
  0.336724E+01  0.314909E+04  0.309585E+04  0.000000E+00  0.000000E+00  0.944390E-01  0.310605E+04
  0.348138E+01  0.297224E+04  0.292199E+04  0.000000E+00  0.000000E+00  0.834144E-01  0.293162E+04
  0.359938E+01  0.280513E+04  0.275770E+04  0.000000E+00  0.000000E+00  0.736703E-01  0.276679E+04
  0.372138E+01  0.264722E+04  0.260247E+04  0.000000E+00  0.000000E+00  0.650113E-01  0.261104E+04
  0.384752E+01  0.249804E+04  0.245580E+04  0.000000E+00  0.000000E+00  0.574053E-01  0.246390E+04
  0.397793E+01  0.235711E+04  0.231725E+04  0.000000E+00  0.000000E+00  0.506892E-01  0.232489E+04
  0.411276E+01  0.222399E+04  0.218639E+04  0.000000E+00  0.000000E+00  0.447323E-01  0.219360E+04
  0.425217E+01  0.209826E+04  0.206277E+04  0.000000E+00  0.000000E+00  0.394869E-01  0.206958E+04
  0.439629E+01  0.197950E+04  0.194603E+04  0.000000E+00  0.000000E+00  0.348540E-01  0.195245E+04
  0.454531E+01  0.186735E+04  0.183576E+04  0.000000E+00  0.000000E+00  0.307573E-01  0.184182E+04
  0.469937E+01  0.176144E+04  0.173164E+04  0.000000E+00  0.000000E+00  0.271542E-01  0.173736E+04
  0.485865E+01  0.166144E+04  0.163334E+04  0.000000E+00  0.000000E+00  0.239566E-01  0.163873E+04
  0.502334E+01  0.156703E+04  0.154052E+04  0.000000E+00  0.000000E+00  0.211373E-01  0.154561E+04
  0.519360E+01  0.147789E+04  0.145288E+04  0.000000E+00  0.000000E+00  0.186518E-01  0.145769E+04
  0.536965E+01  0.139373E+04  0.137015E+04  0.000000E+00  0.000000E+00  0.164504E-01  0.137468E+04
  0.555165E+01  0.131430E+04  0.129206E+04  0.000000E+00  0.000000E+00  0.145175E-01  0.129633E+04
  0.573982E+01  0.123932E+04  0.121834E+04  0.000000E+00  0.000000E+00  0.128091E-01  0.122238E+04
  0.593437E+01  0.116856E+04  0.114878E+04  0.000000E+00  0.000000E+00  0.112935E-01  0.115258E+04
  0.613552E+01  0.110177E+04  0.108311E+04  0.000000E+00  0.000000E+00  0.996324E-02  0.108670E+04
  0.634348E+01  0.103874E+04  0.102115E+04  0.000000E+00  0.000000E+00  0.878898E-02  0.102453E+04
  0.655850E+01  0.979260E+03  0.962676E+03  0.000000E+00  0.000000E+00  0.775202E-02  0.965872E+03
  0.678080E+01  0.923143E+03  0.907507E+03  0.000000E+00  0.000000E+00  0.683792E-02  0.910522E+03
  0.701063E+01  0.870192E+03  0.855450E+03  0.000000E+00  0.000000E+00  0.603407E-02  0.858294E+03
  0.724826E+01  0.820235E+03  0.806336E+03  0.000000E+00  0.000000E+00  0.531617E-02  0.809020E+03
  0.749394E+01  0.773107E+03  0.760003E+03  0.000000E+00  0.000000E+00  0.468986E-02  0.762536E+03
  0.774795E+01  0.728651E+03  0.716297E+03  0.000000E+00  0.000000E+00  0.413513E-02  0.718687E+03
  0.801057E+01  0.686715E+03  0.675070E+03  0.000000E+00  0.000000E+00  0.364633E-02  0.677324E+03
  0.828209E+01  0.647159E+03  0.636181E+03  0.000000E+00  0.000000E+00  0.321355E-02  0.638308E+03
  0.856281E+01  0.609853E+03  0.599505E+03  0.000000E+00  0.000000E+00  0.283395E-02  0.601512E+03
  0.885305E+01  0.574670E+03  0.564915E+03  0.000000E+00  0.000000E+00  0.249910E-02  0.566809E+03
  0.915312E+01  0.541489E+03  0.532295E+03  0.000000E+00  0.000000E+00  0.220223E-02  0.534082E+03
  0.946337E+01  0.510199E+03  0.501533E+03  0.000000E+00  0.000000E+00  0.194153E-02  0.503220E+03
  0.978413E+01  0.480697E+03  0.472529E+03  0.000000E+00  0.000000E+00  0.171168E-02  0.474121E+03
  0.101158E+02  0.452878E+03  0.445179E+03  0.000000E+00  0.000000E+00  0.150687E-02  0.446682E+03
  0.104586E+02  0.426650E+03  0.419393E+03  0.000000E+00  0.000000E+00  0.132942E-02  0.420811E+03
  0.108131E+02  0.401922E+03  0.395083E+03  0.000000E+00  0.000000E+00  0.117002E-02  0.396422E+03
  0.111796E+02  0.378611E+03  0.372165E+03  0.000000E+00  0.000000E+00  0.103270E-02  0.373429E+03
  0.115586E+02  0.356635E+03  0.350560E+03  0.000000E+00  0.000000E+00  0.910070E-03  0.351753E+03
  0.119504E+02  0.335921E+03  0.330195E+03  0.000000E+00  0.000000E+00  0.802231E-03  0.331322E+03
  0.123554E+02  0.316396E+03  0.310999E+03  0.000000E+00  0.000000E+00  0.706751E-03  0.312064E+03
  0.127742E+02  0.297992E+03  0.292905E+03  0.000000E+00  0.000000E+00  0.622036E-03  0.293911E+03
  0.132072E+02  0.280647E+03  0.275853E+03  0.000000E+00  0.000000E+00  0.548106E-03  0.276803E+03
  0.136549E+02  0.264301E+03  0.259783E+03  0.000000E+00  0.000000E+00  0.483629E-03  0.260680E+03
  0.141177E+02  0.248896E+03  0.244637E+03  0.000000E+00  0.000000E+00  0.425760E-03  0.245486E+03
  0.145962E+02  0.234379E+03  0.230366E+03  0.000000E+00  0.000000E+00  0.374459E-03  0.231168E+03
  0.150909E+02  0.220701E+03  0.216918E+03  0.000000E+00  0.000000E+00  0.330297E-03  0.217676E+03
  0.156025E+02  0.207811E+03  0.204245E+03  0.000000E+00  0.000000E+00  0.291135E-03  0.204962E+03
  0.161313E+02  0.195668E+03  0.192306E+03  0.000000E+00  0.000000E+00  0.256355E-03  0.192984E+03
  0.166781E+02  0.184226E+03  0.181057E+03  0.000000E+00  0.000000E+00  0.225763E-03  0.181699E+03
  0.172434E+02  0.173446E+03  0.170459E+03  0.000000E+00  0.000000E+00  0.198675E-03  0.171066E+03
  0.178278E+02  0.163291E+03  0.160475E+03  0.000000E+00  0.000000E+00  0.174855E-03  0.161050E+03
  0.184321E+02  0.153724E+03  0.151070E+03  0.000000E+00  0.000000E+00  0.153920E-03  0.151614E+03
  0.190569E+02  0.144713E+03  0.142210E+03  0.000000E+00  0.000000E+00  0.135793E-03  0.142725E+03
  0.197028E+02  0.136224E+03  0.133864E+03  0.000000E+00  0.000000E+00  0.119748E-03  0.134353E+03
  0.203706E+02  0.128229E+03  0.126003E+03  0.000000E+00  0.000000E+00  0.105308E-03  0.126467E+03
  0.210611E+02  0.120698E+03  0.118600E+03  0.000000E+00  0.000000E+00  0.924452E-04  0.119039E+03
  0.217750E+02  0.113605E+03  0.111626E+03  0.000000E+00  0.000000E+00  0.816135E-04  0.112043E+03
  0.225131E+02  0.106926E+03  0.105059E+03  0.000000E+00  0.000000E+00  0.715863E-04  0.105455E+03
  0.232761E+02  0.100635E+03  0.988742E+02  0.000000E+00  0.000000E+00  0.632681E-04  0.992499E+02
  0.240651E+02  0.947113E+02  0.930499E+02  0.000000E+00  0.000000E+00  0.557726E-04  0.934068E+02
  0.248808E+02  0.891329E+02  0.875654E+02  0.000000E+00  0.000000E+00  0.489135E-04  0.879046E+02
  0.257241E+02  0.838800E+02  0.824008E+02  0.000000E+00  0.000000E+00  0.433726E-04  0.827234E+02
  0.265960E+02  0.789340E+02  0.775379E+02  0.000000E+00  0.000000E+00  0.377887E-04  0.778450E+02
  0.274975E+02  0.742769E+02  0.729591E+02  0.000000E+00  0.000000E+00  0.333156E-04  0.732514E+02
  0.284295E+02  0.698923E+02  0.686481E+02  0.000000E+00  0.000000E+00  0.295333E-04  0.689267E+02
  0.293932E+02  0.657641E+02  0.645892E+02  0.000000E+00  0.000000E+00  0.259088E-04  0.648548E+02
  0.303894E+02  0.618778E+02  0.607681E+02  0.000000E+00  0.000000E+00  0.229340E-04  0.610215E+02
  0.314195E+02  0.582190E+02  0.571707E+02  0.000000E+00  0.000000E+00  0.200084E-04  0.574126E+02
  0.324844E+02  0.547747E+02  0.537842E+02  0.000000E+00  0.000000E+00  0.177639E-04  0.540154E+02
  0.335855E+02  0.515324E+02  0.505963E+02  0.000000E+00  0.000000E+00  0.154424E-04  0.508173E+02
  0.347239E+02  0.484803E+02  0.475954E+02  0.000000E+00  0.000000E+00  0.136678E-04  0.478069E+02
  0.359009E+02  0.456076E+02  0.447708E+02  0.000000E+00  0.000000E+00  0.121285E-04  0.449733E+02
  0.371177E+02  0.429036E+02  0.421120E+02  0.000000E+00  0.000000E+00  0.106365E-04  0.423062E+02
  0.383758E+02  0.403586E+02  0.396097E+02  0.000000E+00  0.000000E+00  0.936599E-05  0.397959E+02
  0.396766E+02  0.379632E+02  0.372543E+02  0.000000E+00  0.000000E+00  0.826984E-05  0.374332E+02
  0.410214E+02  0.357089E+02  0.350377E+02  0.000000E+00  0.000000E+00  0.732261E-05  0.352096E+02
  0.424119E+02  0.335873E+02  0.329515E+02  0.000000E+00  0.000000E+00  0.637021E-05  0.331169E+02
  0.438494E+02  0.315907E+02  0.309883E+02  0.000000E+00  0.000000E+00  0.561090E-05  0.311475E+02
  0.453357E+02  0.297118E+02  0.291407E+02  0.000000E+00  0.000000E+00  0.492941E-05  0.292942E+02
  0.468724E+02  0.279437E+02  0.274021E+02  0.000000E+00  0.000000E+00  0.431648E-05  0.275502E+02
  0.484611E+02  0.262799E+02  0.257661E+02  0.000000E+00  0.000000E+00  0.379281E-05  0.259091E+02
  0.501037E+02  0.247144E+02  0.242266E+02  0.000000E+00  0.000000E+00  0.325922E-05  0.243649E+02
  0.518020E+02  0.232413E+02  0.227780E+02  0.000000E+00  0.000000E+00  0.292489E-05  0.229119E+02
  0.535578E+02  0.218553E+02  0.214151E+02  0.000000E+00  0.000000E+00  0.253832E-05  0.215448E+02
  0.553732E+02  0.205512E+02  0.201327E+02  0.000000E+00  0.000000E+00  0.228767E-05  0.202585E+02
  0.572501E+02  0.193243E+02  0.189261E+02  0.000000E+00  0.000000E+00  0.195760E-05  0.190483E+02
  0.591905E+02  0.181700E+02  0.177910E+02  0.000000E+00  0.000000E+00  0.180066E-05  0.179097E+02
  0.611968E+02  0.170840E+02  0.167230E+02  0.000000E+00  0.000000E+00  0.154124E-05  0.168385E+02
  0.632711E+02  0.160624E+02  0.157183E+02  0.000000E+00  0.000000E+00  0.136914E-05  0.158308E+02
  0.654157E+02  0.151013E+02  0.147731E+02  0.000000E+00  0.000000E+00  0.120561E-05  0.148828E+02
  0.676329E+02  0.141973E+02  0.138840E+02  0.000000E+00  0.000000E+00  0.106739E-05  0.139910E+02
  0.699254E+02  0.133468E+02  0.130475E+02  0.000000E+00  0.000000E+00  0.917146E-06  0.131521E+02
  0.722955E+02  0.125469E+02  0.122608E+02  0.000000E+00  0.000000E+00  0.847412E-06  0.123630E+02
  0.747460E+02  0.117944E+02  0.115207E+02  0.000000E+00  0.000000E+00  0.720865E-06  0.116208E+02
  0.772794E+02  0.110866E+02  0.108245E+02  0.000000E+00  0.000000E+00  0.650633E-06  0.109227E+02
  0.798989E+02  0.104209E+02  0.101697E+02  0.000000E+00  0.000000E+00  0.571510E-06  0.102660E+02
  0.826070E+02  0.979478E+01  0.955389E+01  0.000000E+00  0.000000E+00  0.505393E-06  0.964837E+01
  0.854070E+02  0.920589E+01  0.897464E+01  0.000000E+00  0.000000E+00  0.442099E-06  0.906747E+01
  0.883018E+02  0.865206E+01  0.842986E+01  0.000000E+00  0.000000E+00  0.358849E-06  0.852116E+01
  0.912949E+02  0.813118E+01  0.791748E+01  0.000000E+00  0.000000E+00  0.318435E-06  0.800735E+01
  0.943893E+02  0.764134E+01  0.743563E+01  0.000000E+00  0.000000E+00  0.290650E-06  0.752415E+01
  0.975888E+02  0.718066E+01  0.698245E+01  0.000000E+00  0.000000E+00  0.246349E-06  0.706972E+01
  0.100897E+03  0.674746E+01  0.655630E+01  0.000000E+00  0.000000E+00  0.234442E-06  0.664240E+01
  0.104316E+03  0.634010E+01  0.615556E+01  0.000000E+00  0.000000E+00  0.210462E-06  0.624055E+01
  0.107852E+03  0.595703E+01  0.577871E+01  0.000000E+00  0.000000E+00  0.182526E-06  0.586268E+01
  0.111508E+03  0.559681E+01  0.542433E+01  0.000000E+00  0.000000E+00  0.151056E-06  0.550734E+01
  0.115287E+03  0.525811E+01  0.509112E+01  0.000000E+00  0.000000E+00  0.138858E-06  0.517323E+01
  0.119195E+03  0.493964E+01  0.477781E+01  0.000000E+00  0.000000E+00  0.109271E-06  0.485908E+01
  0.123235E+03  0.464021E+01  0.448322E+01  0.000000E+00  0.000000E+00  0.108742E-06  0.456370E+01
  0.127412E+03  0.435865E+01  0.420622E+01  0.000000E+00  0.000000E+00  0.947708E-07  0.428596E+01
  0.131731E+03  0.409395E+01  0.394581E+01  0.000000E+00  0.000000E+00  0.773183E-07  0.402484E+01
  0.136196E+03  0.384508E+01  0.370097E+01  0.000000E+00  0.000000E+00  0.759917E-07  0.377935E+01
  0.140812E+03  0.361111E+01  0.347080E+01  0.000000E+00  0.000000E+00  0.606090E-07  0.354855E+01
  0.145585E+03  0.339114E+01  0.325440E+01  0.000000E+00  0.000000E+00  0.485019E-07  0.333156E+01
  0.150520E+03  0.318435E+01  0.305098E+01  0.000000E+00  0.000000E+00  0.461850E-07  0.312758E+01
  0.155622E+03  0.298996E+01  0.285977E+01  0.000000E+00  0.000000E+00  0.397520E-07  0.293582E+01
  0.160897E+03  0.280721E+01  0.268002E+01  0.000000E+00  0.000000E+00  0.352897E-07  0.275556E+01
  0.166350E+03  0.263543E+01  0.251108E+01  0.000000E+00  0.000000E+00  0.338924E-07  0.258612E+01
  0.171989E+03  0.247397E+01  0.235230E+01  0.000000E+00  0.000000E+00  0.260832E-07  0.242685E+01
  0.177818E+03  0.232219E+01  0.220306E+01  0.000000E+00  0.000000E+00  0.205401E-07  0.227714E+01
  0.183845E+03  0.217953E+01  0.206281E+01  0.000000E+00  0.000000E+00  0.216298E-07  0.213643E+01
  0.190077E+03  0.204544E+01  0.193102E+01  0.000000E+00  0.000000E+00  0.171051E-07  0.200418E+01
  0.196519E+03  0.191942E+01  0.180719E+01  0.000000E+00  0.000000E+00  0.165102E-07  0.187989E+01
  0.203180E+03  0.180099E+01  0.169084E+01  0.000000E+00  0.000000E+00  0.169775E-07  0.176309E+01
