  0.106221E-04  0.106057E+08  0.106057E+08  0.141368E+08  0.141368E+08  0.106008E+08  0.106056E+08
  0.109822E-04  0.106057E+08  0.106057E+08  0.141365E+08  0.141365E+08  0.106008E+08  0.106056E+08
  0.113544E-04  0.106057E+08  0.106057E+08  0.141362E+08  0.141362E+08  0.106008E+08  0.106056E+08
  0.117393E-04  0.106057E+08  0.106057E+08  0.141359E+08  0.141359E+08  0.106008E+08  0.106056E+08
  0.121372E-04  0.106057E+08  0.106057E+08  0.141355E+08  0.141355E+08  0.106008E+08  0.106056E+08
  0.125486E-04  0.106057E+08  0.106057E+08  0.141352E+08  0.141351E+08  0.106008E+08  0.106056E+08
  0.129739E-04  0.106057E+08  0.106057E+08  0.141348E+08  0.141347E+08  0.106008E+08  0.106056E+08
  0.134136E-04  0.106057E+08  0.106057E+08  0.141343E+08  0.141343E+08  0.106008E+08  0.106056E+08
  0.138683E-04  0.106057E+08  0.106057E+08  0.141339E+08  0.141338E+08  0.106008E+08  0.106056E+08
  0.143384E-04  0.106057E+08  0.106057E+08  0.141334E+08  0.141334E+08  0.106008E+08  0.106056E+08
  0.148244E-04  0.106057E+08  0.106057E+08  0.141329E+08  0.141328E+08  0.106008E+08  0.106056E+08
  0.153268E-04  0.106057E+08  0.106057E+08  0.141323E+08  0.141323E+08  0.106007E+08  0.106056E+08
  0.158463E-04  0.106057E+08  0.106057E+08  0.141317E+08  0.141317E+08  0.106007E+08  0.106056E+08
  0.163835E-04  0.106057E+08  0.106057E+08  0.141311E+08  0.141310E+08  0.106007E+08  0.106056E+08
  0.169388E-04  0.106057E+08  0.106057E+08  0.141304E+08  0.141304E+08  0.106007E+08  0.106056E+08
  0.175129E-04  0.106057E+08  0.106057E+08  0.141297E+08  0.141296E+08  0.106007E+08  0.106056E+08
  0.181065E-04  0.106057E+08  0.106057E+08  0.141289E+08  0.141289E+08  0.106007E+08  0.106056E+08
  0.187202E-04  0.106057E+08  0.106057E+08  0.141281E+08  0.141280E+08  0.106007E+08  0.106056E+08
  0.193548E-04  0.106057E+08  0.106057E+08  0.141272E+08  0.141271E+08  0.106007E+08  0.106056E+08
  0.200108E-04  0.106057E+08  0.106057E+08  0.141262E+08  0.141262E+08  0.106007E+08  0.106056E+08
  0.206891E-04  0.106057E+08  0.106057E+08  0.141252E+08  0.141252E+08  0.106006E+08  0.106056E+08
  0.213903E-04  0.106057E+08  0.106057E+08  0.141241E+08  0.141241E+08  0.106006E+08  0.106056E+08
  0.221154E-04  0.106057E+08  0.106057E+08  0.141230E+08  0.141229E+08  0.106006E+08  0.106056E+08
  0.228650E-04  0.106057E+08  0.106056E+08  0.141217E+08  0.141217E+08  0.106006E+08  0.106056E+08
  0.236400E-04  0.106056E+08  0.106056E+08  0.141204E+08  0.141204E+08  0.106006E+08  0.106056E+08
  0.244412E-04  0.106056E+08  0.106056E+08  0.141190E+08  0.141189E+08  0.106006E+08  0.106056E+08
  0.252697E-04  0.106056E+08  0.106056E+08  0.141175E+08  0.141174E+08  0.106005E+08  0.106056E+08
  0.261262E-04  0.106056E+08  0.106056E+08  0.141159E+08  0.141158E+08  0.106005E+08  0.106056E+08
  0.270118E-04  0.106056E+08  0.106056E+08  0.141141E+08  0.141141E+08  0.106005E+08  0.106056E+08
  0.279273E-04  0.106056E+08  0.106056E+08  0.141123E+08  0.141122E+08  0.106005E+08  0.106056E+08
  0.288739E-04  0.106056E+08  0.106056E+08  0.141103E+08  0.141102E+08  0.106004E+08  0.106056E+08
  0.298526E-04  0.106056E+08  0.106056E+08  0.141082E+08  0.141081E+08  0.106004E+08  0.106056E+08
  0.308645E-04  0.106056E+08  0.106056E+08  0.141060E+08  0.141059E+08  0.106004E+08  0.106056E+08
  0.319106E-04  0.106056E+08  0.106056E+08  0.141036E+08  0.141034E+08  0.106004E+08  0.106055E+08
  0.329922E-04  0.106056E+08  0.106056E+08  0.141010E+08  0.141009E+08  0.106003E+08  0.106055E+08
  0.341105E-04  0.106056E+08  0.106056E+08  0.140982E+08  0.140981E+08  0.106003E+08  0.106055E+08
  0.352667E-04  0.106056E+08  0.106056E+08  0.140953E+08  0.140952E+08  0.106002E+08  0.106055E+08
  0.364621E-04  0.106056E+08  0.106056E+08  0.140921E+08  0.140920E+08  0.106002E+08  0.106055E+08
  0.376979E-04  0.106056E+08  0.106056E+08  0.140888E+08  0.140886E+08  0.106002E+08  0.106055E+08
  0.389757E-04  0.106055E+08  0.106055E+08  0.140852E+08  0.140850E+08  0.106001E+08  0.106055E+08
  0.402968E-04  0.106055E+08  0.106055E+08  0.140814E+08  0.140812E+08  0.106001E+08  0.106055E+08
  0.416627E-04  0.106055E+08  0.106055E+08  0.140773E+08  0.140771E+08  0.106000E+08  0.106055E+08
  0.430748E-04  0.106055E+08  0.106055E+08  0.140729E+08  0.140727E+08  0.105999E+08  0.106055E+08
  0.445349E-04  0.106055E+08  0.106055E+08  0.140682E+08  0.140680E+08  0.105999E+08  0.106054E+08
  0.460444E-04  0.106055E+08  0.106055E+08  0.140632E+08  0.140630E+08  0.105998E+08  0.106054E+08
  0.476050E-04  0.106055E+08  0.106055E+08  0.140579E+08  0.140576E+08  0.105997E+08  0.106054E+08
  0.492186E-04  0.106055E+08  0.106055E+08  0.140522E+08  0.140519E+08  0.105997E+08  0.106054E+08
  0.508869E-04  0.106054E+08  0.106054E+08  0.140461E+08  0.140458E+08  0.105996E+08  0.106054E+08
  0.526117E-04  0.106054E+08  0.106054E+08  0.140395E+08  0.140392E+08  0.105995E+08  0.106054E+08
  0.543950E-04  0.106054E+08  0.106054E+08  0.140326E+08  0.140323E+08  0.105994E+08  0.106053E+08
  0.562387E-04  0.106054E+08  0.106054E+08  0.140251E+08  0.140248E+08  0.105993E+08  0.106053E+08
  0.581449E-04  0.106054E+08  0.106054E+08  0.140172E+08  0.140168E+08  0.105992E+08  0.106053E+08
  0.601158E-04  0.106053E+08  0.106053E+08  0.140087E+08  0.140083E+08  0.105991E+08  0.106053E+08
  0.621534E-04  0.106053E+08  0.106053E+08  0.139996E+08  0.139992E+08  0.105990E+08  0.106052E+08
  0.642601E-04  0.106053E+08  0.106053E+08  0.139899E+08  0.139895E+08  0.105988E+08  0.106052E+08
  0.664382E-04  0.106053E+08  0.106053E+08  0.139796E+08  0.139791E+08  0.105987E+08  0.106052E+08
  0.686901E-04  0.106052E+08  0.106052E+08  0.139685E+08  0.139680E+08  0.105985E+08  0.106052E+08
  0.710184E-04  0.106052E+08  0.106052E+08  0.139567E+08  0.139562E+08  0.105984E+08  0.106051E+08
  0.734256E-04  0.106052E+08  0.106052E+08  0.139441E+08  0.139435E+08  0.105982E+08  0.106051E+08
  0.759143E-04  0.106051E+08  0.106051E+08  0.139306E+08  0.139300E+08  0.105980E+08  0.106050E+08
  0.784875E-04  0.106051E+08  0.106051E+08  0.139162E+08  0.139155E+08  0.105978E+08  0.106050E+08
  0.811478E-04  0.106050E+08  0.106050E+08  0.139008E+08  0.139001E+08  0.105976E+08  0.106050E+08
  0.838983E-04  0.106050E+08  0.106050E+08  0.138844E+08  0.138837E+08  0.105974E+08  0.106049E+08
  0.867421E-04  0.106049E+08  0.106049E+08  0.138669E+08  0.138661E+08  0.105971E+08  0.106049E+08
  0.896822E-04  0.106049E+08  0.106049E+08  0.138482E+08  0.138473E+08  0.105969E+08  0.106048E+08
  0.927220E-04  0.106048E+08  0.106048E+08  0.138282E+08  0.138273E+08  0.105966E+08  0.106047E+08
  0.958648E-04  0.106048E+08  0.106048E+08  0.138069E+08  0.138059E+08  0.105963E+08  0.106047E+08
  0.991141E-04  0.106047E+08  0.106047E+08  0.137841E+08  0.137831E+08  0.105960E+08  0.106046E+08
  0.102474E-03  0.106046E+08  0.106046E+08  0.137598E+08  0.137588E+08  0.105957E+08  0.106045E+08
  0.105947E-03  0.106046E+08  0.106046E+08  0.137339E+08  0.137328E+08  0.105953E+08  0.106045E+08
  0.109538E-03  0.106045E+08  0.106045E+08  0.137063E+08  0.137051E+08  0.105949E+08  0.106044E+08
  0.113251E-03  0.106044E+08  0.106044E+08  0.136768E+08  0.136755E+08  0.105945E+08  0.106043E+08
  0.117090E-03  0.106043E+08  0.106043E+08  0.136453E+08  0.136439E+08  0.105941E+08  0.106042E+08
  0.121058E-03  0.106042E+08  0.106042E+08  0.136118E+08  0.136103E+08  0.105936E+08  0.106041E+08
  0.125162E-03  0.106041E+08  0.106041E+08  0.135760E+08  0.135744E+08  0.105931E+08  0.106040E+08
  0.129404E-03  0.106040E+08  0.106040E+08  0.135378E+08  0.135361E+08  0.105926E+08  0.106039E+08
  0.133790E-03  0.106039E+08  0.106039E+08  0.134971E+08  0.134953E+08  0.105920E+08  0.106038E+08
  0.138325E-03  0.106038E+08  0.106038E+08  0.134538E+08  0.134519E+08  0.105914E+08  0.106036E+08
  0.143013E-03  0.106036E+08  0.106036E+08  0.134076E+08  0.134056E+08  0.105908E+08  0.106035E+08
  0.147861E-03  0.106035E+08  0.106035E+08  0.133584E+08  0.133562E+08  0.105901E+08  0.106033E+08
  0.152873E-03  0.106033E+08  0.106033E+08  0.133059E+08  0.133036E+08  0.105893E+08  0.106032E+08
  0.158054E-03  0.106032E+08  0.106032E+08  0.132501E+08  0.132477E+08  0.105885E+08  0.106030E+08
  0.163412E-03  0.106030E+08  0.106030E+08  0.131907E+08  0.131881E+08  0.105877E+08  0.106028E+08
  0.168950E-03  0.106028E+08  0.106028E+08  0.131275E+08  0.131247E+08  0.105868E+08  0.106026E+08
  0.174677E-03  0.106026E+08  0.106026E+08  0.130602E+08  0.130572E+08  0.105858E+08  0.106024E+08
  0.180598E-03  0.106024E+08  0.106024E+08  0.129886E+08  0.129855E+08  0.105848E+08  0.106022E+08
  0.186719E-03  0.106022E+08  0.106022E+08  0.129125E+08  0.129092E+08  0.105837E+08  0.106020E+08
  0.193048E-03  0.106019E+08  0.106019E+08  0.128316E+08  0.128281E+08  0.105825E+08  0.106017E+08
  0.199591E-03  0.106017E+08  0.106017E+08  0.127457E+08  0.127420E+08  0.105812E+08  0.106014E+08
  0.206357E-03  0.106014E+08  0.106014E+08  0.126545E+08  0.126505E+08  0.105799E+08  0.106012E+08
  0.213351E-03  0.106011E+08  0.106011E+08  0.125576E+08  0.125534E+08  0.105784E+08  0.106009E+08
  0.220583E-03  0.106008E+08  0.106008E+08  0.124549E+08  0.124504E+08  0.105769E+08  0.106005E+08
  0.228059E-03  0.106004E+08  0.106004E+08  0.123459E+08  0.123412E+08  0.105753E+08  0.106002E+08
  0.235789E-03  0.106001E+08  0.106001E+08  0.122305E+08  0.122254E+08  0.105735E+08  0.105998E+08
  0.243781E-03  0.105997E+08  0.105997E+08  0.121082E+08  0.121028E+08  0.105716E+08  0.105994E+08
  0.252044E-03  0.105993E+08  0.105993E+08  0.119787E+08  0.119731E+08  0.105696E+08  0.105990E+08
  0.260588E-03  0.105989E+08  0.105988E+08  0.118418E+08  0.118358E+08  0.105675E+08  0.105985E+08
  0.269420E-03  0.105984E+08  0.105984E+08  0.116971E+08  0.116908E+08  0.105652E+08  0.105980E+08
  0.278552E-03  0.105979E+08  0.105979E+08  0.115443E+08  0.115376E+08  0.105628E+08  0.105975E+08
  0.287994E-03  0.105974E+08  0.105973E+08  0.113830E+08  0.113760E+08  0.105602E+08  0.105969E+08
  0.297755E-03  0.105968E+08  0.105968E+08  0.112130E+08  0.112056E+08  0.105574E+08  0.105964E+08
  0.307848E-03  0.105962E+08  0.105962E+08  0.110339E+08  0.110261E+08  0.105544E+08  0.105957E+08
  0.318282E-03  0.105955E+08  0.105955E+08  0.108456E+08  0.108373E+08  0.105513E+08  0.105950E+08
  0.329071E-03  0.105948E+08  0.105948E+08  0.106476E+08  0.106390E+08  0.105479E+08  0.105943E+08
  0.340224E-03  0.105941E+08  0.105941E+08  0.104398E+08  0.104308E+08  0.105443E+08  0.105936E+08
  0.351756E-03  0.105933E+08  0.105933E+08  0.102220E+08  0.102125E+08  0.105404E+08  0.105927E+08
  0.363679E-03  0.105925E+08  0.105925E+08  0.999402E+07  0.998410E+07  0.105363E+08  0.105919E+08
  0.376006E-03  0.105916E+08  0.105916E+08  0.975574E+07  0.974536E+07  0.105319E+08  0.105909E+08
  0.388751E-03  0.105906E+08  0.105906E+08  0.950709E+07  0.949626E+07  0.105272E+08  0.105899E+08
  0.401928E-03  0.105896E+08  0.105896E+08  0.924808E+07  0.923680E+07  0.105223E+08  0.105889E+08
  0.415551E-03  0.105885E+08  0.105885E+08  0.897879E+07  0.896706E+07  0.105169E+08  0.105877E+08
  0.429636E-03  0.105874E+08  0.105873E+08  0.869938E+07  0.868719E+07  0.105113E+08  0.105865E+08
  0.444199E-03  0.105861E+08  0.105861E+08  0.841010E+07  0.839746E+07  0.105052E+08  0.105853E+08
  0.459255E-03  0.105848E+08  0.105848E+08  0.811131E+07  0.809822E+07  0.104988E+08  0.105839E+08
  0.474821E-03  0.105834E+08  0.105834E+08  0.780348E+07  0.778996E+07  0.104919E+08  0.105824E+08
  0.490915E-03  0.105819E+08  0.105819E+08  0.748720E+07  0.747326E+07  0.104846E+08  0.105809E+08
  0.507555E-03  0.105804E+08  0.105803E+08  0.716321E+07  0.714886E+07  0.104768E+08  0.105792E+08
  0.524759E-03  0.105787E+08  0.105786E+08  0.683238E+07  0.681765E+07  0.104685E+08  0.105775E+08
  0.542546E-03  0.105769E+08  0.105768E+08  0.649576E+07  0.648066E+07  0.104596E+08  0.105756E+08
  0.560935E-03  0.105750E+08  0.105749E+08  0.615452E+07  0.613908E+07  0.104502E+08  0.105736E+08
  0.579948E-03  0.105729E+08  0.105729E+08  0.581001E+07  0.579426E+07  0.104402E+08  0.105715E+08
  0.599606E-03  0.105708E+08  0.105707E+08  0.546376E+07  0.544772E+07  0.104295E+08  0.105692E+08
  0.619929E-03  0.105685E+08  0.105684E+08  0.511744E+07  0.510113E+07  0.104181E+08  0.105668E+08
  0.640942E-03  0.105660E+08  0.105660E+08  0.477288E+07  0.475633E+07  0.104061E+08  0.105643E+08
  0.662667E-03  0.105634E+08  0.105634E+08  0.443203E+07  0.441526E+07  0.103932E+08  0.105616E+08
  0.685128E-03  0.105607E+08  0.105606E+08  0.409699E+07  0.408003E+07  0.103796E+08  0.105587E+08
  0.708350E-03  0.105578E+08  0.105577E+08  0.376993E+07  0.375278E+07  0.103651E+08  0.105557E+08
  0.732360E-03  0.105547E+08  0.105546E+08  0.345307E+07  0.343573E+07  0.103497E+08  0.105524E+08
  0.757184E-03  0.105514E+08  0.105513E+08  0.314867E+07  0.313115E+07  0.103334E+08  0.105490E+08
  0.782848E-03  0.105479E+08  0.105478E+08  0.285892E+07  0.284120E+07  0.103161E+08  0.105454E+08
  0.809383E-03  0.105442E+08  0.105441E+08  0.258592E+07  0.256798E+07  0.102977E+08  0.105415E+08
  0.836817E-03  0.105403E+08  0.105402E+08  0.233162E+07  0.231341E+07  0.102782E+08  0.105374E+08
  0.865181E-03  0.105361E+08  0.105360E+08  0.209771E+07  0.207919E+07  0.102576E+08  0.105331E+08
  0.894507E-03  0.105317E+08  0.105316E+08  0.188556E+07  0.186667E+07  0.102357E+08  0.105285E+08
  0.924826E-03  0.105271E+08  0.105270E+08  0.169617E+07  0.167683E+07  0.102126E+08  0.105236E+08
  0.956173E-03  0.105221E+08  0.105220E+08  0.153005E+07  0.151017E+07  0.101882E+08  0.105185E+08
  0.988582E-03  0.105169E+08  0.105168E+08  0.138716E+07  0.136666E+07  0.101624E+08  0.105131E+08
  0.102209E-02  0.105114E+08  0.105113E+08  0.126690E+07  0.124571E+07  0.101351E+08  0.105073E+08
  0.105673E-02  0.105056E+08  0.105055E+08  0.116804E+07  0.114610E+07  0.101063E+08  0.105013E+08
  0.109255E-02  0.104995E+08  0.104994E+08  0.108873E+07  0.106599E+07  0.100760E+08  0.104949E+08
  0.112958E-02  0.104930E+08  0.104929E+08  0.102653E+07  0.100299E+07  0.100440E+08  0.104881E+08
  0.116787E-02  0.104862E+08  0.104860E+08  0.978482E+06  0.954188E+06  0.100104E+08  0.104810E+08
  0.120746E-02  0.104790E+08  0.104788E+08  0.941234E+06  0.916299E+06  0.997498E+07  0.104735E+08
  0.124838E-02  0.104714E+08  0.104712E+08  0.911195E+06  0.885807E+06  0.993780E+07  0.104656E+08
  0.129070E-02  0.104634E+08  0.104632E+08  0.884737E+06  0.859167E+06  0.989876E+07  0.104572E+08
  0.133445E-02  0.104549E+08  0.104547E+08  0.858434E+06  0.833042E+06  0.985783E+07  0.104484E+08
  0.137968E-02  0.104461E+08  0.104459E+08  0.829310E+06  0.804540E+06  0.981495E+07  0.104392E+08
  0.142644E-02  0.104367E+08  0.104365E+08  0.795086E+06  0.771453E+06  0.977009E+07  0.104295E+08
  0.147479E-02  0.104269E+08  0.104266E+08  0.754395E+06  0.732461E+06  0.972321E+07  0.104192E+08
  0.152478E-02  0.104165E+08  0.104163E+08  0.706930E+06  0.687267E+06  0.967428E+07  0.104085E+08
  0.157646E-02  0.104057E+08  0.104054E+08  0.653500E+06  0.636644E+06  0.962327E+07  0.103971E+08
  0.162990E-02  0.103942E+08  0.103940E+08  0.595960E+06  0.582355E+06  0.957017E+07  0.103853E+08
  0.168514E-02  0.103823E+08  0.103819E+08  0.537006E+06  0.526949E+06  0.951497E+07  0.103728E+08
  0.174226E-02  0.103697E+08  0.103693E+08  0.479831E+06  0.473414E+06  0.945767E+07  0.103597E+08
  0.180131E-02  0.103564E+08  0.103561E+08  0.427661E+06  0.424738E+06  0.939827E+07  0.103460E+08
  0.186237E-02  0.103426E+08  0.103422E+08  0.383246E+06  0.383416E+06  0.933679E+07  0.103316E+08
  0.192550E-02  0.103280E+08  0.103276E+08  0.348356E+06  0.350985E+06  0.927326E+07  0.103165E+08
  0.199076E-02  0.103128E+08  0.103124E+08  0.323400E+06  0.327680E+06  0.920771E+07  0.103007E+08
  0.205824E-02  0.102968E+08  0.102964E+08  0.307261E+06  0.312306E+06  0.914018E+07  0.102842E+08
  0.212800E-02  0.102801E+08  0.102796E+08  0.000000E+00  0.000000E+00  0.907072E+07  0.102670E+08
  0.220013E-02  0.102627E+08  0.102621E+08  0.000000E+00  0.000000E+00  0.899938E+07  0.102489E+08
  0.227470E-02  0.102444E+08  0.102438E+08  0.000000E+00  0.000000E+00  0.892624E+07  0.102300E+08
  0.235181E-02  0.102253E+08  0.102247E+08  0.000000E+00  0.000000E+00  0.885135E+07  0.102103E+08
  0.243152E-02  0.102054E+08  0.102047E+08  0.000000E+00  0.000000E+00  0.877478E+07  0.101898E+08
  0.251394E-02  0.101846E+08  0.101839E+08  0.000000E+00  0.000000E+00  0.869660E+07  0.101683E+08
  0.259915E-02  0.101629E+08  0.101621E+08  0.000000E+00  0.000000E+00  0.861688E+07  0.101460E+08
  0.268725E-02  0.101402E+08  0.101394E+08  0.000000E+00  0.000000E+00  0.853566E+07  0.101227E+08
  0.277833E-02  0.101166E+08  0.101158E+08  0.000000E+00  0.000000E+00  0.845302E+07  0.100985E+08
  0.287250E-02  0.100921E+08  0.100912E+08  0.000000E+00  0.000000E+00  0.836898E+07  0.100733E+08
  0.296987E-02  0.100665E+08  0.100656E+08  0.000000E+00  0.000000E+00  0.828358E+07  0.100470E+08
  0.307053E-02  0.100400E+08  0.100389E+08  0.000000E+00  0.000000E+00  0.819683E+07  0.100198E+08
  0.317461E-02  0.100123E+08  0.100112E+08  0.000000E+00  0.000000E+00  0.810875E+07  0.999152E+07
  0.328221E-02  0.998364E+07  0.998247E+07  0.000000E+00  0.000000E+00  0.801932E+07  0.996216E+07
  0.339346E-02  0.995386E+07  0.995260E+07  0.000000E+00  0.000000E+00  0.792851E+07  0.993170E+07
  0.350848E-02  0.992295E+07  0.992162E+07  0.000000E+00  0.000000E+00  0.783629E+07  0.990011E+07
  0.362740E-02  0.989090E+07  0.988948E+07  0.000000E+00  0.000000E+00  0.774261E+07  0.986738E+07
  0.375035E-02  0.985768E+07  0.985616E+07  0.000000E+00  0.000000E+00  0.764741E+07  0.983348E+07
  0.387747E-02  0.982327E+07  0.982165E+07  0.000000E+00  0.000000E+00  0.755064E+07  0.979837E+07
  0.400890E-02  0.978764E+07  0.978592E+07  0.000000E+00  0.000000E+00  0.745223E+07  0.976204E+07
  0.414478E-02  0.975077E+07  0.974893E+07  0.000000E+00  0.000000E+00  0.735213E+07  0.972447E+07
  0.428527E-02  0.971263E+07  0.971067E+07  0.000000E+00  0.000000E+00  0.725031E+07  0.968562E+07
  0.443052E-02  0.967320E+07  0.967110E+07  0.000000E+00  0.000000E+00  0.714672E+07  0.964547E+07
  0.458069E-02  0.963244E+07  0.963021E+07  0.000000E+00  0.000000E+00  0.704137E+07  0.960399E+07
  0.473596E-02  0.959034E+07  0.958797E+07  0.000000E+00  0.000000E+00  0.693426E+07  0.956116E+07
  0.489648E-02  0.954687E+07  0.954434E+07  0.000000E+00  0.000000E+00  0.682540E+07  0.951695E+07
  0.506245E-02  0.950199E+07  0.949930E+07  0.000000E+00  0.000000E+00  0.671485E+07  0.947134E+07
  0.523404E-02  0.945569E+07  0.945282E+07  0.000000E+00  0.000000E+00  0.660267E+07  0.942429E+07
  0.541145E-02  0.940793E+07  0.940487E+07  0.000000E+00  0.000000E+00  0.648893E+07  0.937579E+07
  0.559487E-02  0.935869E+07  0.935543E+07  0.000000E+00  0.000000E+00  0.637372E+07  0.932580E+07
  0.578451E-02  0.930794E+07  0.930447E+07  0.000000E+00  0.000000E+00  0.625713E+07  0.927430E+07
  0.598058E-02  0.925566E+07  0.925196E+07  0.000000E+00  0.000000E+00  0.613927E+07  0.922127E+07
  0.618329E-02  0.920180E+07  0.919787E+07  0.000000E+00  0.000000E+00  0.602022E+07  0.916667E+07
  0.639287E-02  0.914636E+07  0.914217E+07  0.000000E+00  0.000000E+00  0.590010E+07  0.911048E+07
  0.660956E-02  0.908930E+07  0.908484E+07  0.000000E+00  0.000000E+00  0.577901E+07  0.905268E+07
  0.683359E-02  0.903059E+07  0.902584E+07  0.000000E+00  0.000000E+00  0.565705E+07  0.899324E+07
  0.706522E-02  0.897020E+07  0.896516E+07  0.000000E+00  0.000000E+00  0.553432E+07  0.893213E+07
  0.730469E-02  0.890812E+07  0.890275E+07  0.000000E+00  0.000000E+00  0.541091E+07  0.886932E+07
  0.755228E-02  0.884430E+07  0.883860E+07  0.000000E+00  0.000000E+00  0.528694E+07  0.880480E+07
  0.780827E-02  0.877873E+07  0.877266E+07  0.000000E+00  0.000000E+00  0.516250E+07  0.873853E+07
  0.807293E-02  0.871138E+07  0.870493E+07  0.000000E+00  0.000000E+00  0.503770E+07  0.867049E+07
  0.834657E-02  0.864221E+07  0.863536E+07  0.000000E+00  0.000000E+00  0.491264E+07  0.860065E+07
  0.862947E-02  0.857120E+07  0.856393E+07  0.000000E+00  0.000000E+00  0.478743E+07  0.852898E+07
  0.892197E-02  0.849833E+07  0.849060E+07  0.000000E+00  0.000000E+00  0.466217E+07  0.845547E+07
  0.922438E-02  0.842356E+07  0.841536E+07  0.000000E+00  0.000000E+00  0.453699E+07  0.838008E+07
  0.953704E-02  0.834688E+07  0.833817E+07  0.000000E+00  0.000000E+00  0.441197E+07  0.830278E+07
  0.986030E-02  0.826824E+07  0.825900E+07  0.000000E+00  0.000000E+00  0.428724E+07  0.822355E+07
  0.101945E-01  0.818762E+07  0.817782E+07  0.000000E+00  0.000000E+00  0.416290E+07  0.814237E+07
  0.105401E-01  0.810500E+07  0.809461E+07  0.000000E+00  0.000000E+00  0.403907E+07  0.805920E+07
  0.108973E-01  0.802035E+07  0.800934E+07  0.000000E+00  0.000000E+00  0.391584E+07  0.797403E+07
  0.112667E-01  0.793364E+07  0.792198E+07  0.000000E+00  0.000000E+00  0.379334E+07  0.788683E+07
  0.116486E-01  0.784485E+07  0.783250E+07  0.000000E+00  0.000000E+00  0.367167E+07  0.779757E+07
  0.120434E-01  0.775395E+07  0.774088E+07  0.000000E+00  0.000000E+00  0.355094E+07  0.770623E+07
  0.124516E-01  0.766093E+07  0.764710E+07  0.000000E+00  0.000000E+00  0.343126E+07  0.761278E+07
  0.128737E-01  0.756575E+07  0.755113E+07  0.000000E+00  0.000000E+00  0.331275E+07  0.751722E+07
  0.133100E-01  0.746841E+07  0.745296E+07  0.000000E+00  0.000000E+00  0.319550E+07  0.741953E+07
  0.137612E-01  0.736888E+07  0.735257E+07  0.000000E+00  0.000000E+00  0.307962E+07  0.731968E+07
  0.142276E-01  0.726716E+07  0.724994E+07  0.000000E+00  0.000000E+00  0.296520E+07  0.721766E+07
  0.147098E-01  0.716322E+07  0.714507E+07  0.000000E+00  0.000000E+00  0.285231E+07  0.711348E+07
  0.152084E-01  0.705708E+07  0.703795E+07  0.000000E+00  0.000000E+00  0.274102E+07  0.700711E+07
  0.157239E-01  0.694872E+07  0.692858E+07  0.000000E+00  0.000000E+00  0.263143E+07  0.689857E+07
  0.162569E-01  0.683815E+07  0.681696E+07  0.000000E+00  0.000000E+00  0.252360E+07  0.678786E+07
  0.168079E-01  0.672539E+07  0.670312E+07  0.000000E+00  0.000000E+00  0.241764E+07  0.667499E+07
  0.173776E-01  0.661045E+07  0.658707E+07  0.000000E+00  0.000000E+00  0.231365E+07  0.655999E+07
  0.179666E-01  0.649337E+07  0.646884E+07  0.000000E+00  0.000000E+00  0.221175E+07  0.644288E+07
  0.185756E-01  0.637418E+07  0.634849E+07  0.000000E+00  0.000000E+00  0.211201E+07  0.632371E+07
  0.192052E-01  0.625294E+07  0.622605E+07  0.000000E+00  0.000000E+00  0.201449E+07  0.620252E+07
  0.198562E-01  0.612971E+07  0.610161E+07  0.000000E+00  0.000000E+00  0.191921E+07  0.607940E+07
  0.205292E-01  0.600457E+07  0.597524E+07  0.000000E+00  0.000000E+00  0.182622E+07  0.595440E+07
  0.212251E-01  0.587761E+07  0.584705E+07  0.000000E+00  0.000000E+00  0.173561E+07  0.582763E+07
  0.219445E-01  0.574896E+07  0.571716E+07  0.000000E+00  0.000000E+00  0.164748E+07  0.569921E+07
  0.226883E-01  0.561873E+07  0.558569E+07  0.000000E+00  0.000000E+00  0.156192E+07  0.556926E+07
  0.234573E-01  0.548708E+07  0.545283E+07  0.000000E+00  0.000000E+00  0.147893E+07  0.543793E+07
  0.242524E-01  0.535418E+07  0.531874E+07  0.000000E+00  0.000000E+00  0.139853E+07  0.530541E+07
  0.250745E-01  0.522025E+07  0.518364E+07  0.000000E+00  0.000000E+00  0.132078E+07  0.517189E+07
  0.259244E-01  0.508549E+07  0.504777E+07  0.000000E+00  0.000000E+00  0.124579E+07  0.503759E+07
  0.268031E-01  0.495016E+07  0.491138E+07  0.000000E+00  0.000000E+00  0.117354E+07  0.490276E+07
  0.277116E-01  0.481453E+07  0.477477E+07  0.000000E+00  0.000000E+00  0.110403E+07  0.476769E+07
  0.286509E-01  0.467890E+07  0.463825E+07  0.000000E+00  0.000000E+00  0.103734E+07  0.463266E+07
  0.296220E-01  0.454362E+07  0.450218E+07  0.000000E+00  0.000000E+00  0.973496E+06  0.449802E+07
  0.306260E-01  0.440903E+07  0.436692E+07  0.000000E+00  0.000000E+00  0.912469E+06  0.436412E+07
  0.316641E-01  0.427552E+07  0.423286E+07  0.000000E+00  0.000000E+00  0.854284E+06  0.423133E+07
  0.327374E-01  0.414349E+07  0.410045E+07  0.000000E+00  0.000000E+00  0.798945E+06  0.410007E+07
  0.338470E-01  0.403311E+07  0.398984E+07  0.000000E+00  0.000000E+00  0.689572E+06  0.398967E+07
  0.349942E-01  0.390598E+07  0.386267E+07  0.000000E+00  0.000000E+00  0.642043E+06  0.386339E+07
  0.361804E-01  0.378159E+07  0.373843E+07  0.000000E+00  0.000000E+00  0.597272E+06  0.373988E+07
  0.374067E-01  0.365919E+07  0.361640E+07  0.000000E+00  0.000000E+00  0.555040E+06  0.361842E+07
  0.386746E-01  0.353976E+07  0.349756E+07  0.000000E+00  0.000000E+00  0.515401E+06  0.349995E+07
  0.399855E-01  0.342426E+07  0.338286E+07  0.000000E+00  0.000000E+00  0.478365E+06  0.338543E+07
  0.413408E-01  0.331313E+07  0.327277E+07  0.000000E+00  0.000000E+00  0.443835E+06  0.327531E+07
  0.427421E-01  0.320677E+07  0.316768E+07  0.000000E+00  0.000000E+00  0.411758E+06  0.316997E+07
  0.441908E-01  0.309328E+07  0.305568E+07  0.000000E+00  0.000000E+00  0.403510E+06  0.305786E+07
  0.456886E-01  0.299679E+07  0.296088E+07  0.000000E+00  0.000000E+00  0.375252E+06  0.296239E+07
  0.472373E-01  0.290544E+07  0.287142E+07  0.000000E+00  0.000000E+00  0.349094E+06  0.287207E+07
  0.488384E-01  0.281910E+07  0.278712E+07  0.000000E+00  0.000000E+00  0.324869E+06  0.278674E+07
  0.504938E-01  0.273743E+07  0.270762E+07  0.000000E+00  0.000000E+00  0.302445E+06  0.270607E+07
  0.522053E-01  0.266007E+07  0.263252E+07  0.000000E+00  0.000000E+00  0.281656E+06  0.262970E+07
  0.539748E-01  0.259344E+07  0.256817E+07  0.000000E+00  0.000000E+00  0.253227E+06  0.256387E+07
  0.558043E-01  0.252316E+07  0.250017E+07  0.000000E+00  0.000000E+00  0.235521E+06  0.249454E+07
  0.576957E-01  0.245548E+07  0.243468E+07  0.000000E+00  0.000000E+00  0.219014E+06  0.242777E+07
  0.596514E-01  0.238973E+07  0.237100E+07  0.000000E+00  0.000000E+00  0.203589E+06  0.236292E+07
  0.616732E-01  0.232522E+07  0.230838E+07  0.000000E+00  0.000000E+00  0.189121E+06  0.229927E+07
  0.637637E-01  0.225643E+07  0.224121E+07  0.000000E+00  0.000000E+00  0.180649E+06  0.223139E+07
  0.659249E-01  0.219197E+07  0.217809E+07  0.000000E+00  0.000000E+00  0.167633E+06  0.216772E+07
  0.681595E-01  0.212638E+07  0.211350E+07  0.000000E+00  0.000000E+00  0.155278E+06  0.210287E+07
  0.704697E-01  0.205892E+07  0.204670E+07  0.000000E+00  0.000000E+00  0.143504E+06  0.203613E+07
  0.728583E-01  0.199046E+07  0.197853E+07  0.000000E+00  0.000000E+00  0.130487E+06  0.196831E+07
  0.753278E-01  0.191828E+07  0.190631E+07  0.000000E+00  0.000000E+00  0.119857E+06  0.189679E+07
  0.778811E-01  0.184383E+07  0.183152E+07  0.000000E+00  0.000000E+00  0.109751E+06  0.182298E+07
  0.805209E-01  0.176766E+07  0.175480E+07  0.000000E+00  0.000000E+00  0.100197E+06  0.174745E+07
  0.832502E-01  0.169063E+07  0.167706E+07  0.000000E+00  0.000000E+00  0.912199E+05  0.167103E+07
  0.860720E-01  0.161376E+07  0.159945E+07  0.000000E+00  0.000000E+00  0.828484E+05  0.159479E+07
  0.889894E-01  0.153823E+07  0.152325E+07  0.000000E+00  0.000000E+00  0.751146E+05  0.151988E+07
  0.920057E-01  0.146528E+07  0.144981E+07  0.000000E+00  0.000000E+00  0.680374E+05  0.144756E+07
  0.951242E-01  0.139628E+07  0.138058E+07  0.000000E+00  0.000000E+00  0.616246E+05  0.137920E+07
  0.983485E-01  0.133256E+07  0.131700E+07  0.000000E+00  0.000000E+00  0.558863E+05  0.131613E+07
  0.101682E+00  0.127528E+07  0.126022E+07  0.000000E+00  0.000000E+00  0.508055E+05  0.125950E+07
  0.105129E+00  0.122499E+07  0.121081E+07  0.000000E+00  0.000000E+00  0.463455E+05  0.120985E+07
  0.108692E+00  0.118139E+07  0.116841E+07  0.000000E+00  0.000000E+00  0.424365E+05  0.116688E+07
  0.112376E+00  0.114326E+07  0.113169E+07  0.000000E+00  0.000000E+00  0.389775E+05  0.112937E+07
  0.116185E+00  0.110874E+07  0.109864E+07  0.000000E+00  0.000000E+00  0.358678E+05  0.109543E+07
  0.120123E+00  0.107577E+07  0.106706E+07  0.000000E+00  0.000000E+00  0.330106E+05  0.106302E+07
  0.124195E+00  0.104249E+07  0.103492E+07  0.000000E+00  0.000000E+00  0.303330E+05  0.103026E+07
  0.128404E+00  0.100733E+07  0.100054E+07  0.000000E+00  0.000000E+00  0.277826E+05  0.995582E+06
  0.132756E+00  0.969103E+06  0.962685E+06  0.000000E+00  0.000000E+00  0.253251E+05  0.957805E+06
  0.137256E+00  0.927286E+06  0.920840E+06  0.000000E+00  0.000000E+00  0.229514E+05  0.916412E+06
  0.141909E+00  0.882419E+06  0.875641E+06  0.000000E+00  0.000000E+00  0.206796E+05  0.871951E+06
  0.146719E+00  0.836228E+06  0.828974E+06  0.000000E+00  0.000000E+00  0.185487E+05  0.826157E+06
  0.151692E+00  0.791155E+06  0.783472E+06  0.000000E+00  0.000000E+00  0.166050E+05  0.781480E+06
  0.156833E+00  0.749554E+06  0.741664E+06  0.000000E+00  0.000000E+00  0.148823E+05  0.740277E+06
  0.162149E+00  0.713050E+06  0.705290E+06  0.000000E+00  0.000000E+00  0.133896E+05  0.704174E+06
  0.167645E+00  0.682288E+06  0.675016E+06  0.000000E+00  0.000000E+00  0.121155E+05  0.673813E+06
  0.173328E+00  0.656769E+06  0.650254E+06  0.000000E+00  0.000000E+00  0.110261E+05  0.648685E+06
  0.179203E+00  0.634756E+06  0.629100E+06  0.000000E+00  0.000000E+00  0.100729E+05  0.627043E+06
  0.185277E+00  0.613630E+06  0.608732E+06  0.000000E+00  0.000000E+00  0.920173E+04  0.606263E+06
  0.191557E+00  0.590873E+06  0.586468E+06  0.000000E+00  0.000000E+00  0.837040E+04  0.583826E+06
  0.198050E+00  0.565128E+06  0.560886E+06  0.000000E+00  0.000000E+00  0.756005E+04  0.558378E+06
  0.204762E+00  0.536731E+06  0.532385E+06  0.000000E+00  0.000000E+00  0.677837E+04  0.530264E+06
  0.211703E+00  0.507519E+06  0.502963E+06  0.000000E+00  0.000000E+00  0.604878E+04  0.501325E+06
  0.218878E+00  0.479940E+06  0.475264E+06  0.000000E+00  0.000000E+00  0.539704E+04  0.474018E+06
  0.226297E+00  0.455911E+06  0.451340E+06  0.000000E+00  0.000000E+00  0.483661E+04  0.450261E+06
  0.233968E+00  0.436039E+06  0.431812E+06  0.000000E+00  0.000000E+00  0.436335E+04  0.430656E+06
  0.241898E+00  0.419212E+06  0.415453E+06  0.000000E+00  0.000000E+00  0.395639E+04  0.414086E+06
  0.250097E+00  0.403137E+06  0.399795E+06  0.000000E+00  0.000000E+00  0.358742E+04  0.398250E+06
  0.258574E+00  0.385931E+06  0.382823E+06  0.000000E+00  0.000000E+00  0.323721E+04  0.381265E+06
  0.267339E+00  0.366999E+06  0.363931E+06  0.000000E+00  0.000000E+00  0.290095E+04  0.362542E+06
  0.276400E+00  0.347373E+06  0.344260E+06  0.000000E+00  0.000000E+00  0.258677E+04  0.343118E+06
  0.285769E+00  0.329095E+06  0.326000E+06  0.000000E+00  0.000000E+00  0.230833E+04  0.325037E+06
  0.295455E+00  0.313343E+06  0.310407E+06  0.000000E+00  0.000000E+00  0.206994E+04  0.309480E+06
  0.305470E+00  0.299783E+06  0.297103E+06  0.000000E+00  0.000000E+00  0.186484E+04  0.296108E+06
  0.315823E+00  0.286950E+06  0.284503E+06  0.000000E+00  0.000000E+00  0.168058E+04  0.283451E+06
  0.326528E+00  0.273546E+06  0.271224E+06  0.000000E+00  0.000000E+00  0.150794E+04  0.270211E+06
  0.337596E+00  0.259557E+06  0.257275E+06  0.000000E+00  0.000000E+00  0.134645E+04  0.256379E+06
  0.349039E+00  0.246069E+06  0.243832E+06  0.000000E+00  0.000000E+00  0.120098E+04  0.243042E+06
  0.360869E+00  0.234033E+06  0.231908E+06  0.000000E+00  0.000000E+00  0.107454E+04  0.231154E+06
  0.373101E+00  0.223269E+06  0.221298E+06  0.000000E+00  0.000000E+00  0.964221E+03  0.220531E+06
  0.385748E+00  0.212831E+06  0.210987E+06  0.000000E+00  0.000000E+00  0.864386E+03  0.210227E+06
  0.398823E+00  0.202231E+06  0.200458E+06  0.000000E+00  0.000000E+00  0.772240E+03  0.199752E+06
  0.412341E+00  0.191864E+06  0.190149E+06  0.000000E+00  0.000000E+00  0.688751E+03  0.189506E+06
  0.426317E+00  0.182320E+06  0.180689E+06  0.000000E+00  0.000000E+00  0.615169E+03  0.180079E+06
  0.440767E+00  0.173545E+06  0.172016E+06  0.000000E+00  0.000000E+00  0.550325E+03  0.171415E+06
  0.455707E+00  0.165036E+06  0.163589E+06  0.000000E+00  0.000000E+00  0.491756E+03  0.163012E+06
  0.471153E+00  0.156670E+06  0.155284E+06  0.000000E+00  0.000000E+00  0.438590E+03  0.154746E+06
  0.487123E+00  0.148735E+06  0.147413E+06  0.000000E+00  0.000000E+00  0.391132E+03  0.146907E+06
  0.503634E+00  0.141348E+06  0.140099E+06  0.000000E+00  0.000000E+00  0.349124E+03  0.139612E+06
  0.520705E+00  0.134290E+06  0.133107E+06  0.000000E+00  0.000000E+00  0.311496E+03  0.132641E+06
  0.538354E+00  0.127458E+06  0.126331E+06  0.000000E+00  0.000000E+00  0.277609E+03  0.125892E+06
  0.556602E+00  0.120979E+06  0.119907E+06  0.000000E+00  0.000000E+00  0.247381E+03  0.119492E+06
  0.575468E+00  0.114867E+06  0.113853E+06  0.000000E+00  0.000000E+00  0.220503E+03  0.113456E+06
  0.594973E+00  0.109018E+06  0.108055E+06  0.000000E+00  0.000000E+00  0.196427E+03  0.107678E+06
  0.615140E+00  0.103430E+06  0.102515E+06  0.000000E+00  0.000000E+00  0.174902E+03  0.102159E+06
  0.635991E+00  0.981387E+05  0.972716E+05  0.000000E+00  0.000000E+00  0.155730E+03  0.969323E+05
  0.657547E+00  0.931029E+05  0.922807E+05  0.000000E+00  0.000000E+00  0.138622E+03  0.919584E+05
  0.679835E+00  0.883015E+05  0.875212E+05  0.000000E+00  0.000000E+00  0.123348E+03  0.872158E+05
  0.702878E+00  0.837441E+05  0.830044E+05  0.000000E+00  0.000000E+00  0.109739E+03  0.827145E+05
  0.726702E+00  0.794102E+05  0.787089E+05  0.000000E+00  0.000000E+00  0.976088E+02  0.784338E+05
  0.751334E+00  0.752874E+05  0.746224E+05  0.000000E+00  0.000000E+00  0.867928E+02  0.743616E+05
  0.776801E+00  0.713713E+05  0.707410E+05  0.000000E+00  0.000000E+00  0.771618E+02  0.704936E+05
  0.803130E+00  0.676486E+05  0.670512E+05  0.000000E+00  0.000000E+00  0.685828E+02  0.668166E+05
  0.830353E+00  0.641117E+05  0.635455E+05  0.000000E+00  0.000000E+00  0.609407E+02  0.633232E+05
  0.858497E+00  0.607523E+05  0.602159E+05  0.000000E+00  0.000000E+00  0.541417E+02  0.600051E+05
  0.887596E+00  0.575613E+05  0.570530E+05  0.000000E+00  0.000000E+00  0.480902E+02  0.568533E+05
  0.917681E+00  0.545317E+05  0.540502E+05  0.000000E+00  0.000000E+00  0.427071E+02  0.538609E+05
  0.948786E+00  0.516551E+05  0.511991E+05  0.000000E+00  0.000000E+00  0.379176E+02  0.510197E+05
  0.980945E+00  0.489245E+05  0.484926E+05  0.000000E+00  0.000000E+00  0.336594E+02  0.483227E+05
  0.101419E+01  0.463325E+05  0.459235E+05  0.000000E+00  0.000000E+00  0.298730E+02  0.457625E+05
  0.104857E+01  0.438725E+05  0.434852E+05  0.000000E+00  0.000000E+00  0.265074E+02  0.433328E+05
  0.108411E+01  0.415382E+05  0.411715E+05  0.000000E+00  0.000000E+00  0.235169E+02  0.410271E+05
  0.112086E+01  0.393236E+05  0.389764E+05  0.000000E+00  0.000000E+00  0.208599E+02  0.388398E+05
  0.115885E+01  0.372230E+05  0.368944E+05  0.000000E+00  0.000000E+00  0.184996E+02  0.367650E+05
  0.119813E+01  0.352308E+05  0.349199E+05  0.000000E+00  0.000000E+00  0.164037E+02  0.347974E+05
  0.123874E+01  0.333417E+05  0.330475E+05  0.000000E+00  0.000000E+00  0.145423E+02  0.329315E+05
  0.128073E+01  0.315505E+05  0.312720E+05  0.000000E+00  0.000000E+00  0.128901E+02  0.311623E+05
  0.132414E+01  0.298523E+05  0.295889E+05  0.000000E+00  0.000000E+00  0.114241E+02  0.294850E+05
  0.136902E+01  0.282426E+05  0.279934E+05  0.000000E+00  0.000000E+00  0.101234E+02  0.278951E+05
  0.141542E+01  0.267171E+05  0.264813E+05  0.000000E+00  0.000000E+00  0.896882E+01  0.263883E+05
  0.146340E+01  0.252713E+05  0.250482E+05  0.000000E+00  0.000000E+00  0.794494E+01  0.249603E+05
  0.151300E+01  0.239013E+05  0.236904E+05  0.000000E+00  0.000000E+00  0.703719E+01  0.236072E+05
  0.156428E+01  0.226033E+05  0.224038E+05  0.000000E+00  0.000000E+00  0.623170E+01  0.223252E+05
  0.161730E+01  0.213739E+05  0.211853E+05  0.000000E+00  0.000000E+00  0.551785E+01  0.211109E+05
  0.167212E+01  0.202094E+05  0.200311E+05  0.000000E+00  0.000000E+00  0.488505E+01  0.199607E+05
  0.172880E+01  0.191066E+05  0.189380E+05  0.000000E+00  0.000000E+00  0.432424E+01  0.188715E+05
  0.178740E+01  0.180623E+05  0.179030E+05  0.000000E+00  0.000000E+00  0.382755E+01  0.178401E+05
  0.184798E+01  0.170736E+05  0.169229E+05  0.000000E+00  0.000000E+00  0.338739E+01  0.168635E+05
  0.191062E+01  0.161375E+05  0.159951E+05  0.000000E+00  0.000000E+00  0.299731E+01  0.159389E+05
  0.197538E+01  0.152513E+05  0.151167E+05  0.000000E+00  0.000000E+00  0.265185E+01  0.150636E+05
  0.204234E+01  0.144125E+05  0.142854E+05  0.000000E+00  0.000000E+00  0.234592E+01  0.142352E+05
  0.211156E+01  0.136188E+05  0.134986E+05  0.000000E+00  0.000000E+00  0.207506E+01  0.134512E+05
  0.218313E+01  0.128677E+05  0.127541E+05  0.000000E+00  0.000000E+00  0.183528E+01  0.127093E+05
  0.225713E+01  0.121570E+05  0.120497E+05  0.000000E+00  0.000000E+00  0.162306E+01  0.120073E+05
  0.233364E+01  0.114846E+05  0.113832E+05  0.000000E+00  0.000000E+00  0.143513E+01  0.113432E+05
  0.241274E+01  0.108485E+05  0.107528E+05  0.000000E+00  0.000000E+00  0.126885E+01  0.107150E+05
  0.249452E+01  0.102468E+05  0.101564E+05  0.000000E+00  0.000000E+00  0.112174E+01  0.101207E+05
  0.257907E+01  0.967768E+04  0.959228E+04  0.000000E+00  0.000000E+00  0.991581E+00  0.955858E+04
  0.266649E+01  0.913950E+04  0.905885E+04  0.000000E+00  0.000000E+00  0.876370E+00  0.902702E+04
  0.275687E+01  0.863060E+04  0.855444E+04  0.000000E+00  0.000000E+00  0.774555E+00  0.852438E+04
  0.285031E+01  0.814943E+04  0.807751E+04  0.000000E+00  0.000000E+00  0.684460E+00  0.804913E+04
  0.294692E+01  0.769451E+04  0.762661E+04  0.000000E+00  0.000000E+00  0.604786E+00  0.759982E+04
  0.304681E+01  0.726443E+04  0.720032E+04  0.000000E+00  0.000000E+00  0.534335E+00  0.717503E+04
  0.315008E+01  0.685789E+04  0.679736E+04  0.000000E+00  0.000000E+00  0.472041E+00  0.677349E+04
  0.325685E+01  0.647363E+04  0.641649E+04  0.000000E+00  0.000000E+00  0.417007E+00  0.639396E+04
  0.336724E+01  0.611050E+04  0.605656E+04  0.000000E+00  0.000000E+00  0.368351E+00  0.603529E+04
  0.348138E+01  0.576734E+04  0.571643E+04  0.000000E+00  0.000000E+00  0.325318E+00  0.569635E+04
  0.359938E+01  0.544308E+04  0.539503E+04  0.000000E+00  0.000000E+00  0.287316E+00  0.537608E+04
  0.372138E+01  0.513668E+04  0.509133E+04  0.000000E+00  0.000000E+00  0.253714E+00  0.507345E+04
  0.384752E+01  0.484720E+04  0.480441E+04  0.000000E+00  0.000000E+00  0.224022E+00  0.478754E+04
  0.397793E+01  0.457374E+04  0.453335E+04  0.000000E+00  0.000000E+00  0.197791E+00  0.451744E+04
  0.411276E+01  0.431544E+04  0.427733E+04  0.000000E+00  0.000000E+00  0.174624E+00  0.426232E+04
  0.425217E+01  0.407146E+04  0.403551E+04  0.000000E+00  0.000000E+00  0.154151E+00  0.402135E+04
  0.439629E+01  0.384103E+04  0.380711E+04  0.000000E+00  0.000000E+00  0.136070E+00  0.379375E+04
  0.454531E+01  0.362340E+04  0.359140E+04  0.000000E+00  0.000000E+00  0.120110E+00  0.357880E+04
  0.469937E+01  0.341789E+04  0.338770E+04  0.000000E+00  0.000000E+00  0.106004E+00  0.337582E+04
  0.485865E+01  0.322386E+04  0.319538E+04  0.000000E+00  0.000000E+00  0.935532E-01  0.318418E+04
  0.502334E+01  0.304066E+04  0.301379E+04  0.000000E+00  0.000000E+00  0.825654E-01  0.300323E+04
  0.519360E+01  0.286769E+04  0.284235E+04  0.000000E+00  0.000000E+00  0.728542E-01  0.283239E+04
  0.536965E+01  0.270440E+04  0.268050E+04  0.000000E+00  0.000000E+00  0.642808E-01  0.267111E+04
  0.555165E+01  0.255026E+04  0.252772E+04  0.000000E+00  0.000000E+00  0.567119E-01  0.251887E+04
  0.573982E+01  0.240478E+04  0.238351E+04  0.000000E+00  0.000000E+00  0.500323E-01  0.237517E+04
  0.593437E+01  0.226746E+04  0.224741E+04  0.000000E+00  0.000000E+00  0.441411E-01  0.223955E+04
  0.613552E+01  0.213786E+04  0.211896E+04  0.000000E+00  0.000000E+00  0.389350E-01  0.211154E+04
  0.634348E+01  0.201556E+04  0.199773E+04  0.000000E+00  0.000000E+00  0.343421E-01  0.199075E+04
  0.655850E+01  0.190016E+04  0.188334E+04  0.000000E+00  0.000000E+00  0.302958E-01  0.187676E+04
  0.678080E+01  0.179127E+04  0.177541E+04  0.000000E+00  0.000000E+00  0.267198E-01  0.176921E+04
  0.701063E+01  0.168852E+04  0.167357E+04  0.000000E+00  0.000000E+00  0.235635E-01  0.166773E+04
  0.724826E+01  0.159158E+04  0.157749E+04  0.000000E+00  0.000000E+00  0.207800E-01  0.157199E+04
  0.749394E+01  0.150013E+04  0.148685E+04  0.000000E+00  0.000000E+00  0.183218E-01  0.148166E+04
  0.774795E+01  0.141387E+04  0.140134E+04  0.000000E+00  0.000000E+00  0.161581E-01  0.139646E+04
  0.801057E+01  0.133250E+04  0.132069E+04  0.000000E+00  0.000000E+00  0.142459E-01  0.131609E+04
  0.828209E+01  0.125574E+04  0.124461E+04  0.000000E+00  0.000000E+00  0.125591E-01  0.124028E+04
  0.856281E+01  0.118336E+04  0.117286E+04  0.000000E+00  0.000000E+00  0.110746E-01  0.116878E+04
  0.885305E+01  0.111509E+04  0.110519E+04  0.000000E+00  0.000000E+00  0.976192E-02  0.110135E+04
  0.915312E+01  0.105070E+04  0.104137E+04  0.000000E+00  0.000000E+00  0.860508E-02  0.103776E+04
  0.946337E+01  0.989987E+03  0.981192E+03  0.000000E+00  0.000000E+00  0.758666E-02  0.977792E+03
  0.978413E+01  0.932741E+03  0.924450E+03  0.000000E+00  0.000000E+00  0.668569E-02  0.921250E+03
  0.101158E+02  0.878761E+03  0.870945E+03  0.000000E+00  0.000000E+00  0.589343E-02  0.867935E+03
  0.104586E+02  0.827866E+03  0.820499E+03  0.000000E+00  0.000000E+00  0.519439E-02  0.817667E+03
  0.108131E+02  0.779885E+03  0.772940E+03  0.000000E+00  0.000000E+00  0.457822E-02  0.770276E+03
  0.111796E+02  0.734652E+03  0.728106E+03  0.000000E+00  0.000000E+00  0.403424E-02  0.725600E+03
  0.115586E+02  0.692009E+03  0.685838E+03  0.000000E+00  0.000000E+00  0.355558E-02  0.683481E+03
  0.119504E+02  0.651815E+03  0.645998E+03  0.000000E+00  0.000000E+00  0.313310E-02  0.643782E+03
  0.123554E+02  0.613928E+03  0.608445E+03  0.000000E+00  0.000000E+00  0.276023E-02  0.606361E+03
  0.127742E+02  0.578217E+03  0.573047E+03  0.000000E+00  0.000000E+00  0.243270E-02  0.571089E+03
  0.132072E+02  0.544562E+03  0.539688E+03  0.000000E+00  0.000000E+00  0.214260E-02  0.537848E+03
  0.136549E+02  0.512843E+03  0.508249E+03  0.000000E+00  0.000000E+00  0.188813E-02  0.506520E+03
  0.141177E+02  0.482951E+03  0.478620E+03  0.000000E+00  0.000000E+00  0.166371E-02  0.476996E+03
  0.145962E+02  0.454783E+03  0.450700E+03  0.000000E+00  0.000000E+00  0.146531E-02  0.449174E+03
  0.150909E+02  0.428241E+03  0.424391E+03  0.000000E+00  0.000000E+00  0.129086E-02  0.422959E+03
  0.156025E+02  0.403230E+03  0.399600E+03  0.000000E+00  0.000000E+00  0.113760E-02  0.398255E+03
  0.161313E+02  0.379667E+03  0.376244E+03  0.000000E+00  0.000000E+00  0.100154E-02  0.374982E+03
  0.166781E+02  0.357465E+03  0.354237E+03  0.000000E+00  0.000000E+00  0.882158E-03  0.353053E+03
  0.172434E+02  0.336547E+03  0.333504E+03  0.000000E+00  0.000000E+00  0.777041E-03  0.332393E+03
  0.178278E+02  0.316842E+03  0.313972E+03  0.000000E+00  0.000000E+00  0.684347E-03  0.312930E+03
  0.184321E+02  0.298279E+03  0.295572E+03  0.000000E+00  0.000000E+00  0.602771E-03  0.294595E+03
  0.190569E+02  0.280793E+03  0.278239E+03  0.000000E+00  0.000000E+00  0.530850E-03  0.277324E+03
  0.197028E+02  0.264322E+03  0.261913E+03  0.000000E+00  0.000000E+00  0.467597E-03  0.261056E+03
  0.203706E+02  0.248807E+03  0.246534E+03  0.000000E+00  0.000000E+00  0.411476E-03  0.245732E+03
  0.210611E+02  0.234195E+03  0.232050E+03  0.000000E+00  0.000000E+00  0.362328E-03  0.231299E+03
  0.217750E+02  0.220432E+03  0.218408E+03  0.000000E+00  0.000000E+00  0.319035E-03  0.217706E+03
  0.225131E+02  0.207471E+03  0.205561E+03  0.000000E+00  0.000000E+00  0.280896E-03  0.204904E+03
  0.232761E+02  0.195265E+03  0.193462E+03  0.000000E+00  0.000000E+00  0.247571E-03  0.192848E+03
  0.240651E+02  0.183770E+03  0.182067E+03  0.000000E+00  0.000000E+00  0.218016E-03  0.181495E+03
  0.248808E+02  0.172945E+03  0.171338E+03  0.000000E+00  0.000000E+00  0.191937E-03  0.170803E+03
  0.257241E+02  0.162753E+03  0.161234E+03  0.000000E+00  0.000000E+00  0.168934E-03  0.160736E+03
  0.265960E+02  0.153155E+03  0.151721E+03  0.000000E+00  0.000000E+00  0.148632E-03  0.151257E+03
  0.274975E+02  0.144119E+03  0.142764E+03  0.000000E+00  0.000000E+00  0.130971E-03  0.142331E+03
  0.284295E+02  0.135611E+03  0.134330E+03  0.000000E+00  0.000000E+00  0.115162E-03  0.133928E+03
  0.293932E+02  0.127600E+03  0.126390E+03  0.000000E+00  0.000000E+00  0.101314E-03  0.126016E+03
  0.303894E+02  0.120059E+03  0.118915E+03  0.000000E+00  0.000000E+00  0.891909E-04  0.118567E+03
  0.314195E+02  0.112960E+03  0.111877E+03  0.000000E+00  0.000000E+00  0.785430E-04  0.111555E+03
  0.324844E+02  0.106276E+03  0.105252E+03  0.000000E+00  0.000000E+00  0.690865E-04  0.104954E+03
  0.335855E+02  0.999848E+02  0.990159E+02  0.000000E+00  0.000000E+00  0.608909E-04  0.987398E+02
  0.347239E+02  0.940625E+02  0.931452E+02  0.000000E+00  0.000000E+00  0.536457E-04  0.928902E+02
  0.359009E+02  0.884882E+02  0.876196E+02  0.000000E+00  0.000000E+00  0.471587E-04  0.873845E+02
  0.371177E+02  0.832412E+02  0.824183E+02  0.000000E+00  0.000000E+00  0.414345E-04  0.822020E+02
  0.383758E+02  0.783029E+02  0.775231E+02  0.000000E+00  0.000000E+00  0.365418E-04  0.773243E+02
  0.396766E+02  0.736548E+02  0.729155E+02  0.000000E+00  0.000000E+00  0.321436E-04  0.727334E+02
  0.410214E+02  0.692805E+02  0.685792E+02  0.000000E+00  0.000000E+00  0.283048E-04  0.684128E+02
  0.424119E+02  0.651636E+02  0.644981E+02  0.000000E+00  0.000000E+00  0.248424E-04  0.643465E+02
  0.438494E+02  0.612894E+02  0.606575E+02  0.000000E+00  0.000000E+00  0.219016E-04  0.605198E+02
  0.453357E+02  0.576434E+02  0.570433E+02  0.000000E+00  0.000000E+00  0.192267E-04  0.569187E+02
  0.468724E+02  0.542126E+02  0.536422E+02  0.000000E+00  0.000000E+00  0.169406E-04  0.535300E+02
  0.484611E+02  0.509841E+02  0.504416E+02  0.000000E+00  0.000000E+00  0.148700E-04  0.503412E+02
  0.501037E+02  0.479463E+02  0.474302E+02  0.000000E+00  0.000000E+00  0.130759E-04  0.473407E+02
  0.518020E+02  0.450879E+02  0.445964E+02  0.000000E+00  0.000000E+00  0.115148E-04  0.445173E+02
  0.535578E+02  0.423984E+02  0.419302E+02  0.000000E+00  0.000000E+00  0.101165E-04  0.418609E+02
  0.553732E+02  0.398680E+02  0.394216E+02  0.000000E+00  0.000000E+00  0.890323E-05  0.393615E+02
  0.572501E+02  0.374871E+02  0.370613E+02  0.000000E+00  0.000000E+00  0.784143E-05  0.370099E+02
  0.591905E+02  0.352473E+02  0.348408E+02  0.000000E+00  0.000000E+00  0.693705E-05  0.347976E+02
  0.611968E+02  0.331401E+02  0.327516E+02  0.000000E+00  0.000000E+00  0.605330E-05  0.327162E+02
  0.632711E+02  0.311577E+02  0.307863E+02  0.000000E+00  0.000000E+00  0.533383E-05  0.307581E+02
  0.654157E+02  0.292928E+02  0.289373E+02  0.000000E+00  0.000000E+00  0.472029E-05  0.289161E+02
  0.676329E+02  0.275385E+02  0.271981E+02  0.000000E+00  0.000000E+00  0.413890E-05  0.271833E+02
  0.699254E+02  0.258882E+02  0.255619E+02  0.000000E+00  0.000000E+00  0.362797E-05  0.255532E+02
  0.722955E+02  0.243359E+02  0.240228E+02  0.000000E+00  0.000000E+00  0.318505E-05  0.240200E+02
  0.747460E+02  0.228757E+02  0.225751E+02  0.000000E+00  0.000000E+00  0.279667E-05  0.225777E+02
  0.772794E+02  0.215024E+02  0.212134E+02  0.000000E+00  0.000000E+00  0.246529E-05  0.212212E+02
  0.798989E+02  0.202105E+02  0.199326E+02  0.000000E+00  0.000000E+00  0.218850E-05  0.199452E+02
  0.826070E+02  0.189956E+02  0.187279E+02  0.000000E+00  0.000000E+00  0.189680E-05  0.187451E+02
  0.854070E+02  0.178529E+02  0.175949E+02  0.000000E+00  0.000000E+00  0.166900E-05  0.176164E+02
  0.883018E+02  0.167782E+02  0.165292E+02  0.000000E+00  0.000000E+00  0.146937E-05  0.165548E+02
  0.912949E+02  0.157674E+02  0.155270E+02  0.000000E+00  0.000000E+00  0.129255E-05  0.155565E+02
  0.943893E+02  0.148169E+02  0.145845E+02  0.000000E+00  0.000000E+00  0.112977E-05  0.146176E+02
  0.975888E+02  0.139229E+02  0.136981E+02  0.000000E+00  0.000000E+00  0.100754E-05  0.137346E+02
  0.100897E+03  0.130823E+02  0.128645E+02  0.000000E+00  0.000000E+00  0.882219E-06  0.129042E+02
  0.104316E+03  0.122918E+02  0.120806E+02  0.000000E+00  0.000000E+00  0.772111E-06  0.121234E+02
  0.107852E+03  0.115485E+02  0.113435E+02  0.000000E+00  0.000000E+00  0.686035E-06  0.113892E+02
  0.111508E+03  0.108495E+02  0.106503E+02  0.000000E+00  0.000000E+00  0.603303E-06  0.106987E+02
  0.115287E+03  0.101922E+02  0.999859E+01  0.000000E+00  0.000000E+00  0.533497E-06  0.100495E+02
  0.119195E+03  0.957425E+01  0.938576E+01  0.000000E+00  0.000000E+00  0.475336E-06  0.943908E+01
  0.123235E+03  0.899319E+01  0.880954E+01  0.000000E+00  0.000000E+00  0.408086E-06  0.886512E+01
  0.127412E+03  0.844684E+01  0.826774E+01  0.000000E+00  0.000000E+00  0.357075E-06  0.832545E+01
  0.131731E+03  0.793318E+01  0.775837E+01  0.000000E+00  0.000000E+00  0.314226E-06  0.781807E+01
  0.136196E+03  0.745025E+01  0.727947E+01  0.000000E+00  0.000000E+00  0.283586E-06  0.734105E+01
  0.140812E+03  0.699623E+01  0.682924E+01  0.000000E+00  0.000000E+00  0.238507E-06  0.689258E+01
  0.145585E+03  0.656938E+01  0.640596E+01  0.000000E+00  0.000000E+00  0.209609E-06  0.647095E+01
  0.150520E+03  0.616811E+01  0.600807E+01  0.000000E+00  0.000000E+00  0.185434E-06  0.607459E+01
  0.155622E+03  0.579090E+01  0.563404E+01  0.000000E+00  0.000000E+00  0.163128E-06  0.570199E+01
  0.160897E+03  0.543628E+01  0.528243E+01  0.000000E+00  0.000000E+00  0.144530E-06  0.535172E+01
  0.166350E+03  0.510295E+01  0.495195E+01  0.000000E+00  0.000000E+00  0.123223E-06  0.502248E+01
  0.171989E+03  0.478963E+01  0.464133E+01  0.000000E+00  0.000000E+00  0.106989E-06  0.471301E+01
  0.177818E+03  0.449512E+01  0.434939E+01  0.000000E+00  0.000000E+00  0.975099E-07  0.442212E+01
  0.183845E+03  0.421830E+01  0.407500E+01  0.000000E+00  0.000000E+00  0.858067E-07  0.414870E+01
  0.190077E+03  0.395812E+01  0.381715E+01  0.000000E+00  0.000000E+00  0.749232E-07  0.389173E+01
  0.196519E+03  0.371360E+01  0.357485E+01  0.000000E+00  0.000000E+00  0.653075E-07  0.365023E+01
  0.203180E+03  0.348379E+01  0.334718E+01  0.000000E+00  0.000000E+00  0.549555E-07  0.342327E+01
