  0.106221E-04  0.317164E+07  0.317164E+07  0.422850E+07  0.422850E+07  0.317852E+07  0.317171E+07
  0.109822E-04  0.317164E+07  0.317164E+07  0.422848E+07  0.422847E+07  0.317852E+07  0.317171E+07
  0.113544E-04  0.317164E+07  0.317164E+07  0.422845E+07  0.422844E+07  0.317851E+07  0.317171E+07
  0.117393E-04  0.317164E+07  0.317164E+07  0.422842E+07  0.422842E+07  0.317851E+07  0.317171E+07
  0.121372E-04  0.317164E+07  0.317164E+07  0.422839E+07  0.422839E+07  0.317851E+07  0.317171E+07
  0.125486E-04  0.317164E+07  0.317164E+07  0.422836E+07  0.422835E+07  0.317851E+07  0.317171E+07
  0.129739E-04  0.317164E+07  0.317164E+07  0.422832E+07  0.422832E+07  0.317851E+07  0.317171E+07
  0.134136E-04  0.317164E+07  0.317164E+07  0.422829E+07  0.422828E+07  0.317850E+07  0.317171E+07
  0.138683E-04  0.317164E+07  0.317164E+07  0.422825E+07  0.422824E+07  0.317850E+07  0.317171E+07
  0.143384E-04  0.317164E+07  0.317164E+07  0.422821E+07  0.422820E+07  0.317850E+07  0.317171E+07
  0.148244E-04  0.317164E+07  0.317164E+07  0.422816E+07  0.422816E+07  0.317849E+07  0.317171E+07
  0.153268E-04  0.317164E+07  0.317164E+07  0.422811E+07  0.422811E+07  0.317849E+07  0.317171E+07
  0.158463E-04  0.317164E+07  0.317164E+07  0.422806E+07  0.422806E+07  0.317849E+07  0.317171E+07
  0.163835E-04  0.317164E+07  0.317164E+07  0.422801E+07  0.422800E+07  0.317848E+07  0.317171E+07
  0.169388E-04  0.317164E+07  0.317164E+07  0.422795E+07  0.422794E+07  0.317848E+07  0.317171E+07
  0.175129E-04  0.317164E+07  0.317164E+07  0.422789E+07  0.422788E+07  0.317847E+07  0.317171E+07
  0.181065E-04  0.317164E+07  0.317164E+07  0.422782E+07  0.422781E+07  0.317847E+07  0.317171E+07
  0.187202E-04  0.317163E+07  0.317163E+07  0.422775E+07  0.422774E+07  0.317846E+07  0.317171E+07
  0.193548E-04  0.317163E+07  0.317163E+07  0.422767E+07  0.422766E+07  0.317846E+07  0.317171E+07
  0.200108E-04  0.317163E+07  0.317163E+07  0.422759E+07  0.422758E+07  0.317845E+07  0.317171E+07
  0.206891E-04  0.317163E+07  0.317163E+07  0.422750E+07  0.422749E+07  0.317845E+07  0.317171E+07
  0.213903E-04  0.317163E+07  0.317163E+07  0.422741E+07  0.422740E+07  0.317844E+07  0.317171E+07
  0.221154E-04  0.317163E+07  0.317163E+07  0.422731E+07  0.422730E+07  0.317843E+07  0.317171E+07
  0.228650E-04  0.317163E+07  0.317163E+07  0.422720E+07  0.422719E+07  0.317842E+07  0.317170E+07
  0.236400E-04  0.317163E+07  0.317163E+07  0.422709E+07  0.422707E+07  0.317842E+07  0.317170E+07
  0.244412E-04  0.317163E+07  0.317163E+07  0.422697E+07  0.422695E+07  0.317841E+07  0.317170E+07
  0.252697E-04  0.317163E+07  0.317163E+07  0.422684E+07  0.422682E+07  0.317840E+07  0.317170E+07
  0.261262E-04  0.317163E+07  0.317163E+07  0.422670E+07  0.422668E+07  0.317839E+07  0.317170E+07
  0.270118E-04  0.317163E+07  0.317163E+07  0.422655E+07  0.422653E+07  0.317838E+07  0.317170E+07
  0.279273E-04  0.317162E+07  0.317162E+07  0.422639E+07  0.422637E+07  0.317837E+07  0.317170E+07
  0.288739E-04  0.317162E+07  0.317162E+07  0.422622E+07  0.422620E+07  0.317835E+07  0.317170E+07
  0.298526E-04  0.317162E+07  0.317162E+07  0.422604E+07  0.422601E+07  0.317834E+07  0.317170E+07
  0.308645E-04  0.317162E+07  0.317162E+07  0.422584E+07  0.422582E+07  0.317833E+07  0.317169E+07
  0.319106E-04  0.317162E+07  0.317162E+07  0.422564E+07  0.422561E+07  0.317831E+07  0.317169E+07
  0.329922E-04  0.317162E+07  0.317162E+07  0.422541E+07  0.422538E+07  0.317830E+07  0.317169E+07
  0.341105E-04  0.317162E+07  0.317162E+07  0.422518E+07  0.422514E+07  0.317828E+07  0.317169E+07
  0.352667E-04  0.317161E+07  0.317161E+07  0.422492E+07  0.422489E+07  0.317826E+07  0.317169E+07
  0.364621E-04  0.317161E+07  0.317161E+07  0.422465E+07  0.422461E+07  0.317824E+07  0.317168E+07
  0.376979E-04  0.317161E+07  0.317161E+07  0.422436E+07  0.422432E+07  0.317822E+07  0.317168E+07
  0.389757E-04  0.317161E+07  0.317161E+07  0.422405E+07  0.422401E+07  0.317820E+07  0.317168E+07
  0.402968E-04  0.317160E+07  0.317160E+07  0.422372E+07  0.422368E+07  0.317818E+07  0.317168E+07
  0.416627E-04  0.317160E+07  0.317160E+07  0.422337E+07  0.422332E+07  0.317815E+07  0.317167E+07
  0.430748E-04  0.317160E+07  0.317160E+07  0.422299E+07  0.422294E+07  0.317812E+07  0.317167E+07
  0.445349E-04  0.317160E+07  0.317160E+07  0.422259E+07  0.422253E+07  0.317809E+07  0.317167E+07
  0.460444E-04  0.317159E+07  0.317159E+07  0.422215E+07  0.422209E+07  0.317806E+07  0.317166E+07
  0.476050E-04  0.317159E+07  0.317159E+07  0.422169E+07  0.422163E+07  0.317803E+07  0.317166E+07
  0.492186E-04  0.317159E+07  0.317159E+07  0.422120E+07  0.422113E+07  0.317799E+07  0.317166E+07
  0.508869E-04  0.317158E+07  0.317158E+07  0.422067E+07  0.422060E+07  0.317796E+07  0.317165E+07
  0.526117E-04  0.317158E+07  0.317158E+07  0.422011E+07  0.422003E+07  0.317792E+07  0.317165E+07
  0.543950E-04  0.317157E+07  0.317157E+07  0.421951E+07  0.421942E+07  0.317787E+07  0.317164E+07
  0.562387E-04  0.317157E+07  0.317157E+07  0.421886E+07  0.421877E+07  0.317783E+07  0.317164E+07
  0.581449E-04  0.317156E+07  0.317156E+07  0.421817E+07  0.421808E+07  0.317778E+07  0.317163E+07
  0.601158E-04  0.317156E+07  0.317156E+07  0.421744E+07  0.421733E+07  0.317772E+07  0.317163E+07
  0.621534E-04  0.317155E+07  0.317155E+07  0.421665E+07  0.421654E+07  0.317767E+07  0.317162E+07
  0.642601E-04  0.317155E+07  0.317155E+07  0.421581E+07  0.421569E+07  0.317761E+07  0.317161E+07
  0.664382E-04  0.317154E+07  0.317154E+07  0.421491E+07  0.421479E+07  0.317754E+07  0.317161E+07
  0.686901E-04  0.317153E+07  0.317153E+07  0.421395E+07  0.421382E+07  0.317747E+07  0.317160E+07
  0.710184E-04  0.317153E+07  0.317153E+07  0.421293E+07  0.421278E+07  0.317740E+07  0.317159E+07
  0.734256E-04  0.317152E+07  0.317152E+07  0.421183E+07  0.421168E+07  0.317732E+07  0.317158E+07
  0.759143E-04  0.317151E+07  0.317151E+07  0.421066E+07  0.421049E+07  0.317724E+07  0.317157E+07
  0.784875E-04  0.317150E+07  0.317150E+07  0.420941E+07  0.420923E+07  0.317715E+07  0.317156E+07
  0.811478E-04  0.317149E+07  0.317149E+07  0.420807E+07  0.420788E+07  0.317705E+07  0.317155E+07
  0.838983E-04  0.317148E+07  0.317148E+07  0.420664E+07  0.420644E+07  0.317695E+07  0.317154E+07
  0.867421E-04  0.317147E+07  0.317147E+07  0.420512E+07  0.420490E+07  0.317684E+07  0.317153E+07
  0.896822E-04  0.317146E+07  0.317146E+07  0.420348E+07  0.420325E+07  0.317672E+07  0.317151E+07
  0.927220E-04  0.317144E+07  0.317144E+07  0.420174E+07  0.420149E+07  0.317660E+07  0.317150E+07
  0.958648E-04  0.317143E+07  0.317143E+07  0.419988E+07  0.419961E+07  0.317646E+07  0.317148E+07
  0.991141E-04  0.317142E+07  0.317141E+07  0.419789E+07  0.419760E+07  0.317632E+07  0.317147E+07
  0.102474E-03  0.317140E+07  0.317140E+07  0.419576E+07  0.419545E+07  0.317616E+07  0.317145E+07
  0.105947E-03  0.317138E+07  0.317138E+07  0.419348E+07  0.419316E+07  0.317600E+07  0.317143E+07
  0.109538E-03  0.317137E+07  0.317136E+07  0.419106E+07  0.419071E+07  0.317582E+07  0.317141E+07
  0.113251E-03  0.317135E+07  0.317135E+07  0.418846E+07  0.418809E+07  0.317564E+07  0.317139E+07
  0.117090E-03  0.317133E+07  0.317132E+07  0.418569E+07  0.418530E+07  0.317544E+07  0.317137E+07
  0.121058E-03  0.317130E+07  0.317130E+07  0.418273E+07  0.418231E+07  0.317522E+07  0.317135E+07
  0.125162E-03  0.317128E+07  0.317128E+07  0.417957E+07  0.417912E+07  0.317500E+07  0.317132E+07
  0.129404E-03  0.317126E+07  0.317125E+07  0.417619E+07  0.417571E+07  0.317475E+07  0.317129E+07
  0.133790E-03  0.317123E+07  0.317123E+07  0.417258E+07  0.417207E+07  0.317449E+07  0.317126E+07
  0.138325E-03  0.317120E+07  0.317120E+07  0.416873E+07  0.416818E+07  0.317421E+07  0.317123E+07
  0.143013E-03  0.317117E+07  0.317117E+07  0.416461E+07  0.416402E+07  0.317391E+07  0.317120E+07
  0.147861E-03  0.317114E+07  0.317114E+07  0.416022E+07  0.415959E+07  0.317359E+07  0.317116E+07
  0.152873E-03  0.317110E+07  0.317110E+07  0.415552E+07  0.415485E+07  0.317325E+07  0.317113E+07
  0.158054E-03  0.317107E+07  0.317106E+07  0.415051E+07  0.414980E+07  0.317289E+07  0.317109E+07
  0.163412E-03  0.317103E+07  0.317102E+07  0.414516E+07  0.414440E+07  0.317250E+07  0.317104E+07
  0.168950E-03  0.317098E+07  0.317098E+07  0.413945E+07  0.413863E+07  0.317208E+07  0.317100E+07
  0.174677E-03  0.317094E+07  0.317094E+07  0.413335E+07  0.413248E+07  0.317164E+07  0.317095E+07
  0.180598E-03  0.317089E+07  0.317089E+07  0.412684E+07  0.412591E+07  0.317117E+07  0.317089E+07
  0.186719E-03  0.317084E+07  0.317084E+07  0.411989E+07  0.411890E+07  0.317066E+07  0.317084E+07
  0.193048E-03  0.317078E+07  0.317078E+07  0.411248E+07  0.411142E+07  0.317012E+07  0.317078E+07
  0.199591E-03  0.317072E+07  0.317072E+07  0.410457E+07  0.410344E+07  0.316954E+07  0.317071E+07
  0.206357E-03  0.317066E+07  0.317066E+07  0.409612E+07  0.409492E+07  0.316892E+07  0.317064E+07
  0.213351E-03  0.317059E+07  0.317059E+07  0.408712E+07  0.408584E+07  0.316826E+07  0.317057E+07
  0.220583E-03  0.317052E+07  0.317052E+07  0.407751E+07  0.407615E+07  0.316755E+07  0.317049E+07
  0.228059E-03  0.317044E+07  0.317044E+07  0.406727E+07  0.406581E+07  0.316680E+07  0.317040E+07
  0.235789E-03  0.317036E+07  0.317036E+07  0.405634E+07  0.405479E+07  0.316599E+07  0.317031E+07
  0.243781E-03  0.317027E+07  0.317027E+07  0.404469E+07  0.404304E+07  0.316513E+07  0.317022E+07
  0.252044E-03  0.317018E+07  0.317017E+07  0.403228E+07  0.403052E+07  0.316421E+07  0.317011E+07
  0.260588E-03  0.317008E+07  0.317007E+07  0.401905E+07  0.401717E+07  0.316323E+07  0.317000E+07
  0.269420E-03  0.316997E+07  0.316996E+07  0.400495E+07  0.400295E+07  0.316218E+07  0.316989E+07
  0.278552E-03  0.316986E+07  0.316985E+07  0.398992E+07  0.398780E+07  0.316106E+07  0.316976E+07
  0.287994E-03  0.316974E+07  0.316973E+07  0.397393E+07  0.397167E+07  0.315986E+07  0.316963E+07
  0.297755E-03  0.316960E+07  0.316960E+07  0.395689E+07  0.395449E+07  0.315858E+07  0.316948E+07
  0.307848E-03  0.316946E+07  0.316945E+07  0.393876E+07  0.393620E+07  0.315722E+07  0.316933E+07
  0.318282E-03  0.316932E+07  0.316930E+07  0.391946E+07  0.391675E+07  0.315576E+07  0.316917E+07
  0.329071E-03  0.316916E+07  0.316914E+07  0.389893E+07  0.389605E+07  0.315420E+07  0.316899E+07
  0.340224E-03  0.316899E+07  0.316897E+07  0.387709E+07  0.387403E+07  0.315254E+07  0.316880E+07
  0.351756E-03  0.316880E+07  0.316879E+07  0.385388E+07  0.385063E+07  0.315077E+07  0.316861E+07
  0.363679E-03  0.316861E+07  0.316860E+07  0.382921E+07  0.382576E+07  0.314887E+07  0.316839E+07
  0.376006E-03  0.316840E+07  0.316839E+07  0.380300E+07  0.379935E+07  0.314685E+07  0.316816E+07
  0.388751E-03  0.316818E+07  0.316816E+07  0.377518E+07  0.377130E+07  0.314469E+07  0.316792E+07
  0.401928E-03  0.316794E+07  0.316793E+07  0.374564E+07  0.374154E+07  0.314239E+07  0.316766E+07
  0.415551E-03  0.316769E+07  0.316767E+07  0.371431E+07  0.370997E+07  0.313994E+07  0.316739E+07
  0.429636E-03  0.316742E+07  0.316740E+07  0.368109E+07  0.367650E+07  0.313731E+07  0.316709E+07
  0.444199E-03  0.316713E+07  0.316711E+07  0.364589E+07  0.364104E+07  0.313452E+07  0.316677E+07
  0.459255E-03  0.316682E+07  0.316680E+07  0.360862E+07  0.360349E+07  0.313154E+07  0.316644E+07
  0.474821E-03  0.316650E+07  0.316647E+07  0.356917E+07  0.356375E+07  0.312836E+07  0.316608E+07
  0.490915E-03  0.316615E+07  0.316612E+07  0.352745E+07  0.352174E+07  0.312496E+07  0.316569E+07
  0.507555E-03  0.316577E+07  0.316574E+07  0.348336E+07  0.347734E+07  0.312135E+07  0.316528E+07
  0.524759E-03  0.316537E+07  0.316534E+07  0.343681E+07  0.343048E+07  0.311749E+07  0.316485E+07
  0.542546E-03  0.316495E+07  0.316492E+07  0.338770E+07  0.338104E+07  0.311339E+07  0.316438E+07
  0.560935E-03  0.316449E+07  0.316446E+07  0.333594E+07  0.332895E+07  0.310901E+07  0.316388E+07
  0.579948E-03  0.316401E+07  0.316397E+07  0.328143E+07  0.327410E+07  0.310435E+07  0.316335E+07
  0.599606E-03  0.316349E+07  0.316345E+07  0.322411E+07  0.321643E+07  0.309939E+07  0.316279E+07
  0.619929E-03  0.316294E+07  0.316290E+07  0.316388E+07  0.315585E+07  0.309410E+07  0.316218E+07
  0.640942E-03  0.316235E+07  0.316231E+07  0.310068E+07  0.309230E+07  0.308847E+07  0.316154E+07
  0.662667E-03  0.316173E+07  0.316168E+07  0.303446E+07  0.302573E+07  0.308249E+07  0.316086E+07
  0.685128E-03  0.316106E+07  0.316101E+07  0.296516E+07  0.295608E+07  0.307612E+07  0.316013E+07
  0.708350E-03  0.316035E+07  0.316029E+07  0.289276E+07  0.288333E+07  0.306934E+07  0.315935E+07
  0.732360E-03  0.315959E+07  0.315953E+07  0.281725E+07  0.280747E+07  0.306214E+07  0.315852E+07
  0.757184E-03  0.315878E+07  0.315872E+07  0.273862E+07  0.272851E+07  0.305449E+07  0.315764E+07
  0.782848E-03  0.315792E+07  0.315786E+07  0.265691E+07  0.264649E+07  0.304636E+07  0.315670E+07
  0.809383E-03  0.315701E+07  0.315694E+07  0.257217E+07  0.256145E+07  0.303773E+07  0.315570E+07
  0.836817E-03  0.315603E+07  0.315596E+07  0.248449E+07  0.247349E+07  0.302857E+07  0.315463E+07
  0.865181E-03  0.315499E+07  0.315491E+07  0.239398E+07  0.238273E+07  0.301886E+07  0.315350E+07
  0.894507E-03  0.315389E+07  0.315380E+07  0.230080E+07  0.228933E+07  0.300856E+07  0.315230E+07
  0.924826E-03  0.315272E+07  0.315263E+07  0.220514E+07  0.219348E+07  0.299764E+07  0.315101E+07
  0.956173E-03  0.315147E+07  0.315137E+07  0.210722E+07  0.209541E+07  0.298608E+07  0.314965E+07
  0.988582E-03  0.315014E+07  0.315004E+07  0.200733E+07  0.199542E+07  0.297385E+07  0.314821E+07
  0.102209E-02  0.314873E+07  0.314862E+07  0.190578E+07  0.189382E+07  0.296091E+07  0.314667E+07
  0.105673E-02  0.314724E+07  0.314712E+07  0.180296E+07  0.179100E+07  0.294723E+07  0.314504E+07
  0.109255E-02  0.314565E+07  0.314552E+07  0.169928E+07  0.168738E+07  0.293278E+07  0.314331E+07
  0.112958E-02  0.314396E+07  0.314382E+07  0.159522E+07  0.158343E+07  0.291754E+07  0.314148E+07
  0.116787E-02  0.314217E+07  0.314203E+07  0.149129E+07  0.147968E+07  0.290147E+07  0.313953E+07
  0.120746E-02  0.314027E+07  0.314012E+07  0.138807E+07  0.137668E+07  0.288454E+07  0.313747E+07
  0.124838E-02  0.313826E+07  0.313810E+07  0.128616E+07  0.127506E+07  0.286673E+07  0.313528E+07
  0.129070E-02  0.313613E+07  0.313596E+07  0.118620E+07  0.117543E+07  0.284800E+07  0.313297E+07
  0.133445E-02  0.313388E+07  0.313369E+07  0.108886E+07  0.107847E+07  0.282834E+07  0.313052E+07
  0.137968E-02  0.313149E+07  0.313129E+07  0.994814E+06  0.984844E+06  0.280771E+07  0.312793E+07
  0.142644E-02  0.312897E+07  0.312875E+07  0.904757E+06  0.895225E+06  0.278610E+07  0.312520E+07
  0.147479E-02  0.312630E+07  0.312606E+07  0.819351E+06  0.810262E+06  0.276350E+07  0.312231E+07
  0.152478E-02  0.312348E+07  0.312323E+07  0.739230E+06  0.730572E+06  0.273988E+07  0.311926E+07
  0.157646E-02  0.312050E+07  0.312023E+07  0.664970E+06  0.656710E+06  0.271525E+07  0.311604E+07
  0.162990E-02  0.311736E+07  0.311707E+07  0.597068E+06  0.589151E+06  0.268959E+07  0.311265E+07
  0.168514E-02  0.311404E+07  0.311374E+07  0.535921E+06  0.528265E+06  0.266291E+07  0.310908E+07
  0.174226E-02  0.311055E+07  0.311022E+07  0.481797E+06  0.474297E+06  0.263521E+07  0.310532E+07
  0.180131E-02  0.310687E+07  0.310652E+07  0.434814E+06  0.427340E+06  0.260651E+07  0.310137E+07
  0.186237E-02  0.310300E+07  0.310263E+07  0.394921E+06  0.387323E+06  0.257684E+07  0.309721E+07
  0.192550E-02  0.309892E+07  0.309853E+07  0.361880E+06  0.353995E+06  0.254621E+07  0.309284E+07
  0.199076E-02  0.309464E+07  0.309422E+07  0.335260E+06  0.326917E+06  0.251467E+07  0.308826E+07
  0.205824E-02  0.309014E+07  0.308970E+07  0.314440E+06  0.305470E+06  0.248226E+07  0.308346E+07
  0.212800E-02  0.308542E+07  0.308494E+07  0.298614E+06  0.288867E+06  0.244903E+07  0.307842E+07
  0.220013E-02  0.308047E+07  0.307996E+07  0.286822E+06  0.276177E+06  0.241505E+07  0.307315E+07
  0.227470E-02  0.307528E+07  0.307473E+07  0.277985E+06  0.266372E+06  0.238037E+07  0.306763E+07
  0.235181E-02  0.306984E+07  0.306926E+07  0.270961E+06  0.258372E+06  0.234509E+07  0.306186E+07
  0.243152E-02  0.306415E+07  0.306353E+07  0.264607E+06  0.251118E+06  0.230927E+07  0.305583E+07
  0.251394E-02  0.305819E+07  0.305753E+07  0.257861E+06  0.243638E+06  0.227301E+07  0.304954E+07
  0.259915E-02  0.305197E+07  0.305126E+07  0.249816E+06  0.235124E+06  0.223640E+07  0.304298E+07
  0.268725E-02  0.304546E+07  0.304471E+07  0.239799E+06  0.225001E+06  0.219953E+07  0.303613E+07
  0.277833E-02  0.303867E+07  0.303787E+07  0.227443E+06  0.212984E+06  0.216249E+07  0.302901E+07
  0.287250E-02  0.303159E+07  0.303073E+07  0.212728E+06  0.199112E+06  0.212538E+07  0.302159E+07
  0.296987E-02  0.302420E+07  0.302328E+07  0.195994E+06  0.183747E+06  0.208828E+07  0.301387E+07
  0.307053E-02  0.301651E+07  0.301552E+07  0.177918E+06  0.167539E+06  0.205128E+07  0.300584E+07
  0.317461E-02  0.300849E+07  0.300744E+07  0.159439E+06  0.151343E+06  0.201445E+07  0.299750E+07
  0.328221E-02  0.300015E+07  0.299903E+07  0.141642E+06  0.136105E+06  0.197785E+07  0.298884E+07
  0.339346E-02  0.299148E+07  0.299028E+07  0.125606E+06  0.122715E+06  0.194152E+07  0.297985E+07
  0.350848E-02  0.298246E+07  0.298119E+07  0.112228E+06  0.111850E+06  0.190549E+07  0.297053E+07
  0.362740E-02  0.297310E+07  0.297174E+07  0.102066E+06  0.103844E+06  0.186979E+07  0.296087E+07
  0.375035E-02  0.296338E+07  0.296193E+07  0.952059E+05  0.985952E+05  0.183440E+07  0.295085E+07
  0.387747E-02  0.295330E+07  0.295175E+07  0.912197E+05  0.955535E+05  0.179931E+07  0.294048E+07
  0.400890E-02  0.294284E+07  0.294120E+07  0.000000E+00  0.000000E+00  0.176449E+07  0.292975E+07
  0.414478E-02  0.293202E+07  0.293026E+07  0.000000E+00  0.000000E+00  0.172988E+07  0.291864E+07
  0.428527E-02  0.292080E+07  0.291893E+07  0.000000E+00  0.000000E+00  0.169543E+07  0.290716E+07
  0.443052E-02  0.290920E+07  0.290720E+07  0.000000E+00  0.000000E+00  0.166107E+07  0.289528E+07
  0.458069E-02  0.289719E+07  0.289506E+07  0.000000E+00  0.000000E+00  0.162675E+07  0.288301E+07
  0.473596E-02  0.288478E+07  0.288251E+07  0.000000E+00  0.000000E+00  0.159241E+07  0.287034E+07
  0.489648E-02  0.287195E+07  0.286953E+07  0.000000E+00  0.000000E+00  0.155798E+07  0.285725E+07
  0.506245E-02  0.285870E+07  0.285612E+07  0.000000E+00  0.000000E+00  0.152345E+07  0.284374E+07
  0.523404E-02  0.284502E+07  0.284228E+07  0.000000E+00  0.000000E+00  0.148878E+07  0.282981E+07
  0.541145E-02  0.283091E+07  0.282798E+07  0.000000E+00  0.000000E+00  0.145398E+07  0.281544E+07
  0.559487E-02  0.281634E+07  0.281322E+07  0.000000E+00  0.000000E+00  0.141905E+07  0.280062E+07
  0.578451E-02  0.280132E+07  0.279800E+07  0.000000E+00  0.000000E+00  0.138402E+07  0.278535E+07
  0.598058E-02  0.278584E+07  0.278230E+07  0.000000E+00  0.000000E+00  0.134893E+07  0.276962E+07
  0.618329E-02  0.276989E+07  0.276612E+07  0.000000E+00  0.000000E+00  0.131383E+07  0.275342E+07
  0.639287E-02  0.275345E+07  0.274944E+07  0.000000E+00  0.000000E+00  0.127877E+07  0.273674E+07
  0.660956E-02  0.273653E+07  0.273226E+07  0.000000E+00  0.000000E+00  0.124380E+07  0.271958E+07
  0.683359E-02  0.271911E+07  0.271457E+07  0.000000E+00  0.000000E+00  0.120896E+07  0.270192E+07
  0.706522E-02  0.270118E+07  0.269635E+07  0.000000E+00  0.000000E+00  0.117431E+07  0.268376E+07
  0.730469E-02  0.268274E+07  0.267760E+07  0.000000E+00  0.000000E+00  0.113986E+07  0.266510E+07
  0.755228E-02  0.266378E+07  0.265832E+07  0.000000E+00  0.000000E+00  0.110566E+07  0.264592E+07
  0.780827E-02  0.264429E+07  0.263848E+07  0.000000E+00  0.000000E+00  0.107172E+07  0.262621E+07
  0.807293E-02  0.262426E+07  0.261808E+07  0.000000E+00  0.000000E+00  0.103808E+07  0.260597E+07
  0.834657E-02  0.260368E+07  0.259711E+07  0.000000E+00  0.000000E+00  0.100474E+07  0.258519E+07
  0.862947E-02  0.258255E+07  0.257557E+07  0.000000E+00  0.000000E+00  0.971746E+06  0.256386E+07
  0.892197E-02  0.256085E+07  0.255344E+07  0.000000E+00  0.000000E+00  0.939107E+06  0.254197E+07
  0.922438E-02  0.253858E+07  0.253071E+07  0.000000E+00  0.000000E+00  0.906851E+06  0.251951E+07
  0.953704E-02  0.251573E+07  0.250737E+07  0.000000E+00  0.000000E+00  0.875001E+06  0.249648E+07
  0.986030E-02  0.249228E+07  0.248342E+07  0.000000E+00  0.000000E+00  0.843581E+06  0.247287E+07
  0.101945E-01  0.246824E+07  0.245884E+07  0.000000E+00  0.000000E+00  0.812615E+06  0.244866E+07
  0.105401E-01  0.244360E+07  0.243363E+07  0.000000E+00  0.000000E+00  0.782128E+06  0.242386E+07
  0.108973E-01  0.241834E+07  0.240777E+07  0.000000E+00  0.000000E+00  0.752143E+06  0.239845E+07
  0.112667E-01  0.239246E+07  0.238126E+07  0.000000E+00  0.000000E+00  0.722684E+06  0.237242E+07
  0.116486E-01  0.236595E+07  0.235409E+07  0.000000E+00  0.000000E+00  0.693773E+06  0.234578E+07
  0.120434E-01  0.233880E+07  0.232625E+07  0.000000E+00  0.000000E+00  0.665432E+06  0.231850E+07
  0.124516E-01  0.231101E+07  0.229773E+07  0.000000E+00  0.000000E+00  0.637681E+06  0.229059E+07
  0.128737E-01  0.228257E+07  0.226852E+07  0.000000E+00  0.000000E+00  0.610541E+06  0.226203E+07
  0.133100E-01  0.225347E+07  0.223863E+07  0.000000E+00  0.000000E+00  0.584029E+06  0.223283E+07
  0.137612E-01  0.222371E+07  0.220803E+07  0.000000E+00  0.000000E+00  0.558157E+06  0.220297E+07
  0.142276E-01  0.219328E+07  0.217674E+07  0.000000E+00  0.000000E+00  0.532937E+06  0.217246E+07
  0.147098E-01  0.216219E+07  0.214474E+07  0.000000E+00  0.000000E+00  0.508373E+06  0.214129E+07
  0.152084E-01  0.213043E+07  0.211204E+07  0.000000E+00  0.000000E+00  0.484465E+06  0.210946E+07
  0.157239E-01  0.209800E+07  0.207863E+07  0.000000E+00  0.000000E+00  0.461209E+06  0.207696E+07
  0.162569E-01  0.206490E+07  0.204452E+07  0.000000E+00  0.000000E+00  0.438598E+06  0.204381E+07
  0.168079E-01  0.203113E+07  0.200972E+07  0.000000E+00  0.000000E+00  0.416629E+06  0.201000E+07
  0.173776E-01  0.199671E+07  0.197422E+07  0.000000E+00  0.000000E+00  0.395308E+06  0.197553E+07
  0.179666E-01  0.196163E+07  0.193804E+07  0.000000E+00  0.000000E+00  0.374646E+06  0.194043E+07
  0.185756E-01  0.192592E+07  0.190120E+07  0.000000E+00  0.000000E+00  0.354667E+06  0.190470E+07
  0.192052E-01  0.188958E+07  0.186371E+07  0.000000E+00  0.000000E+00  0.335388E+06  0.186836E+07
  0.198562E-01  0.185264E+07  0.182560E+07  0.000000E+00  0.000000E+00  0.316810E+06  0.183142E+07
  0.205292E-01  0.181512E+07  0.178689E+07  0.000000E+00  0.000000E+00  0.298917E+06  0.179392E+07
  0.212251E-01  0.177704E+07  0.174762E+07  0.000000E+00  0.000000E+00  0.281677E+06  0.175587E+07
  0.219445E-01  0.173845E+07  0.170783E+07  0.000000E+00  0.000000E+00  0.265072E+06  0.171732E+07
  0.226883E-01  0.169937E+07  0.166756E+07  0.000000E+00  0.000000E+00  0.249111E+06  0.167829E+07
  0.234573E-01  0.165986E+07  0.162687E+07  0.000000E+00  0.000000E+00  0.233826E+06  0.163885E+07
  0.242524E-01  0.161997E+07  0.158582E+07  0.000000E+00  0.000000E+00  0.219232E+06  0.159903E+07
  0.250745E-01  0.157974E+07  0.154448E+07  0.000000E+00  0.000000E+00  0.205302E+06  0.155891E+07
  0.259244E-01  0.153926E+07  0.150292E+07  0.000000E+00  0.000000E+00  0.191989E+06  0.151855E+07
  0.268031E-01  0.149860E+07  0.146123E+07  0.000000E+00  0.000000E+00  0.179282E+06  0.147802E+07
  0.277116E-01  0.145783E+07  0.141951E+07  0.000000E+00  0.000000E+00  0.167216E+06  0.143740E+07
  0.286509E-01  0.141705E+07  0.137786E+07  0.000000E+00  0.000000E+00  0.155795E+06  0.139680E+07
  0.296220E-01  0.137636E+07  0.133639E+07  0.000000E+00  0.000000E+00  0.144966E+06  0.135630E+07
  0.306260E-01  0.133586E+07  0.129523E+07  0.000000E+00  0.000000E+00  0.134705E+06  0.131602E+07
  0.316641E-01  0.129566E+07  0.125450E+07  0.000000E+00  0.000000E+00  0.125046E+06  0.127606E+07
  0.327374E-01  0.125589E+07  0.121435E+07  0.000000E+00  0.000000E+00  0.115975E+06  0.123656E+07
  0.338470E-01  0.122275E+07  0.118097E+07  0.000000E+00  0.000000E+00  0.939156E+05  0.120350E+07
  0.349942E-01  0.118440E+07  0.114258E+07  0.000000E+00  0.000000E+00  0.866383E+05  0.116549E+07
  0.361804E-01  0.114686E+07  0.110517E+07  0.000000E+00  0.000000E+00  0.798936E+05  0.112830E+07
  0.374067E-01  0.110989E+07  0.106855E+07  0.000000E+00  0.000000E+00  0.735875E+05  0.109173E+07
  0.386746E-01  0.107379E+07  0.103300E+07  0.000000E+00  0.000000E+00  0.677256E+05  0.105605E+07
  0.399855E-01  0.103885E+07  0.998820E+06  0.000000E+00  0.000000E+00  0.623013E+05  0.102155E+07
  0.413408E-01  0.100520E+07  0.966158E+06  0.000000E+00  0.000000E+00  0.572974E+05  0.988381E+06
  0.427421E-01  0.972965E+06  0.935128E+06  0.000000E+00  0.000000E+00  0.527179E+05  0.956646E+06
  0.441908E-01  0.938499E+06  0.902088E+06  0.000000E+00  0.000000E+00  0.538827E+05  0.922806E+06
  0.456886E-01  0.909190E+06  0.874399E+06  0.000000E+00  0.000000E+00  0.497384E+05  0.894041E+06
  0.472373E-01  0.881415E+06  0.848427E+06  0.000000E+00  0.000000E+00  0.459330E+05  0.866827E+06
  0.488384E-01  0.855128E+06  0.824097E+06  0.000000E+00  0.000000E+00  0.424324E+05  0.841114E+06
  0.504938E-01  0.830237E+06  0.801288E+06  0.000000E+00  0.000000E+00  0.392156E+05  0.816806E+06
  0.522053E-01  0.806638E+06  0.779854E+06  0.000000E+00  0.000000E+00  0.362566E+05  0.793792E+06
  0.539748E-01  0.786294E+06  0.761708E+06  0.000000E+00  0.000000E+00  0.312564E+05  0.773981E+06
  0.558043E-01  0.764825E+06  0.742428E+06  0.000000E+00  0.000000E+00  0.288491E+05  0.753085E+06
  0.576957E-01  0.744147E+06  0.723869E+06  0.000000E+00  0.000000E+00  0.266211E+05  0.732960E+06
  0.596514E-01  0.724067E+06  0.705784E+06  0.000000E+00  0.000000E+00  0.245676E+05  0.713410E+06
  0.616732E-01  0.704383E+06  0.687912E+06  0.000000E+00  0.000000E+00  0.226452E+05  0.694220E+06
  0.637637E-01  0.683415E+06  0.668524E+06  0.000000E+00  0.000000E+00  0.221762E+05  0.673739E+06
  0.659249E-01  0.663803E+06  0.650207E+06  0.000000E+00  0.000000E+00  0.204468E+05  0.654537E+06
  0.681595E-01  0.643882E+06  0.631266E+06  0.000000E+00  0.000000E+00  0.188142E+05  0.634978E+06
  0.704697E-01  0.623438E+06  0.611464E+06  0.000000E+00  0.000000E+00  0.172810E+05  0.614847E+06
  0.728583E-01  0.602729E+06  0.591055E+06  0.000000E+00  0.000000E+00  0.153914E+05  0.594393E+06
  0.753278E-01  0.580931E+06  0.569236E+06  0.000000E+00  0.000000E+00  0.140427E+05  0.572814E+06
  0.778811E-01  0.558478E+06  0.546480E+06  0.000000E+00  0.000000E+00  0.127762E+05  0.550541E+06
  0.805209E-01  0.535533E+06  0.523011E+06  0.000000E+00  0.000000E+00  0.115917E+05  0.527745E+06
  0.832502E-01  0.512339E+06  0.499154E+06  0.000000E+00  0.000000E+00  0.104870E+05  0.504681E+06
  0.860720E-01  0.489201E+06  0.475313E+06  0.000000E+00  0.000000E+00  0.946842E+04  0.481667E+06
  0.889894E-01  0.466457E+06  0.451930E+06  0.000000E+00  0.000000E+00  0.853216E+04  0.459054E+06
  0.920057E-01  0.444475E+06  0.429479E+06  0.000000E+00  0.000000E+00  0.768119E+04  0.437224E+06
  0.951242E-01  0.423653E+06  0.408449E+06  0.000000E+00  0.000000E+00  0.691536E+04  0.416585E+06
  0.983485E-01  0.404391E+06  0.389310E+06  0.000000E+00  0.000000E+00  0.623613E+04  0.397545E+06
  0.101682E+00  0.387028E+06  0.372436E+06  0.000000E+00  0.000000E+00  0.563459E+04  0.380447E+06
  0.105129E+00  0.371738E+06  0.357992E+06  0.000000E+00  0.000000E+00  0.511237E+04  0.365458E+06
  0.108692E+00  0.358435E+06  0.345837E+06  0.000000E+00  0.000000E+00  0.465583E+04  0.352486E+06
  0.112376E+00  0.346761E+06  0.335513E+06  0.000000E+00  0.000000E+00  0.425288E+04  0.341160E+06
  0.116185E+00  0.336169E+06  0.326336E+06  0.000000E+00  0.000000E+00  0.389259E+04  0.330915E+06
  0.120123E+00  0.326056E+06  0.317554E+06  0.000000E+00  0.000000E+00  0.356420E+04  0.321130E+06
  0.124195E+00  0.315873E+06  0.308474E+06  0.000000E+00  0.000000E+00  0.325724E+04  0.311239E+06
  0.128404E+00  0.305161E+06  0.298523E+06  0.000000E+00  0.000000E+00  0.296822E+04  0.300767E+06
  0.132756E+00  0.293570E+06  0.287295E+06  0.000000E+00  0.000000E+00  0.269203E+04  0.289359E+06
  0.137256E+00  0.280937E+06  0.274644E+06  0.000000E+00  0.000000E+00  0.242818E+04  0.276858E+06
  0.141909E+00  0.267416E+06  0.260813E+06  0.000000E+00  0.000000E+00  0.217686E+04  0.263429E+06
  0.146719E+00  0.253510E+06  0.246459E+06  0.000000E+00  0.000000E+00  0.194353E+04  0.249598E+06
  0.151692E+00  0.239938E+06  0.232480E+06  0.000000E+00  0.000000E+00  0.173117E+04  0.236103E+06
  0.156833E+00  0.227390E+06  0.219736E+06  0.000000E+00  0.000000E+00  0.154465E+04  0.223657E+06
  0.162149E+00  0.216346E+06  0.208817E+06  0.000000E+00  0.000000E+00  0.138341E+04  0.212752E+06
  0.167645E+00  0.206997E+06  0.199936E+06  0.000000E+00  0.000000E+00  0.124590E+04  0.203581E+06
  0.173328E+00  0.199202E+06  0.192869E+06  0.000000E+00  0.000000E+00  0.112906E+04  0.195991E+06
  0.179203E+00  0.192455E+06  0.186947E+06  0.000000E+00  0.000000E+00  0.102710E+04  0.189455E+06
  0.185277E+00  0.185987E+06  0.181210E+06  0.000000E+00  0.000000E+00  0.934218E+03  0.183178E+06
  0.191557E+00  0.179056E+06  0.174756E+06  0.000000E+00  0.000000E+00  0.846310E+03  0.176400E+06
  0.198050E+00  0.171257E+06  0.167120E+06  0.000000E+00  0.000000E+00  0.761170E+03  0.168713E+06
  0.204762E+00  0.162687E+06  0.158454E+06  0.000000E+00  0.000000E+00  0.679871E+03  0.160219E+06
  0.211703E+00  0.153883E+06  0.149453E+06  0.000000E+00  0.000000E+00  0.604251E+03  0.151477E+06
  0.218878E+00  0.145562E+06  0.141019E+06  0.000000E+00  0.000000E+00  0.537079E+03  0.143227E+06
  0.226297E+00  0.138289E+06  0.133848E+06  0.000000E+00  0.000000E+00  0.479561E+03  0.136049E+06
  0.233968E+00  0.132246E+06  0.128136E+06  0.000000E+00  0.000000E+00  0.431062E+03  0.130127E+06
  0.241898E+00  0.127109E+06  0.123450E+06  0.000000E+00  0.000000E+00  0.389495E+03  0.125120E+06
  0.250097E+00  0.122205E+06  0.118948E+06  0.000000E+00  0.000000E+00  0.351868E+03  0.120336E+06
  0.258574E+00  0.116979E+06  0.113950E+06  0.000000E+00  0.000000E+00  0.316341E+03  0.115205E+06
  0.267339E+00  0.111253E+06  0.108266E+06  0.000000E+00  0.000000E+00  0.282594E+03  0.109548E+06
  0.276400E+00  0.105327E+06  0.102299E+06  0.000000E+00  0.000000E+00  0.251065E+03  0.103679E+06
  0.285769E+00  0.998008E+05  0.967925E+05  0.000000E+00  0.000000E+00  0.223351E+03  0.982160E+05
  0.295455E+00  0.950229E+05  0.921683E+05  0.000000E+00  0.000000E+00  0.199655E+03  0.935155E+05
  0.305470E+00  0.908969E+05  0.882883E+05  0.000000E+00  0.000000E+00  0.179319E+03  0.894751E+05
  0.315823E+00  0.869929E+05  0.846094E+05  0.000000E+00  0.000000E+00  0.161094E+03  0.856509E+05
  0.326528E+00  0.829279E+05  0.806675E+05  0.000000E+00  0.000000E+00  0.144104E+03  0.816504E+05
  0.337596E+00  0.786959E+05  0.764754E+05  0.000000E+00  0.000000E+00  0.128295E+03  0.774710E+05
  0.349039E+00  0.746147E+05  0.724384E+05  0.000000E+00  0.000000E+00  0.114124E+03  0.734414E+05
  0.360869E+00  0.709648E+05  0.688973E+05  0.000000E+00  0.000000E+00  0.101847E+03  0.698492E+05
  0.373101E+00  0.676946E+05  0.657767E+05  0.000000E+00  0.000000E+00  0.911285E+02  0.666394E+05
  0.385748E+00  0.645262E+05  0.627311E+05  0.000000E+00  0.000000E+00  0.814950E+02  0.635258E+05
  0.398823E+00  0.613146E+05  0.595898E+05  0.000000E+00  0.000000E+00  0.726080E+02  0.603608E+05
  0.412341E+00  0.581753E+05  0.565063E+05  0.000000E+00  0.000000E+00  0.645863E+02  0.572649E+05
  0.426317E+00  0.552817E+05  0.536948E+05  0.000000E+00  0.000000E+00  0.575530E+02  0.544164E+05
  0.440767E+00  0.526185E+05  0.511299E+05  0.000000E+00  0.000000E+00  0.513650E+02  0.517984E+05
  0.455707E+00  0.500378E+05  0.486295E+05  0.000000E+00  0.000000E+00  0.458063E+02  0.492592E+05
  0.471153E+00  0.475027E+05  0.461535E+05  0.000000E+00  0.000000E+00  0.407664E+02  0.467614E+05
  0.487123E+00  0.450976E+05  0.438106E+05  0.000000E+00  0.000000E+00  0.362693E+02  0.443928E+05
  0.503634E+00  0.428570E+05  0.416412E+05  0.000000E+00  0.000000E+00  0.322985E+02  0.421884E+05
  0.520705E+00  0.407164E+05  0.395652E+05  0.000000E+00  0.000000E+00  0.287674E+02  0.400818E+05
  0.538354E+00  0.386455E+05  0.375484E+05  0.000000E+00  0.000000E+00  0.255768E+02  0.380425E+05
  0.556602E+00  0.366811E+05  0.356385E+05  0.000000E+00  0.000000E+00  0.227429E+02  0.361085E+05
  0.575468E+00  0.348278E+05  0.338408E+05  0.000000E+00  0.000000E+00  0.202408E+02  0.342846E+05
  0.594973E+00  0.330543E+05  0.321175E+05  0.000000E+00  0.000000E+00  0.179975E+02  0.325388E+05
  0.615140E+00  0.313602E+05  0.304701E+05  0.000000E+00  0.000000E+00  0.159959E+02  0.308708E+05
  0.635991E+00  0.297558E+05  0.289120E+05  0.000000E+00  0.000000E+00  0.142120E+02  0.292916E+05
  0.657547E+00  0.282289E+05  0.274288E+05  0.000000E+00  0.000000E+00  0.126330E+02  0.277886E+05
  0.679835E+00  0.267732E+05  0.260138E+05  0.000000E+00  0.000000E+00  0.112218E+02  0.263555E+05
  0.702878E+00  0.253914E+05  0.246715E+05  0.000000E+00  0.000000E+00  0.997372E+01  0.249952E+05
  0.726702E+00  0.240773E+05  0.233948E+05  0.000000E+00  0.000000E+00  0.885779E+01  0.237017E+05
  0.751334E+00  0.228273E+05  0.221801E+05  0.000000E+00  0.000000E+00  0.786300E+01  0.224711E+05
  0.776801E+00  0.216399E+05  0.210265E+05  0.000000E+00  0.000000E+00  0.698114E+01  0.213023E+05
  0.803130E+00  0.205112E+05  0.199298E+05  0.000000E+00  0.000000E+00  0.619530E+01  0.201912E+05
  0.830353E+00  0.194388E+05  0.188878E+05  0.000000E+00  0.000000E+00  0.550036E+01  0.191355E+05
  0.858497E+00  0.184202E+05  0.178981E+05  0.000000E+00  0.000000E+00  0.487893E+01  0.181328E+05
  0.887596E+00  0.174527E+05  0.169580E+05  0.000000E+00  0.000000E+00  0.433020E+01  0.171804E+05
  0.917681E+00  0.165341E+05  0.160655E+05  0.000000E+00  0.000000E+00  0.383887E+01  0.162762E+05
  0.948786E+00  0.156619E+05  0.152181E+05  0.000000E+00  0.000000E+00  0.340475E+01  0.154176E+05
  0.980945E+00  0.148340E+05  0.144136E+05  0.000000E+00  0.000000E+00  0.301871E+01  0.146026E+05
  0.101419E+01  0.140481E+05  0.136500E+05  0.000000E+00  0.000000E+00  0.267757E+01  0.138289E+05
  0.104857E+01  0.133022E+05  0.129253E+05  0.000000E+00  0.000000E+00  0.237236E+01  0.130947E+05
  0.108411E+01  0.125945E+05  0.122376E+05  0.000000E+00  0.000000E+00  0.210249E+01  0.123980E+05
  0.112086E+01  0.119230E+05  0.115852E+05  0.000000E+00  0.000000E+00  0.186330E+01  0.117370E+05
  0.115885E+01  0.112861E+05  0.109663E+05  0.000000E+00  0.000000E+00  0.165096E+01  0.111100E+05
  0.119813E+01  0.106821E+05  0.103794E+05  0.000000E+00  0.000000E+00  0.146294E+01  0.105154E+05
  0.123874E+01  0.101093E+05  0.982288E+04  0.000000E+00  0.000000E+00  0.129469E+01  0.995157E+04
  0.128073E+01  0.956617E+04  0.929516E+04  0.000000E+00  0.000000E+00  0.114714E+01  0.941693E+04
  0.132414E+01  0.905129E+04  0.879487E+04  0.000000E+00  0.000000E+00  0.101652E+01  0.891008E+04
  0.136902E+01  0.856322E+04  0.832064E+04  0.000000E+00  0.000000E+00  0.899845E+00  0.842963E+04
  0.141542E+01  0.810067E+04  0.787119E+04  0.000000E+00  0.000000E+00  0.796797E+00  0.797429E+04
  0.146340E+01  0.766230E+04  0.744525E+04  0.000000E+00  0.000000E+00  0.704895E+00  0.754276E+04
  0.151300E+01  0.724692E+04  0.704164E+04  0.000000E+00  0.000000E+00  0.624120E+00  0.713386E+04
  0.156428E+01  0.685337E+04  0.665924E+04  0.000000E+00  0.000000E+00  0.552412E+00  0.674645E+04
  0.161730E+01  0.648060E+04  0.629704E+04  0.000000E+00  0.000000E+00  0.489031E+00  0.637950E+04
  0.167212E+01  0.612754E+04  0.595398E+04  0.000000E+00  0.000000E+00  0.432409E+00  0.603195E+04
  0.172880E+01  0.579317E+04  0.562908E+04  0.000000E+00  0.000000E+00  0.382641E+00  0.570279E+04
  0.178740E+01  0.547654E+04  0.532142E+04  0.000000E+00  0.000000E+00  0.338628E+00  0.539111E+04
  0.184798E+01  0.517674E+04  0.503012E+04  0.000000E+00  0.000000E+00  0.299510E+00  0.509598E+04
  0.191062E+01  0.489292E+04  0.475434E+04  0.000000E+00  0.000000E+00  0.264797E+00  0.481659E+04
  0.197538E+01  0.462422E+04  0.449325E+04  0.000000E+00  0.000000E+00  0.234363E+00  0.455209E+04
  0.204234E+01  0.436991E+04  0.424615E+04  0.000000E+00  0.000000E+00  0.207024E+00  0.430174E+04
  0.211156E+01  0.412924E+04  0.401229E+04  0.000000E+00  0.000000E+00  0.183076E+00  0.406482E+04
  0.218313E+01  0.390150E+04  0.379100E+04  0.000000E+00  0.000000E+00  0.162051E+00  0.384064E+04
  0.225713E+01  0.368601E+04  0.358162E+04  0.000000E+00  0.000000E+00  0.143084E+00  0.362851E+04
  0.233364E+01  0.348215E+04  0.338353E+04  0.000000E+00  0.000000E+00  0.126544E+00  0.342783E+04
  0.241274E+01  0.328928E+04  0.319613E+04  0.000000E+00  0.000000E+00  0.111795E+00  0.323797E+04
  0.249452E+01  0.310685E+04  0.301886E+04  0.000000E+00  0.000000E+00  0.988102E-01  0.305838E+04
  0.257907E+01  0.293429E+04  0.285119E+04  0.000000E+00  0.000000E+00  0.873018E-01  0.288852E+04
  0.266649E+01  0.277112E+04  0.269264E+04  0.000000E+00  0.000000E+00  0.771594E-01  0.272789E+04
  0.275687E+01  0.261682E+04  0.254270E+04  0.000000E+00  0.000000E+00  0.681490E-01  0.257599E+04
  0.285031E+01  0.247092E+04  0.240094E+04  0.000000E+00  0.000000E+00  0.602115E-01  0.243238E+04
  0.294692E+01  0.233299E+04  0.226692E+04  0.000000E+00  0.000000E+00  0.532921E-01  0.229660E+04
  0.304681E+01  0.220259E+04  0.214021E+04  0.000000E+00  0.000000E+00  0.470051E-01  0.216823E+04
  0.315008E+01  0.207933E+04  0.202044E+04  0.000000E+00  0.000000E+00  0.415443E-01  0.204689E+04
  0.325685E+01  0.196282E+04  0.190723E+04  0.000000E+00  0.000000E+00  0.366788E-01  0.193220E+04
  0.336724E+01  0.185272E+04  0.180024E+04  0.000000E+00  0.000000E+00  0.323557E-01  0.182381E+04
  0.348138E+01  0.174867E+04  0.169914E+04  0.000000E+00  0.000000E+00  0.286020E-01  0.172139E+04
  0.359938E+01  0.165035E+04  0.160361E+04  0.000000E+00  0.000000E+00  0.252159E-01  0.162461E+04
  0.372138E+01  0.155745E+04  0.151334E+04  0.000000E+00  0.000000E+00  0.222529E-01  0.153315E+04
  0.384752E+01  0.146968E+04  0.142805E+04  0.000000E+00  0.000000E+00  0.196713E-01  0.144675E+04
  0.397793E+01  0.138677E+04  0.134748E+04  0.000000E+00  0.000000E+00  0.173742E-01  0.136513E+04
  0.411276E+01  0.130845E+04  0.127138E+04  0.000000E+00  0.000000E+00  0.153132E-01  0.128804E+04
  0.425217E+01  0.123448E+04  0.119950E+04  0.000000E+00  0.000000E+00  0.135282E-01  0.121522E+04
  0.439629E+01  0.116461E+04  0.113161E+04  0.000000E+00  0.000000E+00  0.119385E-01  0.114644E+04
  0.454531E+01  0.109862E+04  0.106750E+04  0.000000E+00  0.000000E+00  0.105472E-01  0.108148E+04
  0.469937E+01  0.103631E+04  0.100695E+04  0.000000E+00  0.000000E+00  0.930899E-02  0.102015E+04
  0.485865E+01  0.977483E+03  0.949785E+03  0.000000E+00  0.000000E+00  0.819386E-02  0.962232E+03
  0.502334E+01  0.921936E+03  0.895810E+03  0.000000E+00  0.000000E+00  0.726115E-02  0.907551E+03
  0.519360E+01  0.869493E+03  0.844851E+03  0.000000E+00  0.000000E+00  0.638556E-02  0.855926E+03
  0.536965E+01  0.819981E+03  0.796741E+03  0.000000E+00  0.000000E+00  0.563971E-02  0.807187E+03
  0.555165E+01  0.773247E+03  0.751329E+03  0.000000E+00  0.000000E+00  0.497635E-02  0.761181E+03
  0.573982E+01  0.729135E+03  0.708465E+03  0.000000E+00  0.000000E+00  0.438899E-02  0.717757E+03
  0.593437E+01  0.687502E+03  0.668011E+03  0.000000E+00  0.000000E+00  0.387587E-02  0.676774E+03
  0.613552E+01  0.648207E+03  0.629828E+03  0.000000E+00  0.000000E+00  0.342208E-02  0.638092E+03
  0.634348E+01  0.611125E+03  0.593795E+03  0.000000E+00  0.000000E+00  0.301435E-02  0.601588E+03
  0.655850E+01  0.576134E+03  0.559794E+03  0.000000E+00  0.000000E+00  0.265735E-02  0.567142E+03
  0.678080E+01  0.543118E+03  0.527712E+03  0.000000E+00  0.000000E+00  0.234293E-02  0.534641E+03
  0.701063E+01  0.511965E+03  0.497441E+03  0.000000E+00  0.000000E+00  0.206853E-02  0.503974E+03
  0.724826E+01  0.482574E+03  0.468881E+03  0.000000E+00  0.000000E+00  0.181919E-02  0.475041E+03
  0.749394E+01  0.454847E+03  0.441938E+03  0.000000E+00  0.000000E+00  0.160348E-02  0.447747E+03
  0.774795E+01  0.428692E+03  0.416523E+03  0.000000E+00  0.000000E+00  0.141614E-02  0.421999E+03
  0.801057E+01  0.404020E+03  0.392549E+03  0.000000E+00  0.000000E+00  0.124744E-02  0.397712E+03
  0.828209E+01  0.380747E+03  0.369935E+03  0.000000E+00  0.000000E+00  0.110568E-02  0.374803E+03
  0.856281E+01  0.358799E+03  0.348608E+03  0.000000E+00  0.000000E+00  0.970878E-03  0.353197E+03
  0.885305E+01  0.338100E+03  0.328494E+03  0.000000E+00  0.000000E+00  0.856090E-03  0.332820E+03
  0.915312E+01  0.318578E+03  0.309525E+03  0.000000E+00  0.000000E+00  0.754862E-03  0.313603E+03
  0.946337E+01  0.300170E+03  0.291637E+03  0.000000E+00  0.000000E+00  0.666185E-03  0.295482E+03
  0.978413E+01  0.282812E+03  0.274771E+03  0.000000E+00  0.000000E+00  0.587070E-03  0.278395E+03
  0.101158E+02  0.266446E+03  0.258867E+03  0.000000E+00  0.000000E+00  0.518384E-03  0.262284E+03
  0.104586E+02  0.251014E+03  0.243872E+03  0.000000E+00  0.000000E+00  0.454647E-03  0.247093E+03
  0.108131E+02  0.236467E+03  0.229735E+03  0.000000E+00  0.000000E+00  0.401578E-03  0.232772E+03
  0.111796E+02  0.222752E+03  0.216409E+03  0.000000E+00  0.000000E+00  0.353482E-03  0.219271E+03
  0.115586E+02  0.209823E+03  0.203845E+03  0.000000E+00  0.000000E+00  0.311345E-03  0.206543E+03
  0.119504E+02  0.197636E+03  0.192002E+03  0.000000E+00  0.000000E+00  0.275632E-03  0.194547E+03
  0.123554E+02  0.186148E+03  0.180840E+03  0.000000E+00  0.000000E+00  0.240958E-03  0.183238E+03
  0.127742E+02  0.175321E+03  0.170318E+03  0.000000E+00  0.000000E+00  0.213058E-03  0.172579E+03
  0.132072E+02  0.165116E+03  0.160402E+03  0.000000E+00  0.000000E+00  0.188285E-03  0.162534E+03
  0.136549E+02  0.155499E+03  0.151057E+03  0.000000E+00  0.000000E+00  0.166041E-03  0.153067E+03
  0.141177E+02  0.146436E+03  0.142250E+03  0.000000E+00  0.000000E+00  0.146138E-03  0.144145E+03
  0.145962E+02  0.137896E+03  0.133951E+03  0.000000E+00  0.000000E+00  0.128773E-03  0.135738E+03
  0.150909E+02  0.129848E+03  0.126131E+03  0.000000E+00  0.000000E+00  0.113314E-03  0.127816E+03
  0.156025E+02  0.122265E+03  0.118762E+03  0.000000E+00  0.000000E+00  0.999057E-04  0.120351E+03
  0.161313E+02  0.115120E+03  0.111819E+03  0.000000E+00  0.000000E+00  0.881653E-04  0.113318E+03
  0.166781E+02  0.108389E+03  0.105278E+03  0.000000E+00  0.000000E+00  0.777068E-04  0.106691E+03
  0.172434E+02  0.102047E+03  0.991149E+02  0.000000E+00  0.000000E+00  0.687874E-04  0.100448E+03
  0.178278E+02  0.960720E+02  0.933091E+02  0.000000E+00  0.000000E+00  0.599550E-04  0.945662E+02
  0.184321E+02  0.904436E+02  0.878397E+02  0.000000E+00  0.000000E+00  0.531257E-04  0.890256E+02
  0.190569E+02  0.851418E+02  0.826876E+02  0.000000E+00  0.000000E+00  0.461842E-04  0.838064E+02
  0.197028E+02  0.801478E+02  0.778346E+02  0.000000E+00  0.000000E+00  0.407594E-04  0.788903E+02
  0.203706E+02  0.754438E+02  0.732634E+02  0.000000E+00  0.000000E+00  0.361855E-04  0.742595E+02
  0.210611E+02  0.710133E+02  0.689580E+02  0.000000E+00  0.000000E+00  0.316807E-04  0.698981E+02
  0.217750E+02  0.668405E+02  0.649029E+02  0.000000E+00  0.000000E+00  0.281401E-04  0.657903E+02
  0.225131E+02  0.629107E+02  0.610840E+02  0.000000E+00  0.000000E+00  0.244228E-04  0.619217E+02
  0.232761E+02  0.592097E+02  0.574875E+02  0.000000E+00  0.000000E+00  0.216175E-04  0.582785E+02
  0.240651E+02  0.557245E+02  0.541005E+02  0.000000E+00  0.000000E+00  0.190166E-04  0.548475E+02
  0.248808E+02  0.524425E+02  0.509112E+02  0.000000E+00  0.000000E+00  0.170918E-04  0.516167E+02
  0.257241E+02  0.493521E+02  0.479079E+02  0.000000E+00  0.000000E+00  0.147097E-04  0.485744E+02
  0.265960E+02  0.464422E+02  0.450801E+02  0.000000E+00  0.000000E+00  0.129174E-04  0.457099E+02
  0.274975E+02  0.437023E+02  0.424174E+02  0.000000E+00  0.000000E+00  0.115001E-04  0.430127E+02
  0.284295E+02  0.411227E+02  0.399105E+02  0.000000E+00  0.000000E+00  0.101102E-04  0.404733E+02
  0.293932E+02  0.386940E+02  0.375502E+02  0.000000E+00  0.000000E+00  0.878069E-05  0.380824E+02
  0.303894E+02  0.364075E+02  0.353281E+02  0.000000E+00  0.000000E+00  0.787988E-05  0.358315E+02
  0.314195E+02  0.342550E+02  0.332362E+02  0.000000E+00  0.000000E+00  0.692445E-05  0.337125E+02
  0.324844E+02  0.322286E+02  0.312669E+02  0.000000E+00  0.000000E+00  0.615890E-05  0.317177E+02
  0.335855E+02  0.303211E+02  0.294130E+02  0.000000E+00  0.000000E+00  0.524350E-05  0.298398E+02
  0.347239E+02  0.285254E+02  0.276679E+02  0.000000E+00  0.000000E+00  0.473820E-05  0.280722E+02
  0.359009E+02  0.268354E+02  0.260254E+02  0.000000E+00  0.000000E+00  0.424373E-05  0.264084E+02
  0.371177E+02  0.252445E+02  0.244792E+02  0.000000E+00  0.000000E+00  0.359488E-05  0.248423E+02
  0.383758E+02  0.237472E+02  0.230240E+02  0.000000E+00  0.000000E+00  0.328362E-05  0.233683E+02
  0.396766E+02  0.223379E+02  0.216543E+02  0.000000E+00  0.000000E+00  0.284922E-05  0.219810E+02
  0.410214E+02  0.210117E+02  0.203653E+02  0.000000E+00  0.000000E+00  0.249083E-05  0.206753E+02
  0.424119E+02  0.197635E+02  0.191521E+02  0.000000E+00  0.000000E+00  0.206411E-05  0.194465E+02
  0.438494E+02  0.185888E+02  0.180104E+02  0.000000E+00  0.000000E+00  0.203853E-05  0.182902E+02
  0.453357E+02  0.174834E+02  0.169360E+02  0.000000E+00  0.000000E+00  0.172963E-05  0.172019E+02
  0.468724E+02  0.164432E+02  0.159250E+02  0.000000E+00  0.000000E+00  0.152961E-05  0.161779E+02
  0.484611E+02  0.154643E+02  0.149735E+02  0.000000E+00  0.000000E+00  0.129744E-05  0.152143E+02
  0.501037E+02  0.145433E+02  0.140783E+02  0.000000E+00  0.000000E+00  0.118776E-05  0.143076E+02
  0.518020E+02  0.136766E+02  0.132359E+02  0.000000E+00  0.000000E+00  0.108549E-05  0.134544E+02
  0.535578E+02  0.128612E+02  0.124433E+02  0.000000E+00  0.000000E+00  0.889531E-06  0.126516E+02
  0.553732E+02  0.120940E+02  0.116975E+02  0.000000E+00  0.000000E+00  0.828311E-06  0.118964E+02
  0.572501E+02  0.113722E+02  0.109958E+02  0.000000E+00  0.000000E+00  0.724645E-06  0.111857E+02
  0.591905E+02  0.106931E+02  0.103357E+02  0.000000E+00  0.000000E+00  0.637105E-06  0.105172E+02
  0.611968E+02  0.100542E+02  0.971460E+01  0.000000E+00  0.000000E+00  0.495497E-06  0.988822E+01
  0.632711E+02  0.945318E+01  0.913032E+01  0.000000E+00  0.000000E+00  0.427785E-06  0.929652E+01
  0.654157E+02  0.888776E+01  0.858064E+01  0.000000E+00  0.000000E+00  0.402319E-06  0.873988E+01
  0.676329E+02  0.835589E+01  0.806355E+01  0.000000E+00  0.000000E+00  0.398019E-06  0.821625E+01
  0.699254E+02  0.785555E+01  0.757712E+01  0.000000E+00  0.000000E+00  0.340658E-06  0.772367E+01
  0.722955E+02  0.738492E+01  0.711956E+01  0.000000E+00  0.000000E+00  0.262358E-06  0.726034E+01
  0.747460E+02  0.694222E+01  0.668914E+01  0.000000E+00  0.000000E+00  0.237416E-06  0.682451E+01
  0.772794E+02  0.652584E+01  0.628429E+01  0.000000E+00  0.000000E+00  0.210429E-06  0.641458E+01
  0.798989E+02  0.613419E+01  0.590349E+01  0.000000E+00  0.000000E+00  0.160110E-06  0.602900E+01
  0.826070E+02  0.576584E+01  0.554532E+01  0.000000E+00  0.000000E+00  0.170093E-06  0.566635E+01
  0.854070E+02  0.541938E+01  0.520844E+01  0.000000E+00  0.000000E+00  0.171693E-06  0.532526E+01
  0.883018E+02  0.509356E+01  0.489161E+01  0.000000E+00  0.000000E+00  0.112468E-06  0.500448E+01
  0.912949E+02  0.478712E+01  0.459362E+01  0.000000E+00  0.000000E+00  0.137462E-06  0.470279E+01
  0.943893E+02  0.449894E+01  0.431338E+01  0.000000E+00  0.000000E+00  0.120261E-06  0.441907E+01
  0.975888E+02  0.422792E+01  0.404982E+01  0.000000E+00  0.000000E+00  0.112034E-06  0.415224E+01
  0.100897E+03  0.397307E+01  0.380197E+01  0.000000E+00  0.000000E+00  0.548626E-07  0.390132E+01
  0.104316E+03  0.373341E+01  0.356890E+01  0.000000E+00  0.000000E+00  0.528246E-07  0.366537E+01
  0.107852E+03  0.350805E+01  0.334972E+01  0.000000E+00  0.000000E+00  0.707891E-07  0.344350E+01
  0.111508E+03  0.329613E+01  0.314361E+01  0.000000E+00  0.000000E+00  0.516995E-07  0.323485E+01
  0.115287E+03  0.309688E+01  0.294982E+01  0.000000E+00  0.000000E+00  0.501056E-07  0.303867E+01
  0.119195E+03  0.290952E+01  0.276760E+01  0.000000E+00  0.000000E+00  0.496111E-07  0.285421E+01
  0.123235E+03  0.273336E+01  0.259626E+01  0.000000E+00  0.000000E+00  0.240324E-07  0.268077E+01
  0.127412E+03  0.256772E+01  0.243516E+01  0.000000E+00  0.000000E+00  0.181588E-07  0.251769E+01
  0.131731E+03  0.241200E+01  0.228370E+01  0.000000E+00  0.000000E+00  0.395266E-07  0.236437E+01
  0.136196E+03  0.226559E+01  0.214130E+01  0.000000E+00  0.000000E+00  0.154074E-07  0.222023E+01
  0.140812E+03  0.212794E+01  0.200743E+01  0.000000E+00  0.000000E+00  0.135582E-07  0.208471E+01
  0.145585E+03  0.199853E+01  0.188157E+01  0.000000E+00  0.000000E+00  0.913385E-08  0.195729E+01
  0.150520E+03  0.187688E+01  0.176327E+01  0.000000E+00  0.000000E+00  0.293330E-07  0.183752E+01
  0.155622E+03  0.176251E+01  0.165206E+01  0.000000E+00  0.000000E+00  0.180468E-07  0.172493E+01
  0.160897E+03  0.165500E+01  0.154752E+01  0.000000E+00  0.000000E+00  0.209620E-07  0.161908E+01
  0.166350E+03  0.155394E+01  0.144927E+01  0.000000E+00  0.000000E+00  0.103723E-07  0.151959E+01
  0.171989E+03  0.145895E+01  0.135693E+01  0.000000E+00  0.000000E+00  0.169749E-07  0.142607E+01
  0.177818E+03  0.136966E+01  0.127015E+01  0.000000E+00  0.000000E+00  0.103969E-07  0.133817E+01
  0.183845E+03  0.128572E+01  0.118859E+01  0.000000E+00  0.000000E+00  0.928900E-08  0.125554E+01
  0.190077E+03  0.120683E+01  0.111196E+01  0.000000E+00  0.000000E+00  0.545795E-08  0.117789E+01
  0.196519E+03  0.113269E+01  0.103995E+01  0.000000E+00  0.000000E+00  0.393011E-08  0.110491E+01
  0.203180E+03  0.106301E+01  0.972302E+00  0.000000E+00  0.000000E+00  0.612613E-08  0.103632E+01
