    0.10622E-04    0.11163E+00
    0.10982E-04    0.11541E+00
    0.11354E-04    0.11933E+00
    0.11739E-04    0.12337E+00
    0.12137E-04    0.12755E+00
    0.12549E-04    0.13188E+00
    0.12974E-04    0.13635E+00
    0.13414E-04    0.14097E+00
    0.13868E-04    0.14575E+00
    0.14338E-04    0.15069E+00
    0.14824E-04    0.15579E+00
    0.15327E-04    0.16107E+00
    0.15846E-04    0.16653E+00
    0.16383E-04    0.17218E+00
    0.16939E-04    0.17801E+00
    0.17513E-04    0.18405E+00
    0.18107E-04    0.19029E+00
    0.18720E-04    0.19674E+00
    0.19355E-04    0.20340E+00
    0.20011E-04    0.21030E+00
    0.20689E-04    0.21743E+00
    0.21390E-04    0.22480E+00
    0.22115E-04    0.23241E+00
    0.22865E-04    0.24029E+00
    0.23640E-04    0.24844E+00
    0.24441E-04    0.25686E+00
    0.25270E-04    0.26556E+00
    0.26126E-04    0.27456E+00
    0.27012E-04    0.28387E+00
    0.27927E-04    0.29349E+00
    0.28874E-04    0.30344E+00
    0.29853E-04    0.31373E+00
    0.30864E-04    0.32436E+00
    0.31911E-04    0.33535E+00
    0.32992E-04    0.34672E+00
    0.34111E-04    0.35847E+00
    0.35267E-04    0.37062E+00
    0.36462E-04    0.38318E+00
    0.37698E-04    0.39617E+00
    0.38976E-04    0.40960E+00
    0.40297E-04    0.42348E+00
    0.41663E-04    0.43783E+00
    0.43075E-04    0.45267E+00
    0.44535E-04    0.46802E+00
    0.46044E-04    0.48388E+00
    0.47605E-04    0.50028E+00
    0.49219E-04    0.51724E+00
    0.50887E-04    0.53477E+00
    0.52612E-04    0.55289E+00
    0.54395E-04    0.57163E+00
    0.56239E-04    0.59101E+00
    0.58145E-04    0.61104E+00
    0.60116E-04    0.63175E+00
    0.62153E-04    0.65316E+00
    0.64260E-04    0.67529E+00
    0.66438E-04    0.69818E+00
    0.68690E-04    0.72184E+00
    0.71018E-04    0.74631E+00
    0.73426E-04    0.77160E+00
    0.75914E-04    0.79775E+00
    0.78487E-04    0.82479E+00
    0.81148E-04    0.85274E+00
    0.83898E-04    0.88164E+00
    0.86742E-04    0.91151E+00
    0.89682E-04    0.94240E+00
    0.92722E-04    0.97434E+00
    0.95865E-04    0.10074E+01
    0.99114E-04    0.10415E+01
    0.10247E-03    0.10768E+01
    0.10595E-03    0.11133E+01
    0.10954E-03    0.11510E+01
    0.11325E-03    0.11900E+01
    0.11709E-03    0.12303E+01
    0.12106E-03    0.12720E+01
    0.12516E-03    0.13151E+01
    0.12940E-03    0.13597E+01
    0.13379E-03    0.14057E+01
    0.13832E-03    0.14534E+01
    0.14301E-03    0.15026E+01
    0.14786E-03    0.15535E+01
    0.15287E-03    0.16061E+01
    0.15805E-03    0.16605E+01
    0.16341E-03    0.17168E+01
    0.16895E-03    0.17750E+01
    0.17468E-03    0.18351E+01
    0.18060E-03    0.18972E+01
    0.18672E-03    0.19615E+01
    0.19305E-03    0.20279E+01
    0.19959E-03    0.20966E+01
    0.20636E-03    0.21676E+01
    0.21335E-03    0.22410E+01
    0.22058E-03    0.23168E+01
    0.22806E-03    0.23953E+01
    0.23579E-03    0.24764E+01
    0.24378E-03    0.25602E+01
    0.25204E-03    0.26468E+01
    0.26059E-03    0.27364E+01
    0.26942E-03    0.28290E+01
    0.27855E-03    0.29247E+01
    0.28799E-03    0.30237E+01
    0.29776E-03    0.31259E+01
    0.30785E-03    0.32317E+01
    0.31828E-03    0.33410E+01
    0.32907E-03    0.34539E+01
    0.34022E-03    0.35707E+01
    0.35176E-03    0.36914E+01
    0.36368E-03    0.38161E+01
    0.37601E-03    0.39450E+01
    0.38875E-03    0.40783E+01
    0.40193E-03    0.42160E+01
    0.41555E-03    0.43583E+01
    0.42964E-03    0.45054E+01
    0.44420E-03    0.46575E+01
    0.45925E-03    0.48146E+01
    0.47482E-03    0.49769E+01
    0.49092E-03    0.51447E+01
    0.50756E-03    0.53180E+01
    0.52476E-03    0.54972E+01
    0.54255E-03    0.56823E+01
    0.56094E-03    0.58735E+01
    0.57995E-03    0.60710E+01
    0.59961E-03    0.62751E+01
    0.61993E-03    0.64860E+01
    0.64094E-03    0.67038E+01
    0.66267E-03    0.69287E+01
    0.68513E-03    0.71611E+01
    0.70835E-03    0.74011E+01
    0.73236E-03    0.76489E+01
    0.75718E-03    0.79048E+01
    0.78285E-03    0.81691E+01
    0.80938E-03    0.84419E+01
    0.83682E-03    0.87236E+01
    0.86518E-03    0.90143E+01
    0.89451E-03    0.93144E+01
    0.92483E-03    0.96242E+01
    0.95617E-03    0.99438E+01
    0.98858E-03    0.10274E+02
    0.10221E-02    0.10614E+02
    0.10567E-02    0.10965E+02
    0.10926E-02    0.11327E+02
    0.11296E-02    0.11700E+02
    0.11679E-02    0.12085E+02
    0.12075E-02    0.12481E+02
    0.12484E-02    0.12890E+02
    0.12907E-02    0.13311E+02
    0.13344E-02    0.13746E+02
    0.13797E-02    0.14193E+02
    0.14264E-02    0.14653E+02
    0.14748E-02    0.15127E+02
    0.15248E-02    0.15615E+02
    0.15765E-02    0.16117E+02
    0.16299E-02    0.16633E+02
    0.16851E-02    0.17164E+02
    0.17423E-02    0.17710E+02
    0.18013E-02    0.18271E+02
    0.18624E-02    0.18848E+02
    0.19255E-02    0.19440E+02
    0.19908E-02    0.20048E+02
    0.20582E-02    0.20672E+02
    0.21280E-02    0.21312E+02
    0.22001E-02    0.21968E+02
    0.22747E-02    0.22640E+02
    0.23518E-02    0.23330E+02
    0.24315E-02    0.24036E+02
    0.25139E-02    0.24758E+02
    0.25991E-02    0.25497E+02
    0.26872E-02    0.26253E+02
    0.27783E-02    0.27026E+02
    0.28725E-02    0.27816E+02
    0.29699E-02    0.28622E+02
    0.30705E-02    0.29445E+02
    0.31746E-02    0.30284E+02
    0.32822E-02    0.31140E+02
    0.33935E-02    0.32012E+02
    0.35085E-02    0.32901E+02
    0.36274E-02    0.33805E+02
    0.37504E-02    0.34724E+02
    0.38775E-02    0.35659E+02
    0.40089E-02    0.36609E+02
    0.41448E-02    0.37574E+02
    0.42853E-02    0.38552E+02
    0.44305E-02    0.39545E+02
    0.45807E-02    0.40550E+02
    0.47360E-02    0.41568E+02
    0.48965E-02    0.42597E+02
    0.50624E-02    0.43637E+02
    0.52340E-02    0.44688E+02
    0.54114E-02    0.45747E+02
    0.55949E-02    0.46814E+02
    0.57845E-02    0.47887E+02
    0.59806E-02    0.48966E+02
    0.61833E-02    0.50049E+02
    0.63929E-02    0.51134E+02
    0.66096E-02    0.52219E+02
    0.68336E-02    0.53304E+02
    0.70652E-02    0.54386E+02
    0.73047E-02    0.55463E+02
    0.75523E-02    0.56533E+02
    0.78083E-02    0.57595E+02
    0.80729E-02    0.58646E+02
    0.83466E-02    0.59683E+02
    0.86295E-02    0.60705E+02
    0.89220E-02    0.61709E+02
    0.92244E-02    0.62692E+02
    0.95370E-02    0.63651E+02
    0.98603E-02    0.64583E+02
    0.10195E-01    0.65485E+02
    0.10540E-01    0.66353E+02
    0.10897E-01    0.67185E+02
    0.11267E-01    0.67976E+02
    0.11649E-01    0.68723E+02
    0.12043E-01    0.69422E+02
    0.12452E-01    0.70070E+02
    0.12874E-01    0.70663E+02
    0.13310E-01    0.71196E+02
    0.13761E-01    0.71666E+02
    0.14228E-01    0.72069E+02
    0.14710E-01    0.72401E+02
    0.15208E-01    0.72657E+02
    0.15724E-01    0.72835E+02
    0.16257E-01    0.72930E+02
    0.16808E-01    0.72939E+02
    0.17378E-01    0.72859E+02
    0.17967E-01    0.72686E+02
    0.18576E-01    0.72418E+02
    0.19205E-01    0.72053E+02
    0.19856E-01    0.71588E+02
    0.20529E-01    0.71024E+02
    0.21225E-01    0.70358E+02
    0.21945E-01    0.69592E+02
    0.22688E-01    0.68727E+02
    0.23457E-01    0.67764E+02
    0.24252E-01    0.66706E+02
    0.25074E-01    0.65556E+02
    0.25924E-01    0.64321E+02
    0.26803E-01    0.63005E+02
    0.27712E-01    0.61617E+02
    0.28651E-01    0.60163E+02
    0.29622E-01    0.58653E+02
    0.30626E-01    0.57098E+02
    0.31664E-01    0.55508E+02
    0.32737E-01    0.53896E+02
    0.33847E-01    0.52800E+02
    0.34994E-01    0.51199E+02
    0.36180E-01    0.49614E+02
    0.37407E-01    0.48028E+02
    0.38675E-01    0.46466E+02
    0.39985E-01    0.44957E+02
    0.41341E-01    0.43514E+02
    0.42742E-01    0.42149E+02
    0.44191E-01    0.40547E+02
    0.45689E-01    0.39351E+02
    0.47237E-01    0.38248E+02
    0.48838E-01    0.37235E+02
    0.50494E-01    0.36306E+02
    0.52205E-01    0.35453E+02
    0.53975E-01    0.34851E+02
    0.55804E-01    0.34115E+02
    0.57696E-01    0.33413E+02
    0.59651E-01    0.32728E+02
    0.61673E-01    0.32043E+02
    0.63764E-01    0.31203E+02
    0.65925E-01    0.30449E+02
    0.68159E-01    0.29629E+02
    0.70470E-01    0.28723E+02
    0.72858E-01    0.27755E+02
    0.75328E-01    0.26650E+02
    0.77881E-01    0.25453E+02
    0.80521E-01    0.24183E+02
    0.83250E-01    0.22865E+02
    0.86072E-01    0.21534E+02
    0.88989E-01    0.20223E+02
    0.92006E-01    0.18967E+02
    0.95124E-01    0.17803E+02
    0.98348E-01    0.16763E+02
    0.10168E+00    0.15872E+02
    0.10513E+00    0.15143E+02
    0.10869E+00    0.14565E+02
    0.11238E+00    0.14107E+02
    0.11618E+00    0.13722E+02
    0.12012E+00    0.13361E+02
    0.12419E+00    0.12976E+02
    0.12840E+00    0.12528E+02
    0.13276E+00    0.11989E+02
    0.13726E+00    0.11348E+02
    0.14191E+00    0.10622E+02
    0.14672E+00    0.98593E+01
    0.15169E+00    0.91211E+01
    0.15683E+00    0.84623E+01
    0.16215E+00    0.79168E+01
    0.16765E+00    0.74948E+01
    0.17333E+00    0.71819E+01
    0.17920E+00    0.69383E+01
    0.18528E+00    0.67061E+01
    0.19156E+00    0.64298E+01
    0.19805E+00    0.60810E+01
    0.20476E+00    0.56701E+01
    0.21170E+00    0.52400E+01
    0.21888E+00    0.48436E+01
    0.22630E+00    0.45184E+01
    0.23397E+00    0.42737E+01
    0.24190E+00    0.40852E+01
    0.25010E+00    0.39068E+01
    0.25857E+00    0.37021E+01
    0.26734E+00    0.34609E+01
    0.27640E+00    0.32051E+01
    0.28577E+00    0.29738E+01
    0.29546E+00    0.27873E+01
    0.30547E+00    0.26382E+01
    0.31582E+00    0.24994E+01
    0.32653E+00    0.23484E+01
    0.33760E+00    0.21858E+01
    0.34904E+00    0.20309E+01
    0.36087E+00    0.18994E+01
    0.37310E+00    0.17874E+01
    0.38575E+00    0.16794E+01
    0.39882E+00    0.15676E+01
    0.41234E+00    0.14587E+01
    0.42632E+00    0.13619E+01
    0.44077E+00    0.12758E+01
    0.45571E+00    0.11929E+01
    0.47115E+00    0.11114E+01
    0.48712E+00    0.10356E+01
    0.50363E+00    0.96704E+00
    0.52070E+00    0.90247E+00
    0.53835E+00    0.84052E+00
    0.55660E+00    0.78290E+00
    0.57547E+00    0.72974E+00
    0.59497E+00    0.67959E+00
    0.61514E+00    0.63244E+00
    0.63599E+00    0.58868E+00
    0.65755E+00    0.54778E+00
    0.67984E+00    0.50944E+00
    0.70288E+00    0.47374E+00
    0.72670E+00    0.44042E+00
    0.75133E+00    0.40929E+00
    0.77680E+00    0.38029E+00
    0.80313E+00    0.35323E+00
    0.83035E+00    0.32801E+00
    0.85850E+00    0.30452E+00
    0.88760E+00    0.28264E+00
    0.91768E+00    0.26227E+00
    0.94879E+00    0.24330E+00
    0.98094E+00    0.22566E+00
    0.10142E+01    0.20924E+00
    0.10486E+01    0.19397E+00
    0.10841E+01    0.17977E+00
    0.11209E+01    0.16658E+00
    0.11588E+01    0.15431E+00
    0.11981E+01    0.14292E+00
    0.12387E+01    0.13235E+00
    0.12807E+01    0.12253E+00
    0.13241E+01    0.11341E+00
    0.13690E+01    0.10495E+00
    0.14154E+01    0.97100E-01
    0.14634E+01    0.89820E-01
    0.15130E+01    0.83069E-01
    0.15643E+01    0.76810E-01
    0.16173E+01    0.71009E-01
    0.16721E+01    0.65635E-01
    0.17288E+01    0.60656E-01
    0.17874E+01    0.56044E-01
    0.18480E+01    0.51773E-01
    0.19106E+01    0.47819E-01
    0.19754E+01    0.44159E-01
    0.20423E+01    0.40772E-01
    0.21116E+01    0.37639E-01
    0.21831E+01    0.34741E-01
    0.22571E+01    0.32060E-01
    0.23336E+01    0.29582E-01
    0.24127E+01    0.27290E-01
    0.24945E+01    0.25172E-01
    0.25791E+01    0.23215E-01
    0.26665E+01    0.21406E-01
    0.27569E+01    0.19736E-01
    0.28503E+01    0.18193E-01
    0.29469E+01    0.16768E-01
    0.30468E+01    0.15453E-01
    0.31501E+01    0.14238E-01
    0.32569E+01    0.13118E-01
    0.33672E+01    0.12083E-01
    0.34814E+01    0.11129E-01
    0.35994E+01    0.10249E-01
    0.37214E+01    0.94369E-02
    0.38475E+01    0.86880E-02
    0.39779E+01    0.79976E-02
    0.41128E+01    0.73611E-02
    0.42522E+01    0.67744E-02
    0.43963E+01    0.62336E-02
    0.45453E+01    0.57353E-02
    0.46994E+01    0.52761E-02
    0.48587E+01    0.48532E-02
    0.50233E+01    0.44636E-02
    0.51936E+01    0.41048E-02
    0.53696E+01    0.37744E-02
    0.55516E+01    0.34702E-02
    0.57398E+01    0.31901E-02
    0.59344E+01    0.29324E-02
    0.61355E+01    0.26951E-02
    0.63435E+01    0.24767E-02
    0.65585E+01    0.22759E-02
    0.67808E+01    0.20910E-02
    0.70106E+01    0.19210E-02
    0.72483E+01    0.17646E-02
    0.74939E+01    0.16208E-02
    0.77480E+01    0.14886E-02
    0.80106E+01    0.13670E-02
    0.82821E+01    0.12552E-02
    0.85628E+01    0.11524E-02
    0.88530E+01    0.10580E-02
    0.91531E+01    0.97116E-03
    0.94634E+01    0.89139E-03
    0.97841E+01    0.81810E-03
    0.10116E+02    0.75076E-03
    0.10459E+02    0.68890E-03
    0.10813E+02    0.63209E-03
    0.11180E+02    0.57990E-03
    0.11559E+02    0.53198E-03
    0.11950E+02    0.48797E-03
    0.12355E+02    0.44757E-03
    0.12774E+02    0.41047E-03
    0.13207E+02    0.37642E-03
    0.13655E+02    0.34516E-03
    0.14118E+02    0.31647E-03
    0.14596E+02    0.29015E-03
    0.15091E+02    0.26599E-03
    0.15602E+02    0.24382E-03
    0.16131E+02    0.22348E-03
    0.16678E+02    0.20482E-03
    0.17243E+02    0.18771E-03
    0.17828E+02    0.17201E-03
    0.18432E+02    0.15761E-03
    0.19057E+02    0.14441E-03
    0.19703E+02    0.13230E-03
    0.20371E+02    0.12120E-03
    0.21061E+02    0.11102E-03
    0.21775E+02    0.10169E-03
    0.22513E+02    0.93138E-04
    0.23276E+02    0.85297E-04
    0.24065E+02    0.78111E-04
    0.24881E+02    0.71526E-04
    0.25724E+02    0.65490E-04
    0.26596E+02    0.59960E-04
    0.27497E+02    0.54893E-04
    0.28430E+02    0.50251E-04
    0.29393E+02    0.45998E-04
    0.30389E+02    0.42102E-04
    0.31419E+02    0.38533E-04
    0.32484E+02    0.35265E-04
    0.33586E+02    0.32271E-04
    0.34724E+02    0.29530E-04
    0.35901E+02    0.27020E-04
    0.37118E+02    0.24721E-04
    0.38376E+02    0.22616E-04
    0.39677E+02    0.20689E-04
    0.41021E+02    0.18925E-04
    0.42412E+02    0.17311E-04
    0.43849E+02    0.15833E-04
    0.45336E+02    0.14480E-04
    0.46872E+02    0.13242E-04
    0.48461E+02    0.12109E-04
    0.50104E+02    0.11072E-04
    0.51802E+02    0.10123E-04
    0.53558E+02    0.92549E-05
    0.55373E+02    0.84607E-05
    0.57250E+02    0.77340E-05
    0.59191E+02    0.70693E-05
    0.61197E+02    0.64612E-05
    0.63271E+02    0.59050E-05
    0.65416E+02    0.53963E-05
    0.67633E+02    0.49311E-05
    0.69925E+02    0.45056E-05
    0.72295E+02    0.41165E-05
    0.74746E+02    0.37608E-05
    0.77279E+02    0.34355E-05
    0.79899E+02    0.31380E-05
    0.82607E+02    0.28661E-05
    0.85407E+02    0.26176E-05
    0.88302E+02    0.23904E-05
    0.91295E+02    0.21827E-05
    0.94389E+02    0.19929E-05
    0.97589E+02    0.18194E-05
    0.10090E+03    0.16608E-05
    0.10432E+03    0.15160E-05
    0.10785E+03    0.13836E-05
    0.11151E+03    0.12626E-05
    0.11529E+03    0.11521E-05
    0.11920E+03    0.10512E-05
    0.12324E+03    0.95894E-06
    0.12741E+03    0.87470E-06
    0.13173E+03    0.79777E-06
    0.13620E+03    0.72750E-06
    0.14081E+03    0.66334E-06
    0.14559E+03    0.60474E-06
    0.15052E+03    0.55125E-06
    0.15562E+03    0.50241E-06
    0.16090E+03    0.45782E-06
    0.16635E+03    0.41712E-06
    0.17199E+03    0.37997E-06
    0.17782E+03    0.34607E-06
    0.18385E+03    0.31513E-06
    0.19008E+03    0.28690E-06
    0.19652E+03    0.26115E-06
    0.20318E+03    0.23766E-06
