  0.106221E-04  0.180473E+08  0.180473E+08  0.240502E+08  0.240502E+08  0.180356E+08  0.180471E+08
  0.109822E-04  0.180473E+08  0.180473E+08  0.240493E+08  0.240493E+08  0.180356E+08  0.180471E+08
  0.113544E-04  0.180473E+08  0.180473E+08  0.240483E+08  0.240483E+08  0.180356E+08  0.180471E+08
  0.117393E-04  0.180473E+08  0.180473E+08  0.240473E+08  0.240473E+08  0.180356E+08  0.180471E+08
  0.121372E-04  0.180473E+08  0.180473E+08  0.240462E+08  0.240462E+08  0.180356E+08  0.180471E+08
  0.125486E-04  0.180473E+08  0.180473E+08  0.240451E+08  0.240451E+08  0.180356E+08  0.180471E+08
  0.129739E-04  0.180472E+08  0.180472E+08  0.240439E+08  0.240438E+08  0.180356E+08  0.180471E+08
  0.134136E-04  0.180472E+08  0.180472E+08  0.240425E+08  0.240425E+08  0.180356E+08  0.180471E+08
  0.138683E-04  0.180472E+08  0.180472E+08  0.240411E+08  0.240411E+08  0.180356E+08  0.180471E+08
  0.143384E-04  0.180472E+08  0.180472E+08  0.240396E+08  0.240396E+08  0.180356E+08  0.180471E+08
  0.148244E-04  0.180472E+08  0.180472E+08  0.240380E+08  0.240380E+08  0.180356E+08  0.180471E+08
  0.153268E-04  0.180472E+08  0.180472E+08  0.240363E+08  0.240362E+08  0.180356E+08  0.180471E+08
  0.158463E-04  0.180472E+08  0.180472E+08  0.240344E+08  0.240344E+08  0.180356E+08  0.180471E+08
  0.163835E-04  0.180472E+08  0.180472E+08  0.240324E+08  0.240324E+08  0.180355E+08  0.180471E+08
  0.169388E-04  0.180472E+08  0.180472E+08  0.240303E+08  0.240303E+08  0.180355E+08  0.180471E+08
  0.175129E-04  0.180472E+08  0.180472E+08  0.240281E+08  0.240280E+08  0.180355E+08  0.180471E+08
  0.181065E-04  0.180472E+08  0.180472E+08  0.240257E+08  0.240256E+08  0.180355E+08  0.180471E+08
  0.187202E-04  0.180472E+08  0.180472E+08  0.240231E+08  0.240230E+08  0.180355E+08  0.180471E+08
  0.193548E-04  0.180472E+08  0.180472E+08  0.240204E+08  0.240203E+08  0.180355E+08  0.180471E+08
  0.200108E-04  0.180472E+08  0.180472E+08  0.240174E+08  0.240173E+08  0.180355E+08  0.180471E+08
  0.206891E-04  0.180472E+08  0.180472E+08  0.240143E+08  0.240142E+08  0.180354E+08  0.180471E+08
  0.213903E-04  0.180472E+08  0.180472E+08  0.240109E+08  0.240108E+08  0.180354E+08  0.180471E+08
  0.221154E-04  0.180472E+08  0.180472E+08  0.240073E+08  0.240072E+08  0.180354E+08  0.180471E+08
  0.228650E-04  0.180472E+08  0.180472E+08  0.240035E+08  0.240034E+08  0.180354E+08  0.180471E+08
  0.236400E-04  0.180472E+08  0.180472E+08  0.239994E+08  0.239993E+08  0.180353E+08  0.180470E+08
  0.244412E-04  0.180472E+08  0.180472E+08  0.239950E+08  0.239949E+08  0.180353E+08  0.180470E+08
  0.252697E-04  0.180472E+08  0.180472E+08  0.239903E+08  0.239902E+08  0.180353E+08  0.180470E+08
  0.261262E-04  0.180472E+08  0.180472E+08  0.239853E+08  0.239852E+08  0.180353E+08  0.180470E+08
  0.270118E-04  0.180471E+08  0.180471E+08  0.239800E+08  0.239798E+08  0.180352E+08  0.180470E+08
  0.279273E-04  0.180471E+08  0.180471E+08  0.239742E+08  0.239741E+08  0.180352E+08  0.180470E+08
  0.288739E-04  0.180471E+08  0.180471E+08  0.239681E+08  0.239680E+08  0.180352E+08  0.180470E+08
  0.298526E-04  0.180471E+08  0.180471E+08  0.239616E+08  0.239614E+08  0.180351E+08  0.180470E+08
  0.308645E-04  0.180471E+08  0.180471E+08  0.239546E+08  0.239544E+08  0.180351E+08  0.180470E+08
  0.319106E-04  0.180471E+08  0.180471E+08  0.239472E+08  0.239470E+08  0.180350E+08  0.180470E+08
  0.329922E-04  0.180471E+08  0.180471E+08  0.239392E+08  0.239390E+08  0.180350E+08  0.180469E+08
  0.341105E-04  0.180471E+08  0.180471E+08  0.239307E+08  0.239305E+08  0.180349E+08  0.180469E+08
  0.352667E-04  0.180470E+08  0.180470E+08  0.239216E+08  0.239213E+08  0.180349E+08  0.180469E+08
  0.364621E-04  0.180470E+08  0.180470E+08  0.239119E+08  0.239116E+08  0.180348E+08  0.180469E+08
  0.376979E-04  0.180470E+08  0.180470E+08  0.239015E+08  0.239012E+08  0.180348E+08  0.180469E+08
  0.389757E-04  0.180470E+08  0.180470E+08  0.238904E+08  0.238901E+08  0.180347E+08  0.180469E+08
  0.402968E-04  0.180470E+08  0.180470E+08  0.238785E+08  0.238782E+08  0.180346E+08  0.180468E+08
  0.416627E-04  0.180470E+08  0.180470E+08  0.238658E+08  0.238655E+08  0.180346E+08  0.180468E+08
  0.430748E-04  0.180469E+08  0.180469E+08  0.238523E+08  0.238519E+08  0.180345E+08  0.180468E+08
  0.445349E-04  0.180469E+08  0.180469E+08  0.238378E+08  0.238374E+08  0.180344E+08  0.180468E+08
  0.460444E-04  0.180469E+08  0.180469E+08  0.238224E+08  0.238220E+08  0.180343E+08  0.180467E+08
  0.476050E-04  0.180468E+08  0.180468E+08  0.238058E+08  0.238054E+08  0.180342E+08  0.180467E+08
  0.492186E-04  0.180468E+08  0.180468E+08  0.237882E+08  0.237878E+08  0.180341E+08  0.180467E+08
  0.508869E-04  0.180468E+08  0.180468E+08  0.237694E+08  0.237689E+08  0.180340E+08  0.180466E+08
  0.526117E-04  0.180468E+08  0.180468E+08  0.237492E+08  0.237487E+08  0.180339E+08  0.180466E+08
  0.543950E-04  0.180467E+08  0.180467E+08  0.237278E+08  0.237272E+08  0.180337E+08  0.180466E+08
  0.562387E-04  0.180467E+08  0.180467E+08  0.237048E+08  0.237042E+08  0.180336E+08  0.180465E+08
  0.581449E-04  0.180466E+08  0.180466E+08  0.236803E+08  0.236797E+08  0.180334E+08  0.180465E+08
  0.601158E-04  0.180466E+08  0.180466E+08  0.236541E+08  0.236534E+08  0.180333E+08  0.180464E+08
  0.621534E-04  0.180465E+08  0.180465E+08  0.236261E+08  0.236254E+08  0.180331E+08  0.180464E+08
  0.642601E-04  0.180465E+08  0.180465E+08  0.235963E+08  0.235955E+08  0.180329E+08  0.180463E+08
  0.664382E-04  0.180464E+08  0.180464E+08  0.235644E+08  0.235636E+08  0.180327E+08  0.180463E+08
  0.686901E-04  0.180464E+08  0.180464E+08  0.235304E+08  0.235295E+08  0.180325E+08  0.180462E+08
  0.710184E-04  0.180463E+08  0.180463E+08  0.234941E+08  0.234932E+08  0.180323E+08  0.180462E+08
  0.734256E-04  0.180463E+08  0.180463E+08  0.234553E+08  0.234543E+08  0.180321E+08  0.180461E+08
  0.759143E-04  0.180462E+08  0.180462E+08  0.234140E+08  0.234129E+08  0.180318E+08  0.180460E+08
  0.784875E-04  0.180461E+08  0.180461E+08  0.233698E+08  0.233687E+08  0.180316E+08  0.180460E+08
  0.811478E-04  0.180460E+08  0.180460E+08  0.233227E+08  0.233215E+08  0.180313E+08  0.180459E+08
  0.838983E-04  0.180459E+08  0.180459E+08  0.232724E+08  0.232711E+08  0.180310E+08  0.180458E+08
  0.867421E-04  0.180458E+08  0.180458E+08  0.232188E+08  0.232174E+08  0.180306E+08  0.180457E+08
  0.896822E-04  0.180458E+08  0.180458E+08  0.231616E+08  0.231602E+08  0.180303E+08  0.180456E+08
  0.927220E-04  0.180456E+08  0.180456E+08  0.231006E+08  0.230991E+08  0.180299E+08  0.180455E+08
  0.958648E-04  0.180455E+08  0.180455E+08  0.230356E+08  0.230339E+08  0.180295E+08  0.180454E+08
  0.991141E-04  0.180454E+08  0.180454E+08  0.229663E+08  0.229645E+08  0.180291E+08  0.180452E+08
  0.102474E-03  0.180453E+08  0.180453E+08  0.228924E+08  0.228905E+08  0.180286E+08  0.180451E+08
  0.105947E-03  0.180451E+08  0.180451E+08  0.228137E+08  0.228116E+08  0.180281E+08  0.180450E+08
  0.109538E-03  0.180450E+08  0.180450E+08  0.227298E+08  0.227276E+08  0.180276E+08  0.180448E+08
  0.113251E-03  0.180448E+08  0.180448E+08  0.226404E+08  0.226381E+08  0.180271E+08  0.180446E+08
  0.117090E-03  0.180447E+08  0.180447E+08  0.225452E+08  0.225428E+08  0.180265E+08  0.180445E+08
  0.121058E-03  0.180445E+08  0.180445E+08  0.224439E+08  0.224413E+08  0.180258E+08  0.180443E+08
  0.125162E-03  0.180443E+08  0.180443E+08  0.223360E+08  0.223333E+08  0.180251E+08  0.180441E+08
  0.129404E-03  0.180441E+08  0.180441E+08  0.222213E+08  0.222183E+08  0.180244E+08  0.180439E+08
  0.133790E-03  0.180439E+08  0.180439E+08  0.220992E+08  0.220961E+08  0.180236E+08  0.180437E+08
  0.138325E-03  0.180436E+08  0.180436E+08  0.219694E+08  0.219661E+08  0.180228E+08  0.180434E+08
  0.143013E-03  0.180434E+08  0.180434E+08  0.218315E+08  0.218279E+08  0.180219E+08  0.180432E+08
  0.147861E-03  0.180431E+08  0.180431E+08  0.216849E+08  0.216811E+08  0.180210E+08  0.180429E+08
  0.152873E-03  0.180428E+08  0.180428E+08  0.215292E+08  0.215251E+08  0.180200E+08  0.180426E+08
  0.158054E-03  0.180425E+08  0.180425E+08  0.213639E+08  0.213596E+08  0.180189E+08  0.180423E+08
  0.163412E-03  0.180422E+08  0.180422E+08  0.211885E+08  0.211839E+08  0.180177E+08  0.180420E+08
  0.168950E-03  0.180419E+08  0.180419E+08  0.210024E+08  0.209976E+08  0.180165E+08  0.180416E+08
  0.174677E-03  0.180415E+08  0.180415E+08  0.208052E+08  0.208001E+08  0.180152E+08  0.180412E+08
  0.180598E-03  0.180411E+08  0.180411E+08  0.205964E+08  0.205909E+08  0.180138E+08  0.180408E+08
  0.186719E-03  0.180407E+08  0.180407E+08  0.203752E+08  0.203694E+08  0.180122E+08  0.180404E+08
  0.193048E-03  0.180402E+08  0.180402E+08  0.201412E+08  0.201351E+08  0.180106E+08  0.180399E+08
  0.199591E-03  0.180398E+08  0.180397E+08  0.198939E+08  0.198874E+08  0.180089E+08  0.180394E+08
  0.206357E-03  0.180392E+08  0.180392E+08  0.196326E+08  0.196257E+08  0.180071E+08  0.180389E+08
  0.213351E-03  0.180387E+08  0.180387E+08  0.193568E+08  0.193495E+08  0.180051E+08  0.180383E+08
  0.220583E-03  0.180381E+08  0.180381E+08  0.190660E+08  0.190583E+08  0.180030E+08  0.180377E+08
  0.228059E-03  0.180375E+08  0.180375E+08  0.187596E+08  0.187514E+08  0.180008E+08  0.180371E+08
  0.235789E-03  0.180368E+08  0.180368E+08  0.184371E+08  0.184285E+08  0.179984E+08  0.180364E+08
  0.243781E-03  0.180361E+08  0.180361E+08  0.180981E+08  0.180890E+08  0.179958E+08  0.180357E+08
  0.252044E-03  0.180353E+08  0.180353E+08  0.177421E+08  0.177325E+08  0.179931E+08  0.180349E+08
  0.260588E-03  0.180345E+08  0.180345E+08  0.173688E+08  0.173587E+08  0.179902E+08  0.180340E+08
  0.269420E-03  0.180337E+08  0.180336E+08  0.169778E+08  0.169672E+08  0.179871E+08  0.180331E+08
  0.278552E-03  0.180327E+08  0.180327E+08  0.165690E+08  0.165579E+08  0.179838E+08  0.180322E+08
  0.287994E-03  0.180317E+08  0.180317E+08  0.161422E+08  0.161305E+08  0.179802E+08  0.180312E+08
  0.297755E-03  0.180307E+08  0.180307E+08  0.156973E+08  0.156850E+08  0.179764E+08  0.180301E+08
  0.307848E-03  0.180296E+08  0.180296E+08  0.152345E+08  0.152216E+08  0.179724E+08  0.180289E+08
  0.318282E-03  0.180284E+08  0.180284E+08  0.147540E+08  0.147405E+08  0.179681E+08  0.180277E+08
  0.329071E-03  0.180271E+08  0.180271E+08  0.142561E+08  0.142419E+08  0.179635E+08  0.180264E+08
  0.340224E-03  0.180257E+08  0.180257E+08  0.137414E+08  0.137267E+08  0.179586E+08  0.180250E+08
  0.351756E-03  0.180243E+08  0.180243E+08  0.132108E+08  0.131953E+08  0.179533E+08  0.180235E+08
  0.363679E-03  0.180228E+08  0.180227E+08  0.126650E+08  0.126489E+08  0.179478E+08  0.180219E+08
  0.376006E-03  0.180211E+08  0.180211E+08  0.121055E+08  0.120887E+08  0.179418E+08  0.180202E+08
  0.388751E-03  0.180194E+08  0.180193E+08  0.115335E+08  0.115160E+08  0.179354E+08  0.180184E+08
  0.401928E-03  0.180175E+08  0.180175E+08  0.109508E+08  0.109326E+08  0.179287E+08  0.180165E+08
  0.415551E-03  0.180155E+08  0.180155E+08  0.103594E+08  0.103405E+08  0.179215E+08  0.180145E+08
  0.429636E-03  0.180134E+08  0.180134E+08  0.976157E+07  0.974200E+07  0.179138E+08  0.180123E+08
  0.444199E-03  0.180111E+08  0.180111E+08  0.915984E+07  0.913954E+07  0.179056E+08  0.180100E+08
  0.459255E-03  0.180088E+08  0.180087E+08  0.855704E+07  0.853602E+07  0.178968E+08  0.180075E+08
  0.474821E-03  0.180062E+08  0.180062E+08  0.795630E+07  0.793453E+07  0.178875E+08  0.180049E+08
  0.490915E-03  0.180035E+08  0.180035E+08  0.736096E+07  0.733843E+07  0.178776E+08  0.180021E+08
  0.507555E-03  0.180006E+08  0.180006E+08  0.677461E+07  0.675129E+07  0.178670E+08  0.179992E+08
  0.524759E-03  0.179976E+08  0.179975E+08  0.620099E+07  0.617687E+07  0.178558E+08  0.179960E+08
  0.542546E-03  0.179943E+08  0.179943E+08  0.564400E+07  0.561904E+07  0.178438E+08  0.179927E+08
  0.560935E-03  0.179909E+08  0.179908E+08  0.510756E+07  0.508173E+07  0.178311E+08  0.179891E+08
  0.579948E-03  0.179872E+08  0.179872E+08  0.459556E+07  0.456881E+07  0.178175E+08  0.179854E+08
  0.599606E-03  0.179833E+08  0.179833E+08  0.411177E+07  0.408406E+07  0.178031E+08  0.179814E+08
  0.619929E-03  0.179792E+08  0.179792E+08  0.365971E+07  0.363097E+07  0.177878E+08  0.179771E+08
  0.640942E-03  0.179748E+08  0.179748E+08  0.324253E+07  0.321270E+07  0.177716E+08  0.179726E+08
  0.662667E-03  0.179702E+08  0.179702E+08  0.286287E+07  0.283187E+07  0.177543E+08  0.179679E+08
  0.685128E-03  0.179653E+08  0.179652E+08  0.252273E+07  0.249050E+07  0.177359E+08  0.179628E+08
  0.708350E-03  0.179601E+08  0.179600E+08  0.222334E+07  0.218982E+07  0.177164E+08  0.179574E+08
  0.732360E-03  0.179546E+08  0.179545E+08  0.196505E+07  0.193017E+07  0.176957E+08  0.179518E+08
  0.757184E-03  0.179488E+08  0.179487E+08  0.174720E+07  0.171091E+07  0.176738E+08  0.179458E+08
  0.782848E-03  0.179426E+08  0.179425E+08  0.156806E+07  0.153035E+07  0.176505E+08  0.179394E+08
  0.809383E-03  0.179360E+08  0.179360E+08  0.142484E+07  0.138572E+07  0.176258E+08  0.179327E+08
  0.836817E-03  0.179291E+08  0.179291E+08  0.131367E+07  0.127320E+07  0.175997E+08  0.179256E+08
  0.865181E-03  0.179218E+08  0.179217E+08  0.122975E+07  0.118804E+07  0.175720E+08  0.179180E+08
  0.894507E-03  0.179141E+08  0.179140E+08  0.116748E+07  0.112472E+07  0.175428E+08  0.179101E+08
  0.924826E-03  0.179060E+08  0.179059E+08  0.112075E+07  0.107718E+07  0.175118E+08  0.179017E+08
  0.956173E-03  0.178973E+08  0.178972E+08  0.108322E+07  0.103920E+07  0.174790E+08  0.178928E+08
  0.988582E-03  0.178883E+08  0.178881E+08  0.104877E+07  0.100470E+07  0.174445E+08  0.178834E+08
  0.102209E-02  0.178787E+08  0.178785E+08  0.101186E+07  0.968246E+06  0.174079E+08  0.178735E+08
  0.105673E-02  0.178685E+08  0.178684E+08  0.968020E+06  0.925400E+06  0.173694E+08  0.178631E+08
  0.109255E-02  0.178578E+08  0.178577E+08  0.914202E+06  0.873149E+06  0.173288E+08  0.178521E+08
  0.112958E-02  0.178466E+08  0.178464E+08  0.849110E+06  0.810183E+06  0.172860E+08  0.178405E+08
  0.116787E-02  0.178347E+08  0.178346E+08  0.773344E+06  0.737043E+06  0.172409E+08  0.178282E+08
  0.120746E-02  0.178222E+08  0.178220E+08  0.689370E+06  0.656081E+06  0.171936E+08  0.178154E+08
  0.124838E-02  0.178090E+08  0.178088E+08  0.601252E+06  0.571192E+06  0.171437E+08  0.178018E+08
  0.129070E-02  0.177951E+08  0.177949E+08  0.514140E+06  0.487306E+06  0.170914E+08  0.177875E+08
  0.133445E-02  0.177805E+08  0.177803E+08  0.433548E+06  0.409688E+06  0.170365E+08  0.177724E+08
  0.137968E-02  0.177651E+08  0.177649E+08  0.364496E+06  0.343103E+06  0.169790E+08  0.177566E+08
  0.142644E-02  0.177489E+08  0.177487E+08  0.310638E+06  0.290972E+06  0.169188E+08  0.177399E+08
  0.147479E-02  0.177319E+08  0.177317E+08  0.273514E+06  0.254676E+06  0.168558E+08  0.177224E+08
  0.152478E-02  0.177140E+08  0.177138E+08  0.252135E+06  0.233167E+06  0.167900E+08  0.177040E+08
  0.157646E-02  0.176952E+08  0.176950E+08  0.243016E+06  0.223029E+06  0.167213E+08  0.176846E+08
  0.162990E-02  0.176755E+08  0.176752E+08  0.000000E+00  0.000000E+00  0.166497E+08  0.176643E+08
  0.168514E-02  0.176547E+08  0.176544E+08  0.000000E+00  0.000000E+00  0.165751E+08  0.176430E+08
  0.174226E-02  0.176330E+08  0.176326E+08  0.000000E+00  0.000000E+00  0.164976E+08  0.176206E+08
  0.180131E-02  0.176102E+08  0.176098E+08  0.000000E+00  0.000000E+00  0.164171E+08  0.175972E+08
  0.186237E-02  0.175862E+08  0.175858E+08  0.000000E+00  0.000000E+00  0.163336E+08  0.175726E+08
  0.192550E-02  0.175611E+08  0.175607E+08  0.000000E+00  0.000000E+00  0.162471E+08  0.175468E+08
  0.199076E-02  0.175349E+08  0.175344E+08  0.000000E+00  0.000000E+00  0.161576E+08  0.175199E+08
  0.205824E-02  0.175074E+08  0.175069E+08  0.000000E+00  0.000000E+00  0.160651E+08  0.174917E+08
  0.212800E-02  0.174786E+08  0.174781E+08  0.000000E+00  0.000000E+00  0.159696E+08  0.174622E+08
  0.220013E-02  0.174485E+08  0.174479E+08  0.000000E+00  0.000000E+00  0.158713E+08  0.174313E+08
  0.227470E-02  0.174170E+08  0.174165E+08  0.000000E+00  0.000000E+00  0.157700E+08  0.173991E+08
  0.235181E-02  0.173842E+08  0.173836E+08  0.000000E+00  0.000000E+00  0.156659E+08  0.173655E+08
  0.243152E-02  0.173499E+08  0.173492E+08  0.000000E+00  0.000000E+00  0.155589E+08  0.173304E+08
  0.251394E-02  0.173141E+08  0.173134E+08  0.000000E+00  0.000000E+00  0.154491E+08  0.172938E+08
  0.259915E-02  0.172768E+08  0.172760E+08  0.000000E+00  0.000000E+00  0.153366E+08  0.172556E+08
  0.268725E-02  0.172379E+08  0.172370E+08  0.000000E+00  0.000000E+00  0.152213E+08  0.172159E+08
  0.277833E-02  0.171973E+08  0.171965E+08  0.000000E+00  0.000000E+00  0.151032E+08  0.171745E+08
  0.287250E-02  0.171552E+08  0.171543E+08  0.000000E+00  0.000000E+00  0.149824E+08  0.171315E+08
  0.296987E-02  0.171113E+08  0.171103E+08  0.000000E+00  0.000000E+00  0.148589E+08  0.170867E+08
  0.307053E-02  0.170657E+08  0.170647E+08  0.000000E+00  0.000000E+00  0.147325E+08  0.170402E+08
  0.317461E-02  0.170183E+08  0.170172E+08  0.000000E+00  0.000000E+00  0.146033E+08  0.169920E+08
  0.328221E-02  0.169691E+08  0.169679E+08  0.000000E+00  0.000000E+00  0.144713E+08  0.169418E+08
  0.339346E-02  0.169180E+08  0.169168E+08  0.000000E+00  0.000000E+00  0.143363E+08  0.168898E+08
  0.350848E-02  0.168651E+08  0.168637E+08  0.000000E+00  0.000000E+00  0.141982E+08  0.168359E+08
  0.362740E-02  0.168101E+08  0.168087E+08  0.000000E+00  0.000000E+00  0.140571E+08  0.167801E+08
  0.375035E-02  0.167532E+08  0.167517E+08  0.000000E+00  0.000000E+00  0.139128E+08  0.167222E+08
  0.387747E-02  0.166943E+08  0.166927E+08  0.000000E+00  0.000000E+00  0.137652E+08  0.166623E+08
  0.400890E-02  0.166333E+08  0.166315E+08  0.000000E+00  0.000000E+00  0.136143E+08  0.166003E+08
  0.414478E-02  0.165702E+08  0.165683E+08  0.000000E+00  0.000000E+00  0.134600E+08  0.165362E+08
  0.428527E-02  0.165049E+08  0.165029E+08  0.000000E+00  0.000000E+00  0.133023E+08  0.164698E+08
  0.443052E-02  0.164374E+08  0.164353E+08  0.000000E+00  0.000000E+00  0.131411E+08  0.164013E+08
  0.458069E-02  0.163677E+08  0.163654E+08  0.000000E+00  0.000000E+00  0.129765E+08  0.163305E+08
  0.473596E-02  0.162956E+08  0.162932E+08  0.000000E+00  0.000000E+00  0.128084E+08  0.162574E+08
  0.489648E-02  0.162213E+08  0.162187E+08  0.000000E+00  0.000000E+00  0.126368E+08  0.161820E+08
  0.506245E-02  0.161445E+08  0.161418E+08  0.000000E+00  0.000000E+00  0.124620E+08  0.161042E+08
  0.523404E-02  0.160653E+08  0.160624E+08  0.000000E+00  0.000000E+00  0.122838E+08  0.160239E+08
  0.541145E-02  0.159837E+08  0.159806E+08  0.000000E+00  0.000000E+00  0.121024E+08  0.159411E+08
  0.559487E-02  0.158995E+08  0.158962E+08  0.000000E+00  0.000000E+00  0.119180E+08  0.158558E+08
  0.578451E-02  0.158128E+08  0.158093E+08  0.000000E+00  0.000000E+00  0.117306E+08  0.157680E+08
  0.598058E-02  0.157234E+08  0.157197E+08  0.000000E+00  0.000000E+00  0.115403E+08  0.156775E+08
  0.618329E-02  0.156314E+08  0.156274E+08  0.000000E+00  0.000000E+00  0.113473E+08  0.155843E+08
  0.639287E-02  0.155367E+08  0.155324E+08  0.000000E+00  0.000000E+00  0.111516E+08  0.154885E+08
  0.660956E-02  0.154392E+08  0.154347E+08  0.000000E+00  0.000000E+00  0.109535E+08  0.153899E+08
  0.683359E-02  0.153389E+08  0.153341E+08  0.000000E+00  0.000000E+00  0.107530E+08  0.152884E+08
  0.706522E-02  0.152358E+08  0.152307E+08  0.000000E+00  0.000000E+00  0.105504E+08  0.151842E+08
  0.730469E-02  0.151298E+08  0.151244E+08  0.000000E+00  0.000000E+00  0.103456E+08  0.150771E+08
  0.755228E-02  0.150209E+08  0.150151E+08  0.000000E+00  0.000000E+00  0.101389E+08  0.149670E+08
  0.780827E-02  0.149090E+08  0.149028E+08  0.000000E+00  0.000000E+00  0.993046E+07  0.148540E+08
  0.807293E-02  0.147940E+08  0.147875E+08  0.000000E+00  0.000000E+00  0.972038E+07  0.147380E+08
  0.834657E-02  0.146760E+08  0.146691E+08  0.000000E+00  0.000000E+00  0.950882E+07  0.146189E+08
  0.862947E-02  0.145549E+08  0.145475E+08  0.000000E+00  0.000000E+00  0.929597E+07  0.144967E+08
  0.892197E-02  0.144306E+08  0.144227E+08  0.000000E+00  0.000000E+00  0.908197E+07  0.143713E+08
  0.922438E-02  0.143030E+08  0.142947E+08  0.000000E+00  0.000000E+00  0.886701E+07  0.142428E+08
  0.953704E-02  0.141723E+08  0.141634E+08  0.000000E+00  0.000000E+00  0.865127E+07  0.141110E+08
  0.986030E-02  0.140382E+08  0.140288E+08  0.000000E+00  0.000000E+00  0.843491E+07  0.139759E+08
  0.101945E-01  0.139007E+08  0.138908E+08  0.000000E+00  0.000000E+00  0.821811E+07  0.138375E+08
  0.105401E-01  0.137599E+08  0.137494E+08  0.000000E+00  0.000000E+00  0.800107E+07  0.136958E+08
  0.108973E-01  0.136156E+08  0.136045E+08  0.000000E+00  0.000000E+00  0.778397E+07  0.135506E+08
  0.112667E-01  0.134679E+08  0.134561E+08  0.000000E+00  0.000000E+00  0.756700E+07  0.134020E+08
  0.116486E-01  0.133166E+08  0.133041E+08  0.000000E+00  0.000000E+00  0.735036E+07  0.132499E+08
  0.120434E-01  0.131617E+08  0.131485E+08  0.000000E+00  0.000000E+00  0.713424E+07  0.130942E+08
  0.124516E-01  0.130033E+08  0.129893E+08  0.000000E+00  0.000000E+00  0.691884E+07  0.129350E+08
  0.128737E-01  0.128412E+08  0.128264E+08  0.000000E+00  0.000000E+00  0.670436E+07  0.127722E+08
  0.133100E-01  0.126754E+08  0.126598E+08  0.000000E+00  0.000000E+00  0.649101E+07  0.126058E+08
  0.137612E-01  0.125059E+08  0.124894E+08  0.000000E+00  0.000000E+00  0.627896E+07  0.124357E+08
  0.142276E-01  0.123327E+08  0.123153E+08  0.000000E+00  0.000000E+00  0.606840E+07  0.122620E+08
  0.147098E-01  0.121558E+08  0.121375E+08  0.000000E+00  0.000000E+00  0.585950E+07  0.120845E+08
  0.152084E-01  0.119751E+08  0.119558E+08  0.000000E+00  0.000000E+00  0.565244E+07  0.119034E+08
  0.157239E-01  0.117907E+08  0.117704E+08  0.000000E+00  0.000000E+00  0.544739E+07  0.117186E+08
  0.162569E-01  0.116026E+08  0.115812E+08  0.000000E+00  0.000000E+00  0.524455E+07  0.115301E+08
  0.168079E-01  0.114107E+08  0.113882E+08  0.000000E+00  0.000000E+00  0.504413E+07  0.113380E+08
  0.173776E-01  0.112152E+08  0.111915E+08  0.000000E+00  0.000000E+00  0.484635E+07  0.111422E+08
  0.179666E-01  0.110160E+08  0.109912E+08  0.000000E+00  0.000000E+00  0.465141E+07  0.109429E+08
  0.185756E-01  0.108133E+08  0.107873E+08  0.000000E+00  0.000000E+00  0.445949E+07  0.107401E+08
  0.192052E-01  0.106071E+08  0.105799E+08  0.000000E+00  0.000000E+00  0.427073E+07  0.105339E+08
  0.198562E-01  0.103975E+08  0.103691E+08  0.000000E+00  0.000000E+00  0.408526E+07  0.103244E+08
  0.205292E-01  0.101847E+08  0.101551E+08  0.000000E+00  0.000000E+00  0.390326E+07  0.101117E+08
  0.212251E-01  0.996887E+07  0.993800E+07  0.000000E+00  0.000000E+00  0.372496E+07  0.989608E+07
  0.219445E-01  0.975015E+07  0.971802E+07  0.000000E+00  0.000000E+00  0.355057E+07  0.967763E+07
  0.226883E-01  0.952878E+07  0.949541E+07  0.000000E+00  0.000000E+00  0.338021E+07  0.945660E+07
  0.234573E-01  0.930502E+07  0.927042E+07  0.000000E+00  0.000000E+00  0.321401E+07  0.923327E+07
  0.242524E-01  0.907917E+07  0.904337E+07  0.000000E+00  0.000000E+00  0.305213E+07  0.900791E+07
  0.250745E-01  0.885157E+07  0.881460E+07  0.000000E+00  0.000000E+00  0.289476E+07  0.878087E+07
  0.259244E-01  0.862260E+07  0.858450E+07  0.000000E+00  0.000000E+00  0.274205E+07  0.855254E+07
  0.268031E-01  0.839268E+07  0.835352E+07  0.000000E+00  0.000000E+00  0.259407E+07  0.832333E+07
  0.277116E-01  0.816228E+07  0.812213E+07  0.000000E+00  0.000000E+00  0.245098E+07  0.809371E+07
  0.286509E-01  0.793192E+07  0.789086E+07  0.000000E+00  0.000000E+00  0.231294E+07  0.786420E+07
  0.296220E-01  0.770216E+07  0.766031E+07  0.000000E+00  0.000000E+00  0.218001E+07  0.763535E+07
  0.306260E-01  0.747361E+07  0.743108E+07  0.000000E+00  0.000000E+00  0.205230E+07  0.740778E+07
  0.316641E-01  0.724691E+07  0.720384E+07  0.000000E+00  0.000000E+00  0.192989E+07  0.718212E+07
  0.327374E-01  0.702276E+07  0.697930E+07  0.000000E+00  0.000000E+00  0.181283E+07  0.695907E+07
  0.338470E-01  0.683502E+07  0.679133E+07  0.000000E+00  0.000000E+00  0.160738E+07  0.677110E+07
  0.349942E-01  0.661925E+07  0.657552E+07  0.000000E+00  0.000000E+00  0.150403E+07  0.655654E+07
  0.361804E-01  0.640817E+07  0.636461E+07  0.000000E+00  0.000000E+00  0.140616E+07  0.634672E+07
  0.374067E-01  0.620051E+07  0.615732E+07  0.000000E+00  0.000000E+00  0.131330E+07  0.614036E+07
  0.386746E-01  0.599792E+07  0.595533E+07  0.000000E+00  0.000000E+00  0.122564E+07  0.593912E+07
  0.399855E-01  0.580202E+07  0.576025E+07  0.000000E+00  0.000000E+00  0.114327E+07  0.574459E+07
  0.413408E-01  0.561359E+07  0.557287E+07  0.000000E+00  0.000000E+00  0.106611E+07  0.555753E+07
  0.427421E-01  0.543328E+07  0.539384E+07  0.000000E+00  0.000000E+00  0.994058E+06  0.537861E+07
  0.441908E-01  0.524104E+07  0.520311E+07  0.000000E+00  0.000000E+00  0.961105E+06  0.518835E+07
  0.456886E-01  0.507751E+07  0.504130E+07  0.000000E+00  0.000000E+00  0.897772E+06  0.502619E+07
  0.472373E-01  0.492276E+07  0.488845E+07  0.000000E+00  0.000000E+00  0.838875E+06  0.487280E+07
  0.488384E-01  0.477650E+07  0.474426E+07  0.000000E+00  0.000000E+00  0.784128E+06  0.472787E+07
  0.504938E-01  0.463819E+07  0.460815E+07  0.000000E+00  0.000000E+00  0.733222E+06  0.459088E+07
  0.522053E-01  0.450721E+07  0.447945E+07  0.000000E+00  0.000000E+00  0.685835E+06  0.446118E+07
  0.539748E-01  0.439438E+07  0.436893E+07  0.000000E+00  0.000000E+00  0.627154E+06  0.434932E+07
  0.558043E-01  0.427542E+07  0.425226E+07  0.000000E+00  0.000000E+00  0.586121E+06  0.423159E+07
  0.576957E-01  0.416085E+07  0.413992E+07  0.000000E+00  0.000000E+00  0.547675E+06  0.411822E+07
  0.596514E-01  0.404957E+07  0.403072E+07  0.000000E+00  0.000000E+00  0.511546E+06  0.400809E+07
  0.616732E-01  0.394037E+07  0.392341E+07  0.000000E+00  0.000000E+00  0.477473E+06  0.390002E+07
  0.637637E-01  0.382389E+07  0.380859E+07  0.000000E+00  0.000000E+00  0.453262E+06  0.378482E+07
  0.659249E-01  0.371472E+07  0.370076E+07  0.000000E+00  0.000000E+00  0.422439E+06  0.367672E+07
  0.681595E-01  0.360359E+07  0.359064E+07  0.000000E+00  0.000000E+00  0.392986E+06  0.356664E+07
  0.704697E-01  0.348926E+07  0.347697E+07  0.000000E+00  0.000000E+00  0.364761E+06  0.345336E+07
  0.728583E-01  0.337317E+07  0.336117E+07  0.000000E+00  0.000000E+00  0.334792E+06  0.333826E+07
  0.753278E-01  0.325077E+07  0.323872E+07  0.000000E+00  0.000000E+00  0.308877E+06  0.321688E+07
  0.778811E-01  0.312448E+07  0.311209E+07  0.000000E+00  0.000000E+00  0.284088E+06  0.309164E+07
  0.805209E-01  0.299526E+07  0.298230E+07  0.000000E+00  0.000000E+00  0.260498E+06  0.296347E+07
  0.832502E-01  0.286456E+07  0.285088E+07  0.000000E+00  0.000000E+00  0.238198E+06  0.283382E+07
  0.860720E-01  0.273414E+07  0.271971E+07  0.000000E+00  0.000000E+00  0.217294E+06  0.270446E+07
  0.889894E-01  0.260599E+07  0.259088E+07  0.000000E+00  0.000000E+00  0.197863E+06  0.257738E+07
  0.920057E-01  0.248225E+07  0.246664E+07  0.000000E+00  0.000000E+00  0.179987E+06  0.245470E+07
  0.951242E-01  0.236522E+07  0.234939E+07  0.000000E+00  0.000000E+00  0.163724E+06  0.233873E+07
  0.983485E-01  0.225721E+07  0.224151E+07  0.000000E+00  0.000000E+00  0.149108E+06  0.223175E+07
  0.101682E+00  0.216014E+07  0.214495E+07  0.000000E+00  0.000000E+00  0.136129E+06  0.213568E+07
  0.105129E+00  0.207497E+07  0.206068E+07  0.000000E+00  0.000000E+00  0.124702E+06  0.205146E+07
  0.108692E+00  0.200119E+07  0.198811E+07  0.000000E+00  0.000000E+00  0.114657E+06  0.197857E+07
  0.112376E+00  0.193671E+07  0.192505E+07  0.000000E+00  0.000000E+00  0.105750E+06  0.191493E+07
  0.116185E+00  0.187835E+07  0.186818E+07  0.000000E+00  0.000000E+00  0.977116E+05  0.185736E+07
  0.120123E+00  0.182261E+07  0.181384E+07  0.000000E+00  0.000000E+00  0.902947E+05  0.180238E+07
  0.124195E+00  0.176632E+07  0.175870E+07  0.000000E+00  0.000000E+00  0.833066E+05  0.174681E+07
  0.128404E+00  0.170679E+07  0.169996E+07  0.000000E+00  0.000000E+00  0.766079E+05  0.168799E+07
  0.132756E+00  0.164203E+07  0.163557E+07  0.000000E+00  0.000000E+00  0.701106E+05  0.162392E+07
  0.137256E+00  0.157113E+07  0.156464E+07  0.000000E+00  0.000000E+00  0.637915E+05  0.155372E+07
  0.141909E+00  0.149503E+07  0.148821E+07  0.000000E+00  0.000000E+00  0.577010E+05  0.147832E+07
  0.146719E+00  0.141667E+07  0.140936E+07  0.000000E+00  0.000000E+00  0.519552E+05  0.140067E+07
  0.151692E+00  0.134021E+07  0.133247E+07  0.000000E+00  0.000000E+00  0.466898E+05  0.132491E+07
  0.156833E+00  0.126966E+07  0.126171E+07  0.000000E+00  0.000000E+00  0.420042E+05  0.125504E+07
  0.162149E+00  0.120780E+07  0.119997E+07  0.000000E+00  0.000000E+00  0.379349E+05  0.119382E+07
  0.167645E+00  0.115571E+07  0.114837E+07  0.000000E+00  0.000000E+00  0.344525E+05  0.114234E+07
  0.173328E+00  0.111253E+07  0.110597E+07  0.000000E+00  0.000000E+00  0.314706E+05  0.109972E+07
  0.179203E+00  0.107531E+07  0.106962E+07  0.000000E+00  0.000000E+00  0.288552E+05  0.106303E+07
  0.185277E+00  0.103959E+07  0.103466E+07  0.000000E+00  0.000000E+00  0.264556E+05  0.102779E+07
  0.191557E+00  0.100107E+07  0.996632E+06  0.000000E+00  0.000000E+00  0.241511E+05  0.989743E+06
  0.198050E+00  0.957442E+06  0.953171E+06  0.000000E+00  0.000000E+00  0.218902E+05  0.946594E+06
  0.204762E+00  0.909294E+06  0.904916E+06  0.000000E+00  0.000000E+00  0.196953E+05  0.898926E+06
  0.211703E+00  0.859752E+06  0.855161E+06  0.000000E+00  0.000000E+00  0.176364E+05  0.849863E+06
  0.218878E+00  0.812988E+06  0.808275E+06  0.000000E+00  0.000000E+00  0.157902E+05  0.803566E+06
  0.226297E+00  0.772267E+06  0.767660E+06  0.000000E+00  0.000000E+00  0.141983E+05  0.763286E+06
  0.233968E+00  0.738622E+06  0.734362E+06  0.000000E+00  0.000000E+00  0.128518E+05  0.730048E+06
  0.241898E+00  0.710152E+06  0.706365E+06  0.000000E+00  0.000000E+00  0.116915E+05  0.701953E+06
  0.250097E+00  0.682950E+06  0.679585E+06  0.000000E+00  0.000000E+00  0.106357E+05  0.675106E+06
  0.258574E+00  0.653811E+06  0.650681E+06  0.000000E+00  0.000000E+00  0.962850E+04  0.646310E+06
  0.267339E+00  0.621724E+06  0.618634E+06  0.000000E+00  0.000000E+00  0.865559E+04  0.614567E+06
  0.276400E+00  0.588451E+06  0.585315E+06  0.000000E+00  0.000000E+00  0.774247E+04  0.581637E+06
  0.285769E+00  0.557470E+06  0.554352E+06  0.000000E+00  0.000000E+00  0.693040E+04  0.550986E+06
  0.295455E+00  0.530788E+06  0.527830E+06  0.000000E+00  0.000000E+00  0.623366E+04  0.524611E+06
  0.305470E+00  0.507832E+06  0.505132E+06  0.000000E+00  0.000000E+00  0.563293E+04  0.501941E+06
  0.315823E+00  0.486107E+06  0.483641E+06  0.000000E+00  0.000000E+00  0.509144E+04  0.480484E+06
  0.326528E+00  0.463400E+06  0.461061E+06  0.000000E+00  0.000000E+00  0.458182E+04  0.458039E+06
  0.337596E+00  0.439693E+06  0.437394E+06  0.000000E+00  0.000000E+00  0.410291E+04  0.434590E+06
  0.349039E+00  0.416835E+06  0.414580E+06  0.000000E+00  0.000000E+00  0.367002E+04  0.411983E+06
  0.360869E+00  0.396445E+06  0.394304E+06  0.000000E+00  0.000000E+00  0.329282E+04  0.391829E+06
  0.373101E+00  0.378217E+06  0.376232E+06  0.000000E+00  0.000000E+00  0.296292E+04  0.373821E+06
  0.385748E+00  0.360540E+06  0.358682E+06  0.000000E+00  0.000000E+00  0.266337E+04  0.356353E+06
  0.398823E+00  0.342580E+06  0.340795E+06  0.000000E+00  0.000000E+00  0.238580E+04  0.338596E+06
  0.412341E+00  0.325014E+06  0.323286E+06  0.000000E+00  0.000000E+00  0.213342E+04  0.321228E+06
  0.426317E+00  0.308847E+06  0.307204E+06  0.000000E+00  0.000000E+00  0.191046E+04  0.305248E+06
  0.440767E+00  0.293985E+06  0.292444E+06  0.000000E+00  0.000000E+00  0.171340E+04  0.290561E+06
  0.455707E+00  0.279572E+06  0.278114E+06  0.000000E+00  0.000000E+00  0.153489E+04  0.276316E+06
  0.471153E+00  0.265397E+06  0.264001E+06  0.000000E+00  0.000000E+00  0.137228E+04  0.262304E+06
  0.487123E+00  0.251955E+06  0.250623E+06  0.000000E+00  0.000000E+00  0.122674E+04  0.249017E+06
  0.503634E+00  0.239443E+06  0.238184E+06  0.000000E+00  0.000000E+00  0.109758E+04  0.236651E+06
  0.520705E+00  0.227486E+06  0.226294E+06  0.000000E+00  0.000000E+00  0.981558E+03  0.224833E+06
  0.538354E+00  0.215912E+06  0.214776E+06  0.000000E+00  0.000000E+00  0.876768E+03  0.213393E+06
  0.556602E+00  0.204936E+06  0.203857E+06  0.000000E+00  0.000000E+00  0.783066E+03  0.202544E+06
  0.575468E+00  0.194584E+06  0.193562E+06  0.000000E+00  0.000000E+00  0.699493E+03  0.192313E+06
  0.594973E+00  0.184675E+06  0.183705E+06  0.000000E+00  0.000000E+00  0.624469E+03  0.182519E+06
  0.615140E+00  0.175209E+06  0.174287E+06  0.000000E+00  0.000000E+00  0.557200E+03  0.173163E+06
  0.635991E+00  0.166245E+06  0.165372E+06  0.000000E+00  0.000000E+00  0.497150E+03  0.164304E+06
  0.657547E+00  0.157715E+06  0.156887E+06  0.000000E+00  0.000000E+00  0.443434E+03  0.155873E+06
  0.679835E+00  0.149581E+06  0.148795E+06  0.000000E+00  0.000000E+00  0.395353E+03  0.147834E+06
  0.702878E+00  0.141861E+06  0.141116E+06  0.000000E+00  0.000000E+00  0.352414E+03  0.140204E+06
  0.726702E+00  0.134520E+06  0.133813E+06  0.000000E+00  0.000000E+00  0.314049E+03  0.132948E+06
  0.751334E+00  0.127536E+06  0.126866E+06  0.000000E+00  0.000000E+00  0.279771E+03  0.126045E+06
  0.776801E+00  0.120902E+06  0.120267E+06  0.000000E+00  0.000000E+00  0.249173E+03  0.119489E+06
  0.803130E+00  0.114596E+06  0.113994E+06  0.000000E+00  0.000000E+00  0.221858E+03  0.113256E+06
  0.830353E+00  0.108604E+06  0.108034E+06  0.000000E+00  0.000000E+00  0.197485E+03  0.107334E+06
  0.858497E+00  0.102913E+06  0.102373E+06  0.000000E+00  0.000000E+00  0.175745E+03  0.101710E+06
  0.887596E+00  0.975077E+05  0.969957E+05  0.000000E+00  0.000000E+00  0.156357E+03  0.963677E+05
  0.917681E+00  0.923757E+05  0.918906E+05  0.000000E+00  0.000000E+00  0.139076E+03  0.912955E+05
  0.948786E+00  0.875028E+05  0.870434E+05  0.000000E+00  0.000000E+00  0.123674E+03  0.864795E+05
  0.980945E+00  0.828772E+05  0.824420E+05  0.000000E+00  0.000000E+00  0.109952E+03  0.819079E+05
  0.101419E+01  0.784864E+05  0.780743E+05  0.000000E+00  0.000000E+00  0.977287E+02  0.775684E+05
  0.104857E+01  0.743191E+05  0.739290E+05  0.000000E+00  0.000000E+00  0.868443E+02  0.734499E+05
  0.108411E+01  0.703648E+05  0.699955E+05  0.000000E+00  0.000000E+00  0.771543E+02  0.695418E+05
  0.112086E+01  0.666133E+05  0.662636E+05  0.000000E+00  0.000000E+00  0.685305E+02  0.658341E+05
  0.115885E+01  0.630550E+05  0.627240E+05  0.000000E+00  0.000000E+00  0.608580E+02  0.623174E+05
  0.119813E+01  0.596803E+05  0.593671E+05  0.000000E+00  0.000000E+00  0.540327E+02  0.589821E+05
  0.123874E+01  0.564802E+05  0.561838E+05  0.000000E+00  0.000000E+00  0.479635E+02  0.558194E+05
  0.128073E+01  0.534459E+05  0.531653E+05  0.000000E+00  0.000000E+00  0.425671E+02  0.528205E+05
  0.132414E+01  0.505692E+05  0.503038E+05  0.000000E+00  0.000000E+00  0.377706E+02  0.499775E+05
  0.136902E+01  0.478424E+05  0.475913E+05  0.000000E+00  0.000000E+00  0.335077E+02  0.472826E+05
  0.141542E+01  0.452582E+05  0.450206E+05  0.000000E+00  0.000000E+00  0.297208E+02  0.447285E+05
  0.146340E+01  0.428090E+05  0.425843E+05  0.000000E+00  0.000000E+00  0.263565E+02  0.423080E+05
  0.151300E+01  0.404883E+05  0.402758E+05  0.000000E+00  0.000000E+00  0.233689E+02  0.400144E+05
  0.156428E+01  0.382895E+05  0.380886E+05  0.000000E+00  0.000000E+00  0.207162E+02  0.378414E+05
  0.161730E+01  0.362069E+05  0.360169E+05  0.000000E+00  0.000000E+00  0.183615E+02  0.357831E+05
  0.167212E+01  0.342343E+05  0.340547E+05  0.000000E+00  0.000000E+00  0.162717E+02  0.338337E+05
  0.172880E+01  0.323662E+05  0.321964E+05  0.000000E+00  0.000000E+00  0.144175E+02  0.319874E+05
  0.178740E+01  0.305972E+05  0.304367E+05  0.000000E+00  0.000000E+00  0.127722E+02  0.302391E+05
  0.184798E+01  0.289222E+05  0.287705E+05  0.000000E+00  0.000000E+00  0.113131E+02  0.285837E+05
  0.191062E+01  0.273365E+05  0.271931E+05  0.000000E+00  0.000000E+00  0.100190E+02  0.270166E+05
  0.197538E+01  0.258354E+05  0.256998E+05  0.000000E+00  0.000000E+00  0.887163E+01  0.255330E+05
  0.204234E+01  0.244145E+05  0.242864E+05  0.000000E+00  0.000000E+00  0.785438E+01  0.241288E+05
  0.211156E+01  0.230699E+05  0.229488E+05  0.000000E+00  0.000000E+00  0.695288E+01  0.227999E+05
  0.218313E+01  0.217975E+05  0.216831E+05  0.000000E+00  0.000000E+00  0.615390E+01  0.215424E+05
  0.225713E+01  0.205936E+05  0.204855E+05  0.000000E+00  0.000000E+00  0.544601E+01  0.203525E+05
  0.233364E+01  0.194546E+05  0.193525E+05  0.000000E+00  0.000000E+00  0.481889E+01  0.192269E+05
  0.241274E+01  0.183771E+05  0.182806E+05  0.000000E+00  0.000000E+00  0.426340E+01  0.181620E+05
  0.249452E+01  0.173578E+05  0.172667E+05  0.000000E+00  0.000000E+00  0.377147E+01  0.171546E+05
  0.257907E+01  0.163938E+05  0.163077E+05  0.000000E+00  0.000000E+00  0.333586E+01  0.162019E+05
  0.266649E+01  0.154821E+05  0.154009E+05  0.000000E+00  0.000000E+00  0.295017E+01  0.153009E+05
  0.275687E+01  0.146200E+05  0.145433E+05  0.000000E+00  0.000000E+00  0.260880E+01  0.144489E+05
  0.285031E+01  0.138050E+05  0.137325E+05  0.000000E+00  0.000000E+00  0.230667E+01  0.136433E+05
  0.294692E+01  0.130343E+05  0.129659E+05  0.000000E+00  0.000000E+00  0.203925E+01  0.128817E+05
  0.304681E+01  0.123058E+05  0.122412E+05  0.000000E+00  0.000000E+00  0.180263E+01  0.121617E+05
  0.315008E+01  0.116171E+05  0.115561E+05  0.000000E+00  0.000000E+00  0.159331E+01  0.114811E+05
  0.325685E+01  0.109662E+05  0.109086E+05  0.000000E+00  0.000000E+00  0.140812E+01  0.108378E+05
  0.336724E+01  0.103510E+05  0.102967E+05  0.000000E+00  0.000000E+00  0.124434E+01  0.102299E+05
  0.348138E+01  0.976974E+04  0.971845E+04  0.000000E+00  0.000000E+00  0.109948E+01  0.965535E+04
  0.359938E+01  0.922045E+04  0.917203E+04  0.000000E+00  0.000000E+00  0.971387E+00  0.911249E+04
  0.372138E+01  0.870141E+04  0.865572E+04  0.000000E+00  0.000000E+00  0.858139E+00  0.859953E+04
  0.384752E+01  0.821105E+04  0.816793E+04  0.000000E+00  0.000000E+00  0.758017E+00  0.811491E+04
  0.397793E+01  0.774781E+04  0.770711E+04  0.000000E+00  0.000000E+00  0.669516E+00  0.765709E+04
  0.411276E+01  0.731025E+04  0.727186E+04  0.000000E+00  0.000000E+00  0.591292E+00  0.722466E+04
  0.425217E+01  0.689696E+04  0.686073E+04  0.000000E+00  0.000000E+00  0.522155E+00  0.681620E+04
  0.439629E+01  0.650662E+04  0.647243E+04  0.000000E+00  0.000000E+00  0.461074E+00  0.643043E+04
  0.454531E+01  0.613796E+04  0.610571E+04  0.000000E+00  0.000000E+00  0.407085E+00  0.606609E+04
  0.469937E+01  0.578983E+04  0.575941E+04  0.000000E+00  0.000000E+00  0.359388E+00  0.572204E+04
  0.485865E+01  0.546115E+04  0.543244E+04  0.000000E+00  0.000000E+00  0.317262E+00  0.539720E+04
  0.502334E+01  0.515080E+04  0.512373E+04  0.000000E+00  0.000000E+00  0.280053E+00  0.509049E+04
  0.519360E+01  0.485781E+04  0.483227E+04  0.000000E+00  0.000000E+00  0.247182E+00  0.480092E+04
  0.536965E+01  0.458119E+04  0.455710E+04  0.000000E+00  0.000000E+00  0.218150E+00  0.452754E+04
  0.555165E+01  0.432008E+04  0.429736E+04  0.000000E+00  0.000000E+00  0.192519E+00  0.426949E+04
  0.573982E+01  0.407363E+04  0.405220E+04  0.000000E+00  0.000000E+00  0.169884E+00  0.402593E+04
  0.593437E+01  0.384103E+04  0.382082E+04  0.000000E+00  0.000000E+00  0.149897E+00  0.379605E+04
  0.613552E+01  0.362149E+04  0.360243E+04  0.000000E+00  0.000000E+00  0.132256E+00  0.357908E+04
  0.634348E+01  0.341431E+04  0.339634E+04  0.000000E+00  0.000000E+00  0.116682E+00  0.337433E+04
  0.655850E+01  0.321882E+04  0.320187E+04  0.000000E+00  0.000000E+00  0.102932E+00  0.318112E+04
  0.678080E+01  0.303436E+04  0.301838E+04  0.000000E+00  0.000000E+00  0.907971E-01  0.299882E+04
  0.701063E+01  0.286031E+04  0.284524E+04  0.000000E+00  0.000000E+00  0.800897E-01  0.282681E+04
  0.724826E+01  0.269610E+04  0.268189E+04  0.000000E+00  0.000000E+00  0.706384E-01  0.266452E+04
  0.749394E+01  0.254119E+04  0.252779E+04  0.000000E+00  0.000000E+00  0.622988E-01  0.251142E+04
  0.774795E+01  0.239506E+04  0.238243E+04  0.000000E+00  0.000000E+00  0.549398E-01  0.236701E+04
  0.801057E+01  0.225722E+04  0.224531E+04  0.000000E+00  0.000000E+00  0.484481E-01  0.223078E+04
  0.828209E+01  0.212720E+04  0.211596E+04  0.000000E+00  0.000000E+00  0.427211E-01  0.210228E+04
  0.856281E+01  0.200457E+04  0.199398E+04  0.000000E+00  0.000000E+00  0.376679E-01  0.198109E+04
  0.885305E+01  0.188892E+04  0.187894E+04  0.000000E+00  0.000000E+00  0.332108E-01  0.186680E+04
  0.915312E+01  0.177986E+04  0.177045E+04  0.000000E+00  0.000000E+00  0.292787E-01  0.175901E+04
  0.946337E+01  0.167701E+04  0.166814E+04  0.000000E+00  0.000000E+00  0.258125E-01  0.165736E+04
  0.978413E+01  0.158004E+04  0.157167E+04  0.000000E+00  0.000000E+00  0.227538E-01  0.156152E+04
  0.101158E+02  0.148859E+04  0.148071E+04  0.000000E+00  0.000000E+00  0.200573E-01  0.147115E+04
  0.104586E+02  0.140238E+04  0.139495E+04  0.000000E+00  0.000000E+00  0.176789E-01  0.138595E+04
  0.108131E+02  0.132110E+04  0.131409E+04  0.000000E+00  0.000000E+00  0.155820E-01  0.130562E+04
  0.111796E+02  0.124448E+04  0.123787E+04  0.000000E+00  0.000000E+00  0.137329E-01  0.122989E+04
  0.115586E+02  0.117224E+04  0.116601E+04  0.000000E+00  0.000000E+00  0.121026E-01  0.115850E+04
  0.119504E+02  0.110415E+04  0.109828E+04  0.000000E+00  0.000000E+00  0.106656E-01  0.109121E+04
  0.123554E+02  0.103997E+04  0.103444E+04  0.000000E+00  0.000000E+00  0.939799E-02  0.102778E+04
  0.127742E+02  0.979480E+03  0.974258E+03  0.000000E+00  0.000000E+00  0.828127E-02  0.967998E+03
  0.132072E+02  0.922468E+03  0.917545E+03  0.000000E+00  0.000000E+00  0.729701E-02  0.911654E+03
  0.136549E+02  0.868738E+03  0.864095E+03  0.000000E+00  0.000000E+00  0.642940E-02  0.858552E+03
  0.141177E+02  0.818102E+03  0.813724E+03  0.000000E+00  0.000000E+00  0.566446E-02  0.808509E+03
  0.145962E+02  0.770386E+03  0.766257E+03  0.000000E+00  0.000000E+00  0.499030E-02  0.761351E+03
  0.150909E+02  0.725424E+03  0.721531E+03  0.000000E+00  0.000000E+00  0.439647E-02  0.716916E+03
  0.156025E+02  0.683056E+03  0.679384E+03  0.000000E+00  0.000000E+00  0.387322E-02  0.675044E+03
  0.161313E+02  0.643139E+03  0.639676E+03  0.000000E+00  0.000000E+00  0.341138E-02  0.635594E+03
  0.166781E+02  0.605530E+03  0.602263E+03  0.000000E+00  0.000000E+00  0.300511E-02  0.598425E+03
  0.172434E+02  0.570096E+03  0.567015E+03  0.000000E+00  0.000000E+00  0.264673E-02  0.563406E+03
  0.178278E+02  0.536717E+03  0.533809E+03  0.000000E+00  0.000000E+00  0.233106E-02  0.530417E+03
  0.184321E+02  0.505271E+03  0.502528E+03  0.000000E+00  0.000000E+00  0.205322E-02  0.499339E+03
  0.190569E+02  0.475650E+03  0.473061E+03  0.000000E+00  0.000000E+00  0.180821E-02  0.470065E+03
  0.197028E+02  0.447748E+03  0.445305E+03  0.000000E+00  0.000000E+00  0.159240E-02  0.442490E+03
  0.203706E+02  0.421466E+03  0.419161E+03  0.000000E+00  0.000000E+00  0.140243E-02  0.416516E+03
  0.210611E+02  0.396713E+03  0.394537E+03  0.000000E+00  0.000000E+00  0.123482E-02  0.392052E+03
  0.217750E+02  0.373400E+03  0.371345E+03  0.000000E+00  0.000000E+00  0.108728E-02  0.369012E+03
  0.225131E+02  0.351443E+03  0.349503E+03  0.000000E+00  0.000000E+00  0.957490E-03  0.347312E+03
  0.232761E+02  0.330766E+03  0.328933E+03  0.000000E+00  0.000000E+00  0.843167E-03  0.326877E+03
  0.240651E+02  0.311294E+03  0.309563E+03  0.000000E+00  0.000000E+00  0.742366E-03  0.307633E+03
  0.248808E+02  0.292958E+03  0.291322E+03  0.000000E+00  0.000000E+00  0.653404E-03  0.289511E+03
  0.257241E+02  0.275691E+03  0.274145E+03  0.000000E+00  0.000000E+00  0.575161E-03  0.272447E+03
  0.265960E+02  0.259434E+03  0.257972E+03  0.000000E+00  0.000000E+00  0.506566E-03  0.256379E+03
  0.274975E+02  0.244126E+03  0.242744E+03  0.000000E+00  0.000000E+00  0.445975E-03  0.241250E+03
  0.284295E+02  0.229713E+03  0.228407E+03  0.000000E+00  0.000000E+00  0.392588E-03  0.227007E+03
  0.293932E+02  0.216144E+03  0.214907E+03  0.000000E+00  0.000000E+00  0.345531E-03  0.213596E+03
  0.303894E+02  0.203369E+03  0.202199E+03  0.000000E+00  0.000000E+00  0.304091E-03  0.200971E+03
  0.314195E+02  0.191342E+03  0.190235E+03  0.000000E+00  0.000000E+00  0.267643E-03  0.189085E+03
  0.324844E+02  0.180021E+03  0.178972E+03  0.000000E+00  0.000000E+00  0.235572E-03  0.177896E+03
  0.335855E+02  0.169363E+03  0.168370E+03  0.000000E+00  0.000000E+00  0.207412E-03  0.167363E+03
  0.347239E+02  0.159331E+03  0.158390E+03  0.000000E+00  0.000000E+00  0.182437E-03  0.157448E+03
  0.359009E+02  0.149888E+03  0.148996E+03  0.000000E+00  0.000000E+00  0.160640E-03  0.148116E+03
  0.371177E+02  0.141000E+03  0.140153E+03  0.000000E+00  0.000000E+00  0.141374E-03  0.139331E+03
  0.383758E+02  0.132634E+03  0.131831E+03  0.000000E+00  0.000000E+00  0.124353E-03  0.131064E+03
  0.396766E+02  0.124761E+03  0.123998E+03  0.000000E+00  0.000000E+00  0.109479E-03  0.123282E+03
  0.410214E+02  0.117351E+03  0.116626E+03  0.000000E+00  0.000000E+00  0.962925E-04  0.115958E+03
  0.424119E+02  0.110377E+03  0.109688E+03  0.000000E+00  0.000000E+00  0.847664E-04  0.109066E+03
  0.438494E+02  0.103814E+03  0.103159E+03  0.000000E+00  0.000000E+00  0.745927E-04  0.102580E+03
  0.453357E+02  0.976375E+02  0.970148E+02  0.000000E+00  0.000000E+00  0.656278E-04  0.964759E+02
  0.468724E+02  0.918257E+02  0.912328E+02  0.000000E+00  0.000000E+00  0.577285E-04  0.907320E+02
  0.484611E+02  0.863566E+02  0.857919E+02  0.000000E+00  0.000000E+00  0.507986E-04  0.853269E+02
  0.501037E+02  0.812106E+02  0.806723E+02  0.000000E+00  0.000000E+00  0.446667E-04  0.802411E+02
  0.518020E+02  0.763684E+02  0.758549E+02  0.000000E+00  0.000000E+00  0.393102E-04  0.754555E+02
  0.535578E+02  0.718125E+02  0.713223E+02  0.000000E+00  0.000000E+00  0.346029E-04  0.709528E+02
  0.553732E+02  0.675259E+02  0.670576E+02  0.000000E+00  0.000000E+00  0.304077E-04  0.667163E+02
  0.572501E+02  0.634929E+02  0.630451E+02  0.000000E+00  0.000000E+00  0.267633E-04  0.627303E+02
  0.591905E+02  0.596986E+02  0.592702E+02  0.000000E+00  0.000000E+00  0.235177E-04  0.589804E+02
  0.611968E+02  0.561289E+02  0.557187E+02  0.000000E+00  0.000000E+00  0.206890E-04  0.554524E+02
  0.632711E+02  0.527708E+02  0.523776E+02  0.000000E+00  0.000000E+00  0.181885E-04  0.521335E+02
  0.654157E+02  0.496116E+02  0.492344E+02  0.000000E+00  0.000000E+00  0.159951E-04  0.490112E+02
  0.676329E+02  0.466398E+02  0.462777E+02  0.000000E+00  0.000000E+00  0.140647E-04  0.460741E+02
  0.699254E+02  0.438442E+02  0.434962E+02  0.000000E+00  0.000000E+00  0.123630E-04  0.433112E+02
  0.722955E+02  0.412146E+02  0.408799E+02  0.000000E+00  0.000000E+00  0.108842E-04  0.407123E+02
  0.747460E+02  0.387411E+02  0.384188E+02  0.000000E+00  0.000000E+00  0.956930E-05  0.382676E+02
  0.772794E+02  0.364145E+02  0.361040E+02  0.000000E+00  0.000000E+00  0.843791E-05  0.359683E+02
  0.798989E+02  0.342262E+02  0.339266E+02  0.000000E+00  0.000000E+00  0.740485E-05  0.338055E+02
  0.826070E+02  0.321681E+02  0.318787E+02  0.000000E+00  0.000000E+00  0.651017E-05  0.317713E+02
  0.854070E+02  0.302323E+02  0.299526E+02  0.000000E+00  0.000000E+00  0.571789E-05  0.298581E+02
  0.883018E+02  0.284117E+02  0.281411E+02  0.000000E+00  0.000000E+00  0.503532E-05  0.280588E+02
  0.912949E+02  0.266995E+02  0.264374E+02  0.000000E+00  0.000000E+00  0.442505E-05  0.263665E+02
  0.943893E+02  0.250892E+02  0.248351E+02  0.000000E+00  0.000000E+00  0.389326E-05  0.247751E+02
  0.975888E+02  0.235749E+02  0.233283E+02  0.000000E+00  0.000000E+00  0.341624E-05  0.232784E+02
  0.100897E+03  0.221509E+02  0.219113E+02  0.000000E+00  0.000000E+00  0.299553E-05  0.218709E+02
  0.104316E+03  0.208118E+02  0.205788E+02  0.000000E+00  0.000000E+00  0.264961E-05  0.205475E+02
  0.107852E+03  0.195525E+02  0.193258E+02  0.000000E+00  0.000000E+00  0.232725E-05  0.193029E+02
  0.111508E+03  0.183684E+02  0.181474E+02  0.000000E+00  0.000000E+00  0.204003E-05  0.181326E+02
  0.115287E+03  0.172550E+02  0.170395E+02  0.000000E+00  0.000000E+00  0.179784E-05  0.170321E+02
  0.119195E+03  0.162081E+02  0.159978E+02  0.000000E+00  0.000000E+00  0.157557E-05  0.159975E+02
  0.123235E+03  0.152238E+02  0.150183E+02  0.000000E+00  0.000000E+00  0.138517E-05  0.150246E+02
  0.127412E+03  0.142983E+02  0.140972E+02  0.000000E+00  0.000000E+00  0.121498E-05  0.141098E+02
  0.131731E+03  0.134281E+02  0.132314E+02  0.000000E+00  0.000000E+00  0.106686E-05  0.132498E+02
  0.136196E+03  0.126100E+02  0.124173E+02  0.000000E+00  0.000000E+00  0.936454E-06  0.124413E+02
  0.140812E+03  0.118409E+02  0.116519E+02  0.000000E+00  0.000000E+00  0.818749E-06  0.116811E+02
  0.145585E+03  0.111178E+02  0.109324E+02  0.000000E+00  0.000000E+00  0.722544E-06  0.109664E+02
  0.150520E+03  0.104380E+02  0.102560E+02  0.000000E+00  0.000000E+00  0.637779E-06  0.102946E+02
  0.155622E+03  0.979903E+01  0.962014E+01  0.000000E+00  0.000000E+00  0.558463E-06  0.966305E+01
  0.160897E+03  0.919830E+01  0.902242E+01  0.000000E+00  0.000000E+00  0.488159E-06  0.906933E+01
  0.166350E+03  0.863364E+01  0.846060E+01  0.000000E+00  0.000000E+00  0.429564E-06  0.851126E+01
  0.171989E+03  0.810288E+01  0.793253E+01  0.000000E+00  0.000000E+00  0.375735E-06  0.798670E+01
  0.177818E+03  0.760399E+01  0.743621E+01  0.000000E+00  0.000000E+00  0.330565E-06  0.749364E+01
  0.183845E+03  0.713505E+01  0.696971E+01  0.000000E+00  0.000000E+00  0.289933E-06  0.703019E+01
  0.190077E+03  0.669432E+01  0.653132E+01  0.000000E+00  0.000000E+00  0.254084E-06  0.659463E+01
  0.196519E+03  0.628011E+01  0.611935E+01  0.000000E+00  0.000000E+00  0.223479E-06  0.618528E+01
  0.203180E+03  0.589084E+01  0.573223E+01  0.000000E+00  0.000000E+00  0.195319E-06  0.580058E+01
