  0.106221E-04  0.275692E+07  0.275692E+07  0.367563E+07  0.367562E+07  0.276541E+07  0.275701E+07
  0.109822E-04  0.275692E+07  0.275692E+07  0.367561E+07  0.367560E+07  0.276541E+07  0.275701E+07
  0.113544E-04  0.275692E+07  0.275692E+07  0.367559E+07  0.367558E+07  0.276541E+07  0.275701E+07
  0.117393E-04  0.275692E+07  0.275692E+07  0.367557E+07  0.367556E+07  0.276541E+07  0.275701E+07
  0.121372E-04  0.275692E+07  0.275692E+07  0.367554E+07  0.367554E+07  0.276540E+07  0.275701E+07
  0.125486E-04  0.275692E+07  0.275692E+07  0.367552E+07  0.367552E+07  0.276540E+07  0.275701E+07
  0.129739E-04  0.275692E+07  0.275692E+07  0.367549E+07  0.367549E+07  0.276540E+07  0.275701E+07
  0.134136E-04  0.275692E+07  0.275692E+07  0.367547E+07  0.367546E+07  0.276540E+07  0.275701E+07
  0.138683E-04  0.275692E+07  0.275692E+07  0.367544E+07  0.367543E+07  0.276540E+07  0.275701E+07
  0.143384E-04  0.275692E+07  0.275692E+07  0.367541E+07  0.367540E+07  0.276539E+07  0.275701E+07
  0.148244E-04  0.275692E+07  0.275692E+07  0.367537E+07  0.367537E+07  0.276539E+07  0.275701E+07
  0.153268E-04  0.275692E+07  0.275692E+07  0.367534E+07  0.367533E+07  0.276539E+07  0.275701E+07
  0.158463E-04  0.275692E+07  0.275692E+07  0.367530E+07  0.367529E+07  0.276538E+07  0.275701E+07
  0.163835E-04  0.275692E+07  0.275692E+07  0.367526E+07  0.367525E+07  0.276538E+07  0.275701E+07
  0.169388E-04  0.275692E+07  0.275692E+07  0.367521E+07  0.367520E+07  0.276538E+07  0.275701E+07
  0.175129E-04  0.275692E+07  0.275692E+07  0.367516E+07  0.367516E+07  0.276537E+07  0.275701E+07
  0.181065E-04  0.275691E+07  0.275691E+07  0.367511E+07  0.367511E+07  0.276537E+07  0.275701E+07
  0.187202E-04  0.275691E+07  0.275691E+07  0.367506E+07  0.367505E+07  0.276536E+07  0.275701E+07
  0.193548E-04  0.275691E+07  0.275691E+07  0.367500E+07  0.367499E+07  0.276536E+07  0.275701E+07
  0.200108E-04  0.275691E+07  0.275691E+07  0.367494E+07  0.367493E+07  0.276535E+07  0.275700E+07
  0.206891E-04  0.275691E+07  0.275691E+07  0.367488E+07  0.367487E+07  0.276535E+07  0.275700E+07
  0.213903E-04  0.275691E+07  0.275691E+07  0.367481E+07  0.367479E+07  0.276534E+07  0.275700E+07
  0.221154E-04  0.275691E+07  0.275691E+07  0.367473E+07  0.367472E+07  0.276533E+07  0.275700E+07
  0.228650E-04  0.275691E+07  0.275691E+07  0.367465E+07  0.367464E+07  0.276533E+07  0.275700E+07
  0.236400E-04  0.275691E+07  0.275691E+07  0.367457E+07  0.367455E+07  0.276532E+07  0.275700E+07
  0.244412E-04  0.275691E+07  0.275691E+07  0.367447E+07  0.367446E+07  0.276531E+07  0.275700E+07
  0.252697E-04  0.275691E+07  0.275691E+07  0.367438E+07  0.367436E+07  0.276530E+07  0.275700E+07
  0.261262E-04  0.275691E+07  0.275691E+07  0.367427E+07  0.367425E+07  0.276530E+07  0.275700E+07
  0.270118E-04  0.275691E+07  0.275691E+07  0.367416E+07  0.367414E+07  0.276529E+07  0.275700E+07
  0.279273E-04  0.275691E+07  0.275691E+07  0.367404E+07  0.367402E+07  0.276528E+07  0.275700E+07
  0.288739E-04  0.275690E+07  0.275690E+07  0.367391E+07  0.367389E+07  0.276526E+07  0.275700E+07
  0.298526E-04  0.275690E+07  0.275690E+07  0.367378E+07  0.367375E+07  0.276525E+07  0.275699E+07
  0.308645E-04  0.275690E+07  0.275690E+07  0.367363E+07  0.367360E+07  0.276524E+07  0.275699E+07
  0.319106E-04  0.275690E+07  0.275690E+07  0.367347E+07  0.367345E+07  0.276523E+07  0.275699E+07
  0.329922E-04  0.275690E+07  0.275690E+07  0.367331E+07  0.367328E+07  0.276521E+07  0.275699E+07
  0.341105E-04  0.275690E+07  0.275690E+07  0.367313E+07  0.367310E+07  0.276520E+07  0.275699E+07
  0.352667E-04  0.275690E+07  0.275690E+07  0.367294E+07  0.367291E+07  0.276518E+07  0.275699E+07
  0.364621E-04  0.275690E+07  0.275690E+07  0.367273E+07  0.367270E+07  0.276516E+07  0.275699E+07
  0.376979E-04  0.275689E+07  0.275689E+07  0.367252E+07  0.367248E+07  0.276514E+07  0.275698E+07
  0.389757E-04  0.275689E+07  0.275689E+07  0.367228E+07  0.367224E+07  0.276512E+07  0.275698E+07
  0.402968E-04  0.275689E+07  0.275689E+07  0.367203E+07  0.367199E+07  0.276510E+07  0.275698E+07
  0.416627E-04  0.275689E+07  0.275689E+07  0.367177E+07  0.367172E+07  0.276508E+07  0.275698E+07
  0.430748E-04  0.275688E+07  0.275688E+07  0.367148E+07  0.367144E+07  0.276506E+07  0.275697E+07
  0.445349E-04  0.275688E+07  0.275688E+07  0.367118E+07  0.367113E+07  0.276503E+07  0.275697E+07
  0.460444E-04  0.275688E+07  0.275688E+07  0.367085E+07  0.367080E+07  0.276500E+07  0.275697E+07
  0.476050E-04  0.275688E+07  0.275688E+07  0.367051E+07  0.367045E+07  0.276497E+07  0.275697E+07
  0.492186E-04  0.275687E+07  0.275687E+07  0.367014E+07  0.367008E+07  0.276494E+07  0.275696E+07
  0.508869E-04  0.275687E+07  0.275687E+07  0.366974E+07  0.366967E+07  0.276491E+07  0.275696E+07
  0.526117E-04  0.275687E+07  0.275687E+07  0.366932E+07  0.366925E+07  0.276487E+07  0.275695E+07
  0.543950E-04  0.275686E+07  0.275686E+07  0.366886E+07  0.366879E+07  0.276483E+07  0.275695E+07
  0.562387E-04  0.275686E+07  0.275686E+07  0.366838E+07  0.366830E+07  0.276479E+07  0.275695E+07
  0.581449E-04  0.275686E+07  0.275686E+07  0.366786E+07  0.366778E+07  0.276474E+07  0.275694E+07
  0.601158E-04  0.275685E+07  0.275685E+07  0.366731E+07  0.366722E+07  0.276470E+07  0.275694E+07
  0.621534E-04  0.275685E+07  0.275685E+07  0.366672E+07  0.366662E+07  0.276465E+07  0.275693E+07
  0.642601E-04  0.275684E+07  0.275684E+07  0.366608E+07  0.366598E+07  0.276459E+07  0.275693E+07
  0.664382E-04  0.275684E+07  0.275684E+07  0.366541E+07  0.366530E+07  0.276453E+07  0.275692E+07
  0.686901E-04  0.275683E+07  0.275683E+07  0.366469E+07  0.366457E+07  0.276447E+07  0.275691E+07
  0.710184E-04  0.275682E+07  0.275682E+07  0.366391E+07  0.366379E+07  0.276440E+07  0.275691E+07
  0.734256E-04  0.275682E+07  0.275682E+07  0.366309E+07  0.366296E+07  0.276433E+07  0.275690E+07
  0.759143E-04  0.275681E+07  0.275681E+07  0.366221E+07  0.366206E+07  0.276426E+07  0.275689E+07
  0.784875E-04  0.275680E+07  0.275680E+07  0.366127E+07  0.366111E+07  0.276418E+07  0.275688E+07
  0.811478E-04  0.275679E+07  0.275679E+07  0.366026E+07  0.366010E+07  0.276409E+07  0.275687E+07
  0.838983E-04  0.275678E+07  0.275678E+07  0.365919E+07  0.365901E+07  0.276400E+07  0.275686E+07
  0.867421E-04  0.275678E+07  0.275677E+07  0.365804E+07  0.365785E+07  0.276390E+07  0.275685E+07
  0.896822E-04  0.275677E+07  0.275676E+07  0.365681E+07  0.365661E+07  0.276379E+07  0.275684E+07
  0.927220E-04  0.275676E+07  0.275675E+07  0.365550E+07  0.365528E+07  0.276368E+07  0.275683E+07
  0.958648E-04  0.275674E+07  0.275674E+07  0.365409E+07  0.365386E+07  0.276356E+07  0.275682E+07
  0.991141E-04  0.275673E+07  0.275673E+07  0.365259E+07  0.365235E+07  0.276343E+07  0.275680E+07
  0.102474E-03  0.275672E+07  0.275672E+07  0.365099E+07  0.365073E+07  0.276329E+07  0.275679E+07
  0.105947E-03  0.275670E+07  0.275670E+07  0.364928E+07  0.364900E+07  0.276314E+07  0.275677E+07
  0.109538E-03  0.275669E+07  0.275669E+07  0.364745E+07  0.364716E+07  0.276299E+07  0.275676E+07
  0.113251E-03  0.275667E+07  0.275667E+07  0.364550E+07  0.364518E+07  0.276282E+07  0.275674E+07
  0.117090E-03  0.275666E+07  0.275665E+07  0.364342E+07  0.364307E+07  0.276264E+07  0.275672E+07
  0.121058E-03  0.275664E+07  0.275664E+07  0.364119E+07  0.364082E+07  0.276245E+07  0.275670E+07
  0.125162E-03  0.275662E+07  0.275662E+07  0.363880E+07  0.363842E+07  0.276224E+07  0.275668E+07
  0.129404E-03  0.275660E+07  0.275660E+07  0.363626E+07  0.363584E+07  0.276202E+07  0.275666E+07
  0.133790E-03  0.275658E+07  0.275657E+07  0.363354E+07  0.363310E+07  0.276178E+07  0.275663E+07
  0.138325E-03  0.275655E+07  0.275655E+07  0.363064E+07  0.363017E+07  0.276153E+07  0.275661E+07
  0.143013E-03  0.275653E+07  0.275652E+07  0.362754E+07  0.362703E+07  0.276126E+07  0.275658E+07
  0.147861E-03  0.275650E+07  0.275650E+07  0.362423E+07  0.362369E+07  0.276098E+07  0.275655E+07
  0.152873E-03  0.275647E+07  0.275647E+07  0.362069E+07  0.362011E+07  0.276067E+07  0.275652E+07
  0.158054E-03  0.275644E+07  0.275644E+07  0.361691E+07  0.361630E+07  0.276034E+07  0.275648E+07
  0.163412E-03  0.275641E+07  0.275640E+07  0.361288E+07  0.361222E+07  0.275999E+07  0.275644E+07
  0.168950E-03  0.275637E+07  0.275637E+07  0.360857E+07  0.360787E+07  0.275962E+07  0.275641E+07
  0.174677E-03  0.275633E+07  0.275633E+07  0.360397E+07  0.360322E+07  0.275922E+07  0.275636E+07
  0.180598E-03  0.275629E+07  0.275629E+07  0.359906E+07  0.359826E+07  0.275879E+07  0.275632E+07
  0.186719E-03  0.275625E+07  0.275624E+07  0.359382E+07  0.359297E+07  0.275833E+07  0.275627E+07
  0.193048E-03  0.275620E+07  0.275620E+07  0.358823E+07  0.358732E+07  0.275785E+07  0.275622E+07
  0.199591E-03  0.275615E+07  0.275615E+07  0.358226E+07  0.358128E+07  0.275733E+07  0.275617E+07
  0.206357E-03  0.275610E+07  0.275610E+07  0.357588E+07  0.357485E+07  0.275677E+07  0.275611E+07
  0.213351E-03  0.275604E+07  0.275604E+07  0.356908E+07  0.356798E+07  0.275617E+07  0.275604E+07
  0.220583E-03  0.275598E+07  0.275598E+07  0.356183E+07  0.356065E+07  0.275554E+07  0.275598E+07
  0.228059E-03  0.275592E+07  0.275591E+07  0.355409E+07  0.355283E+07  0.275486E+07  0.275591E+07
  0.235789E-03  0.275585E+07  0.275584E+07  0.354583E+07  0.354449E+07  0.275413E+07  0.275583E+07
  0.243781E-03  0.275578E+07  0.275577E+07  0.353702E+07  0.353559E+07  0.275336E+07  0.275575E+07
  0.252044E-03  0.275570E+07  0.275569E+07  0.352763E+07  0.352611E+07  0.275253E+07  0.275566E+07
  0.260588E-03  0.275561E+07  0.275561E+07  0.351762E+07  0.351600E+07  0.275164E+07  0.275557E+07
  0.269420E-03  0.275552E+07  0.275552E+07  0.350694E+07  0.350522E+07  0.275070E+07  0.275547E+07
  0.278552E-03  0.275543E+07  0.275542E+07  0.349557E+07  0.349373E+07  0.274969E+07  0.275536E+07
  0.287994E-03  0.275533E+07  0.275532E+07  0.348345E+07  0.348148E+07  0.274861E+07  0.275525E+07
  0.297755E-03  0.275522E+07  0.275521E+07  0.347053E+07  0.346844E+07  0.274746E+07  0.275513E+07
  0.307848E-03  0.275510E+07  0.275509E+07  0.345677E+07  0.345455E+07  0.274623E+07  0.275500E+07
  0.318282E-03  0.275497E+07  0.275496E+07  0.344213E+07  0.343976E+07  0.274491E+07  0.275486E+07
  0.329071E-03  0.275484E+07  0.275483E+07  0.342653E+07  0.342402E+07  0.274351E+07  0.275472E+07
  0.340224E-03  0.275470E+07  0.275469E+07  0.340993E+07  0.340727E+07  0.274201E+07  0.275456E+07
  0.351756E-03  0.275455E+07  0.275453E+07  0.339228E+07  0.338944E+07  0.274042E+07  0.275439E+07
  0.363679E-03  0.275438E+07  0.275437E+07  0.337350E+07  0.337049E+07  0.273871E+07  0.275421E+07
  0.376006E-03  0.275421E+07  0.275419E+07  0.335353E+07  0.335033E+07  0.273689E+07  0.275402E+07
  0.388751E-03  0.275402E+07  0.275401E+07  0.333231E+07  0.332892E+07  0.273494E+07  0.275381E+07
  0.401928E-03  0.275382E+07  0.275381E+07  0.330976E+07  0.330616E+07  0.273287E+07  0.275359E+07
  0.415551E-03  0.275361E+07  0.275359E+07  0.328582E+07  0.328201E+07  0.273065E+07  0.275336E+07
  0.429636E-03  0.275339E+07  0.275337E+07  0.326041E+07  0.325637E+07  0.272829E+07  0.275311E+07
  0.444199E-03  0.275315E+07  0.275312E+07  0.323344E+07  0.322917E+07  0.272577E+07  0.275284E+07
  0.459255E-03  0.275289E+07  0.275287E+07  0.320485E+07  0.320033E+07  0.272308E+07  0.275256E+07
  0.474821E-03  0.275261E+07  0.275259E+07  0.317455E+07  0.316977E+07  0.272022E+07  0.275226E+07
  0.490915E-03  0.275232E+07  0.275229E+07  0.314246E+07  0.313741E+07  0.271716E+07  0.275193E+07
  0.507555E-03  0.275201E+07  0.275198E+07  0.310850E+07  0.310316E+07  0.271390E+07  0.275159E+07
  0.524759E-03  0.275167E+07  0.275164E+07  0.307257E+07  0.306695E+07  0.271042E+07  0.275122E+07
  0.542546E-03  0.275131E+07  0.275128E+07  0.303460E+07  0.302868E+07  0.270672E+07  0.275082E+07
  0.560935E-03  0.275093E+07  0.275090E+07  0.299450E+07  0.298827E+07  0.270277E+07  0.275040E+07
  0.579948E-03  0.275053E+07  0.275049E+07  0.295219E+07  0.294563E+07  0.269857E+07  0.274995E+07
  0.599606E-03  0.275009E+07  0.275005E+07  0.290758E+07  0.290070E+07  0.269409E+07  0.274948E+07
  0.619929E-03  0.274963E+07  0.274959E+07  0.286060E+07  0.285339E+07  0.268932E+07  0.274897E+07
  0.640942E-03  0.274914E+07  0.274909E+07  0.281118E+07  0.280362E+07  0.268425E+07  0.274842E+07
  0.662667E-03  0.274861E+07  0.274856E+07  0.275925E+07  0.275134E+07  0.267884E+07  0.274784E+07
  0.685128E-03  0.274805E+07  0.274800E+07  0.270474E+07  0.269649E+07  0.267309E+07  0.274722E+07
  0.708350E-03  0.274745E+07  0.274740E+07  0.264760E+07  0.263900E+07  0.266698E+07  0.274657E+07
  0.732360E-03  0.274681E+07  0.274676E+07  0.258780E+07  0.257885E+07  0.266048E+07  0.274586E+07
  0.757184E-03  0.274613E+07  0.274607E+07  0.252529E+07  0.251600E+07  0.265357E+07  0.274512E+07
  0.782848E-03  0.274541E+07  0.274535E+07  0.246008E+07  0.245045E+07  0.264623E+07  0.274432E+07
  0.809383E-03  0.274464E+07  0.274457E+07  0.239215E+07  0.238220E+07  0.263843E+07  0.274347E+07
  0.836817E-03  0.274382E+07  0.274375E+07  0.232153E+07  0.231126E+07  0.263016E+07  0.274257E+07
  0.865181E-03  0.274295E+07  0.274287E+07  0.224826E+07  0.223770E+07  0.262138E+07  0.274161E+07
  0.894507E-03  0.274202E+07  0.274193E+07  0.217242E+07  0.216158E+07  0.261206E+07  0.274059E+07
  0.924826E-03  0.274103E+07  0.274094E+07  0.209409E+07  0.208301E+07  0.260219E+07  0.273950E+07
  0.956173E-03  0.273997E+07  0.273988E+07  0.201340E+07  0.200211E+07  0.259174E+07  0.273834E+07
  0.988582E-03  0.273886E+07  0.273875E+07  0.193051E+07  0.191904E+07  0.258067E+07  0.273711E+07
  0.102209E-02  0.273767E+07  0.273755E+07  0.184562E+07  0.183401E+07  0.256896E+07  0.273581E+07
  0.105673E-02  0.273640E+07  0.273628E+07  0.175896E+07  0.174726E+07  0.255658E+07  0.273442E+07
  0.109255E-02  0.273506E+07  0.273493E+07  0.167081E+07  0.165906E+07  0.254350E+07  0.273295E+07
  0.112958E-02  0.273363E+07  0.273350E+07  0.158147E+07  0.156973E+07  0.252969E+07  0.273139E+07
  0.116787E-02  0.273212E+07  0.273197E+07  0.149132E+07  0.147964E+07  0.251513E+07  0.272973E+07
  0.120746E-02  0.273051E+07  0.273036E+07  0.140075E+07  0.138920E+07  0.249978E+07  0.272797E+07
  0.124838E-02  0.272880E+07  0.272864E+07  0.131021E+07  0.129884E+07  0.248362E+07  0.272611E+07
  0.129070E-02  0.272700E+07  0.272682E+07  0.122018E+07  0.120906E+07  0.246663E+07  0.272413E+07
  0.133445E-02  0.272508E+07  0.272489E+07  0.113119E+07  0.112038E+07  0.244878E+07  0.272204E+07
  0.137968E-02  0.272306E+07  0.272285E+07  0.104380E+07  0.103335E+07  0.243005E+07  0.271983E+07
  0.142644E-02  0.272091E+07  0.272069E+07  0.958578E+06  0.948538E+06  0.241042E+07  0.271749E+07
  0.147479E-02  0.271864E+07  0.271841E+07  0.876122E+06  0.866532E+06  0.238988E+07  0.271502E+07
  0.152478E-02  0.271624E+07  0.271599E+07  0.797029E+06  0.787916E+06  0.236840E+07  0.271240E+07
  0.157646E-02  0.271370E+07  0.271344E+07  0.721886E+06  0.713263E+06  0.234598E+07  0.270965E+07
  0.162990E-02  0.271102E+07  0.271074E+07  0.651253E+06  0.643114E+06  0.232262E+07  0.270674E+07
  0.168514E-02  0.270819E+07  0.270789E+07  0.585646E+06  0.577964E+06  0.229832E+07  0.270367E+07
  0.174226E-02  0.270520E+07  0.270488E+07  0.525515E+06  0.518241E+06  0.227308E+07  0.270044E+07
  0.180131E-02  0.270206E+07  0.270171E+07  0.471227E+06  0.464285E+06  0.224691E+07  0.269704E+07
  0.186237E-02  0.269874E+07  0.269838E+07  0.423039E+06  0.416330E+06  0.221984E+07  0.269346E+07
  0.192550E-02  0.269525E+07  0.269486E+07  0.381083E+06  0.374481E+06  0.219188E+07  0.268970E+07
  0.199076E-02  0.269158E+07  0.269116E+07  0.345346E+06  0.338701E+06  0.216307E+07  0.268575E+07
  0.205824E-02  0.268772E+07  0.268728E+07  0.315653E+06  0.308801E+06  0.213346E+07  0.268161E+07
  0.212800E-02  0.268367E+07  0.268319E+07  0.291663E+06  0.284427E+06  0.210309E+07  0.267726E+07
  0.220013E-02  0.267941E+07  0.267891E+07  0.272864E+06  0.265066E+06  0.207201E+07  0.267271E+07
  0.227470E-02  0.267495E+07  0.267441E+07  0.258580E+06  0.250054E+06  0.204030E+07  0.266794E+07
  0.235181E-02  0.267027E+07  0.266969E+07  0.247996E+06  0.238602E+06  0.200801E+07  0.266296E+07
  0.243152E-02  0.266537E+07  0.266475E+07  0.240182E+06  0.229824E+06  0.197524E+07  0.265774E+07
  0.251394E-02  0.266023E+07  0.265957E+07  0.234144E+06  0.222783E+06  0.194207E+07  0.265230E+07
  0.259915E-02  0.265487E+07  0.265416E+07  0.228873E+06  0.216548E+06  0.190858E+07  0.264662E+07
  0.268725E-02  0.264926E+07  0.264850E+07  0.223415E+06  0.210253E+06  0.187486E+07  0.264069E+07
  0.277833E-02  0.264339E+07  0.264259E+07  0.216937E+06  0.203164E+06  0.184102E+07  0.263452E+07
  0.287250E-02  0.263728E+07  0.263642E+07  0.208801E+06  0.194740E+06  0.180714E+07  0.262809E+07
  0.296987E-02  0.263090E+07  0.262998E+07  0.198622E+06  0.184688E+06  0.177332E+07  0.262140E+07
  0.307053E-02  0.262424E+07  0.262327E+07  0.186316E+06  0.172990E+06  0.173963E+07  0.261444E+07
  0.317461E-02  0.261732E+07  0.261628E+07  0.172117E+06  0.159917E+06  0.170617E+07  0.260722E+07
  0.328221E-02  0.261010E+07  0.260899E+07  0.156562E+06  0.145996E+06  0.167299E+07  0.259971E+07
  0.339346E-02  0.260260E+07  0.260141E+07  0.140442E+06  0.131952E+06  0.164015E+07  0.259192E+07
  0.350848E-02  0.259480E+07  0.259353E+07  0.124699E+06  0.118605E+06  0.160769E+07  0.258383E+07
  0.362740E-02  0.258669E+07  0.258534E+07  0.110301E+06  0.106753E+06  0.157563E+07  0.257545E+07
  0.375035E-02  0.257828E+07  0.257684E+07  0.980952E+05  0.970300E+05  0.154398E+07  0.256677E+07
  0.387747E-02  0.256954E+07  0.256801E+07  0.886535E+05  0.897862E+05  0.151274E+07  0.255777E+07
  0.400890E-02  0.256049E+07  0.255885E+07  0.821551E+05  0.850007E+05  0.148186E+07  0.254846E+07
  0.414478E-02  0.255110E+07  0.254936E+07  0.783237E+05  0.822562E+05  0.145132E+07  0.253883E+07
  0.428527E-02  0.254138E+07  0.253952E+07  0.000000E+00  0.000000E+00  0.142106E+07  0.252886E+07
  0.443052E-02  0.253132E+07  0.252933E+07  0.000000E+00  0.000000E+00  0.139101E+07  0.251856E+07
  0.458069E-02  0.252090E+07  0.251879E+07  0.000000E+00  0.000000E+00  0.136111E+07  0.250792E+07
  0.473596E-02  0.251014E+07  0.250788E+07  0.000000E+00  0.000000E+00  0.133130E+07  0.249692E+07
  0.489648E-02  0.249901E+07  0.249661E+07  0.000000E+00  0.000000E+00  0.130152E+07  0.248556E+07
  0.506245E-02  0.248751E+07  0.248495E+07  0.000000E+00  0.000000E+00  0.127172E+07  0.247384E+07
  0.523404E-02  0.247564E+07  0.247291E+07  0.000000E+00  0.000000E+00  0.124185E+07  0.246174E+07
  0.541145E-02  0.246339E+07  0.246048E+07  0.000000E+00  0.000000E+00  0.121192E+07  0.244927E+07
  0.559487E-02  0.245074E+07  0.244765E+07  0.000000E+00  0.000000E+00  0.118191E+07  0.243640E+07
  0.578451E-02  0.243770E+07  0.243441E+07  0.000000E+00  0.000000E+00  0.115185E+07  0.242314E+07
  0.598058E-02  0.242426E+07  0.242075E+07  0.000000E+00  0.000000E+00  0.112176E+07  0.240948E+07
  0.618329E-02  0.241041E+07  0.240667E+07  0.000000E+00  0.000000E+00  0.109168E+07  0.239542E+07
  0.639287E-02  0.239614E+07  0.239216E+07  0.000000E+00  0.000000E+00  0.106166E+07  0.238093E+07
  0.660956E-02  0.238144E+07  0.237720E+07  0.000000E+00  0.000000E+00  0.103175E+07  0.236603E+07
  0.683359E-02  0.236631E+07  0.236180E+07  0.000000E+00  0.000000E+00  0.100199E+07  0.235069E+07
  0.706522E-02  0.235074E+07  0.234594E+07  0.000000E+00  0.000000E+00  0.972426E+06  0.233492E+07
  0.730469E-02  0.233473E+07  0.232962E+07  0.000000E+00  0.000000E+00  0.943085E+06  0.231871E+07
  0.755228E-02  0.231825E+07  0.231282E+07  0.000000E+00  0.000000E+00  0.913993E+06  0.230205E+07
  0.780827E-02  0.230132E+07  0.229555E+07  0.000000E+00  0.000000E+00  0.885171E+06  0.228493E+07
  0.807293E-02  0.228392E+07  0.227778E+07  0.000000E+00  0.000000E+00  0.856637E+06  0.226734E+07
  0.834657E-02  0.226604E+07  0.225952E+07  0.000000E+00  0.000000E+00  0.828406E+06  0.224929E+07
  0.862947E-02  0.224768E+07  0.224074E+07  0.000000E+00  0.000000E+00  0.800496E+06  0.223075E+07
  0.892197E-02  0.222882E+07  0.222146E+07  0.000000E+00  0.000000E+00  0.772921E+06  0.221173E+07
  0.922438E-02  0.220947E+07  0.220165E+07  0.000000E+00  0.000000E+00  0.745702E+06  0.219222E+07
  0.953704E-02  0.218961E+07  0.218131E+07  0.000000E+00  0.000000E+00  0.718856E+06  0.217220E+07
  0.986030E-02  0.216924E+07  0.216043E+07  0.000000E+00  0.000000E+00  0.692403E+06  0.215168E+07
  0.101945E-01  0.214834E+07  0.213900E+07  0.000000E+00  0.000000E+00  0.666361E+06  0.213064E+07
  0.105401E-01  0.212693E+07  0.211702E+07  0.000000E+00  0.000000E+00  0.640751E+06  0.210908E+07
  0.108973E-01  0.210497E+07  0.209447E+07  0.000000E+00  0.000000E+00  0.615592E+06  0.208699E+07
  0.112667E-01  0.208248E+07  0.207135E+07  0.000000E+00  0.000000E+00  0.590904E+06  0.206437E+07
  0.116486E-01  0.205943E+07  0.204765E+07  0.000000E+00  0.000000E+00  0.566705E+06  0.204120E+07
  0.120434E-01  0.203583E+07  0.202336E+07  0.000000E+00  0.000000E+00  0.543015E+06  0.201749E+07
  0.124516E-01  0.201168E+07  0.199848E+07  0.000000E+00  0.000000E+00  0.519850E+06  0.199322E+07
  0.128737E-01  0.198695E+07  0.197300E+07  0.000000E+00  0.000000E+00  0.497228E+06  0.196840E+07
  0.133100E-01  0.196166E+07  0.194691E+07  0.000000E+00  0.000000E+00  0.475162E+06  0.194300E+07
  0.137612E-01  0.193579E+07  0.192021E+07  0.000000E+00  0.000000E+00  0.453662E+06  0.191704E+07
  0.142276E-01  0.190934E+07  0.189290E+07  0.000000E+00  0.000000E+00  0.432737E+06  0.189051E+07
  0.147098E-01  0.188231E+07  0.186497E+07  0.000000E+00  0.000000E+00  0.412388E+06  0.186340E+07
  0.152084E-01  0.185469E+07  0.183642E+07  0.000000E+00  0.000000E+00  0.392615E+06  0.183572E+07
  0.157239E-01  0.182650E+07  0.180726E+07  0.000000E+00  0.000000E+00  0.373410E+06  0.180746E+07
  0.162569E-01  0.179772E+07  0.177747E+07  0.000000E+00  0.000000E+00  0.354764E+06  0.177862E+07
  0.168079E-01  0.176836E+07  0.174708E+07  0.000000E+00  0.000000E+00  0.336671E+06  0.174921E+07
  0.173776E-01  0.173843E+07  0.171608E+07  0.000000E+00  0.000000E+00  0.319130E+06  0.171924E+07
  0.179666E-01  0.170793E+07  0.168449E+07  0.000000E+00  0.000000E+00  0.302151E+06  0.168871E+07
  0.185756E-01  0.167688E+07  0.165232E+07  0.000000E+00  0.000000E+00  0.285749E+06  0.165763E+07
  0.192052E-01  0.164528E+07  0.161958E+07  0.000000E+00  0.000000E+00  0.269941E+06  0.162602E+07
  0.198562E-01  0.161316E+07  0.158629E+07  0.000000E+00  0.000000E+00  0.254735E+06  0.159388E+07
  0.205292E-01  0.158054E+07  0.155248E+07  0.000000E+00  0.000000E+00  0.240116E+06  0.156126E+07
  0.212251E-01  0.154743E+07  0.151819E+07  0.000000E+00  0.000000E+00  0.226057E+06  0.152816E+07
  0.219445E-01  0.151386E+07  0.148343E+07  0.000000E+00  0.000000E+00  0.212532E+06  0.149461E+07
  0.226883E-01  0.147988E+07  0.144827E+07  0.000000E+00  0.000000E+00  0.199540E+06  0.146066E+07
  0.234573E-01  0.144552E+07  0.141273E+07  0.000000E+00  0.000000E+00  0.187102E+06  0.142635E+07
  0.242524E-01  0.141082E+07  0.137689E+07  0.000000E+00  0.000000E+00  0.175245E+06  0.139171E+07
  0.250745E-01  0.137584E+07  0.134079E+07  0.000000E+00  0.000000E+00  0.163955E+06  0.135680E+07
  0.259244E-01  0.134063E+07  0.130451E+07  0.000000E+00  0.000000E+00  0.153189E+06  0.132168E+07
  0.268031E-01  0.130526E+07  0.126812E+07  0.000000E+00  0.000000E+00  0.142917E+06  0.128641E+07
  0.277116E-01  0.126980E+07  0.123171E+07  0.000000E+00  0.000000E+00  0.133159E+06  0.125107E+07
  0.286509E-01  0.123433E+07  0.119536E+07  0.000000E+00  0.000000E+00  0.123941E+06  0.121573E+07
  0.296220E-01  0.119892E+07  0.115919E+07  0.000000E+00  0.000000E+00  0.115230E+06  0.118049E+07
  0.306260E-01  0.116368E+07  0.112330E+07  0.000000E+00  0.000000E+00  0.106979E+06  0.114544E+07
  0.316641E-01  0.112871E+07  0.108779E+07  0.000000E+00  0.000000E+00  0.992013E+05  0.111067E+07
  0.327374E-01  0.109410E+07  0.105280E+07  0.000000E+00  0.000000E+00  0.919205E+05  0.107630E+07
  0.338470E-01  0.106527E+07  0.102374E+07  0.000000E+00  0.000000E+00  0.739099E+05  0.104755E+07
  0.349942E-01  0.103190E+07  0.990310E+06  0.000000E+00  0.000000E+00  0.681082E+05  0.101446E+07
  0.361804E-01  0.999214E+06  0.957764E+06  0.000000E+00  0.000000E+00  0.627410E+05  0.982103E+06
  0.374067E-01  0.967029E+06  0.925914E+06  0.000000E+00  0.000000E+00  0.577511E+05  0.950270E+06
  0.386746E-01  0.935596E+06  0.895025E+06  0.000000E+00  0.000000E+00  0.530977E+05  0.919219E+06
  0.399855E-01  0.905165E+06  0.865353E+06  0.000000E+00  0.000000E+00  0.488044E+05  0.889199E+06
  0.413408E-01  0.875855E+06  0.837022E+06  0.000000E+00  0.000000E+00  0.448405E+05  0.860329E+06
  0.427421E-01  0.847770E+06  0.810134E+06  0.000000E+00  0.000000E+00  0.412167E+05  0.832710E+06
  0.441908E-01  0.817735E+06  0.781514E+06  0.000000E+00  0.000000E+00  0.423734E+05  0.803251E+06
  0.456886E-01  0.792190E+06  0.757577E+06  0.000000E+00  0.000000E+00  0.390722E+05  0.778216E+06
  0.472373E-01  0.767976E+06  0.735153E+06  0.000000E+00  0.000000E+00  0.360622E+05  0.754531E+06
  0.488384E-01  0.745053E+06  0.714174E+06  0.000000E+00  0.000000E+00  0.332888E+05  0.732152E+06
  0.504938E-01  0.723344E+06  0.694532E+06  0.000000E+00  0.000000E+00  0.307398E+05  0.710996E+06
  0.522053E-01  0.702757E+06  0.676096E+06  0.000000E+00  0.000000E+00  0.284034E+05  0.690966E+06
  0.539748E-01  0.685004E+06  0.660527E+06  0.000000E+00  0.000000E+00  0.243597E+05  0.673727E+06
  0.558043E-01  0.666271E+06  0.643968E+06  0.000000E+00  0.000000E+00  0.224679E+05  0.655539E+06
  0.576957E-01  0.648226E+06  0.628031E+06  0.000000E+00  0.000000E+00  0.207148E+05  0.638024E+06
  0.596514E-01  0.630706E+06  0.612493E+06  0.000000E+00  0.000000E+00  0.191031E+05  0.621007E+06
  0.616732E-01  0.613533E+06  0.597122E+06  0.000000E+00  0.000000E+00  0.176002E+05  0.604305E+06
  0.637637E-01  0.595247E+06  0.580407E+06  0.000000E+00  0.000000E+00  0.172925E+05  0.586477E+06
  0.659249E-01  0.578147E+06  0.564598E+06  0.000000E+00  0.000000E+00  0.159329E+05  0.569763E+06
  0.681595E-01  0.560785E+06  0.548212E+06  0.000000E+00  0.000000E+00  0.146542E+05  0.552740E+06
  0.704697E-01  0.542975E+06  0.531042E+06  0.000000E+00  0.000000E+00  0.134489E+05  0.535217E+06
  0.728583E-01  0.524942E+06  0.513309E+06  0.000000E+00  0.000000E+00  0.119450E+05  0.517414E+06
  0.753278E-01  0.505966E+06  0.494315E+06  0.000000E+00  0.000000E+00  0.108971E+05  0.498630E+06
  0.778811E-01  0.486427E+06  0.474477E+06  0.000000E+00  0.000000E+00  0.991143E+04  0.479243E+06
  0.805209E-01  0.466463E+06  0.453995E+06  0.000000E+00  0.000000E+00  0.898006E+04  0.459401E+06
  0.832502E-01  0.446286E+06  0.433162E+06  0.000000E+00  0.000000E+00  0.812348E+04  0.439325E+06
  0.860720E-01  0.426158E+06  0.412337E+06  0.000000E+00  0.000000E+00  0.732895E+04  0.419291E+06
  0.889894E-01  0.406372E+06  0.391918E+06  0.000000E+00  0.000000E+00  0.659795E+04  0.399607E+06
  0.920057E-01  0.387246E+06  0.372326E+06  0.000000E+00  0.000000E+00  0.593871E+04  0.380605E+06
  0.951242E-01  0.369124E+06  0.353998E+06  0.000000E+00  0.000000E+00  0.534401E+04  0.362639E+06
  0.983485E-01  0.352353E+06  0.337350E+06  0.000000E+00  0.000000E+00  0.481584E+04  0.346066E+06
  0.101682E+00  0.337228E+06  0.322711E+06  0.000000E+00  0.000000E+00  0.435106E+04  0.331182E+06
  0.105129E+00  0.323900E+06  0.310223E+06  0.000000E+00  0.000000E+00  0.394606E+04  0.318134E+06
  0.108692E+00  0.312296E+06  0.299759E+06  0.000000E+00  0.000000E+00  0.359181E+04  0.306843E+06
  0.112376E+00  0.302106E+06  0.290908E+06  0.000000E+00  0.000000E+00  0.327811E+04  0.296984E+06
  0.116185E+00  0.292855E+06  0.283065E+06  0.000000E+00  0.000000E+00  0.299855E+04  0.288066E+06
  0.120123E+00  0.284024E+06  0.275556E+06  0.000000E+00  0.000000E+00  0.274319E+04  0.279548E+06
  0.124195E+00  0.275137E+06  0.267765E+06  0.000000E+00  0.000000E+00  0.250654E+04  0.270938E+06
  0.128404E+00  0.265796E+06  0.259182E+06  0.000000E+00  0.000000E+00  0.228431E+04  0.261823E+06
  0.132756E+00  0.255697E+06  0.249445E+06  0.000000E+00  0.000000E+00  0.206982E+04  0.251892E+06
  0.137256E+00  0.244700E+06  0.238432E+06  0.000000E+00  0.000000E+00  0.186548E+04  0.241010E+06
  0.141909E+00  0.232935E+06  0.226361E+06  0.000000E+00  0.000000E+00  0.167209E+04  0.229320E+06
  0.146719E+00  0.220839E+06  0.213820E+06  0.000000E+00  0.000000E+00  0.149226E+04  0.217280E+06
  0.151692E+00  0.209032E+06  0.201610E+06  0.000000E+00  0.000000E+00  0.132855E+04  0.205532E+06
  0.156833E+00  0.198113E+06  0.190497E+06  0.000000E+00  0.000000E+00  0.118505E+04  0.194698E+06
  0.162149E+00  0.188496E+06  0.181004E+06  0.000000E+00  0.000000E+00  0.106138E+04  0.185205E+06
  0.167645E+00  0.180348E+06  0.173321E+06  0.000000E+00  0.000000E+00  0.955196E+03  0.177222E+06
  0.173328E+00  0.173547E+06  0.167243E+06  0.000000E+00  0.000000E+00  0.865369E+03  0.170615E+06
  0.179203E+00  0.167657E+06  0.162172E+06  0.000000E+00  0.000000E+00  0.786887E+03  0.164925E+06
  0.185277E+00  0.162011E+06  0.157253E+06  0.000000E+00  0.000000E+00  0.715274E+03  0.159461E+06
  0.191557E+00  0.155967E+06  0.151684E+06  0.000000E+00  0.000000E+00  0.647975E+03  0.153561E+06
  0.198050E+00  0.149174E+06  0.145053E+06  0.000000E+00  0.000000E+00  0.582378E+03  0.146868E+06
  0.204762E+00  0.141716E+06  0.137501E+06  0.000000E+00  0.000000E+00  0.519989E+03  0.139475E+06
  0.211703E+00  0.134055E+06  0.129645E+06  0.000000E+00  0.000000E+00  0.462226E+03  0.131864E+06
  0.218878E+00  0.126813E+06  0.122292E+06  0.000000E+00  0.000000E+00  0.410557E+03  0.124683E+06
  0.226297E+00  0.120480E+06  0.116060E+06  0.000000E+00  0.000000E+00  0.366399E+03  0.118434E+06
  0.233968E+00  0.115212E+06  0.111121E+06  0.000000E+00  0.000000E+00  0.329289E+03  0.113279E+06
  0.241898E+00  0.110731E+06  0.107088E+06  0.000000E+00  0.000000E+00  0.297351E+03  0.108921E+06
  0.250097E+00  0.106453E+06  0.103210E+06  0.000000E+00  0.000000E+00  0.268578E+03  0.104756E+06
  0.258574E+00  0.101899E+06  0.988831E+05  0.000000E+00  0.000000E+00  0.241356E+03  0.100289E+06
  0.267339E+00  0.969134E+05  0.939394E+05  0.000000E+00  0.000000E+00  0.215606E+03  0.953642E+05
  0.276400E+00  0.917552E+05  0.887413E+05  0.000000E+00  0.000000E+00  0.191512E+03  0.902553E+05
  0.285769E+00  0.869443E+05  0.839498E+05  0.000000E+00  0.000000E+00  0.170381E+03  0.854998E+05
  0.295455E+00  0.827818E+05  0.799401E+05  0.000000E+00  0.000000E+00  0.152198E+03  0.814079E+05
  0.305470E+00  0.791848E+05  0.765876E+05  0.000000E+00  0.000000E+00  0.136620E+03  0.778907E+05
  0.315823E+00  0.757815E+05  0.734082E+05  0.000000E+00  0.000000E+00  0.122766E+03  0.745616E+05
  0.326528E+00  0.722400E+05  0.699894E+05  0.000000E+00  0.000000E+00  0.109784E+03  0.710791E+05
  0.337596E+00  0.685551E+05  0.663444E+05  0.000000E+00  0.000000E+00  0.977414E+02  0.674408E+05
  0.349039E+00  0.650013E+05  0.628347E+05  0.000000E+00  0.000000E+00  0.868816E+02  0.639329E+05
  0.360869E+00  0.618216E+05  0.597633E+05  0.000000E+00  0.000000E+00  0.775057E+02  0.608058E+05
  0.373101E+00  0.589716E+05  0.570621E+05  0.000000E+00  0.000000E+00  0.693653E+02  0.580116E+05
  0.385748E+00  0.562108E+05  0.544235E+05  0.000000E+00  0.000000E+00  0.619933E+02  0.553011E+05
  0.398823E+00  0.534134E+05  0.516962E+05  0.000000E+00  0.000000E+00  0.552386E+02  0.525459E+05
  0.412341E+00  0.506793E+05  0.490178E+05  0.000000E+00  0.000000E+00  0.491379E+02  0.498508E+05
  0.426317E+00  0.481586E+05  0.465788E+05  0.000000E+00  0.000000E+00  0.437745E+02  0.473711E+05
  0.440767E+00  0.458381E+05  0.443561E+05  0.000000E+00  0.000000E+00  0.390542E+02  0.450921E+05
  0.455707E+00  0.435899E+05  0.421877E+05  0.000000E+00  0.000000E+00  0.348143E+02  0.428816E+05
  0.471153E+00  0.413816E+05  0.400384E+05  0.000000E+00  0.000000E+00  0.309786E+02  0.407072E+05
  0.487123E+00  0.392866E+05  0.380053E+05  0.000000E+00  0.000000E+00  0.275548E+02  0.386453E+05
  0.503634E+00  0.373346E+05  0.361242E+05  0.000000E+00  0.000000E+00  0.245364E+02  0.367263E+05
  0.520705E+00  0.354697E+05  0.343236E+05  0.000000E+00  0.000000E+00  0.218434E+02  0.348925E+05
  0.538354E+00  0.336658E+05  0.325735E+05  0.000000E+00  0.000000E+00  0.194266E+02  0.331172E+05
  0.556602E+00  0.319546E+05  0.309165E+05  0.000000E+00  0.000000E+00  0.172780E+02  0.314336E+05
  0.575468E+00  0.303400E+05  0.293573E+05  0.000000E+00  0.000000E+00  0.153694E+02  0.298458E+05
  0.594973E+00  0.287950E+05  0.278623E+05  0.000000E+00  0.000000E+00  0.136596E+02  0.283260E+05
  0.615140E+00  0.273193E+05  0.264330E+05  0.000000E+00  0.000000E+00  0.121498E+02  0.268740E+05
  0.635991E+00  0.259216E+05  0.250814E+05  0.000000E+00  0.000000E+00  0.107963E+02  0.254992E+05
  0.657547E+00  0.245914E+05  0.237948E+05  0.000000E+00  0.000000E+00  0.959015E+01  0.241908E+05
  0.679835E+00  0.233233E+05  0.225672E+05  0.000000E+00  0.000000E+00  0.851622E+01  0.229433E+05
  0.702878E+00  0.221195E+05  0.214028E+05  0.000000E+00  0.000000E+00  0.756805E+01  0.217591E+05
  0.726702E+00  0.209748E+05  0.202952E+05  0.000000E+00  0.000000E+00  0.671752E+01  0.206331E+05
  0.751334E+00  0.198858E+05  0.192415E+05  0.000000E+00  0.000000E+00  0.596332E+01  0.195618E+05
  0.776801E+00  0.188515E+05  0.182407E+05  0.000000E+00  0.000000E+00  0.529709E+01  0.185443E+05
  0.803130E+00  0.178682E+05  0.172893E+05  0.000000E+00  0.000000E+00  0.469979E+01  0.175771E+05
  0.830353E+00  0.169340E+05  0.163854E+05  0.000000E+00  0.000000E+00  0.417184E+01  0.166581E+05
  0.858497E+00  0.160466E+05  0.155268E+05  0.000000E+00  0.000000E+00  0.370087E+01  0.157852E+05
  0.887596E+00  0.152038E+05  0.147113E+05  0.000000E+00  0.000000E+00  0.328114E+01  0.149561E+05
  0.917681E+00  0.144036E+05  0.139370E+05  0.000000E+00  0.000000E+00  0.291054E+01  0.141689E+05
  0.948786E+00  0.136438E+05  0.132019E+05  0.000000E+00  0.000000E+00  0.258283E+01  0.134215E+05
  0.980945E+00  0.129225E+05  0.125040E+05  0.000000E+00  0.000000E+00  0.228824E+01  0.127120E+05
  0.101419E+01  0.122379E+05  0.118416E+05  0.000000E+00  0.000000E+00  0.202920E+01  0.120385E+05
  0.104857E+01  0.115881E+05  0.112129E+05  0.000000E+00  0.000000E+00  0.179964E+01  0.113994E+05
  0.108411E+01  0.109716E+05  0.106163E+05  0.000000E+00  0.000000E+00  0.159350E+01  0.107928E+05
  0.112086E+01  0.103866E+05  0.100503E+05  0.000000E+00  0.000000E+00  0.141241E+01  0.102174E+05
  0.115885E+01  0.983179E+04  0.951343E+04  0.000000E+00  0.000000E+00  0.125077E+01  0.967163E+04
  0.119813E+01  0.930560E+04  0.900428E+04  0.000000E+00  0.000000E+00  0.110808E+01  0.915400E+04
  0.123874E+01  0.880662E+04  0.852148E+04  0.000000E+00  0.000000E+00  0.981733E+00  0.866316E+04
  0.128073E+01  0.833350E+04  0.806367E+04  0.000000E+00  0.000000E+00  0.869383E+00  0.819774E+04
  0.132414E+01  0.788496E+04  0.762967E+04  0.000000E+00  0.000000E+00  0.769892E+00  0.775651E+04
  0.136902E+01  0.745979E+04  0.721827E+04  0.000000E+00  0.000000E+00  0.681473E+00  0.733827E+04
  0.141542E+01  0.705683E+04  0.682837E+04  0.000000E+00  0.000000E+00  0.603921E+00  0.694188E+04
  0.146340E+01  0.667495E+04  0.645886E+04  0.000000E+00  0.000000E+00  0.534068E+00  0.656622E+04
  0.151300E+01  0.631310E+04  0.610872E+04  0.000000E+00  0.000000E+00  0.472853E+00  0.621026E+04
  0.156428E+01  0.597026E+04  0.577699E+04  0.000000E+00  0.000000E+00  0.418701E+00  0.587300E+04
  0.161730E+01  0.564553E+04  0.546277E+04  0.000000E+00  0.000000E+00  0.370621E+00  0.555356E+04
  0.167212E+01  0.533796E+04  0.516516E+04  0.000000E+00  0.000000E+00  0.327746E+00  0.525101E+04
  0.172880E+01  0.504667E+04  0.488331E+04  0.000000E+00  0.000000E+00  0.290117E+00  0.496447E+04
  0.178740E+01  0.477084E+04  0.461641E+04  0.000000E+00  0.000000E+00  0.256189E+00  0.469313E+04
  0.184798E+01  0.450968E+04  0.436370E+04  0.000000E+00  0.000000E+00  0.226957E+00  0.443622E+04
  0.191062E+01  0.426243E+04  0.412446E+04  0.000000E+00  0.000000E+00  0.200476E+00  0.419299E+04
  0.197538E+01  0.402836E+04  0.389796E+04  0.000000E+00  0.000000E+00  0.177376E+00  0.396274E+04
  0.204234E+01  0.380681E+04  0.368359E+04  0.000000E+00  0.000000E+00  0.157059E+00  0.374480E+04
  0.211156E+01  0.359715E+04  0.348072E+04  0.000000E+00  0.000000E+00  0.138742E+00  0.353856E+04
  0.218313E+01  0.339876E+04  0.328875E+04  0.000000E+00  0.000000E+00  0.122640E+00  0.334340E+04
  0.225713E+01  0.321104E+04  0.310711E+04  0.000000E+00  0.000000E+00  0.108217E+00  0.315874E+04
  0.233364E+01  0.303345E+04  0.293526E+04  0.000000E+00  0.000000E+00  0.957793E-01  0.298403E+04
  0.241274E+01  0.286543E+04  0.277269E+04  0.000000E+00  0.000000E+00  0.846233E-01  0.281876E+04
  0.249452E+01  0.270650E+04  0.261890E+04  0.000000E+00  0.000000E+00  0.748037E-01  0.266242E+04
  0.257907E+01  0.255619E+04  0.247345E+04  0.000000E+00  0.000000E+00  0.661682E-01  0.251455E+04
  0.266649E+01  0.241404E+04  0.233590E+04  0.000000E+00  0.000000E+00  0.583622E-01  0.237471E+04
  0.275687E+01  0.227962E+04  0.220583E+04  0.000000E+00  0.000000E+00  0.516433E-01  0.224248E+04
  0.285031E+01  0.215253E+04  0.208285E+04  0.000000E+00  0.000000E+00  0.456736E-01  0.211746E+04
  0.294692E+01  0.203237E+04  0.196659E+04  0.000000E+00  0.000000E+00  0.402960E-01  0.199926E+04
  0.304681E+01  0.191877E+04  0.185666E+04  0.000000E+00  0.000000E+00  0.356448E-01  0.188751E+04
  0.315008E+01  0.181139E+04  0.175276E+04  0.000000E+00  0.000000E+00  0.314685E-01  0.178188E+04
  0.325685E+01  0.170989E+04  0.165455E+04  0.000000E+00  0.000000E+00  0.277716E-01  0.168204E+04
  0.336724E+01  0.161398E+04  0.156174E+04  0.000000E+00  0.000000E+00  0.244698E-01  0.158769E+04
  0.348138E+01  0.152334E+04  0.147403E+04  0.000000E+00  0.000000E+00  0.216376E-01  0.149852E+04
  0.359938E+01  0.143769E+04  0.139115E+04  0.000000E+00  0.000000E+00  0.191097E-01  0.141427E+04
  0.372138E+01  0.135676E+04  0.131284E+04  0.000000E+00  0.000000E+00  0.168930E-01  0.133466E+04
  0.384752E+01  0.128030E+04  0.123886E+04  0.000000E+00  0.000000E+00  0.148968E-01  0.125945E+04
  0.397793E+01  0.120807E+04  0.116896E+04  0.000000E+00  0.000000E+00  0.131606E-01  0.118839E+04
  0.411276E+01  0.113985E+04  0.110294E+04  0.000000E+00  0.000000E+00  0.116147E-01  0.112128E+04
  0.425217E+01  0.107540E+04  0.104059E+04  0.000000E+00  0.000000E+00  0.102545E-01  0.105789E+04
  0.439629E+01  0.101454E+04  0.981693E+03  0.000000E+00  0.000000E+00  0.906503E-02  0.998013E+03
  0.454531E+01  0.957058E+03  0.926070E+03  0.000000E+00  0.000000E+00  0.798131E-02  0.941466E+03
  0.469937E+01  0.902777E+03  0.873545E+03  0.000000E+00  0.000000E+00  0.705452E-02  0.888069E+03
  0.485865E+01  0.851527E+03  0.823952E+03  0.000000E+00  0.000000E+00  0.621995E-02  0.837654E+03
  0.502334E+01  0.803137E+03  0.777128E+03  0.000000E+00  0.000000E+00  0.548490E-02  0.790052E+03
  0.519360E+01  0.757452E+03  0.732921E+03  0.000000E+00  0.000000E+00  0.485160E-02  0.745111E+03
  0.536965E+01  0.714321E+03  0.691184E+03  0.000000E+00  0.000000E+00  0.427847E-02  0.702682E+03
  0.555165E+01  0.673608E+03  0.651789E+03  0.000000E+00  0.000000E+00  0.376393E-02  0.662633E+03
  0.573982E+01  0.635181E+03  0.614604E+03  0.000000E+00  0.000000E+00  0.332441E-02  0.624831E+03
  0.593437E+01  0.598913E+03  0.579509E+03  0.000000E+00  0.000000E+00  0.293001E-02  0.589153E+03
  0.613552E+01  0.564681E+03  0.546385E+03  0.000000E+00  0.000000E+00  0.258476E-02  0.555479E+03
  0.634348E+01  0.532377E+03  0.515125E+03  0.000000E+00  0.000000E+00  0.227929E-02  0.523702E+03
  0.655850E+01  0.501895E+03  0.485629E+03  0.000000E+00  0.000000E+00  0.201433E-02  0.493716E+03
  0.678080E+01  0.473134E+03  0.457798E+03  0.000000E+00  0.000000E+00  0.177839E-02  0.465423E+03
  0.701063E+01  0.445995E+03  0.431537E+03  0.000000E+00  0.000000E+00  0.156845E-02  0.438726E+03
  0.724826E+01  0.420391E+03  0.406761E+03  0.000000E+00  0.000000E+00  0.137777E-02  0.413539E+03
  0.749394E+01  0.396237E+03  0.383388E+03  0.000000E+00  0.000000E+00  0.121896E-02  0.389778E+03
  0.774795E+01  0.373452E+03  0.361339E+03  0.000000E+00  0.000000E+00  0.107229E-02  0.367364E+03
  0.801057E+01  0.351959E+03  0.340541E+03  0.000000E+00  0.000000E+00  0.945643E-03  0.346221E+03
  0.828209E+01  0.331685E+03  0.320923E+03  0.000000E+00  0.000000E+00  0.833912E-03  0.326278E+03
  0.856281E+01  0.312565E+03  0.302422E+03  0.000000E+00  0.000000E+00  0.736530E-03  0.307469E+03
  0.885305E+01  0.294533E+03  0.284972E+03  0.000000E+00  0.000000E+00  0.648689E-03  0.289731E+03
  0.915312E+01  0.277527E+03  0.268516E+03  0.000000E+00  0.000000E+00  0.571889E-03  0.273002E+03
  0.946337E+01  0.261491E+03  0.252998E+03  0.000000E+00  0.000000E+00  0.506521E-03  0.257226E+03
  0.978413E+01  0.246370E+03  0.238367E+03  0.000000E+00  0.000000E+00  0.443597E-03  0.242352E+03
  0.101158E+02  0.232113E+03  0.224570E+03  0.000000E+00  0.000000E+00  0.392947E-03  0.228327E+03
  0.104586E+02  0.218670E+03  0.211561E+03  0.000000E+00  0.000000E+00  0.345030E-03  0.215103E+03
  0.108131E+02  0.205996E+03  0.199298E+03  0.000000E+00  0.000000E+00  0.303352E-03  0.202636E+03
  0.111796E+02  0.194049E+03  0.187736E+03  0.000000E+00  0.000000E+00  0.268390E-03  0.190883E+03
  0.115586E+02  0.182786E+03  0.176837E+03  0.000000E+00  0.000000E+00  0.236383E-03  0.179803E+03
  0.119504E+02  0.172169E+03  0.166564E+03  0.000000E+00  0.000000E+00  0.208083E-03  0.169359E+03
  0.123554E+02  0.162162E+03  0.156880E+03  0.000000E+00  0.000000E+00  0.183605E-03  0.159515E+03
  0.127742E+02  0.152730E+03  0.147752E+03  0.000000E+00  0.000000E+00  0.162380E-03  0.150236E+03
  0.132072E+02  0.143840E+03  0.139150E+03  0.000000E+00  0.000000E+00  0.141428E-03  0.141492E+03
  0.136549E+02  0.135463E+03  0.131043E+03  0.000000E+00  0.000000E+00  0.125655E-03  0.133250E+03
  0.141177E+02  0.127567E+03  0.123403E+03  0.000000E+00  0.000000E+00  0.110459E-03  0.125483E+03
  0.145962E+02  0.120127E+03  0.116203E+03  0.000000E+00  0.000000E+00  0.970292E-04  0.118164E+03
  0.150909E+02  0.113117E+03  0.109419E+03  0.000000E+00  0.000000E+00  0.859134E-04  0.111268E+03
  0.156025E+02  0.106511E+03  0.103026E+03  0.000000E+00  0.000000E+00  0.757073E-04  0.104769E+03
  0.161313E+02  0.100287E+03  0.970033E+02  0.000000E+00  0.000000E+00  0.668830E-04  0.986468E+02
  0.166781E+02  0.944224E+02  0.913284E+02  0.000000E+00  0.000000E+00  0.588800E-04  0.928780E+02
  0.172434E+02  0.888976E+02  0.859820E+02  0.000000E+00  0.000000E+00  0.516833E-04  0.874431E+02
  0.178278E+02  0.836929E+02  0.809454E+02  0.000000E+00  0.000000E+00  0.452842E-04  0.823232E+02
  0.184321E+02  0.787898E+02  0.762006E+02  0.000000E+00  0.000000E+00  0.402844E-04  0.774999E+02
  0.190569E+02  0.741712E+02  0.717311E+02  0.000000E+00  0.000000E+00  0.346897E-04  0.729564E+02
  0.197028E+02  0.698208E+02  0.675210E+02  0.000000E+00  0.000000E+00  0.315023E-04  0.686768E+02
  0.203706E+02  0.657229E+02  0.635554E+02  0.000000E+00  0.000000E+00  0.275379E-04  0.646456E+02
  0.210611E+02  0.618633E+02  0.598203E+02  0.000000E+00  0.000000E+00  0.242488E-04  0.608488E+02
  0.217750E+02  0.582282E+02  0.563025E+02  0.000000E+00  0.000000E+00  0.210862E-04  0.572729E+02
  0.225131E+02  0.548048E+02  0.529895E+02  0.000000E+00  0.000000E+00  0.190289E-04  0.539051E+02
  0.232761E+02  0.515807E+02  0.498694E+02  0.000000E+00  0.000000E+00  0.167933E-04  0.507335E+02
  0.240651E+02  0.485446E+02  0.469312E+02  0.000000E+00  0.000000E+00  0.147641E-04  0.477468E+02
  0.248808E+02  0.456856E+02  0.441644E+02  0.000000E+00  0.000000E+00  0.125179E-04  0.449343E+02
  0.257241E+02  0.429934E+02  0.415590E+02  0.000000E+00  0.000000E+00  0.114334E-04  0.422859E+02
  0.265960E+02  0.404585E+02  0.391058E+02  0.000000E+00  0.000000E+00  0.981954E-05  0.397922E+02
  0.274975E+02  0.380716E+02  0.367958E+02  0.000000E+00  0.000000E+00  0.859360E-05  0.374442E+02
  0.284295E+02  0.358244E+02  0.346211E+02  0.000000E+00  0.000000E+00  0.763981E-05  0.352336E+02
  0.293932E+02  0.337087E+02  0.325734E+02  0.000000E+00  0.000000E+00  0.697159E-05  0.331522E+02
  0.303894E+02  0.317168E+02  0.306457E+02  0.000000E+00  0.000000E+00  0.597282E-05  0.311928E+02
  0.314195E+02  0.298416E+02  0.288309E+02  0.000000E+00  0.000000E+00  0.523547E-05  0.293480E+02
  0.324844E+02  0.280764E+02  0.271225E+02  0.000000E+00  0.000000E+00  0.444473E-05  0.276115E+02
  0.335855E+02  0.264147E+02  0.255142E+02  0.000000E+00  0.000000E+00  0.394974E-05  0.259768E+02
  0.347239E+02  0.248504E+02  0.240003E+02  0.000000E+00  0.000000E+00  0.372681E-05  0.244380E+02
  0.359009E+02  0.233781E+02  0.225753E+02  0.000000E+00  0.000000E+00  0.312961E-05  0.229896E+02
  0.371177E+02  0.219923E+02  0.212340E+02  0.000000E+00  0.000000E+00  0.266305E-05  0.216263E+02
  0.383758E+02  0.206879E+02  0.199716E+02  0.000000E+00  0.000000E+00  0.240362E-05  0.203431E+02
  0.396766E+02  0.194603E+02  0.187834E+02  0.000000E+00  0.000000E+00  0.220044E-05  0.191354E+02
  0.410214E+02  0.183049E+02  0.176651E+02  0.000000E+00  0.000000E+00  0.191893E-05  0.179988E+02
  0.424119E+02  0.172175E+02  0.166127E+02  0.000000E+00  0.000000E+00  0.166284E-05  0.169291E+02
  0.438494E+02  0.161942E+02  0.156222E+02  0.000000E+00  0.000000E+00  0.157161E-05  0.159225E+02
  0.453357E+02  0.152313E+02  0.146901E+02  0.000000E+00  0.000000E+00  0.138300E-05  0.149751E+02
  0.468724E+02  0.143251E+02  0.138130E+02  0.000000E+00  0.000000E+00  0.122906E-05  0.140837E+02
  0.484611E+02  0.134724E+02  0.129876E+02  0.000000E+00  0.000000E+00  0.928566E-06  0.132448E+02
  0.501037E+02  0.126700E+02  0.122109E+02  0.000000E+00  0.000000E+00  0.801822E-06  0.124555E+02
  0.518020E+02  0.119151E+02  0.114801E+02  0.000000E+00  0.000000E+00  0.818425E-06  0.117128E+02
  0.535578E+02  0.112047E+02  0.107925E+02  0.000000E+00  0.000000E+00  0.644990E-06  0.110140E+02
  0.553732E+02  0.105364E+02  0.101455E+02  0.000000E+00  0.000000E+00  0.594700E-06  0.103565E+02
  0.572501E+02  0.990758E+01  0.953680E+01  0.000000E+00  0.000000E+00  0.479745E-06  0.973784E+01
  0.591905E+02  0.931600E+01  0.896411E+01  0.000000E+00  0.000000E+00  0.451722E-06  0.915585E+01
  0.611968E+02  0.875943E+01  0.842530E+01  0.000000E+00  0.000000E+00  0.402141E-06  0.860831E+01
  0.632711E+02  0.823586E+01  0.791842E+01  0.000000E+00  0.000000E+00  0.356431E-06  0.809322E+01
  0.654157E+02  0.774330E+01  0.744155E+01  0.000000E+00  0.000000E+00  0.255547E-06  0.760864E+01
  0.676329E+02  0.727996E+01  0.699296E+01  0.000000E+00  0.000000E+00  0.249440E-06  0.715281E+01
  0.699254E+02  0.684410E+01  0.657095E+01  0.000000E+00  0.000000E+00  0.218264E-06  0.672401E+01
  0.722955E+02  0.643412E+01  0.617400E+01  0.000000E+00  0.000000E+00  0.227693E-06  0.632067E+01
  0.747460E+02  0.604847E+01  0.580060E+01  0.000000E+00  0.000000E+00  0.158302E-06  0.594126E+01
  0.772794E+02  0.568575E+01  0.544937E+01  0.000000E+00  0.000000E+00  0.157633E-06  0.558440E+01
  0.798989E+02  0.534457E+01  0.511901E+01  0.000000E+00  0.000000E+00  0.156836E-06  0.524874E+01
  0.826070E+02  0.502368E+01  0.480828E+01  0.000000E+00  0.000000E+00  0.122927E-06  0.493305E+01
  0.854070E+02  0.472188E+01  0.451602E+01  0.000000E+00  0.000000E+00  0.152901E-06  0.463613E+01
  0.883018E+02  0.443804E+01  0.424116E+01  0.000000E+00  0.000000E+00  0.905181E-07  0.435688E+01
  0.912949E+02  0.417109E+01  0.398264E+01  0.000000E+00  0.000000E+00  0.848445E-07  0.409424E+01
  0.943893E+02  0.392005E+01  0.373951E+01  0.000000E+00  0.000000E+00  0.599610E-07  0.384726E+01
  0.975888E+02  0.368396E+01  0.351086E+01  0.000000E+00  0.000000E+00  0.680054E-07  0.361497E+01
  0.100897E+03  0.346195E+01  0.329584E+01  0.000000E+00  0.000000E+00  0.646243E-07  0.339655E+01
  0.104316E+03  0.325318E+01  0.309363E+01  0.000000E+00  0.000000E+00  0.614827E-07  0.319114E+01
  0.107852E+03  0.305686E+01  0.290349E+01  0.000000E+00  0.000000E+00  0.554751E-07  0.299800E+01
  0.111508E+03  0.287225E+01  0.272468E+01  0.000000E+00  0.000000E+00  0.622979E-07  0.281636E+01
  0.115287E+03  0.269867E+01  0.255655E+01  0.000000E+00  0.000000E+00  0.400319E-07  0.264558E+01
  0.119195E+03  0.253546E+01  0.239846E+01  0.000000E+00  0.000000E+00  0.289847E-07  0.248501E+01
  0.123235E+03  0.238201E+01  0.224981E+01  0.000000E+00  0.000000E+00  0.324452E-07  0.233402E+01
  0.127412E+03  0.223771E+01  0.211005E+01  0.000000E+00  0.000000E+00  0.155468E-07  0.219206E+01
  0.131731E+03  0.210206E+01  0.197865E+01  0.000000E+00  0.000000E+00  0.252000E-07  0.205859E+01
  0.136196E+03  0.197452E+01  0.185511E+01  0.000000E+00  0.000000E+00  0.119582E-07  0.193310E+01
  0.140812E+03  0.185461E+01  0.173897E+01  0.000000E+00  0.000000E+00  0.187544E-07  0.181513E+01
  0.145585E+03  0.174187E+01  0.162978E+01  0.000000E+00  0.000000E+00  0.155590E-07  0.170421E+01
  0.150520E+03  0.163590E+01  0.152714E+01  0.000000E+00  0.000000E+00  0.585199E-08  0.159995E+01
  0.155622E+03  0.153627E+01  0.143066E+01  0.000000E+00  0.000000E+00  0.214986E-07  0.150193E+01
  0.160897E+03  0.144261E+01  0.133997E+01  0.000000E+00  0.000000E+00  0.329935E-08  0.140979E+01
  0.166350E+03  0.135458E+01  0.125473E+01  0.000000E+00  0.000000E+00  0.780616E-08  0.132318E+01
  0.171989E+03  0.127183E+01  0.117462E+01  0.000000E+00  0.000000E+00  0.523910E-08  0.124177E+01
  0.177818E+03  0.119404E+01  0.109934E+01  0.000000E+00  0.000000E+00  0.864783E-08  0.116525E+01
  0.183845E+03  0.112092E+01  0.102858E+01  0.000000E+00  0.000000E+00  0.582535E-08  0.109332E+01
  0.190077E+03  0.105220E+01  0.962099E+00  0.000000E+00  0.000000E+00  0.911028E-08  0.102572E+01
  0.196519E+03  0.987609E+00  0.899634E+00  0.000000E+00  0.000000E+00  0.298843E-08  0.962187E+00
  0.203180E+03  0.926904E+00  0.840949E+00  0.000000E+00  0.000000E+00  0.431647E-11  0.902480E+00
