0.02 0 0 1.00092e+11 0 0 0 0 0 1.00092e+11 0 0 0 0 0 0 0 0 0 0 0 0 0 2.81019e+07 0 0 0 0
0.0700215 0 0 3.48233e+11 0 0 0 0 0 3.48233e+11 0 0 0 0 0 0 0 0 0 0 0 0 0 2.81019e+07 0 0 0 0
0.120112 0 0 6.12754e+11 0 0 0 0 0 6.12754e+11 0 0 0 0 0 0 0 0 0 0 0 0 0 2.81019e+07 0 0 0 0
0.170047 0 0 9.05696e+11 0 0 0 0 0 9.05696e+11 0 0 0 0 0 0 0 0 0 0 0 0 0 2.81019e+07 0 0 0 0
0.22007 0 0 1.22977e+12 0 0 0 0 0 1.22977e+12 0 0 0 0 0 0 0 0 0 0 0 0 0 2.81019e+07 0 0 0 0
0.270106 0 0 1.58297e+12 0 0 0 0 0 1.58297e+12 0 0 0 0 0 0 0 0 0 0 0 0 0 2.81019e+07 0 0 0 0
0.320006 0 0 1.95297e+12 0 0 0 0 0 1.95297e+12 0 0 0 0 0 0 0 0 0 0 0 0 0 2.81019e+07 0 0 0 0
0.370004 0 0 2.32287e+12 0 0 0 0 0 2.32287e+12 0 0 0 0 0 0 0 0 0 0 0 0 0 2.81019e+07 0 0 0 0
0.42012 0 0 2.69474e+12 0 0 0 0 0 2.69474e+12 0 0 0 0 0 0 0 0 0 0 0 0 0 2.81019e+07 0 0 0 0
0.470014 0 0 3.02877e+12 0 0 0 0 0 3.02877e+12 0 0 0 0 0 0 0 0 0 0 0 0 0 2.81019e+07 0 0 0 0
0.520089 0 0 3.38463e+12 0 0 0 0 0 3.38463e+12 0 0 0 0 0 0 0 0 0 0 0 0 0 2.81019e+07 0 0 0 0
0.57003 0 0 3.71773e+12 0 0 0 0 0 3.71773e+12 0 0 0 0 0 0 0 0 0 0 0 0 0 2.81019e+07 0 0 0 0
0.62001 0 0 4.01648e+12 0 0 0 0 0 4.01648e+12 0 0 0 0 0 0 0 0 0 0 0 0 0 2.81019e+07 0 0 0 0
0.670039 0 0 4.26663e+12 0 0 0 0 0 4.26663e+12 0 0 0 0 0 0 0 0 0 0 0 0 0 2.81019e+07 0 0 0 0
0.72014 0 0 4.46999e+12 0 0 0 0 0 4.46999e+12 0 0 0 0 0 0 0 0 0 0 0 0 0 2.81019e+07 0 0 0 0
0.770115 0 0 4.73386e+12 0 0 0 0 0 4.73386e+12 0 0 0 0 0 0 0 0 0 0 0 0 0 2.81019e+07 0 0 0 0
0.820222 0 0 4.86276e+12 0 0 0 0 0 4.86276e+12 0 0 0 0 0 0 0 0 0 0 0 0 0 2.81019e+07 0 0 0 0
0.870259 0 0 4.90478e+12 0 0 0 0 0 4.90478e+12 0 0 0 0 0 0 0 0 0 0 0 0 0 2.81019e+07 0 0 0 0
0.920266 0 0 4.97801e+12 0 0 0 0 0 4.97801e+12 0 0 0 0 0 0 0 0 0 0 0 0 0 2.81019e+07 0 0 0 0
0.970131 0 0 5.04517e+12 0 0 0 0 0 5.04517e+12 0 0 0 0 0 0 0 0 0 0 0 0 0 2.81019e+07 0 0 0 0
