  0.106303E-04  0.302328E+07  0.302328E+07  0.403072E+07  0.403072E+07  0.000000E+00  0.302328E+07
  0.109906E-04  0.302328E+07  0.302328E+07  0.403070E+07  0.403069E+07  0.000000E+00  0.302328E+07
  0.113631E-04  0.302328E+07  0.302328E+07  0.403067E+07  0.403067E+07  0.000000E+00  0.302328E+07
  0.117483E-04  0.302328E+07  0.302328E+07  0.403065E+07  0.403064E+07  0.000000E+00  0.302328E+07
  0.121465E-04  0.302328E+07  0.302328E+07  0.403062E+07  0.403062E+07  0.000000E+00  0.302328E+07
  0.125582E-04  0.302328E+07  0.302328E+07  0.403059E+07  0.403059E+07  0.000000E+00  0.302328E+07
  0.129839E-04  0.302328E+07  0.302328E+07  0.403056E+07  0.403055E+07  0.000000E+00  0.302328E+07
  0.134240E-04  0.302328E+07  0.302328E+07  0.403053E+07  0.403052E+07  0.000000E+00  0.302328E+07
  0.138790E-04  0.302328E+07  0.302328E+07  0.403049E+07  0.403049E+07  0.000000E+00  0.302328E+07
  0.143494E-04  0.302328E+07  0.302328E+07  0.403045E+07  0.403045E+07  0.000000E+00  0.302328E+07
  0.148358E-04  0.302328E+07  0.302328E+07  0.403041E+07  0.403041E+07  0.000000E+00  0.302328E+07
  0.153386E-04  0.302328E+07  0.302328E+07  0.403037E+07  0.403036E+07  0.000000E+00  0.302328E+07
  0.158585E-04  0.302328E+07  0.302328E+07  0.403032E+07  0.403032E+07  0.000000E+00  0.302328E+07
  0.163961E-04  0.302328E+07  0.302328E+07  0.403027E+07  0.403026E+07  0.000000E+00  0.302328E+07
  0.169518E-04  0.302327E+07  0.302327E+07  0.403022E+07  0.403021E+07  0.000000E+00  0.302327E+07
  0.175264E-04  0.302327E+07  0.302327E+07  0.403016E+07  0.403015E+07  0.000000E+00  0.302327E+07
  0.181205E-04  0.302327E+07  0.302327E+07  0.403010E+07  0.403009E+07  0.000000E+00  0.302327E+07
  0.187347E-04  0.302327E+07  0.302327E+07  0.403004E+07  0.403003E+07  0.000000E+00  0.302327E+07
  0.193697E-04  0.302327E+07  0.302327E+07  0.402997E+07  0.402996E+07  0.000000E+00  0.302327E+07
  0.200262E-04  0.302327E+07  0.302327E+07  0.402989E+07  0.402988E+07  0.000000E+00  0.302327E+07
  0.207050E-04  0.302327E+07  0.302327E+07  0.402982E+07  0.402980E+07  0.000000E+00  0.302327E+07
  0.214068E-04  0.302327E+07  0.302327E+07  0.402973E+07  0.402972E+07  0.000000E+00  0.302327E+07
  0.221324E-04  0.302327E+07  0.302327E+07  0.402964E+07  0.402963E+07  0.000000E+00  0.302327E+07
  0.228826E-04  0.302327E+07  0.302327E+07  0.402954E+07  0.402953E+07  0.000000E+00  0.302327E+07
  0.236582E-04  0.302327E+07  0.302327E+07  0.402944E+07  0.402942E+07  0.000000E+00  0.302327E+07
  0.244601E-04  0.302327E+07  0.302327E+07  0.402933E+07  0.402931E+07  0.000000E+00  0.302327E+07
  0.252891E-04  0.302327E+07  0.302327E+07  0.402921E+07  0.402919E+07  0.000000E+00  0.302327E+07
  0.261463E-04  0.302327E+07  0.302327E+07  0.402909E+07  0.402907E+07  0.000000E+00  0.302327E+07
  0.270326E-04  0.302326E+07  0.302326E+07  0.402895E+07  0.402893E+07  0.000000E+00  0.302326E+07
  0.279488E-04  0.302326E+07  0.302326E+07  0.402881E+07  0.402878E+07  0.000000E+00  0.302326E+07
  0.288962E-04  0.302326E+07  0.302326E+07  0.402865E+07  0.402863E+07  0.000000E+00  0.302326E+07
  0.298756E-04  0.302326E+07  0.302326E+07  0.402849E+07  0.402846E+07  0.000000E+00  0.302326E+07
  0.308882E-04  0.302326E+07  0.302326E+07  0.402831E+07  0.402829E+07  0.000000E+00  0.302326E+07
  0.319352E-04  0.302326E+07  0.302326E+07  0.402812E+07  0.402810E+07  0.000000E+00  0.302326E+07
  0.330176E-04  0.302326E+07  0.302326E+07  0.402792E+07  0.402789E+07  0.000000E+00  0.302326E+07
  0.341368E-04  0.302325E+07  0.302325E+07  0.402771E+07  0.402768E+07  0.000000E+00  0.302325E+07
  0.352938E-04  0.302325E+07  0.302325E+07  0.402748E+07  0.402744E+07  0.000000E+00  0.302325E+07
  0.364901E-04  0.302325E+07  0.302325E+07  0.402723E+07  0.402720E+07  0.000000E+00  0.302325E+07
  0.377270E-04  0.302325E+07  0.302325E+07  0.402697E+07  0.402693E+07  0.000000E+00  0.302325E+07
  0.390057E-04  0.302325E+07  0.302325E+07  0.402669E+07  0.402665E+07  0.000000E+00  0.302325E+07
  0.403278E-04  0.302324E+07  0.302324E+07  0.402639E+07  0.402634E+07  0.000000E+00  0.302324E+07
  0.416948E-04  0.302324E+07  0.302324E+07  0.402607E+07  0.402602E+07  0.000000E+00  0.302324E+07
  0.431080E-04  0.302324E+07  0.302324E+07  0.402572E+07  0.402567E+07  0.000000E+00  0.302324E+07
  0.445692E-04  0.302323E+07  0.302323E+07  0.402536E+07  0.402530E+07  0.000000E+00  0.302323E+07
  0.460798E-04  0.302323E+07  0.302323E+07  0.402497E+07  0.402491E+07  0.000000E+00  0.302323E+07
  0.476417E-04  0.302323E+07  0.302323E+07  0.402455E+07  0.402449E+07  0.000000E+00  0.302323E+07
  0.492565E-04  0.302322E+07  0.302322E+07  0.402410E+07  0.402403E+07  0.000000E+00  0.302322E+07
  0.509261E-04  0.302322E+07  0.302322E+07  0.402362E+07  0.402355E+07  0.000000E+00  0.302322E+07
  0.526522E-04  0.302322E+07  0.302322E+07  0.402311E+07  0.402304E+07  0.000000E+00  0.302322E+07
  0.544369E-04  0.302321E+07  0.302321E+07  0.402257E+07  0.402248E+07  0.000000E+00  0.302321E+07
  0.562820E-04  0.302321E+07  0.302321E+07  0.402198E+07  0.402190E+07  0.000000E+00  0.302321E+07
  0.581897E-04  0.302320E+07  0.302320E+07  0.402136E+07  0.402127E+07  0.000000E+00  0.302320E+07
  0.601621E-04  0.302320E+07  0.302320E+07  0.402069E+07  0.402059E+07  0.000000E+00  0.302320E+07
  0.622013E-04  0.302319E+07  0.302319E+07  0.401998E+07  0.401987E+07  0.000000E+00  0.302319E+07
  0.643096E-04  0.302318E+07  0.302318E+07  0.401922E+07  0.401910E+07  0.000000E+00  0.302318E+07
  0.664894E-04  0.302318E+07  0.302318E+07  0.401840E+07  0.401828E+07  0.000000E+00  0.302318E+07
  0.687430E-04  0.302317E+07  0.302317E+07  0.401753E+07  0.401740E+07  0.000000E+00  0.302317E+07
  0.710731E-04  0.302316E+07  0.302316E+07  0.401660E+07  0.401647E+07  0.000000E+00  0.302316E+07
  0.734821E-04  0.302315E+07  0.302315E+07  0.401561E+07  0.401546E+07  0.000000E+00  0.302315E+07
  0.759728E-04  0.302314E+07  0.302314E+07  0.401455E+07  0.401439E+07  0.000000E+00  0.302314E+07
  0.785479E-04  0.302314E+07  0.302313E+07  0.401341E+07  0.401324E+07  0.000000E+00  0.302314E+07
  0.812103E-04  0.302313E+07  0.302312E+07  0.401220E+07  0.401202E+07  0.000000E+00  0.302312E+07
  0.839629E-04  0.302311E+07  0.302311E+07  0.401091E+07  0.401071E+07  0.000000E+00  0.302311E+07
  0.868089E-04  0.302310E+07  0.302310E+07  0.400952E+07  0.400931E+07  0.000000E+00  0.302310E+07
  0.897513E-04  0.302309E+07  0.302309E+07  0.400804E+07  0.400782E+07  0.000000E+00  0.302309E+07
  0.927934E-04  0.302308E+07  0.302308E+07  0.400646E+07  0.400622E+07  0.000000E+00  0.302308E+07
  0.959386E-04  0.302306E+07  0.302306E+07  0.400477E+07  0.400452E+07  0.000000E+00  0.302306E+07
  0.991905E-04  0.302305E+07  0.302305E+07  0.400296E+07  0.400270E+07  0.000000E+00  0.302305E+07
  0.102553E-03  0.302303E+07  0.302303E+07  0.400104E+07  0.400075E+07  0.000000E+00  0.302303E+07
  0.106029E-03  0.302302E+07  0.302301E+07  0.399897E+07  0.399867E+07  0.000000E+00  0.302302E+07
  0.109622E-03  0.302300E+07  0.302300E+07  0.399677E+07  0.399645E+07  0.000000E+00  0.302300E+07
  0.113338E-03  0.302298E+07  0.302298E+07  0.399442E+07  0.399407E+07  0.000000E+00  0.302298E+07
  0.117180E-03  0.302296E+07  0.302295E+07  0.399191E+07  0.399153E+07  0.000000E+00  0.302296E+07
  0.121152E-03  0.302293E+07  0.302293E+07  0.398922E+07  0.398882E+07  0.000000E+00  0.302293E+07
  0.125258E-03  0.302291E+07  0.302291E+07  0.398635E+07  0.398593E+07  0.000000E+00  0.302291E+07
  0.129504E-03  0.302288E+07  0.302288E+07  0.398329E+07  0.398284E+07  0.000000E+00  0.302288E+07
  0.133893E-03  0.302286E+07  0.302286E+07  0.398002E+07  0.397953E+07  0.000000E+00  0.302286E+07
  0.138431E-03  0.302283E+07  0.302283E+07  0.397652E+07  0.397600E+07  0.000000E+00  0.302283E+07
  0.143124E-03  0.302280E+07  0.302279E+07  0.397279E+07  0.397224E+07  0.000000E+00  0.302280E+07
  0.147975E-03  0.302276E+07  0.302276E+07  0.396880E+07  0.396821E+07  0.000000E+00  0.302276E+07
  0.152990E-03  0.302273E+07  0.302272E+07  0.396455E+07  0.396391E+07  0.000000E+00  0.302273E+07
  0.158176E-03  0.302269E+07  0.302269E+07  0.396000E+07  0.395932E+07  0.000000E+00  0.302269E+07
  0.163537E-03  0.302265E+07  0.302265E+07  0.395514E+07  0.395442E+07  0.000000E+00  0.302265E+07
  0.169081E-03  0.302260E+07  0.302260E+07  0.394996E+07  0.394919E+07  0.000000E+00  0.302260E+07
  0.174812E-03  0.302256E+07  0.302256E+07  0.394443E+07  0.394361E+07  0.000000E+00  0.302256E+07
  0.180737E-03  0.302251E+07  0.302250E+07  0.393852E+07  0.393765E+07  0.000000E+00  0.302251E+07
  0.186863E-03  0.302246E+07  0.302245E+07  0.393222E+07  0.393128E+07  0.000000E+00  0.302245E+07
  0.193197E-03  0.302240E+07  0.302239E+07  0.392549E+07  0.392449E+07  0.000000E+00  0.302240E+07
  0.199745E-03  0.302234E+07  0.302233E+07  0.391831E+07  0.391724E+07  0.000000E+00  0.302234E+07
  0.206515E-03  0.302227E+07  0.302227E+07  0.391064E+07  0.390951E+07  0.000000E+00  0.302227E+07
  0.213515E-03  0.302220E+07  0.302220E+07  0.390247E+07  0.390126E+07  0.000000E+00  0.302220E+07
  0.220752E-03  0.302213E+07  0.302212E+07  0.389375E+07  0.389246E+07  0.000000E+00  0.302213E+07
  0.228235E-03  0.302205E+07  0.302204E+07  0.388444E+07  0.388307E+07  0.000000E+00  0.302205E+07
  0.235971E-03  0.302197E+07  0.302196E+07  0.387452E+07  0.387306E+07  0.000000E+00  0.302196E+07
  0.243969E-03  0.302188E+07  0.302187E+07  0.386394E+07  0.386238E+07  0.000000E+00  0.302187E+07
  0.252239E-03  0.302178E+07  0.302177E+07  0.385267E+07  0.385100E+07  0.000000E+00  0.302178E+07
  0.260788E-03  0.302168E+07  0.302167E+07  0.384064E+07  0.383887E+07  0.000000E+00  0.302167E+07
  0.269628E-03  0.302156E+07  0.302156E+07  0.382783E+07  0.382595E+07  0.000000E+00  0.302156E+07
  0.278767E-03  0.302145E+07  0.302144E+07  0.381418E+07  0.381217E+07  0.000000E+00  0.302145E+07
  0.288216E-03  0.302132E+07  0.302131E+07  0.379964E+07  0.379750E+07  0.000000E+00  0.302132E+07
  0.297985E-03  0.302119E+07  0.302118E+07  0.378415E+07  0.378188E+07  0.000000E+00  0.302119E+07
  0.308085E-03  0.302104E+07  0.302103E+07  0.376766E+07  0.376525E+07  0.000000E+00  0.302104E+07
  0.318527E-03  0.302089E+07  0.302088E+07  0.375011E+07  0.374754E+07  0.000000E+00  0.302089E+07
  0.329324E-03  0.302073E+07  0.302072E+07  0.373143E+07  0.372870E+07  0.000000E+00  0.302072E+07
  0.340486E-03  0.302055E+07  0.302054E+07  0.371156E+07  0.370866E+07  0.000000E+00  0.302055E+07
  0.352027E-03  0.302036E+07  0.302035E+07  0.369044E+07  0.368735E+07  0.000000E+00  0.302036E+07
  0.363959E-03  0.302017E+07  0.302015E+07  0.366797E+07  0.366470E+07  0.000000E+00  0.302016E+07
  0.376296E-03  0.301995E+07  0.301994E+07  0.364411E+07  0.364064E+07  0.000000E+00  0.301995E+07
  0.389050E-03  0.301973E+07  0.301971E+07  0.361875E+07  0.361507E+07  0.000000E+00  0.301972E+07
  0.402237E-03  0.301948E+07  0.301947E+07  0.359183E+07  0.358794E+07  0.000000E+00  0.301948E+07
  0.415871E-03  0.301922E+07  0.301920E+07  0.356327E+07  0.355914E+07  0.000000E+00  0.301922E+07
  0.429967E-03  0.301895E+07  0.301893E+07  0.353297E+07  0.352860E+07  0.000000E+00  0.301894E+07
  0.444541E-03  0.301865E+07  0.301863E+07  0.350085E+07  0.349623E+07  0.000000E+00  0.301865E+07
  0.459609E-03  0.301834E+07  0.301831E+07  0.346682E+07  0.346193E+07  0.000000E+00  0.301833E+07
  0.475187E-03  0.301800E+07  0.301798E+07  0.343078E+07  0.342562E+07  0.000000E+00  0.301800E+07
  0.491294E-03  0.301764E+07  0.301762E+07  0.339265E+07  0.338721E+07  0.000000E+00  0.301764E+07
  0.507946E-03  0.301726E+07  0.301723E+07  0.335233E+07  0.334660E+07  0.000000E+00  0.301725E+07
  0.525163E-03  0.301685E+07  0.301682E+07  0.330974E+07  0.330370E+07  0.000000E+00  0.301685E+07
  0.542963E-03  0.301642E+07  0.301638E+07  0.326477E+07  0.325841E+07  0.000000E+00  0.301641E+07
  0.561367E-03  0.301595E+07  0.301592E+07  0.321734E+07  0.321066E+07  0.000000E+00  0.301595E+07
  0.580395E-03  0.301546E+07  0.301542E+07  0.316736E+07  0.316035E+07  0.000000E+00  0.301545E+07
  0.600067E-03  0.301493E+07  0.301489E+07  0.311474E+07  0.310739E+07  0.000000E+00  0.301492E+07
  0.620407E-03  0.301437E+07  0.301433E+07  0.305942E+07  0.305172E+07  0.000000E+00  0.301436E+07
  0.641435E-03  0.301377E+07  0.301372E+07  0.300131E+07  0.299327E+07  0.000000E+00  0.301376E+07
  0.663177E-03  0.301313E+07  0.301308E+07  0.294035E+07  0.293197E+07  0.000000E+00  0.301312E+07
  0.685655E-03  0.301245E+07  0.301240E+07  0.287650E+07  0.286776E+07  0.000000E+00  0.301244E+07
  0.708896E-03  0.301172E+07  0.301167E+07  0.280971E+07  0.280062E+07  0.000000E+00  0.301172E+07
  0.732924E-03  0.301095E+07  0.301090E+07  0.273995E+07  0.273052E+07  0.000000E+00  0.301094E+07
  0.757767E-03  0.301013E+07  0.301007E+07  0.266722E+07  0.265746E+07  0.000000E+00  0.301012E+07
  0.783451E-03  0.300926E+07  0.300919E+07  0.259152E+07  0.258144E+07  0.000000E+00  0.300925E+07
  0.810006E-03  0.300833E+07  0.300826E+07  0.251290E+07  0.250250E+07  0.000000E+00  0.300832E+07
  0.837462E-03  0.300734E+07  0.300727E+07  0.243140E+07  0.242072E+07  0.000000E+00  0.300733E+07
  0.865847E-03  0.300629E+07  0.300621E+07  0.234712E+07  0.233617E+07  0.000000E+00  0.300628E+07
  0.895195E-03  0.300517E+07  0.300509E+07  0.226018E+07  0.224899E+07  0.000000E+00  0.300516E+07
  0.925538E-03  0.300399E+07  0.300390E+07  0.217072E+07  0.215932E+07  0.000000E+00  0.300397E+07
  0.956909E-03  0.300273E+07  0.300263E+07  0.207894E+07  0.206737E+07  0.000000E+00  0.300271E+07
  0.989344E-03  0.300139E+07  0.300129E+07  0.198507E+07  0.197337E+07  0.000000E+00  0.300137E+07
  0.102288E-02  0.299997E+07  0.299986E+07  0.188938E+07  0.187760E+07  0.000000E+00  0.299995E+07
  0.105755E-02  0.299846E+07  0.299835E+07  0.179220E+07  0.178039E+07  0.000000E+00  0.299844E+07
  0.109339E-02  0.299687E+07  0.299674E+07  0.169389E+07  0.168210E+07  0.000000E+00  0.299685E+07
  0.113045E-02  0.299518E+07  0.299504E+07  0.159487E+07  0.158315E+07  0.000000E+00  0.299515E+07
  0.116877E-02  0.299339E+07  0.299324E+07  0.149559E+07  0.148401E+07  0.000000E+00  0.299336E+07
  0.120839E-02  0.299149E+07  0.299134E+07  0.139657E+07  0.138518E+07  0.000000E+00  0.299146E+07
  0.124935E-02  0.298948E+07  0.298932E+07  0.129835E+07  0.128722E+07  0.000000E+00  0.298946E+07
  0.129169E-02  0.298736E+07  0.298719E+07  0.120153E+07  0.119070E+07  0.000000E+00  0.298733E+07
  0.133547E-02  0.298512E+07  0.298493E+07  0.110671E+07  0.109624E+07  0.000000E+00  0.298509E+07
  0.138074E-02  0.298275E+07  0.298255E+07  0.101455E+07  0.100448E+07  0.000000E+00  0.298272E+07
  0.142754E-02  0.298025E+07  0.298004E+07  0.925695E+06  0.916057E+06  0.000000E+00  0.298022E+07
  0.147593E-02  0.297762E+07  0.297739E+07  0.840793E+06  0.831606E+06  0.000000E+00  0.297758E+07
  0.152595E-02  0.297484E+07  0.297460E+07  0.760477E+06  0.751745E+06  0.000000E+00  0.297480E+07
  0.157768E-02  0.297191E+07  0.297165E+07  0.685341E+06  0.677046E+06  0.000000E+00  0.297187E+07
  0.163115E-02  0.296883E+07  0.296856E+07  0.615920E+06  0.608025E+06  0.000000E+00  0.296879E+07
  0.168644E-02  0.296560E+07  0.296530E+07  0.552668E+06  0.545112E+06  0.000000E+00  0.296555E+07
  0.174360E-02  0.296219E+07  0.296187E+07  0.495939E+06  0.488633E+06  0.000000E+00  0.296214E+07
  0.180270E-02  0.295862E+07  0.295828E+07  0.445955E+06  0.438790E+06  0.000000E+00  0.295856E+07
  0.186380E-02  0.295486E+07  0.295450E+07  0.402795E+06  0.395635E+06  0.000000E+00  0.295480E+07
  0.192698E-02  0.295093E+07  0.295054E+07  0.366369E+06  0.359060E+06  0.000000E+00  0.295086E+07
  0.199229E-02  0.294680E+07  0.294639E+07  0.336408E+06  0.328783E+06  0.000000E+00  0.294673E+07
  0.205982E-02  0.294249E+07  0.294204E+07  0.312459E+06  0.304345E+06  0.000000E+00  0.294241E+07
  0.212964E-02  0.293797E+07  0.293749E+07  0.293885E+06  0.285114E+06  0.000000E+00  0.293789E+07
  0.220183E-02  0.293324E+07  0.293274E+07  0.279880E+06  0.270305E+06  0.000000E+00  0.293316E+07
  0.227646E-02  0.292830E+07  0.292776E+07  0.269497E+06  0.259005E+06  0.000000E+00  0.292821E+07
  0.235362E-02  0.292315E+07  0.292257E+07  0.261686E+06  0.250217E+06  0.000000E+00  0.292305E+07
  0.243339E-02  0.291776E+07  0.291715E+07  0.255351E+06  0.242911E+06  0.000000E+00  0.291766E+07
  0.251587E-02  0.291215E+07  0.291150E+07  0.249412E+06  0.236090E+06  0.000000E+00  0.291204E+07
  0.260115E-02  0.290630E+07  0.290560E+07  0.242878E+06  0.228859E+06  0.000000E+00  0.290618E+07
  0.268932E-02  0.290020E+07  0.289945E+07  0.234930E+06  0.220497E+06  0.000000E+00  0.290008E+07
  0.278047E-02  0.289385E+07  0.289306E+07  0.224988E+06  0.210519E+06  0.000000E+00  0.289372E+07
  0.287471E-02  0.288724E+07  0.288639E+07  0.212771E+06  0.198724E+06  0.000000E+00  0.288710E+07
  0.297215E-02  0.288037E+07  0.287946E+07  0.198341E+06  0.185225E+06  0.000000E+00  0.288022E+07
  0.307289E-02  0.287322E+07  0.287225E+07  0.182100E+06  0.170437E+06  0.000000E+00  0.287306E+07
  0.317705E-02  0.286579E+07  0.286475E+07  0.164758E+06  0.155034E+06  0.000000E+00  0.286562E+07
  0.328474E-02  0.285807E+07  0.285696E+07  0.147258E+06  0.139862E+06  0.000000E+00  0.285788E+07
  0.339607E-02  0.285005E+07  0.284887E+07  0.130647E+06  0.125819E+06  0.000000E+00  0.284985E+07
  0.351118E-02  0.284172E+07  0.284047E+07  0.115932E+06  0.113716E+06  0.000000E+00  0.284151E+07
  0.363020E-02  0.283308E+07  0.283174E+07  0.103908E+06  0.104126E+06  0.000000E+00  0.283286E+07
  0.375324E-02  0.282412E+07  0.282269E+07  0.950126E+05  0.972682E+05  0.000000E+00  0.282389E+07
  0.388046E-02  0.281483E+07  0.281331E+07  0.892174E+05  0.929370E+05  0.000000E+00  0.281458E+07
  0.401199E-02  0.280520E+07  0.280358E+07  0.860014E+05  0.905108E+05  0.000000E+00  0.280493E+07
  0.414797E-02  0.279523E+07  0.279349E+07  0.000000E+00  0.000000E+00  0.000000E+00  0.279494E+07
  0.428857E-02  0.278490E+07  0.278305E+07  0.000000E+00  0.000000E+00  0.000000E+00  0.278459E+07
  0.443393E-02  0.277420E+07  0.277223E+07  0.000000E+00  0.000000E+00  0.000000E+00  0.277387E+07
  0.458422E-02  0.276314E+07  0.276104E+07  0.000000E+00  0.000000E+00  0.000000E+00  0.276279E+07
  0.473960E-02  0.275169E+07  0.274945E+07  0.000000E+00  0.000000E+00  0.000000E+00  0.275132E+07
  0.490025E-02  0.273986E+07  0.273747E+07  0.000000E+00  0.000000E+00  0.000000E+00  0.273946E+07
  0.506635E-02  0.272763E+07  0.272509E+07  0.000000E+00  0.000000E+00  0.000000E+00  0.272721E+07
  0.523807E-02  0.271500E+07  0.271229E+07  0.000000E+00  0.000000E+00  0.000000E+00  0.271454E+07
  0.541562E-02  0.270195E+07  0.269906E+07  0.000000E+00  0.000000E+00  0.000000E+00  0.270147E+07
  0.559918E-02  0.268848E+07  0.268540E+07  0.000000E+00  0.000000E+00  0.000000E+00  0.268796E+07
  0.578897E-02  0.267458E+07  0.267130E+07  0.000000E+00  0.000000E+00  0.000000E+00  0.267403E+07
  0.598518E-02  0.266024E+07  0.265675E+07  0.000000E+00  0.000000E+00  0.000000E+00  0.265965E+07
  0.618805E-02  0.264545E+07  0.264173E+07  0.000000E+00  0.000000E+00  0.000000E+00  0.264483E+07
  0.639780E-02  0.263020E+07  0.262625E+07  0.000000E+00  0.000000E+00  0.000000E+00  0.262954E+07
  0.661465E-02  0.261450E+07  0.261029E+07  0.000000E+00  0.000000E+00  0.000000E+00  0.261379E+07
  0.683885E-02  0.259831E+07  0.259383E+07  0.000000E+00  0.000000E+00  0.000000E+00  0.259757E+07
  0.707066E-02  0.258165E+07  0.257688E+07  0.000000E+00  0.000000E+00  0.000000E+00  0.258085E+07
  0.731032E-02  0.256449E+07  0.255942E+07  0.000000E+00  0.000000E+00  0.000000E+00  0.256365E+07
  0.755810E-02  0.254684E+07  0.254144E+07  0.000000E+00  0.000000E+00  0.000000E+00  0.254594E+07
  0.781428E-02  0.252867E+07  0.252294E+07  0.000000E+00  0.000000E+00  0.000000E+00  0.252772E+07
  0.807915E-02  0.250999E+07  0.250390E+07  0.000000E+00  0.000000E+00  0.000000E+00  0.250898E+07
  0.835299E-02  0.249078E+07  0.248431E+07  0.000000E+00  0.000000E+00  0.000000E+00  0.248970E+07
  0.863612E-02  0.247104E+07  0.246416E+07  0.000000E+00  0.000000E+00  0.000000E+00  0.246990E+07
  0.892884E-02  0.245076E+07  0.244345E+07  0.000000E+00  0.000000E+00  0.000000E+00  0.244954E+07
  0.923149E-02  0.242993E+07  0.242216E+07  0.000000E+00  0.000000E+00  0.000000E+00  0.242863E+07
  0.954439E-02  0.240853E+07  0.240029E+07  0.000000E+00  0.000000E+00  0.000000E+00  0.240716E+07
  0.986790E-02  0.238657E+07  0.237782E+07  0.000000E+00  0.000000E+00  0.000000E+00  0.238511E+07
  0.102024E-01  0.236403E+07  0.235475E+07  0.000000E+00  0.000000E+00  0.000000E+00  0.236248E+07
  0.105482E-01  0.234090E+07  0.233106E+07  0.000000E+00  0.000000E+00  0.000000E+00  0.233926E+07
  0.109057E-01  0.231718E+07  0.230675E+07  0.000000E+00  0.000000E+00  0.000000E+00  0.231544E+07
  0.112754E-01  0.229286E+07  0.228181E+07  0.000000E+00  0.000000E+00  0.000000E+00  0.229102E+07
  0.116575E-01  0.226793E+07  0.225622E+07  0.000000E+00  0.000000E+00  0.000000E+00  0.226598E+07
  0.120527E-01  0.224238E+07  0.222999E+07  0.000000E+00  0.000000E+00  0.000000E+00  0.224032E+07
  0.124612E-01  0.221621E+07  0.220310E+07  0.000000E+00  0.000000E+00  0.000000E+00  0.221402E+07
  0.128836E-01  0.218941E+07  0.217554E+07  0.000000E+00  0.000000E+00  0.000000E+00  0.218710E+07
  0.133203E-01  0.216197E+07  0.214732E+07  0.000000E+00  0.000000E+00  0.000000E+00  0.215953E+07
  0.137718E-01  0.213389E+07  0.211842E+07  0.000000E+00  0.000000E+00  0.000000E+00  0.213131E+07
  0.142386E-01  0.210516E+07  0.208883E+07  0.000000E+00  0.000000E+00  0.000000E+00  0.210244E+07
  0.147212E-01  0.207579E+07  0.205856E+07  0.000000E+00  0.000000E+00  0.000000E+00  0.207292E+07
  0.152202E-01  0.204576E+07  0.202761E+07  0.000000E+00  0.000000E+00  0.000000E+00  0.204274E+07
  0.157360E-01  0.201509E+07  0.199597E+07  0.000000E+00  0.000000E+00  0.000000E+00  0.201190E+07
  0.162694E-01  0.198376E+07  0.196365E+07  0.000000E+00  0.000000E+00  0.000000E+00  0.198041E+07
  0.168209E-01  0.195179E+07  0.193064E+07  0.000000E+00  0.000000E+00  0.000000E+00  0.194826E+07
  0.173910E-01  0.191917E+07  0.189697E+07  0.000000E+00  0.000000E+00  0.000000E+00  0.191547E+07
  0.179805E-01  0.188592E+07  0.186263E+07  0.000000E+00  0.000000E+00  0.000000E+00  0.188204E+07
  0.185899E-01  0.185205E+07  0.182764E+07  0.000000E+00  0.000000E+00  0.000000E+00  0.184798E+07
  0.192200E-01  0.181757E+07  0.179202E+07  0.000000E+00  0.000000E+00  0.000000E+00  0.181331E+07
  0.198715E-01  0.178250E+07  0.175579E+07  0.000000E+00  0.000000E+00  0.000000E+00  0.177805E+07
  0.205450E-01  0.174687E+07  0.171898E+07  0.000000E+00  0.000000E+00  0.000000E+00  0.174222E+07
  0.212414E-01  0.171068E+07  0.168161E+07  0.000000E+00  0.000000E+00  0.000000E+00  0.170584E+07
  0.219614E-01  0.167399E+07  0.164373E+07  0.000000E+00  0.000000E+00  0.000000E+00  0.166895E+07
  0.227058E-01  0.163683E+07  0.160539E+07  0.000000E+00  0.000000E+00  0.000000E+00  0.163159E+07
  0.234754E-01  0.159924E+07  0.156663E+07  0.000000E+00  0.000000E+00  0.000000E+00  0.159380E+07
  0.242711E-01  0.156126E+07  0.152750E+07  0.000000E+00  0.000000E+00  0.000000E+00  0.155563E+07
  0.250938E-01  0.152296E+07  0.148808E+07  0.000000E+00  0.000000E+00  0.000000E+00  0.151715E+07
  0.259443E-01  0.148440E+07  0.144845E+07  0.000000E+00  0.000000E+00  0.000000E+00  0.147840E+07
  0.268237E-01  0.144564E+07  0.140867E+07  0.000000E+00  0.000000E+00  0.000000E+00  0.143948E+07
  0.277329E-01  0.140677E+07  0.136885E+07  0.000000E+00  0.000000E+00  0.000000E+00  0.140045E+07
  0.286729E-01  0.136787E+07  0.132909E+07  0.000000E+00  0.000000E+00  0.000000E+00  0.136141E+07
  0.296448E-01  0.132904E+07  0.128948E+07  0.000000E+00  0.000000E+00  0.000000E+00  0.132245E+07
  0.306496E-01  0.129038E+07  0.125015E+07  0.000000E+00  0.000000E+00  0.000000E+00  0.128367E+07
  0.316885E-01  0.125199E+07  0.121123E+07  0.000000E+00  0.000000E+00  0.000000E+00  0.124519E+07
  0.327626E-01  0.121398E+07  0.117283E+07  0.000000E+00  0.000000E+00  0.000000E+00  0.120712E+07
  0.338731E-01  0.118312E+07  0.114172E+07  0.000000E+00  0.000000E+00  0.000000E+00  0.117622E+07
  0.350212E-01  0.114647E+07  0.110502E+07  0.000000E+00  0.000000E+00  0.000000E+00  0.113956E+07
  0.362083E-01  0.111006E+07  0.106873E+07  0.000000E+00  0.000000E+00  0.000000E+00  0.110318E+07
  0.374355E-01  0.107446E+07  0.103344E+07  0.000000E+00  0.000000E+00  0.000000E+00  0.106762E+07
  0.387044E-01  0.103981E+07  0.999318E+06  0.000000E+00  0.000000E+00  0.000000E+00  0.103306E+07
  0.400163E-01  0.100625E+07  0.966502E+06  0.000000E+00  0.000000E+00  0.000000E+00  0.999625E+06
  0.413727E-01  0.973903E+06  0.935117E+06  0.000000E+00  0.000000E+00  0.000000E+00  0.967439E+06
  0.427750E-01  0.942876E+06  0.905268E+06  0.000000E+00  0.000000E+00  0.000000E+00  0.936608E+06
  0.442248E-01  0.909358E+06  0.873147E+06  0.000000E+00  0.000000E+00  0.000000E+00  0.903323E+06
  0.457238E-01  0.881149E+06  0.846527E+06  0.000000E+00  0.000000E+00  0.000000E+00  0.875378E+06
  0.472737E-01  0.854363E+06  0.821513E+06  0.000000E+00  0.000000E+00  0.000000E+00  0.848888E+06
  0.488760E-01  0.828957E+06  0.798033E+06  0.000000E+00  0.000000E+00  0.000000E+00  0.823803E+06
  0.505327E-01  0.804848E+06  0.775976E+06  0.000000E+00  0.000000E+00  0.000000E+00  0.800036E+06
  0.522455E-01  0.781944E+06  0.755208E+06  0.000000E+00  0.000000E+00  0.000000E+00  0.777488E+06
  0.540163E-01  0.762161E+06  0.737598E+06  0.000000E+00  0.000000E+00  0.000000E+00  0.758067E+06
  0.558473E-01  0.741230E+06  0.718833E+06  0.000000E+00  0.000000E+00  0.000000E+00  0.737497E+06
  0.577402E-01  0.721112E+06  0.700817E+06  0.000000E+00  0.000000E+00  0.000000E+00  0.717729E+06
  0.596973E-01  0.701643E+06  0.683330E+06  0.000000E+00  0.000000E+00  0.000000E+00  0.698591E+06
  0.617207E-01  0.682626E+06  0.666118E+06  0.000000E+00  0.000000E+00  0.000000E+00  0.679875E+06
  0.638128E-01  0.662438E+06  0.647508E+06  0.000000E+00  0.000000E+00  0.000000E+00  0.659950E+06
  0.659757E-01  0.643529E+06  0.629900E+06  0.000000E+00  0.000000E+00  0.000000E+00  0.641257E+06
  0.682120E-01  0.624287E+06  0.611647E+06  0.000000E+00  0.000000E+00  0.000000E+00  0.622180E+06
  0.705240E-01  0.604505E+06  0.592521E+06  0.000000E+00  0.000000E+00  0.000000E+00  0.602508E+06
  0.729144E-01  0.584489E+06  0.572821E+06  0.000000E+00  0.000000E+00  0.000000E+00  0.582544E+06
  0.753859E-01  0.563515E+06  0.551846E+06  0.000000E+00  0.000000E+00  0.000000E+00  0.561570E+06
  0.779411E-01  0.541988E+06  0.530034E+06  0.000000E+00  0.000000E+00  0.000000E+00  0.539996E+06
  0.805829E-01  0.520025E+06  0.507566E+06  0.000000E+00  0.000000E+00  0.000000E+00  0.517949E+06
  0.833143E-01  0.497780E+06  0.484672E+06  0.000000E+00  0.000000E+00  0.000000E+00  0.495595E+06
  0.861383E-01  0.475470E+06  0.461667E+06  0.000000E+00  0.000000E+00  0.000000E+00  0.473170E+06
  0.890579E-01  0.453419E+06  0.438979E+06  0.000000E+00  0.000000E+00  0.000000E+00  0.451012E+06
  0.920766E-01  0.432055E+06  0.417139E+06  0.000000E+00  0.000000E+00  0.000000E+00  0.429569E+06
  0.951975E-01  0.411856E+06  0.396720E+06  0.000000E+00  0.000000E+00  0.000000E+00  0.409333E+06
  0.984242E-01  0.393247E+06  0.378216E+06  0.000000E+00  0.000000E+00  0.000000E+00  0.390742E+06
  0.101760E+00  0.376509E+06  0.361945E+06  0.000000E+00  0.000000E+00  0.000000E+00  0.374082E+06
  0.105209E+00  0.361714E+06  0.347971E+06  0.000000E+00  0.000000E+00  0.000000E+00  0.359424E+06
  0.108776E+00  0.348711E+06  0.336092E+06  0.000000E+00  0.000000E+00  0.000000E+00  0.346608E+06
  0.112463E+00  0.337170E+06  0.325881E+06  0.000000E+00  0.000000E+00  0.000000E+00  0.335289E+06
  0.116274E+00  0.326674E+06  0.316788E+06  0.000000E+00  0.000000E+00  0.000000E+00  0.325026E+06
  0.120216E+00  0.316766E+06  0.308210E+06  0.000000E+00  0.000000E+00  0.000000E+00  0.315340E+06
  0.124290E+00  0.306938E+06  0.299491E+06  0.000000E+00  0.000000E+00  0.000000E+00  0.305696E+06
  0.128503E+00  0.296632E+06  0.289962E+06  0.000000E+00  0.000000E+00  0.000000E+00  0.295520E+06
  0.132859E+00  0.285421E+06  0.279136E+06  0.000000E+00  0.000000E+00  0.000000E+00  0.284374E+06
  0.137362E+00  0.273199E+06  0.266916E+06  0.000000E+00  0.000000E+00  0.000000E+00  0.272152E+06
  0.142018E+00  0.260190E+06  0.253615E+06  0.000000E+00  0.000000E+00  0.000000E+00  0.259094E+06
  0.146832E+00  0.246849E+06  0.239835E+06  0.000000E+00  0.000000E+00  0.000000E+00  0.245680E+06
  0.151809E+00  0.233767E+06  0.226344E+06  0.000000E+00  0.000000E+00  0.000000E+00  0.232530E+06
  0.156954E+00  0.221554E+06  0.213923E+06  0.000000E+00  0.000000E+00  0.000000E+00  0.220282E+06
  0.162274E+00  0.210721E+06  0.203196E+06  0.000000E+00  0.000000E+00  0.000000E+00  0.209467E+06
  0.167774E+00  0.201554E+06  0.194477E+06  0.000000E+00  0.000000E+00  0.000000E+00  0.200375E+06
  0.173461E+00  0.193933E+06  0.187568E+06  0.000000E+00  0.000000E+00  0.000000E+00  0.192872E+06
  0.179341E+00  0.187326E+06  0.181780E+06  0.000000E+00  0.000000E+00  0.000000E+00  0.186402E+06
  0.185419E+00  0.180998E+06  0.176187E+06  0.000000E+00  0.000000E+00  0.000000E+00  0.180196E+06
  0.191704E+00  0.174255E+06  0.169936E+06  0.000000E+00  0.000000E+00  0.000000E+00  0.173535E+06
  0.198202E+00  0.166734E+06  0.162594E+06  0.000000E+00  0.000000E+00  0.000000E+00  0.166044E+06
  0.204920E+00  0.158503E+06  0.154281E+06  0.000000E+00  0.000000E+00  0.000000E+00  0.157800E+06
  0.211866E+00  0.150004E+06  0.145588E+06  0.000000E+00  0.000000E+00  0.000000E+00  0.149268E+06
  0.219047E+00  0.141902E+06  0.137367E+06  0.000000E+00  0.000000E+00  0.000000E+00  0.141146E+06
  0.226472E+00  0.134797E+06  0.130351E+06  0.000000E+00  0.000000E+00  0.000000E+00  0.134056E+06
  0.234148E+00  0.128860E+06  0.124733E+06  0.000000E+00  0.000000E+00  0.000000E+00  0.128172E+06
  0.242084E+00  0.123799E+06  0.120117E+06  0.000000E+00  0.000000E+00  0.000000E+00  0.123186E+06
  0.250290E+00  0.119044E+06  0.115770E+06  0.000000E+00  0.000000E+00  0.000000E+00  0.118499E+06
  0.258774E+00  0.113984E+06  0.110947E+06  0.000000E+00  0.000000E+00  0.000000E+00  0.113478E+06
  0.267545E+00  0.108435E+06  0.105450E+06  0.000000E+00  0.000000E+00  0.000000E+00  0.107938E+06
  0.276613E+00  0.102715E+06  0.996907E+05  0.000000E+00  0.000000E+00  0.000000E+00  0.102211E+06
  0.285989E+00  0.973268E+05  0.943162E+05  0.000000E+00  0.000000E+00  0.000000E+00  0.968250E+05
  0.295683E+00  0.926407E+05  0.897760E+05  0.000000E+00  0.000000E+00  0.000000E+00  0.921633E+05
  0.305705E+00  0.885975E+05  0.859754E+05  0.000000E+00  0.000000E+00  0.000000E+00  0.881605E+05
  0.316067E+00  0.847954E+05  0.824015E+05  0.000000E+00  0.000000E+00  0.000000E+00  0.843964E+05
  0.326780E+00  0.808605E+05  0.785957E+05  0.000000E+00  0.000000E+00  0.000000E+00  0.804831E+05
  0.337856E+00  0.767527E+05  0.745307E+05  0.000000E+00  0.000000E+00  0.000000E+00  0.763824E+05
  0.349308E+00  0.727820E+05  0.706021E+05  0.000000E+00  0.000000E+00  0.000000E+00  0.724187E+05
  0.361147E+00  0.692107E+05  0.671357E+05  0.000000E+00  0.000000E+00  0.000000E+00  0.688649E+05
  0.373389E+00  0.660121E+05  0.640858E+05  0.000000E+00  0.000000E+00  0.000000E+00  0.656911E+05
  0.386045E+00  0.629312E+05  0.611303E+05  0.000000E+00  0.000000E+00  0.000000E+00  0.626311E+05
  0.399130E+00  0.598135E+05  0.580852E+05  0.000000E+00  0.000000E+00  0.000000E+00  0.595254E+05
  0.412659E+00  0.567549E+05  0.550820E+05  0.000000E+00  0.000000E+00  0.000000E+00  0.564761E+05
  0.426645E+00  0.539303E+05  0.523378E+05  0.000000E+00  0.000000E+00  0.000000E+00  0.536649E+05
  0.441107E+00  0.513288E+05  0.498345E+05  0.000000E+00  0.000000E+00  0.000000E+00  0.510798E+05
  0.456058E+00  0.488185E+05  0.474058E+05  0.000000E+00  0.000000E+00  0.000000E+00  0.485830E+05
  0.471516E+00  0.463506E+05  0.449977E+05  0.000000E+00  0.000000E+00  0.000000E+00  0.461252E+05
  0.487498E+00  0.440041E+05  0.427128E+05  0.000000E+00  0.000000E+00  0.000000E+00  0.437889E+05
  0.504022E+00  0.418176E+05  0.405973E+05  0.000000E+00  0.000000E+00  0.000000E+00  0.416143E+05
  0.521106E+00  0.397317E+05  0.385766E+05  0.000000E+00  0.000000E+00  0.000000E+00  0.395392E+05
  0.538769E+00  0.377143E+05  0.366136E+05  0.000000E+00  0.000000E+00  0.000000E+00  0.375308E+05
  0.557030E+00  0.357978E+05  0.347514E+05  0.000000E+00  0.000000E+00  0.000000E+00  0.356234E+05
  0.575911E+00  0.339900E+05  0.329994E+05  0.000000E+00  0.000000E+00  0.000000E+00  0.338249E+05
  0.595431E+00  0.322613E+05  0.313212E+05  0.000000E+00  0.000000E+00  0.000000E+00  0.321046E+05
  0.615614E+00  0.306091E+05  0.297157E+05  0.000000E+00  0.000000E+00  0.000000E+00  0.304602E+05
  0.636481E+00  0.290440E+05  0.281970E+05  0.000000E+00  0.000000E+00  0.000000E+00  0.289028E+05
  0.658054E+00  0.275548E+05  0.267516E+05  0.000000E+00  0.000000E+00  0.000000E+00  0.274209E+05
  0.680359E+00  0.261350E+05  0.253728E+05  0.000000E+00  0.000000E+00  0.000000E+00  0.260079E+05
  0.703419E+00  0.247870E+05  0.240643E+05  0.000000E+00  0.000000E+00  0.000000E+00  0.246665E+05
  0.727262E+00  0.235050E+05  0.228198E+05  0.000000E+00  0.000000E+00  0.000000E+00  0.233908E+05
  0.751912E+00  0.222855E+05  0.216358E+05  0.000000E+00  0.000000E+00  0.000000E+00  0.221773E+05
  0.777399E+00  0.211270E+05  0.205112E+05  0.000000E+00  0.000000E+00  0.000000E+00  0.210244E+05
  0.803749E+00  0.200257E+05  0.194420E+05  0.000000E+00  0.000000E+00  0.000000E+00  0.199284E+05
  0.830992E+00  0.189793E+05  0.184261E+05  0.000000E+00  0.000000E+00  0.000000E+00  0.188871E+05
  0.859158E+00  0.179854E+05  0.174612E+05  0.000000E+00  0.000000E+00  0.000000E+00  0.178981E+05
  0.888280E+00  0.170413E+05  0.165447E+05  0.000000E+00  0.000000E+00  0.000000E+00  0.169586E+05
  0.918388E+00  0.161449E+05  0.156744E+05  0.000000E+00  0.000000E+00  0.000000E+00  0.160665E+05
  0.949517E+00  0.152937E+05  0.148480E+05  0.000000E+00  0.000000E+00  0.000000E+00  0.152194E+05
  0.981700E+00  0.144856E+05  0.140635E+05  0.000000E+00  0.000000E+00  0.000000E+00  0.144153E+05
  0.101498E+01  0.137186E+05  0.133188E+05  0.000000E+00  0.000000E+00  0.000000E+00  0.136519E+05
  0.104938E+01  0.129906E+05  0.126120E+05  0.000000E+00  0.000000E+00  0.000000E+00  0.129275E+05
  0.108495E+01  0.122997E+05  0.119413E+05  0.000000E+00  0.000000E+00  0.000000E+00  0.122400E+05
  0.112172E+01  0.116443E+05  0.113050E+05  0.000000E+00  0.000000E+00  0.000000E+00  0.115877E+05
  0.115974E+01  0.110226E+05  0.107014E+05  0.000000E+00  0.000000E+00  0.000000E+00  0.109690E+05
  0.119905E+01  0.104329E+05  0.101289E+05  0.000000E+00  0.000000E+00  0.000000E+00  0.103822E+05
  0.123969E+01  0.987372E+04  0.958607E+04  0.000000E+00  0.000000E+00  0.000000E+00  0.982578E+04
  0.128171E+01  0.934346E+04  0.907127E+04  0.000000E+00  0.000000E+00  0.000000E+00  0.929810E+04
  0.132516E+01  0.884078E+04  0.858324E+04  0.000000E+00  0.000000E+00  0.000000E+00  0.879786E+04
  0.137007E+01  0.836428E+04  0.812062E+04  0.000000E+00  0.000000E+00  0.000000E+00  0.832367E+04
  0.141651E+01  0.791263E+04  0.768214E+04  0.000000E+00  0.000000E+00  0.000000E+00  0.787421E+04
  0.146453E+01  0.748460E+04  0.726658E+04  0.000000E+00  0.000000E+00  0.000000E+00  0.744826E+04
  0.151417E+01  0.707901E+04  0.687282E+04  0.000000E+00  0.000000E+00  0.000000E+00  0.704465E+04
  0.156549E+01  0.669469E+04  0.649969E+04  0.000000E+00  0.000000E+00  0.000000E+00  0.666219E+04
  0.161855E+01  0.633068E+04  0.614629E+04  0.000000E+00  0.000000E+00  0.000000E+00  0.629994E+04
  0.167341E+01  0.598589E+04  0.581154E+04  0.000000E+00  0.000000E+00  0.000000E+00  0.595683E+04
  0.173013E+01  0.565937E+04  0.549453E+04  0.000000E+00  0.000000E+00  0.000000E+00  0.563189E+04
  0.178878E+01  0.535015E+04  0.519433E+04  0.000000E+00  0.000000E+00  0.000000E+00  0.532418E+04
  0.184941E+01  0.505735E+04  0.491006E+04  0.000000E+00  0.000000E+00  0.000000E+00  0.503280E+04
  0.191209E+01  0.478015E+04  0.464093E+04  0.000000E+00  0.000000E+00  0.000000E+00  0.475695E+04
  0.197690E+01  0.451773E+04  0.438616E+04  0.000000E+00  0.000000E+00  0.000000E+00  0.449580E+04
  0.204391E+01  0.426934E+04  0.414500E+04  0.000000E+00  0.000000E+00  0.000000E+00  0.424862E+04
  0.211319E+01  0.403427E+04  0.391678E+04  0.000000E+00  0.000000E+00  0.000000E+00  0.401469E+04
  0.218481E+01  0.381183E+04  0.370082E+04  0.000000E+00  0.000000E+00  0.000000E+00  0.379333E+04
  0.225887E+01  0.360135E+04  0.349647E+04  0.000000E+00  0.000000E+00  0.000000E+00  0.358387E+04
  0.233543E+01  0.340222E+04  0.330314E+04  0.000000E+00  0.000000E+00  0.000000E+00  0.338570E+04
  0.241459E+01  0.321383E+04  0.312023E+04  0.000000E+00  0.000000E+00  0.000000E+00  0.319823E+04
  0.249644E+01  0.303561E+04  0.294721E+04  0.000000E+00  0.000000E+00  0.000000E+00  0.302088E+04
  0.258105E+01  0.286705E+04  0.278356E+04  0.000000E+00  0.000000E+00  0.000000E+00  0.285314E+04
  0.266854E+01  0.270765E+04  0.262880E+04  0.000000E+00  0.000000E+00  0.000000E+00  0.269451E+04
  0.275899E+01  0.255692E+04  0.248245E+04  0.000000E+00  0.000000E+00  0.000000E+00  0.254451E+04
  0.285251E+01  0.241439E+04  0.234408E+04  0.000000E+00  0.000000E+00  0.000000E+00  0.240267E+04
  0.294919E+01  0.227965E+04  0.221326E+04  0.000000E+00  0.000000E+00  0.000000E+00  0.226858E+04
  0.304916E+01  0.215224E+04  0.208956E+04  0.000000E+00  0.000000E+00  0.000000E+00  0.214180E+04
  0.315251E+01  0.203182E+04  0.197264E+04  0.000000E+00  0.000000E+00  0.000000E+00  0.202196E+04
  0.325936E+01  0.191799E+04  0.186213E+04  0.000000E+00  0.000000E+00  0.000000E+00  0.190868E+04
  0.336984E+01  0.181042E+04  0.175769E+04  0.000000E+00  0.000000E+00  0.000000E+00  0.180163E+04
  0.348406E+01  0.170877E+04  0.165900E+04  0.000000E+00  0.000000E+00  0.000000E+00  0.170047E+04
  0.360215E+01  0.161271E+04  0.156573E+04  0.000000E+00  0.000000E+00  0.000000E+00  0.160488E+04
  0.372425E+01  0.152194E+04  0.147761E+04  0.000000E+00  0.000000E+00  0.000000E+00  0.151455E+04
  0.385048E+01  0.143618E+04  0.139435E+04  0.000000E+00  0.000000E+00  0.000000E+00  0.142921E+04
  0.398099E+01  0.135517E+04  0.131569E+04  0.000000E+00  0.000000E+00  0.000000E+00  0.134859E+04
  0.411593E+01  0.127865E+04  0.124140E+04  0.000000E+00  0.000000E+00  0.000000E+00  0.127244E+04
  0.425544E+01  0.120637E+04  0.117122E+04  0.000000E+00  0.000000E+00  0.000000E+00  0.120051E+04
  0.439968E+01  0.113810E+04  0.110494E+04  0.000000E+00  0.000000E+00  0.000000E+00  0.113257E+04
  0.454881E+01  0.107362E+04  0.104234E+04  0.000000E+00  0.000000E+00  0.000000E+00  0.106841E+04
  0.470299E+01  0.101274E+04  0.983231E+03  0.000000E+00  0.000000E+00  0.000000E+00  0.100782E+04
  0.486240E+01  0.955253E+03  0.927418E+03  0.000000E+00  0.000000E+00  0.000000E+00  0.950614E+03
  0.502721E+01  0.900974E+03  0.874719E+03  0.000000E+00  0.000000E+00  0.000000E+00  0.896598E+03
  0.519761E+01  0.849728E+03  0.824965E+03  0.000000E+00  0.000000E+00  0.000000E+00  0.845601E+03
  0.537378E+01  0.801347E+03  0.777991E+03  0.000000E+00  0.000000E+00  0.000000E+00  0.797454E+03
  0.555592E+01  0.755679E+03  0.733653E+03  0.000000E+00  0.000000E+00  0.000000E+00  0.752008E+03
  0.574424E+01  0.712573E+03  0.691802E+03  0.000000E+00  0.000000E+00  0.000000E+00  0.709111E+03
  0.593894E+01  0.671889E+03  0.652301E+03  0.000000E+00  0.000000E+00  0.000000E+00  0.668625E+03
  0.614025E+01  0.633488E+03  0.615017E+03  0.000000E+00  0.000000E+00  0.000000E+00  0.630409E+03
  0.634837E+01  0.597250E+03  0.579834E+03  0.000000E+00  0.000000E+00  0.000000E+00  0.594347E+03
  0.656355E+01  0.563055E+03  0.546634E+03  0.000000E+00  0.000000E+00  0.000000E+00  0.560318E+03
  0.678602E+01  0.530791E+03  0.515309E+03  0.000000E+00  0.000000E+00  0.000000E+00  0.528211E+03
  0.701603E+01  0.500347E+03  0.485751E+03  0.000000E+00  0.000000E+00  0.000000E+00  0.497914E+03
  0.725384E+01  0.471624E+03  0.457864E+03  0.000000E+00  0.000000E+00  0.000000E+00  0.469331E+03
  0.749971E+01  0.444527E+03  0.431555E+03  0.000000E+00  0.000000E+00  0.000000E+00  0.442365E+03
  0.775392E+01  0.418967E+03  0.406738E+03  0.000000E+00  0.000000E+00  0.000000E+00  0.416929E+03
  0.801674E+01  0.394855E+03  0.383328E+03  0.000000E+00  0.000000E+00  0.000000E+00  0.392934E+03
  0.828847E+01  0.372112E+03  0.361246E+03  0.000000E+00  0.000000E+00  0.000000E+00  0.370301E+03
  0.856940E+01  0.350662E+03  0.340421E+03  0.000000E+00  0.000000E+00  0.000000E+00  0.348955E+03
  0.885987E+01  0.330433E+03  0.320780E+03  0.000000E+00  0.000000E+00  0.000000E+00  0.328824E+03
  0.916017E+01  0.311355E+03  0.302257E+03  0.000000E+00  0.000000E+00  0.000000E+00  0.309839E+03
  0.947066E+01  0.293364E+03  0.284789E+03  0.000000E+00  0.000000E+00  0.000000E+00  0.291935E+03
  0.979166E+01  0.276401E+03  0.268319E+03  0.000000E+00  0.000000E+00  0.000000E+00  0.275054E+03
  0.101236E+02  0.260405E+03  0.252789E+03  0.000000E+00  0.000000E+00  0.000000E+00  0.259136E+03
  0.104667E+02  0.245324E+03  0.238146E+03  0.000000E+00  0.000000E+00  0.000000E+00  0.244128E+03
  0.108215E+02  0.231106E+03  0.224342E+03  0.000000E+00  0.000000E+00  0.000000E+00  0.229979E+03
  0.111883E+02  0.217703E+03  0.211328E+03  0.000000E+00  0.000000E+00  0.000000E+00  0.216640E+03
  0.115675E+02  0.205067E+03  0.199059E+03  0.000000E+00  0.000000E+00  0.000000E+00  0.204065E+03
  0.119596E+02  0.193156E+03  0.187495E+03  0.000000E+00  0.000000E+00  0.000000E+00  0.192212E+03
  0.123649E+02  0.181929E+03  0.176594E+03  0.000000E+00  0.000000E+00  0.000000E+00  0.181040E+03
  0.127841E+02  0.171346E+03  0.166320E+03  0.000000E+00  0.000000E+00  0.000000E+00  0.170508E+03
  0.132174E+02  0.161373E+03  0.156636E+03  0.000000E+00  0.000000E+00  0.000000E+00  0.160584E+03
  0.136654E+02  0.151974E+03  0.147511E+03  0.000000E+00  0.000000E+00  0.000000E+00  0.151230E+03
  0.141286E+02  0.143116E+03  0.138910E+03  0.000000E+00  0.000000E+00  0.000000E+00  0.142415E+03
  0.146075E+02  0.134769E+03  0.130806E+03  0.000000E+00  0.000000E+00  0.000000E+00  0.134109E+03
  0.151026E+02  0.126904E+03  0.123169E+03  0.000000E+00  0.000000E+00  0.000000E+00  0.126282E+03
  0.156145E+02  0.119492E+03  0.115973E+03  0.000000E+00  0.000000E+00  0.000000E+00  0.118906E+03
  0.161437E+02  0.112510E+03  0.109193E+03  0.000000E+00  0.000000E+00  0.000000E+00  0.111957E+03
  0.166909E+02  0.105931E+03  0.102805E+03  0.000000E+00  0.000000E+00  0.000000E+00  0.105410E+03
  0.172567E+02  0.997323E+02  0.967868E+02  0.000000E+00  0.000000E+00  0.000000E+00  0.992414E+02
  0.178416E+02  0.938931E+02  0.911172E+02  0.000000E+00  0.000000E+00  0.000000E+00  0.934304E+02
  0.184463E+02  0.883922E+02  0.857761E+02  0.000000E+00  0.000000E+00  0.000000E+00  0.879562E+02
  0.190716E+02  0.832106E+02  0.807449E+02  0.000000E+00  0.000000E+00  0.000000E+00  0.827996E+02
  0.197180E+02  0.783297E+02  0.760058E+02  0.000000E+00  0.000000E+00  0.000000E+00  0.779424E+02
  0.203863E+02  0.737322E+02  0.715417E+02  0.000000E+00  0.000000E+00  0.000000E+00  0.733671E+02
  0.210773E+02  0.694021E+02  0.673373E+02  0.000000E+00  0.000000E+00  0.000000E+00  0.690580E+02
  0.217917E+02  0.653238E+02  0.633774E+02  0.000000E+00  0.000000E+00  0.000000E+00  0.649994E+02
  0.225304E+02  0.614830E+02  0.596481E+02  0.000000E+00  0.000000E+00  0.000000E+00  0.611772E+02
  0.232941E+02  0.578659E+02  0.561359E+02  0.000000E+00  0.000000E+00  0.000000E+00  0.575776E+02
  0.240836E+02  0.544596E+02  0.528285E+02  0.000000E+00  0.000000E+00  0.000000E+00  0.541877E+02
  0.248999E+02  0.512519E+02  0.497138E+02  0.000000E+00  0.000000E+00  0.000000E+00  0.509956E+02
  0.257439E+02  0.482315E+02  0.467810E+02  0.000000E+00  0.000000E+00  0.000000E+00  0.479897E+02
  0.266165E+02  0.453876E+02  0.440195E+02  0.000000E+00  0.000000E+00  0.000000E+00  0.451596E+02
  0.275187E+02  0.427097E+02  0.414193E+02  0.000000E+00  0.000000E+00  0.000000E+00  0.424947E+02
  0.284514E+02  0.401886E+02  0.389713E+02  0.000000E+00  0.000000E+00  0.000000E+00  0.399857E+02
  0.294158E+02  0.378149E+02  0.366664E+02  0.000000E+00  0.000000E+00  0.000000E+00  0.376235E+02
  0.304128E+02  0.355803E+02  0.344965E+02  0.000000E+00  0.000000E+00  0.000000E+00  0.353997E+02
  0.314437E+02  0.334765E+02  0.324536E+02  0.000000E+00  0.000000E+00  0.000000E+00  0.333060E+02
  0.325095E+02  0.314961E+02  0.305305E+02  0.000000E+00  0.000000E+00  0.000000E+00  0.313352E+02
  0.336114E+02  0.296318E+02  0.287202E+02  0.000000E+00  0.000000E+00  0.000000E+00  0.294799E+02
  0.347507E+02  0.278769E+02  0.270161E+02  0.000000E+00  0.000000E+00  0.000000E+00  0.277335E+02
  0.359285E+02  0.262252E+02  0.254121E+02  0.000000E+00  0.000000E+00  0.000000E+00  0.260897E+02
  0.371463E+02  0.246704E+02  0.239023E+02  0.000000E+00  0.000000E+00  0.000000E+00  0.245424E+02
  0.384054E+02  0.232071E+02  0.224813E+02  0.000000E+00  0.000000E+00  0.000000E+00  0.230861E+02
  0.397072E+02  0.218298E+02  0.211438E+02  0.000000E+00  0.000000E+00  0.000000E+00  0.217155E+02
  0.410530E+02  0.205336E+02  0.198851E+02  0.000000E+00  0.000000E+00  0.000000E+00  0.204255E+02
  0.424445E+02  0.193138E+02  0.187004E+02  0.000000E+00  0.000000E+00  0.000000E+00  0.192115E+02
  0.438832E+02  0.181658E+02  0.175855E+02  0.000000E+00  0.000000E+00  0.000000E+00  0.180691E+02
  0.453706E+02  0.170855E+02  0.165364E+02  0.000000E+00  0.000000E+00  0.000000E+00  0.169940E+02
  0.469085E+02  0.160689E+02  0.155491E+02  0.000000E+00  0.000000E+00  0.000000E+00  0.159823E+02
  0.484984E+02  0.151123E+02  0.146201E+02  0.000000E+00  0.000000E+00  0.000000E+00  0.150302E+02
  0.501423E+02  0.142121E+02  0.137458E+02  0.000000E+00  0.000000E+00  0.000000E+00  0.141344E+02
  0.518419E+02  0.133652E+02  0.129232E+02  0.000000E+00  0.000000E+00  0.000000E+00  0.132915E+02
  0.535990E+02  0.125683E+02  0.121493E+02  0.000000E+00  0.000000E+00  0.000000E+00  0.124985E+02
  0.554158E+02  0.118185E+02  0.114211E+02  0.000000E+00  0.000000E+00  0.000000E+00  0.117523E+02
  0.572942E+02  0.111131E+02  0.107359E+02  0.000000E+00  0.000000E+00  0.000000E+00  0.110502E+02
  0.592361E+02  0.104495E+02  0.100913E+02  0.000000E+00  0.000000E+00  0.000000E+00  0.103898E+02
  0.612440E+02  0.982510E+01  0.948486E+01  0.000000E+00  0.000000E+00  0.000000E+00  0.976839E+01
  0.633198E+02  0.923775E+01  0.891434E+01  0.000000E+00  0.000000E+00  0.000000E+00  0.918385E+01
  0.654661E+02  0.868520E+01  0.837760E+01  0.000000E+00  0.000000E+00  0.000000E+00  0.863393E+01
  0.676850E+02  0.816543E+01  0.787270E+01  0.000000E+00  0.000000E+00  0.000000E+00  0.811664E+01
  0.699792E+02  0.767649E+01  0.739774E+01  0.000000E+00  0.000000E+00  0.000000E+00  0.763003E+01
  0.723511E+02  0.721658E+01  0.695097E+01  0.000000E+00  0.000000E+00  0.000000E+00  0.717231E+01
  0.748035E+02  0.678397E+01  0.653070E+01  0.000000E+00  0.000000E+00  0.000000E+00  0.674176E+01
  0.773390E+02  0.637708E+01  0.613541E+01  0.000000E+00  0.000000E+00  0.000000E+00  0.633680E+01
  0.799604E+02  0.599435E+01  0.576358E+01  0.000000E+00  0.000000E+00  0.000000E+00  0.595589E+01
  0.826706E+02  0.563440E+01  0.541388E+01  0.000000E+00  0.000000E+00  0.000000E+00  0.559765E+01
  0.854728E+02  0.529585E+01  0.508495E+01  0.000000E+00  0.000000E+00  0.000000E+00  0.526070E+01
  0.883699E+02  0.497746E+01  0.477560E+01  0.000000E+00  0.000000E+00  0.000000E+00  0.494382E+01
  0.913652E+02  0.467801E+01  0.448465E+01  0.000000E+00  0.000000E+00  0.000000E+00  0.464579E+01
  0.944620E+02  0.439642E+01  0.421103E+01  0.000000E+00  0.000000E+00  0.000000E+00  0.436552E+01
  0.976639E+02  0.413157E+01  0.395368E+01  0.000000E+00  0.000000E+00  0.000000E+00  0.410192E+01
  0.100974E+03  0.388253E+01  0.371169E+01  0.000000E+00  0.000000E+00  0.000000E+00  0.385406E+01
  0.104397E+03  0.364836E+01  0.348413E+01  0.000000E+00  0.000000E+00  0.000000E+00  0.362098E+01
  0.107935E+03  0.342815E+01  0.327014E+01  0.000000E+00  0.000000E+00  0.000000E+00  0.340181E+01
  0.111594E+03  0.322107E+01  0.306891E+01  0.000000E+00  0.000000E+00  0.000000E+00  0.319571E+01
  0.115376E+03  0.302637E+01  0.287969E+01  0.000000E+00  0.000000E+00  0.000000E+00  0.300192E+01
  0.119287E+03  0.284330E+01  0.270178E+01  0.000000E+00  0.000000E+00  0.000000E+00  0.281972E+01
  0.123330E+03  0.267118E+01  0.253451E+01  0.000000E+00  0.000000E+00  0.000000E+00  0.264840E+01
  0.127510E+03  0.250933E+01  0.237722E+01  0.000000E+00  0.000000E+00  0.000000E+00  0.248731E+01
  0.131832E+03  0.235717E+01  0.222935E+01  0.000000E+00  0.000000E+00  0.000000E+00  0.233586E+01
  0.136301E+03  0.221411E+01  0.209032E+01  0.000000E+00  0.000000E+00  0.000000E+00  0.219348E+01
  0.140921E+03  0.207962E+01  0.195963E+01  0.000000E+00  0.000000E+00  0.000000E+00  0.205962E+01
  0.145697E+03  0.195317E+01  0.183675E+01  0.000000E+00  0.000000E+00  0.000000E+00  0.193377E+01
  0.150636E+03  0.183431E+01  0.172125E+01  0.000000E+00  0.000000E+00  0.000000E+00  0.181547E+01
  0.155742E+03  0.172257E+01  0.161268E+01  0.000000E+00  0.000000E+00  0.000000E+00  0.170425E+01
  0.161021E+03  0.161752E+01  0.151062E+01  0.000000E+00  0.000000E+00  0.000000E+00  0.159971E+01
  0.166478E+03  0.151878E+01  0.141470E+01  0.000000E+00  0.000000E+00  0.000000E+00  0.150143E+01
  0.172121E+03  0.142597E+01  0.132456E+01  0.000000E+00  0.000000E+00  0.000000E+00  0.140906E+01
  0.177955E+03  0.133872E+01  0.123983E+01  0.000000E+00  0.000000E+00  0.000000E+00  0.132224E+01
  0.183987E+03  0.125672E+01  0.116021E+01  0.000000E+00  0.000000E+00  0.000000E+00  0.124063E+01
  0.190223E+03  0.117964E+01  0.108540E+01  0.000000E+00  0.000000E+00  0.000000E+00  0.116393E+01
  0.196671E+03  0.110720E+01  0.101510E+01  0.000000E+00  0.000000E+00  0.000000E+00  0.109185E+01
  0.203337E+03  0.103911E+01  0.949056E+00  0.000000E+00  0.000000E+00  0.000000E+00  0.102411E+01
