  0.106303E-04  0.111217E+08  0.111217E+08  0.148244E+08  0.148244E+08  0.000000E+00  0.111217E+08
  0.109906E-04  0.111217E+08  0.111217E+08  0.148241E+08  0.148241E+08  0.000000E+00  0.111217E+08
  0.113631E-04  0.111217E+08  0.111217E+08  0.148238E+08  0.148238E+08  0.000000E+00  0.111217E+08
  0.117483E-04  0.111217E+08  0.111217E+08  0.148234E+08  0.148234E+08  0.000000E+00  0.111217E+08
  0.121465E-04  0.111217E+08  0.111217E+08  0.148230E+08  0.148230E+08  0.000000E+00  0.111217E+08
  0.125582E-04  0.111217E+08  0.111217E+08  0.148226E+08  0.148226E+08  0.000000E+00  0.111217E+08
  0.129839E-04  0.111217E+08  0.111217E+08  0.148222E+08  0.148222E+08  0.000000E+00  0.111217E+08
  0.134240E-04  0.111217E+08  0.111217E+08  0.148217E+08  0.148217E+08  0.000000E+00  0.111217E+08
  0.138790E-04  0.111217E+08  0.111217E+08  0.148212E+08  0.148212E+08  0.000000E+00  0.111217E+08
  0.143494E-04  0.111217E+08  0.111217E+08  0.148207E+08  0.148207E+08  0.000000E+00  0.111217E+08
  0.148358E-04  0.111217E+08  0.111217E+08  0.148201E+08  0.148201E+08  0.000000E+00  0.111217E+08
  0.153386E-04  0.111217E+08  0.111217E+08  0.148195E+08  0.148195E+08  0.000000E+00  0.111217E+08
  0.158585E-04  0.111217E+08  0.111217E+08  0.148188E+08  0.148188E+08  0.000000E+00  0.111217E+08
  0.163961E-04  0.111217E+08  0.111217E+08  0.148181E+08  0.148181E+08  0.000000E+00  0.111217E+08
  0.169518E-04  0.111217E+08  0.111217E+08  0.148174E+08  0.148173E+08  0.000000E+00  0.111217E+08
  0.175264E-04  0.111217E+08  0.111217E+08  0.148166E+08  0.148165E+08  0.000000E+00  0.111217E+08
  0.181205E-04  0.111217E+08  0.111217E+08  0.148157E+08  0.148157E+08  0.000000E+00  0.111217E+08
  0.187347E-04  0.111217E+08  0.111217E+08  0.148148E+08  0.148148E+08  0.000000E+00  0.111217E+08
  0.193697E-04  0.111217E+08  0.111217E+08  0.148138E+08  0.148138E+08  0.000000E+00  0.111217E+08
  0.200262E-04  0.111217E+08  0.111217E+08  0.148128E+08  0.148127E+08  0.000000E+00  0.111217E+08
  0.207050E-04  0.111217E+08  0.111217E+08  0.148117E+08  0.148116E+08  0.000000E+00  0.111217E+08
  0.214068E-04  0.111217E+08  0.111217E+08  0.148105E+08  0.148104E+08  0.000000E+00  0.111217E+08
  0.221324E-04  0.111217E+08  0.111217E+08  0.148092E+08  0.148091E+08  0.000000E+00  0.111217E+08
  0.228826E-04  0.111217E+08  0.111217E+08  0.148078E+08  0.148078E+08  0.000000E+00  0.111217E+08
  0.236582E-04  0.111217E+08  0.111217E+08  0.148064E+08  0.148063E+08  0.000000E+00  0.111217E+08
  0.244601E-04  0.111217E+08  0.111217E+08  0.148048E+08  0.148047E+08  0.000000E+00  0.111217E+08
  0.252891E-04  0.111217E+08  0.111217E+08  0.148031E+08  0.148031E+08  0.000000E+00  0.111217E+08
  0.261463E-04  0.111217E+08  0.111217E+08  0.148014E+08  0.148013E+08  0.000000E+00  0.111217E+08
  0.270326E-04  0.111217E+08  0.111217E+08  0.147995E+08  0.147994E+08  0.000000E+00  0.111217E+08
  0.279488E-04  0.111217E+08  0.111217E+08  0.147974E+08  0.147973E+08  0.000000E+00  0.111217E+08
  0.288962E-04  0.111217E+08  0.111217E+08  0.147952E+08  0.147952E+08  0.000000E+00  0.111217E+08
  0.298756E-04  0.111216E+08  0.111216E+08  0.147929E+08  0.147928E+08  0.000000E+00  0.111216E+08
  0.308882E-04  0.111216E+08  0.111216E+08  0.147904E+08  0.147903E+08  0.000000E+00  0.111216E+08
  0.319352E-04  0.111216E+08  0.111216E+08  0.147878E+08  0.147877E+08  0.000000E+00  0.111216E+08
  0.330176E-04  0.111216E+08  0.111216E+08  0.147849E+08  0.147848E+08  0.000000E+00  0.111216E+08
  0.341368E-04  0.111216E+08  0.111216E+08  0.147819E+08  0.147818E+08  0.000000E+00  0.111216E+08
  0.352938E-04  0.111216E+08  0.111216E+08  0.147787E+08  0.147785E+08  0.000000E+00  0.111216E+08
  0.364901E-04  0.111216E+08  0.111216E+08  0.147752E+08  0.147751E+08  0.000000E+00  0.111216E+08
  0.377270E-04  0.111216E+08  0.111216E+08  0.147715E+08  0.147714E+08  0.000000E+00  0.111216E+08
  0.390057E-04  0.111216E+08  0.111216E+08  0.147675E+08  0.147674E+08  0.000000E+00  0.111216E+08
  0.403278E-04  0.111216E+08  0.111216E+08  0.147633E+08  0.147631E+08  0.000000E+00  0.111216E+08
  0.416948E-04  0.111215E+08  0.111215E+08  0.147588E+08  0.147586E+08  0.000000E+00  0.111215E+08
  0.431080E-04  0.111215E+08  0.111215E+08  0.147540E+08  0.147538E+08  0.000000E+00  0.111215E+08
  0.445692E-04  0.111215E+08  0.111215E+08  0.147488E+08  0.147486E+08  0.000000E+00  0.111215E+08
  0.460798E-04  0.111215E+08  0.111215E+08  0.147433E+08  0.147431E+08  0.000000E+00  0.111215E+08
  0.476417E-04  0.111215E+08  0.111215E+08  0.147374E+08  0.147372E+08  0.000000E+00  0.111215E+08
  0.492565E-04  0.111215E+08  0.111215E+08  0.147311E+08  0.147309E+08  0.000000E+00  0.111215E+08
  0.509261E-04  0.111214E+08  0.111214E+08  0.147244E+08  0.147241E+08  0.000000E+00  0.111214E+08
  0.526522E-04  0.111214E+08  0.111214E+08  0.147172E+08  0.147169E+08  0.000000E+00  0.111214E+08
  0.544369E-04  0.111214E+08  0.111214E+08  0.147095E+08  0.147092E+08  0.000000E+00  0.111214E+08
  0.562820E-04  0.111214E+08  0.111214E+08  0.147013E+08  0.147010E+08  0.000000E+00  0.111214E+08
  0.581897E-04  0.111213E+08  0.111213E+08  0.146926E+08  0.146922E+08  0.000000E+00  0.111213E+08
  0.601621E-04  0.111213E+08  0.111213E+08  0.146832E+08  0.146828E+08  0.000000E+00  0.111213E+08
  0.622013E-04  0.111213E+08  0.111213E+08  0.146732E+08  0.146728E+08  0.000000E+00  0.111213E+08
  0.643096E-04  0.111212E+08  0.111212E+08  0.146625E+08  0.146621E+08  0.000000E+00  0.111212E+08
  0.664894E-04  0.111212E+08  0.111212E+08  0.146511E+08  0.146506E+08  0.000000E+00  0.111212E+08
  0.687430E-04  0.111212E+08  0.111212E+08  0.146389E+08  0.146384E+08  0.000000E+00  0.111212E+08
  0.710731E-04  0.111211E+08  0.111211E+08  0.146259E+08  0.146253E+08  0.000000E+00  0.111211E+08
  0.734821E-04  0.111211E+08  0.111211E+08  0.146120E+08  0.146114E+08  0.000000E+00  0.111211E+08
  0.759728E-04  0.111210E+08  0.111210E+08  0.145971E+08  0.145965E+08  0.000000E+00  0.111210E+08
  0.785479E-04  0.111210E+08  0.111210E+08  0.145813E+08  0.145806E+08  0.000000E+00  0.111210E+08
  0.812103E-04  0.111209E+08  0.111209E+08  0.145643E+08  0.145636E+08  0.000000E+00  0.111209E+08
  0.839629E-04  0.111209E+08  0.111209E+08  0.145462E+08  0.145455E+08  0.000000E+00  0.111209E+08
  0.868089E-04  0.111208E+08  0.111208E+08  0.145269E+08  0.145261E+08  0.000000E+00  0.111208E+08
  0.897513E-04  0.111208E+08  0.111208E+08  0.145063E+08  0.145055E+08  0.000000E+00  0.111208E+08
  0.927934E-04  0.111207E+08  0.111207E+08  0.144843E+08  0.144834E+08  0.000000E+00  0.111207E+08
  0.959386E-04  0.111206E+08  0.111206E+08  0.144608E+08  0.144599E+08  0.000000E+00  0.111206E+08
  0.991905E-04  0.111205E+08  0.111205E+08  0.144358E+08  0.144347E+08  0.000000E+00  0.111205E+08
  0.102553E-03  0.111204E+08  0.111204E+08  0.144090E+08  0.144079E+08  0.000000E+00  0.111204E+08
  0.106029E-03  0.111204E+08  0.111204E+08  0.143805E+08  0.143793E+08  0.000000E+00  0.111204E+08
  0.109622E-03  0.111203E+08  0.111203E+08  0.143500E+08  0.143488E+08  0.000000E+00  0.111203E+08
  0.113338E-03  0.111202E+08  0.111202E+08  0.143176E+08  0.143162E+08  0.000000E+00  0.111202E+08
  0.117180E-03  0.111200E+08  0.111200E+08  0.142829E+08  0.142815E+08  0.000000E+00  0.111200E+08
  0.121152E-03  0.111199E+08  0.111199E+08  0.142460E+08  0.142444E+08  0.000000E+00  0.111199E+08
  0.125258E-03  0.111198E+08  0.111198E+08  0.142066E+08  0.142049E+08  0.000000E+00  0.111198E+08
  0.129504E-03  0.111197E+08  0.111197E+08  0.141646E+08  0.141628E+08  0.000000E+00  0.111197E+08
  0.133893E-03  0.111195E+08  0.111195E+08  0.141198E+08  0.141180E+08  0.000000E+00  0.111195E+08
  0.138431E-03  0.111194E+08  0.111194E+08  0.140721E+08  0.140702E+08  0.000000E+00  0.111194E+08
  0.143124E-03  0.111192E+08  0.111192E+08  0.140213E+08  0.140192E+08  0.000000E+00  0.111192E+08
  0.147975E-03  0.111190E+08  0.111190E+08  0.139672E+08  0.139649E+08  0.000000E+00  0.111190E+08
  0.152990E-03  0.111189E+08  0.111188E+08  0.139096E+08  0.139072E+08  0.000000E+00  0.111189E+08
  0.158176E-03  0.111187E+08  0.111187E+08  0.138482E+08  0.138456E+08  0.000000E+00  0.111187E+08
  0.163537E-03  0.111184E+08  0.111184E+08  0.137829E+08  0.137801E+08  0.000000E+00  0.111184E+08
  0.169081E-03  0.111182E+08  0.111182E+08  0.137134E+08  0.137105E+08  0.000000E+00  0.111182E+08
  0.174812E-03  0.111180E+08  0.111180E+08  0.136394E+08  0.136364E+08  0.000000E+00  0.111180E+08
  0.180737E-03  0.111177E+08  0.111177E+08  0.135608E+08  0.135576E+08  0.000000E+00  0.111177E+08
  0.186863E-03  0.111174E+08  0.111174E+08  0.134773E+08  0.134738E+08  0.000000E+00  0.111174E+08
  0.193197E-03  0.111171E+08  0.111171E+08  0.133885E+08  0.133848E+08  0.000000E+00  0.111171E+08
  0.199745E-03  0.111168E+08  0.111168E+08  0.132942E+08  0.132903E+08  0.000000E+00  0.111168E+08
  0.206515E-03  0.111165E+08  0.111165E+08  0.131941E+08  0.131899E+08  0.000000E+00  0.111165E+08
  0.213515E-03  0.111161E+08  0.111161E+08  0.130879E+08  0.130835E+08  0.000000E+00  0.111161E+08
  0.220752E-03  0.111157E+08  0.111157E+08  0.129753E+08  0.129706E+08  0.000000E+00  0.111157E+08
  0.228235E-03  0.111153E+08  0.111153E+08  0.128559E+08  0.128509E+08  0.000000E+00  0.111153E+08
  0.235971E-03  0.111149E+08  0.111149E+08  0.127294E+08  0.127241E+08  0.000000E+00  0.111149E+08
  0.243969E-03  0.111144E+08  0.111144E+08  0.125955E+08  0.125900E+08  0.000000E+00  0.111144E+08
  0.252239E-03  0.111139E+08  0.111139E+08  0.124539E+08  0.124480E+08  0.000000E+00  0.111139E+08
  0.260788E-03  0.111134E+08  0.111134E+08  0.123041E+08  0.122979E+08  0.000000E+00  0.111134E+08
  0.269628E-03  0.111128E+08  0.111128E+08  0.121460E+08  0.121394E+08  0.000000E+00  0.111128E+08
  0.278767E-03  0.111122E+08  0.111122E+08  0.119790E+08  0.119721E+08  0.000000E+00  0.111122E+08
  0.288216E-03  0.111116E+08  0.111116E+08  0.118030E+08  0.117957E+08  0.000000E+00  0.111116E+08
  0.297985E-03  0.111109E+08  0.111109E+08  0.116176E+08  0.116099E+08  0.000000E+00  0.111109E+08
  0.308085E-03  0.111101E+08  0.111101E+08  0.114224E+08  0.114143E+08  0.000000E+00  0.111101E+08
  0.318527E-03  0.111094E+08  0.111094E+08  0.112173E+08  0.112088E+08  0.000000E+00  0.111094E+08
  0.329324E-03  0.111085E+08  0.111085E+08  0.110019E+08  0.109929E+08  0.000000E+00  0.111085E+08
  0.340486E-03  0.111076E+08  0.111076E+08  0.107760E+08  0.107667E+08  0.000000E+00  0.111076E+08
  0.352027E-03  0.111067E+08  0.111067E+08  0.105395E+08  0.105297E+08  0.000000E+00  0.111067E+08
  0.363959E-03  0.111057E+08  0.111057E+08  0.102922E+08  0.102820E+08  0.000000E+00  0.111057E+08
  0.376296E-03  0.111046E+08  0.111046E+08  0.100340E+08  0.100233E+08  0.000000E+00  0.111046E+08
  0.389050E-03  0.111034E+08  0.111034E+08  0.976501E+07  0.975385E+07  0.000000E+00  0.111034E+08
  0.402237E-03  0.111022E+08  0.111022E+08  0.948515E+07  0.947353E+07  0.000000E+00  0.111022E+08
  0.415871E-03  0.111009E+08  0.111009E+08  0.919462E+07  0.918253E+07  0.000000E+00  0.111009E+08
  0.429967E-03  0.110995E+08  0.110995E+08  0.889365E+07  0.888110E+07  0.000000E+00  0.110995E+08
  0.444541E-03  0.110980E+08  0.110980E+08  0.858258E+07  0.856958E+07  0.000000E+00  0.110980E+08
  0.459609E-03  0.110965E+08  0.110964E+08  0.826189E+07  0.824844E+07  0.000000E+00  0.110965E+08
  0.475187E-03  0.110948E+08  0.110948E+08  0.793216E+07  0.791827E+07  0.000000E+00  0.110948E+08
  0.491294E-03  0.110930E+08  0.110930E+08  0.759411E+07  0.757981E+07  0.000000E+00  0.110930E+08
  0.507946E-03  0.110911E+08  0.110911E+08  0.724864E+07  0.723393E+07  0.000000E+00  0.110911E+08
  0.525163E-03  0.110891E+08  0.110891E+08  0.689679E+07  0.688169E+07  0.000000E+00  0.110891E+08
  0.542963E-03  0.110870E+08  0.110869E+08  0.653975E+07  0.652428E+07  0.000000E+00  0.110870E+08
  0.561367E-03  0.110847E+08  0.110847E+08  0.617890E+07  0.616309E+07  0.000000E+00  0.110847E+08
  0.580395E-03  0.110823E+08  0.110823E+08  0.581579E+07  0.579966E+07  0.000000E+00  0.110823E+08
  0.600067E-03  0.110798E+08  0.110797E+08  0.545214E+07  0.543570E+07  0.000000E+00  0.110797E+08
  0.620407E-03  0.110770E+08  0.110770E+08  0.508981E+07  0.507310E+07  0.000000E+00  0.110770E+08
  0.641435E-03  0.110742E+08  0.110741E+08  0.473084E+07  0.471387E+07  0.000000E+00  0.110742E+08
  0.663177E-03  0.110711E+08  0.110711E+08  0.437739E+07  0.436017E+07  0.000000E+00  0.110711E+08
  0.685655E-03  0.110679E+08  0.110679E+08  0.403171E+07  0.401426E+07  0.000000E+00  0.110679E+08
  0.708896E-03  0.110645E+08  0.110644E+08  0.369613E+07  0.367845E+07  0.000000E+00  0.110645E+08
  0.732924E-03  0.110609E+08  0.110608E+08  0.337301E+07  0.335509E+07  0.000000E+00  0.110609E+08
  0.757767E-03  0.110571E+08  0.110570E+08  0.306468E+07  0.304651E+07  0.000000E+00  0.110571E+08
  0.783451E-03  0.110530E+08  0.110530E+08  0.277338E+07  0.275494E+07  0.000000E+00  0.110530E+08
  0.810006E-03  0.110488E+08  0.110487E+08  0.250120E+07  0.248244E+07  0.000000E+00  0.110487E+08
  0.837462E-03  0.110443E+08  0.110442E+08  0.224999E+07  0.223086E+07  0.000000E+00  0.110442E+08
  0.865847E-03  0.110395E+08  0.110394E+08  0.202129E+07  0.200173E+07  0.000000E+00  0.110395E+08
  0.895195E-03  0.110345E+08  0.110344E+08  0.181625E+07  0.179618E+07  0.000000E+00  0.110345E+08
  0.925538E-03  0.110292E+08  0.110291E+08  0.163555E+07  0.161489E+07  0.000000E+00  0.110292E+08
  0.956909E-03  0.110236E+08  0.110235E+08  0.147931E+07  0.145799E+07  0.000000E+00  0.110236E+08
  0.989344E-03  0.110178E+08  0.110177E+08  0.134707E+07  0.132499E+07  0.000000E+00  0.110178E+08
  0.102288E-02  0.110116E+08  0.110115E+08  0.123770E+07  0.121480E+07  0.000000E+00  0.110116E+08
  0.105755E-02  0.110051E+08  0.110050E+08  0.114943E+07  0.112567E+07  0.000000E+00  0.110051E+08
  0.109339E-02  0.109983E+08  0.109981E+08  0.107987E+07  0.105523E+07  0.000000E+00  0.109983E+08
  0.113045E-02  0.109911E+08  0.109910E+08  0.102604E+07  0.100056E+07  0.000000E+00  0.109911E+08
  0.116877E-02  0.109836E+08  0.109834E+08  0.984521E+06  0.958309E+06  0.000000E+00  0.109835E+08
  0.120839E-02  0.109757E+08  0.109755E+08  0.951598E+06  0.924828E+06  0.000000E+00  0.109756E+08
  0.124935E-02  0.109674E+08  0.109672E+08  0.923456E+06  0.896387E+06  0.000000E+00  0.109673E+08
  0.129169E-02  0.109586E+08  0.109585E+08  0.896420E+06  0.869402E+06  0.000000E+00  0.109586E+08
  0.133547E-02  0.109495E+08  0.109493E+08  0.867221E+06  0.840692E+06  0.000000E+00  0.109495E+08
  0.138074E-02  0.109400E+08  0.109397E+08  0.833254E+06  0.807727E+06  0.000000E+00  0.109399E+08
  0.142754E-02  0.109299E+08  0.109297E+08  0.792814E+06  0.768860E+06  0.000000E+00  0.109299E+08
  0.147593E-02  0.109194E+08  0.109192E+08  0.745276E+06  0.723483E+06  0.000000E+00  0.109194E+08
  0.152595E-02  0.109085E+08  0.109082E+08  0.691177E+06  0.672113E+06  0.000000E+00  0.109084E+08
  0.157768E-02  0.108970E+08  0.108967E+08  0.632183E+06  0.616337E+06  0.000000E+00  0.108969E+08
  0.163115E-02  0.108850E+08  0.108847E+08  0.570909E+06  0.558634E+06  0.000000E+00  0.108849E+08
  0.168644E-02  0.108724E+08  0.108721E+08  0.510597E+06  0.502054E+06  0.000000E+00  0.108723E+08
  0.174360E-02  0.108592E+08  0.108589E+08  0.454658E+06  0.449774E+06  0.000000E+00  0.108592E+08
  0.180270E-02  0.108455E+08  0.108452E+08  0.406145E+06  0.404590E+06  0.000000E+00  0.108455E+08
  0.186380E-02  0.108312E+08  0.108308E+08  0.367216E+06  0.368416E+06  0.000000E+00  0.108311E+08
  0.192698E-02  0.108162E+08  0.108158E+08  0.338695E+06  0.341876E+06  0.000000E+00  0.108161E+08
  0.199229E-02  0.108006E+08  0.108001E+08  0.319829E+06  0.324107E+06  0.000000E+00  0.108005E+08
  0.205982E-02  0.107842E+08  0.107838E+08  0.308338E+06  0.312838E+06  0.000000E+00  0.107842E+08
  0.212964E-02  0.107672E+08  0.107667E+08  0.000000E+00  0.000000E+00  0.000000E+00  0.107671E+08
  0.220183E-02  0.107495E+08  0.107490E+08  0.000000E+00  0.000000E+00  0.000000E+00  0.107494E+08
  0.227646E-02  0.107310E+08  0.107304E+08  0.000000E+00  0.000000E+00  0.000000E+00  0.107309E+08
  0.235362E-02  0.107117E+08  0.107111E+08  0.000000E+00  0.000000E+00  0.000000E+00  0.107116E+08
  0.243339E-02  0.106916E+08  0.106910E+08  0.000000E+00  0.000000E+00  0.000000E+00  0.106915E+08
  0.251587E-02  0.106707E+08  0.106700E+08  0.000000E+00  0.000000E+00  0.000000E+00  0.106706E+08
  0.260115E-02  0.106490E+08  0.106482E+08  0.000000E+00  0.000000E+00  0.000000E+00  0.106488E+08
  0.268932E-02  0.106263E+08  0.106255E+08  0.000000E+00  0.000000E+00  0.000000E+00  0.106262E+08
  0.278047E-02  0.106028E+08  0.106019E+08  0.000000E+00  0.000000E+00  0.000000E+00  0.106026E+08
  0.287471E-02  0.105783E+08  0.105774E+08  0.000000E+00  0.000000E+00  0.000000E+00  0.105781E+08
  0.297215E-02  0.105528E+08  0.105519E+08  0.000000E+00  0.000000E+00  0.000000E+00  0.105527E+08
  0.307289E-02  0.105264E+08  0.105254E+08  0.000000E+00  0.000000E+00  0.000000E+00  0.105262E+08
  0.317705E-02  0.104989E+08  0.104978E+08  0.000000E+00  0.000000E+00  0.000000E+00  0.104987E+08
  0.328474E-02  0.104704E+08  0.104692E+08  0.000000E+00  0.000000E+00  0.000000E+00  0.104702E+08
  0.339607E-02  0.104408E+08  0.104396E+08  0.000000E+00  0.000000E+00  0.000000E+00  0.104406E+08
  0.351118E-02  0.104101E+08  0.104088E+08  0.000000E+00  0.000000E+00  0.000000E+00  0.104099E+08
  0.363020E-02  0.103782E+08  0.103768E+08  0.000000E+00  0.000000E+00  0.000000E+00  0.103780E+08
  0.375324E-02  0.103452E+08  0.103437E+08  0.000000E+00  0.000000E+00  0.000000E+00  0.103450E+08
  0.388046E-02  0.103110E+08  0.103094E+08  0.000000E+00  0.000000E+00  0.000000E+00  0.103107E+08
  0.401199E-02  0.102755E+08  0.102738E+08  0.000000E+00  0.000000E+00  0.000000E+00  0.102752E+08
  0.414797E-02  0.102388E+08  0.102370E+08  0.000000E+00  0.000000E+00  0.000000E+00  0.102385E+08
  0.428857E-02  0.102008E+08  0.101989E+08  0.000000E+00  0.000000E+00  0.000000E+00  0.102005E+08
  0.443393E-02  0.101615E+08  0.101594E+08  0.000000E+00  0.000000E+00  0.000000E+00  0.101611E+08
  0.458422E-02  0.101208E+08  0.101186E+08  0.000000E+00  0.000000E+00  0.000000E+00  0.101204E+08
  0.473960E-02  0.100787E+08  0.100763E+08  0.000000E+00  0.000000E+00  0.000000E+00  0.100783E+08
  0.490025E-02  0.100352E+08  0.100327E+08  0.000000E+00  0.000000E+00  0.000000E+00  0.100348E+08
  0.506635E-02  0.999025E+07  0.998758E+07  0.000000E+00  0.000000E+00  0.000000E+00  0.998980E+07
  0.523807E-02  0.994382E+07  0.994097E+07  0.000000E+00  0.000000E+00  0.000000E+00  0.994334E+07
  0.541562E-02  0.989587E+07  0.989284E+07  0.000000E+00  0.000000E+00  0.000000E+00  0.989536E+07
  0.559918E-02  0.984638E+07  0.984315E+07  0.000000E+00  0.000000E+00  0.000000E+00  0.984584E+07
  0.578897E-02  0.979531E+07  0.979187E+07  0.000000E+00  0.000000E+00  0.000000E+00  0.979474E+07
  0.598518E-02  0.974263E+07  0.973897E+07  0.000000E+00  0.000000E+00  0.000000E+00  0.974202E+07
  0.618805E-02  0.968831E+07  0.968441E+07  0.000000E+00  0.000000E+00  0.000000E+00  0.968766E+07
  0.639780E-02  0.963231E+07  0.962817E+07  0.000000E+00  0.000000E+00  0.000000E+00  0.963162E+07
  0.661465E-02  0.957461E+07  0.957020E+07  0.000000E+00  0.000000E+00  0.000000E+00  0.957388E+07
  0.683885E-02  0.951517E+07  0.951048E+07  0.000000E+00  0.000000E+00  0.000000E+00  0.951439E+07
  0.707066E-02  0.945396E+07  0.944897E+07  0.000000E+00  0.000000E+00  0.000000E+00  0.945313E+07
  0.731032E-02  0.939095E+07  0.938564E+07  0.000000E+00  0.000000E+00  0.000000E+00  0.939007E+07
  0.755810E-02  0.932611E+07  0.932046E+07  0.000000E+00  0.000000E+00  0.000000E+00  0.932517E+07
  0.781428E-02  0.925939E+07  0.925339E+07  0.000000E+00  0.000000E+00  0.000000E+00  0.925839E+07
  0.807915E-02  0.919078E+07  0.918440E+07  0.000000E+00  0.000000E+00  0.000000E+00  0.918972E+07
  0.835299E-02  0.912024E+07  0.911346E+07  0.000000E+00  0.000000E+00  0.000000E+00  0.911911E+07
  0.863612E-02  0.904773E+07  0.904052E+07  0.000000E+00  0.000000E+00  0.000000E+00  0.904653E+07
  0.892884E-02  0.897322E+07  0.896557E+07  0.000000E+00  0.000000E+00  0.000000E+00  0.897195E+07
  0.923149E-02  0.889669E+07  0.888856E+07  0.000000E+00  0.000000E+00  0.000000E+00  0.889533E+07
  0.954439E-02  0.881809E+07  0.880947E+07  0.000000E+00  0.000000E+00  0.000000E+00  0.881666E+07
  0.986790E-02  0.873741E+07  0.872826E+07  0.000000E+00  0.000000E+00  0.000000E+00  0.873588E+07
  0.102024E-01  0.865460E+07  0.864489E+07  0.000000E+00  0.000000E+00  0.000000E+00  0.865298E+07
  0.105482E-01  0.856963E+07  0.855934E+07  0.000000E+00  0.000000E+00  0.000000E+00  0.856791E+07
  0.109057E-01  0.848248E+07  0.847157E+07  0.000000E+00  0.000000E+00  0.000000E+00  0.848066E+07
  0.112754E-01  0.839311E+07  0.838156E+07  0.000000E+00  0.000000E+00  0.000000E+00  0.839118E+07
  0.116575E-01  0.830150E+07  0.828926E+07  0.000000E+00  0.000000E+00  0.000000E+00  0.829946E+07
  0.120527E-01  0.820761E+07  0.819466E+07  0.000000E+00  0.000000E+00  0.000000E+00  0.820545E+07
  0.124612E-01  0.811143E+07  0.809773E+07  0.000000E+00  0.000000E+00  0.000000E+00  0.810914E+07
  0.128836E-01  0.801292E+07  0.799844E+07  0.000000E+00  0.000000E+00  0.000000E+00  0.801051E+07
  0.133203E-01  0.791207E+07  0.789677E+07  0.000000E+00  0.000000E+00  0.000000E+00  0.790952E+07
  0.137718E-01  0.780886E+07  0.779270E+07  0.000000E+00  0.000000E+00  0.000000E+00  0.780616E+07
  0.142386E-01  0.770326E+07  0.768621E+07  0.000000E+00  0.000000E+00  0.000000E+00  0.770042E+07
  0.147212E-01  0.759528E+07  0.757730E+07  0.000000E+00  0.000000E+00  0.000000E+00  0.759228E+07
  0.152202E-01  0.748489E+07  0.746595E+07  0.000000E+00  0.000000E+00  0.000000E+00  0.748174E+07
  0.157360E-01  0.737211E+07  0.735216E+07  0.000000E+00  0.000000E+00  0.000000E+00  0.736879E+07
  0.162694E-01  0.725693E+07  0.723594E+07  0.000000E+00  0.000000E+00  0.000000E+00  0.725343E+07
  0.168209E-01  0.713937E+07  0.711731E+07  0.000000E+00  0.000000E+00  0.000000E+00  0.713569E+07
  0.173910E-01  0.701944E+07  0.699628E+07  0.000000E+00  0.000000E+00  0.000000E+00  0.701558E+07
  0.179805E-01  0.689719E+07  0.687289E+07  0.000000E+00  0.000000E+00  0.000000E+00  0.689314E+07
  0.185899E-01  0.677264E+07  0.674718E+07  0.000000E+00  0.000000E+00  0.000000E+00  0.676839E+07
  0.192200E-01  0.664585E+07  0.661920E+07  0.000000E+00  0.000000E+00  0.000000E+00  0.664141E+07
  0.198715E-01  0.651689E+07  0.648904E+07  0.000000E+00  0.000000E+00  0.000000E+00  0.651225E+07
  0.205450E-01  0.638585E+07  0.635678E+07  0.000000E+00  0.000000E+00  0.000000E+00  0.638100E+07
  0.212414E-01  0.625281E+07  0.622251E+07  0.000000E+00  0.000000E+00  0.000000E+00  0.624776E+07
  0.219614E-01  0.611791E+07  0.608638E+07  0.000000E+00  0.000000E+00  0.000000E+00  0.611265E+07
  0.227058E-01  0.598127E+07  0.594852E+07  0.000000E+00  0.000000E+00  0.000000E+00  0.597581E+07
  0.234754E-01  0.584307E+07  0.580910E+07  0.000000E+00  0.000000E+00  0.000000E+00  0.583740E+07
  0.242711E-01  0.570347E+07  0.566832E+07  0.000000E+00  0.000000E+00  0.000000E+00  0.569761E+07
  0.250938E-01  0.556270E+07  0.552639E+07  0.000000E+00  0.000000E+00  0.000000E+00  0.555665E+07
  0.259443E-01  0.542099E+07  0.538357E+07  0.000000E+00  0.000000E+00  0.000000E+00  0.541475E+07
  0.268237E-01  0.527860E+07  0.524012E+07  0.000000E+00  0.000000E+00  0.000000E+00  0.527218E+07
  0.277329E-01  0.513582E+07  0.509636E+07  0.000000E+00  0.000000E+00  0.000000E+00  0.512924E+07
  0.286729E-01  0.499297E+07  0.495262E+07  0.000000E+00  0.000000E+00  0.000000E+00  0.498624E+07
  0.296448E-01  0.485041E+07  0.480926E+07  0.000000E+00  0.000000E+00  0.000000E+00  0.484355E+07
  0.306496E-01  0.470850E+07  0.466668E+07  0.000000E+00  0.000000E+00  0.000000E+00  0.470153E+07
  0.316885E-01  0.456765E+07  0.452528E+07  0.000000E+00  0.000000E+00  0.000000E+00  0.456059E+07
  0.327626E-01  0.442829E+07  0.438552E+07  0.000000E+00  0.000000E+00  0.000000E+00  0.442116E+07
  0.338731E-01  0.431515E+07  0.427214E+07  0.000000E+00  0.000000E+00  0.000000E+00  0.430798E+07
  0.350212E-01  0.418090E+07  0.413783E+07  0.000000E+00  0.000000E+00  0.000000E+00  0.417372E+07
  0.362083E-01  0.404760E+07  0.400467E+07  0.000000E+00  0.000000E+00  0.000000E+00  0.404044E+07
  0.374355E-01  0.391732E+07  0.387474E+07  0.000000E+00  0.000000E+00  0.000000E+00  0.391022E+07
  0.387044E-01  0.379064E+07  0.374863E+07  0.000000E+00  0.000000E+00  0.000000E+00  0.378364E+07
  0.400163E-01  0.366805E+07  0.362683E+07  0.000000E+00  0.000000E+00  0.000000E+00  0.366118E+07
  0.413727E-01  0.355000E+07  0.350979E+07  0.000000E+00  0.000000E+00  0.000000E+00  0.354330E+07
  0.427750E-01  0.343687E+07  0.339791E+07  0.000000E+00  0.000000E+00  0.000000E+00  0.343038E+07
  0.442248E-01  0.331472E+07  0.327722E+07  0.000000E+00  0.000000E+00  0.000000E+00  0.330847E+07
  0.457238E-01  0.321209E+07  0.317626E+07  0.000000E+00  0.000000E+00  0.000000E+00  0.320612E+07
  0.472737E-01  0.311476E+07  0.308079E+07  0.000000E+00  0.000000E+00  0.000000E+00  0.310910E+07
  0.488760E-01  0.302254E+07  0.299059E+07  0.000000E+00  0.000000E+00  0.000000E+00  0.301722E+07
  0.505327E-01  0.293514E+07  0.290534E+07  0.000000E+00  0.000000E+00  0.000000E+00  0.293017E+07
  0.522455E-01  0.285218E+07  0.282461E+07  0.000000E+00  0.000000E+00  0.000000E+00  0.284759E+07
  0.540163E-01  0.278068E+07  0.275537E+07  0.000000E+00  0.000000E+00  0.000000E+00  0.277646E+07
  0.558473E-01  0.270496E+07  0.268191E+07  0.000000E+00  0.000000E+00  0.000000E+00  0.270112E+07
  0.577402E-01  0.263219E+07  0.261134E+07  0.000000E+00  0.000000E+00  0.000000E+00  0.262872E+07
  0.596973E-01  0.256175E+07  0.254296E+07  0.000000E+00  0.000000E+00  0.000000E+00  0.255862E+07
  0.617207E-01  0.249289E+07  0.247597E+07  0.000000E+00  0.000000E+00  0.000000E+00  0.249007E+07
  0.638128E-01  0.241964E+07  0.240436E+07  0.000000E+00  0.000000E+00  0.000000E+00  0.241710E+07
  0.659757E-01  0.235096E+07  0.233702E+07  0.000000E+00  0.000000E+00  0.000000E+00  0.234863E+07
  0.682120E-01  0.228092E+07  0.226799E+07  0.000000E+00  0.000000E+00  0.000000E+00  0.227876E+07
  0.705240E-01  0.220875E+07  0.219650E+07  0.000000E+00  0.000000E+00  0.000000E+00  0.220671E+07
  0.729144E-01  0.213558E+07  0.212364E+07  0.000000E+00  0.000000E+00  0.000000E+00  0.213359E+07
  0.753859E-01  0.205877E+07  0.204680E+07  0.000000E+00  0.000000E+00  0.000000E+00  0.205678E+07
  0.779411E-01  0.197980E+07  0.196752E+07  0.000000E+00  0.000000E+00  0.000000E+00  0.197776E+07
  0.805829E-01  0.189915E+07  0.188632E+07  0.000000E+00  0.000000E+00  0.000000E+00  0.189701E+07
  0.833143E-01  0.181739E+07  0.180387E+07  0.000000E+00  0.000000E+00  0.000000E+00  0.181514E+07
  0.861383E-01  0.173538E+07  0.172113E+07  0.000000E+00  0.000000E+00  0.000000E+00  0.173301E+07
  0.890579E-01  0.165434E+07  0.163941E+07  0.000000E+00  0.000000E+00  0.000000E+00  0.165185E+07
  0.920766E-01  0.157589E+07  0.156045E+07  0.000000E+00  0.000000E+00  0.000000E+00  0.157331E+07
  0.951975E-01  0.150181E+07  0.148615E+07  0.000000E+00  0.000000E+00  0.000000E+00  0.149920E+07
  0.984242E-01  0.143370E+07  0.141815E+07  0.000000E+00  0.000000E+00  0.000000E+00  0.143111E+07
  0.101760E+00  0.137260E+07  0.135754E+07  0.000000E+00  0.000000E+00  0.000000E+00  0.137009E+07
  0.105209E+00  0.131877E+07  0.130457E+07  0.000000E+00  0.000000E+00  0.000000E+00  0.131641E+07
  0.108776E+00  0.127164E+07  0.125861E+07  0.000000E+00  0.000000E+00  0.000000E+00  0.126947E+07
  0.112463E+00  0.122995E+07  0.121831E+07  0.000000E+00  0.000000E+00  0.000000E+00  0.122801E+07
  0.116274E+00  0.119212E+07  0.118194E+07  0.000000E+00  0.000000E+00  0.000000E+00  0.119042E+07
  0.120216E+00  0.115641E+07  0.114762E+07  0.000000E+00  0.000000E+00  0.000000E+00  0.115495E+07
  0.124290E+00  0.112090E+07  0.111326E+07  0.000000E+00  0.000000E+00  0.000000E+00  0.111963E+07
  0.128503E+00  0.108349E+07  0.107666E+07  0.000000E+00  0.000000E+00  0.000000E+00  0.108235E+07
  0.132859E+00  0.104260E+07  0.103616E+07  0.000000E+00  0.000000E+00  0.000000E+00  0.104153E+07
  0.137362E+00  0.997842E+06  0.991393E+06  0.000000E+00  0.000000E+00  0.000000E+00  0.996767E+06
  0.142018E+00  0.950071E+06  0.943307E+06  0.000000E+00  0.000000E+00  0.000000E+00  0.948943E+06
  0.146832E+00  0.901020E+06  0.893788E+06  0.000000E+00  0.000000E+00  0.000000E+00  0.899814E+06
  0.151809E+00  0.852928E+06  0.845263E+06  0.000000E+00  0.000000E+00  0.000000E+00  0.851651E+06
  0.156954E+00  0.808108E+06  0.800222E+06  0.000000E+00  0.000000E+00  0.000000E+00  0.806794E+06
  0.162274E+00  0.768478E+06  0.760702E+06  0.000000E+00  0.000000E+00  0.000000E+00  0.767182E+06
  0.167774E+00  0.735098E+06  0.727790E+06  0.000000E+00  0.000000E+00  0.000000E+00  0.733880E+06
  0.173461E+00  0.707497E+06  0.700933E+06  0.000000E+00  0.000000E+00  0.000000E+00  0.706403E+06
  0.179341E+00  0.683655E+06  0.677947E+06  0.000000E+00  0.000000E+00  0.000000E+00  0.682704E+06
  0.185419E+00  0.660799E+06  0.655856E+06  0.000000E+00  0.000000E+00  0.000000E+00  0.659975E+06
  0.191704E+00  0.636317E+06  0.631883E+06  0.000000E+00  0.000000E+00  0.000000E+00  0.635578E+06
  0.198202E+00  0.608851E+06  0.604598E+06  0.000000E+00  0.000000E+00  0.000000E+00  0.608142E+06
  0.204920E+00  0.578672E+06  0.574327E+06  0.000000E+00  0.000000E+00  0.000000E+00  0.577948E+06
  0.211866E+00  0.547459E+06  0.542907E+06  0.000000E+00  0.000000E+00  0.000000E+00  0.546700E+06
  0.219047E+00  0.517734E+06  0.513054E+06  0.000000E+00  0.000000E+00  0.000000E+00  0.516954E+06
  0.226472E+00  0.491751E+06  0.487163E+06  0.000000E+00  0.000000E+00  0.000000E+00  0.490987E+06
  0.234148E+00  0.470146E+06  0.465890E+06  0.000000E+00  0.000000E+00  0.000000E+00  0.469437E+06
  0.242084E+00  0.451804E+06  0.448012E+06  0.000000E+00  0.000000E+00  0.000000E+00  0.451172E+06
  0.250290E+00  0.434568E+06  0.431199E+06  0.000000E+00  0.000000E+00  0.000000E+00  0.434006E+06
  0.258774E+00  0.416137E+06  0.413015E+06  0.000000E+00  0.000000E+00  0.000000E+00  0.415617E+06
  0.267545E+00  0.395838E+06  0.392765E+06  0.000000E+00  0.000000E+00  0.000000E+00  0.395326E+06
  0.276613E+00  0.374871E+06  0.371755E+06  0.000000E+00  0.000000E+00  0.000000E+00  0.374352E+06
  0.285989E+00  0.355143E+06  0.352039E+06  0.000000E+00  0.000000E+00  0.000000E+00  0.354626E+06
  0.295683E+00  0.338044E+06  0.335091E+06  0.000000E+00  0.000000E+00  0.000000E+00  0.337552E+06
  0.305705E+00  0.323342E+06  0.320641E+06  0.000000E+00  0.000000E+00  0.000000E+00  0.322892E+06
  0.316067E+00  0.309516E+06  0.307052E+06  0.000000E+00  0.000000E+00  0.000000E+00  0.309106E+06
  0.326780E+00  0.295161E+06  0.292830E+06  0.000000E+00  0.000000E+00  0.000000E+00  0.294773E+06
  0.337856E+00  0.280135E+06  0.277846E+06  0.000000E+00  0.000000E+00  0.000000E+00  0.279754E+06
  0.349308E+00  0.265611E+06  0.263365E+06  0.000000E+00  0.000000E+00  0.000000E+00  0.265236E+06
  0.361147E+00  0.252577E+06  0.250439E+06  0.000000E+00  0.000000E+00  0.000000E+00  0.252220E+06
  0.373389E+00  0.240927E+06  0.238943E+06  0.000000E+00  0.000000E+00  0.000000E+00  0.240596E+06
  0.386045E+00  0.229698E+06  0.227844E+06  0.000000E+00  0.000000E+00  0.000000E+00  0.229389E+06
  0.399130E+00  0.218311E+06  0.216531E+06  0.000000E+00  0.000000E+00  0.000000E+00  0.218014E+06
  0.412659E+00  0.207133E+06  0.205410E+06  0.000000E+00  0.000000E+00  0.000000E+00  0.206846E+06
  0.426645E+00  0.196823E+06  0.195183E+06  0.000000E+00  0.000000E+00  0.000000E+00  0.196550E+06
  0.441107E+00  0.187338E+06  0.185799E+06  0.000000E+00  0.000000E+00  0.000000E+00  0.187082E+06
  0.456058E+00  0.178180E+06  0.176725E+06  0.000000E+00  0.000000E+00  0.000000E+00  0.177937E+06
  0.471516E+00  0.169168E+06  0.167774E+06  0.000000E+00  0.000000E+00  0.000000E+00  0.168935E+06
  0.487498E+00  0.160600E+06  0.159270E+06  0.000000E+00  0.000000E+00  0.000000E+00  0.160379E+06
  0.504022E+00  0.152623E+06  0.151367E+06  0.000000E+00  0.000000E+00  0.000000E+00  0.152414E+06
  0.521106E+00  0.145012E+06  0.143823E+06  0.000000E+00  0.000000E+00  0.000000E+00  0.144814E+06
  0.538769E+00  0.137647E+06  0.136514E+06  0.000000E+00  0.000000E+00  0.000000E+00  0.137458E+06
  0.557030E+00  0.130652E+06  0.129574E+06  0.000000E+00  0.000000E+00  0.000000E+00  0.130472E+06
  0.575911E+00  0.124055E+06  0.123035E+06  0.000000E+00  0.000000E+00  0.000000E+00  0.123885E+06
  0.595431E+00  0.117746E+06  0.116778E+06  0.000000E+00  0.000000E+00  0.000000E+00  0.117584E+06
  0.615614E+00  0.111715E+06  0.110795E+06  0.000000E+00  0.000000E+00  0.000000E+00  0.111562E+06
  0.636481E+00  0.106003E+06  0.105131E+06  0.000000E+00  0.000000E+00  0.000000E+00  0.105858E+06
  0.658054E+00  0.100568E+06  0.997409E+05  0.000000E+00  0.000000E+00  0.000000E+00  0.100430E+06
  0.680359E+00  0.953860E+05  0.946010E+05  0.000000E+00  0.000000E+00  0.000000E+00  0.952552E+05
  0.703419E+00  0.904662E+05  0.897219E+05  0.000000E+00  0.000000E+00  0.000000E+00  0.903421E+05
  0.727262E+00  0.857873E+05  0.850817E+05  0.000000E+00  0.000000E+00  0.000000E+00  0.856697E+05
  0.751912E+00  0.813367E+05  0.806675E+05  0.000000E+00  0.000000E+00  0.000000E+00  0.812251E+05
  0.777399E+00  0.771085E+05  0.764742E+05  0.000000E+00  0.000000E+00  0.000000E+00  0.770028E+05
  0.803749E+00  0.730888E+05  0.724877E+05  0.000000E+00  0.000000E+00  0.000000E+00  0.729886E+05
  0.830992E+00  0.692699E+05  0.687002E+05  0.000000E+00  0.000000E+00  0.000000E+00  0.691749E+05
  0.859158E+00  0.656423E+05  0.651025E+05  0.000000E+00  0.000000E+00  0.000000E+00  0.655524E+05
  0.888280E+00  0.621966E+05  0.616852E+05  0.000000E+00  0.000000E+00  0.000000E+00  0.621114E+05
  0.918388E+00  0.589248E+05  0.584403E+05  0.000000E+00  0.000000E+00  0.000000E+00  0.588440E+05
  0.949517E+00  0.558182E+05  0.553592E+05  0.000000E+00  0.000000E+00  0.000000E+00  0.557417E+05
  0.981700E+00  0.528691E+05  0.524344E+05  0.000000E+00  0.000000E+00  0.000000E+00  0.527966E+05
  0.101498E+01  0.500694E+05  0.496578E+05  0.000000E+00  0.000000E+00  0.000000E+00  0.500008E+05
  0.104938E+01  0.474124E+05  0.470225E+05  0.000000E+00  0.000000E+00  0.000000E+00  0.473474E+05
  0.108495E+01  0.448910E+05  0.445219E+05  0.000000E+00  0.000000E+00  0.000000E+00  0.448295E+05
  0.112172E+01  0.424987E+05  0.421493E+05  0.000000E+00  0.000000E+00  0.000000E+00  0.424405E+05
  0.115974E+01  0.402297E+05  0.398990E+05  0.000000E+00  0.000000E+00  0.000000E+00  0.401746E+05
  0.119905E+01  0.380775E+05  0.377645E+05  0.000000E+00  0.000000E+00  0.000000E+00  0.380254E+05
  0.123969E+01  0.360367E+05  0.357405E+05  0.000000E+00  0.000000E+00  0.000000E+00  0.359873E+05
  0.128171E+01  0.341014E+05  0.338211E+05  0.000000E+00  0.000000E+00  0.000000E+00  0.340547E+05
  0.132516E+01  0.322667E+05  0.320015E+05  0.000000E+00  0.000000E+00  0.000000E+00  0.322225E+05
  0.137007E+01  0.305276E+05  0.302767E+05  0.000000E+00  0.000000E+00  0.000000E+00  0.304858E+05
  0.141651E+01  0.288792E+05  0.286418E+05  0.000000E+00  0.000000E+00  0.000000E+00  0.288396E+05
  0.146453E+01  0.273170E+05  0.270924E+05  0.000000E+00  0.000000E+00  0.000000E+00  0.272796E+05
  0.151417E+01  0.258367E+05  0.256243E+05  0.000000E+00  0.000000E+00  0.000000E+00  0.258013E+05
  0.156549E+01  0.244340E+05  0.242332E+05  0.000000E+00  0.000000E+00  0.000000E+00  0.244005E+05
  0.161855E+01  0.231055E+05  0.229156E+05  0.000000E+00  0.000000E+00  0.000000E+00  0.230738E+05
  0.167341E+01  0.218471E+05  0.216675E+05  0.000000E+00  0.000000E+00  0.000000E+00  0.218171E+05
  0.173013E+01  0.206553E+05  0.204856E+05  0.000000E+00  0.000000E+00  0.000000E+00  0.206270E+05
  0.178878E+01  0.195268E+05  0.193663E+05  0.000000E+00  0.000000E+00  0.000000E+00  0.195000E+05
  0.184941E+01  0.184581E+05  0.183064E+05  0.000000E+00  0.000000E+00  0.000000E+00  0.184328E+05
  0.191209E+01  0.174464E+05  0.173030E+05  0.000000E+00  0.000000E+00  0.000000E+00  0.174225E+05
  0.197690E+01  0.164887E+05  0.163531E+05  0.000000E+00  0.000000E+00  0.000000E+00  0.164661E+05
  0.204391E+01  0.155821E+05  0.154540E+05  0.000000E+00  0.000000E+00  0.000000E+00  0.155607E+05
  0.211319E+01  0.147241E+05  0.146031E+05  0.000000E+00  0.000000E+00  0.000000E+00  0.147040E+05
  0.218481E+01  0.139123E+05  0.137979E+05  0.000000E+00  0.000000E+00  0.000000E+00  0.138932E+05
  0.225887E+01  0.131441E+05  0.130361E+05  0.000000E+00  0.000000E+00  0.000000E+00  0.131261E+05
  0.233543E+01  0.124173E+05  0.123152E+05  0.000000E+00  0.000000E+00  0.000000E+00  0.124003E+05
  0.241459E+01  0.117297E+05  0.116333E+05  0.000000E+00  0.000000E+00  0.000000E+00  0.117136E+05
  0.249644E+01  0.110793E+05  0.109882E+05  0.000000E+00  0.000000E+00  0.000000E+00  0.110641E+05
  0.258105E+01  0.104641E+05  0.103781E+05  0.000000E+00  0.000000E+00  0.000000E+00  0.104497E+05
  0.266854E+01  0.988230E+04  0.980107E+04  0.000000E+00  0.000000E+00  0.000000E+00  0.986876E+04
  0.275899E+01  0.933214E+04  0.925543E+04  0.000000E+00  0.000000E+00  0.000000E+00  0.931935E+04
  0.285251E+01  0.881196E+04  0.873953E+04  0.000000E+00  0.000000E+00  0.000000E+00  0.879989E+04
  0.294919E+01  0.832017E+04  0.825178E+04  0.000000E+00  0.000000E+00  0.000000E+00  0.830877E+04
  0.304916E+01  0.785518E+04  0.779060E+04  0.000000E+00  0.000000E+00  0.000000E+00  0.784441E+04
  0.315251E+01  0.741566E+04  0.735470E+04  0.000000E+00  0.000000E+00  0.000000E+00  0.740550E+04
  0.325936E+01  0.700021E+04  0.694267E+04  0.000000E+00  0.000000E+00  0.000000E+00  0.699062E+04
  0.336984E+01  0.660761E+04  0.655329E+04  0.000000E+00  0.000000E+00  0.000000E+00  0.659856E+04
  0.348406E+01  0.623659E+04  0.618531E+04  0.000000E+00  0.000000E+00  0.000000E+00  0.622804E+04
  0.360215E+01  0.588600E+04  0.583760E+04  0.000000E+00  0.000000E+00  0.000000E+00  0.587793E+04
  0.372425E+01  0.555471E+04  0.550904E+04  0.000000E+00  0.000000E+00  0.000000E+00  0.554710E+04
  0.385048E+01  0.524173E+04  0.519862E+04  0.000000E+00  0.000000E+00  0.000000E+00  0.523454E+04
  0.398099E+01  0.494604E+04  0.490537E+04  0.000000E+00  0.000000E+00  0.000000E+00  0.493926E+04
  0.411593E+01  0.466676E+04  0.462837E+04  0.000000E+00  0.000000E+00  0.000000E+00  0.466036E+04
  0.425544E+01  0.440295E+04  0.436673E+04  0.000000E+00  0.000000E+00  0.000000E+00  0.439691E+04
  0.439968E+01  0.415379E+04  0.411962E+04  0.000000E+00  0.000000E+00  0.000000E+00  0.414810E+04
  0.454881E+01  0.391847E+04  0.388623E+04  0.000000E+00  0.000000E+00  0.000000E+00  0.391310E+04
  0.470299E+01  0.369625E+04  0.366584E+04  0.000000E+00  0.000000E+00  0.000000E+00  0.369118E+04
  0.486240E+01  0.348644E+04  0.345775E+04  0.000000E+00  0.000000E+00  0.000000E+00  0.348166E+04
  0.502721E+01  0.328833E+04  0.326127E+04  0.000000E+00  0.000000E+00  0.000000E+00  0.328382E+04
  0.519761E+01  0.310130E+04  0.307577E+04  0.000000E+00  0.000000E+00  0.000000E+00  0.309705E+04
  0.537378E+01  0.292472E+04  0.290064E+04  0.000000E+00  0.000000E+00  0.000000E+00  0.292070E+04
  0.555592E+01  0.275804E+04  0.273533E+04  0.000000E+00  0.000000E+00  0.000000E+00  0.275426E+04
  0.574424E+01  0.260072E+04  0.257930E+04  0.000000E+00  0.000000E+00  0.000000E+00  0.259715E+04
  0.593894E+01  0.245223E+04  0.243203E+04  0.000000E+00  0.000000E+00  0.000000E+00  0.244886E+04
  0.614025E+01  0.231207E+04  0.229302E+04  0.000000E+00  0.000000E+00  0.000000E+00  0.230890E+04
  0.634837E+01  0.217981E+04  0.216185E+04  0.000000E+00  0.000000E+00  0.000000E+00  0.217682E+04
  0.656355E+01  0.205501E+04  0.203807E+04  0.000000E+00  0.000000E+00  0.000000E+00  0.205219E+04
  0.678602E+01  0.193725E+04  0.192128E+04  0.000000E+00  0.000000E+00  0.000000E+00  0.193459E+04
  0.701603E+01  0.182614E+04  0.181108E+04  0.000000E+00  0.000000E+00  0.000000E+00  0.182363E+04
  0.725384E+01  0.172131E+04  0.170711E+04  0.000000E+00  0.000000E+00  0.000000E+00  0.171894E+04
  0.749971E+01  0.162241E+04  0.160902E+04  0.000000E+00  0.000000E+00  0.000000E+00  0.162018E+04
  0.775392E+01  0.152912E+04  0.151650E+04  0.000000E+00  0.000000E+00  0.000000E+00  0.152701E+04
  0.801674E+01  0.144112E+04  0.142922E+04  0.000000E+00  0.000000E+00  0.000000E+00  0.143913E+04
  0.828847E+01  0.135811E+04  0.134689E+04  0.000000E+00  0.000000E+00  0.000000E+00  0.135624E+04
  0.856940E+01  0.127982E+04  0.126924E+04  0.000000E+00  0.000000E+00  0.000000E+00  0.127806E+04
  0.885987E+01  0.120599E+04  0.119602E+04  0.000000E+00  0.000000E+00  0.000000E+00  0.120433E+04
  0.916017E+01  0.113636E+04  0.112696E+04  0.000000E+00  0.000000E+00  0.000000E+00  0.113479E+04
  0.947066E+01  0.107070E+04  0.106183E+04  0.000000E+00  0.000000E+00  0.000000E+00  0.106922E+04
  0.979166E+01  0.100878E+04  0.100043E+04  0.000000E+00  0.000000E+00  0.000000E+00  0.100739E+04
  0.101236E+02  0.950404E+03  0.942529E+03  0.000000E+00  0.000000E+00  0.000000E+00  0.949091E+03
  0.104667E+02  0.895361E+03  0.887938E+03  0.000000E+00  0.000000E+00  0.000000E+00  0.894124E+03
  0.108215E+02  0.843469E+03  0.836471E+03  0.000000E+00  0.000000E+00  0.000000E+00  0.842302E+03
  0.111883E+02  0.794549E+03  0.787953E+03  0.000000E+00  0.000000E+00  0.000000E+00  0.793450E+03
  0.115675E+02  0.748430E+03  0.742211E+03  0.000000E+00  0.000000E+00  0.000000E+00  0.747393E+03
  0.119596E+02  0.704958E+03  0.699096E+03  0.000000E+00  0.000000E+00  0.000000E+00  0.703981E+03
  0.123649E+02  0.663981E+03  0.658455E+03  0.000000E+00  0.000000E+00  0.000000E+00  0.663060E+03
  0.127841E+02  0.625358E+03  0.620148E+03  0.000000E+00  0.000000E+00  0.000000E+00  0.624489E+03
  0.132174E+02  0.588958E+03  0.584047E+03  0.000000E+00  0.000000E+00  0.000000E+00  0.588140E+03
  0.136654E+02  0.554654E+03  0.550023E+03  0.000000E+00  0.000000E+00  0.000000E+00  0.553882E+03
  0.141286E+02  0.522324E+03  0.517959E+03  0.000000E+00  0.000000E+00  0.000000E+00  0.521597E+03
  0.146075E+02  0.491860E+03  0.487744E+03  0.000000E+00  0.000000E+00  0.000000E+00  0.491174E+03
  0.151026E+02  0.463153E+03  0.459272E+03  0.000000E+00  0.000000E+00  0.000000E+00  0.462506E+03
  0.156145E+02  0.436102E+03  0.432443E+03  0.000000E+00  0.000000E+00  0.000000E+00  0.435492E+03
  0.161437E+02  0.410617E+03  0.407167E+03  0.000000E+00  0.000000E+00  0.000000E+00  0.410042E+03
  0.166909E+02  0.386605E+03  0.383351E+03  0.000000E+00  0.000000E+00  0.000000E+00  0.386062E+03
  0.172567E+02  0.363982E+03  0.360913E+03  0.000000E+00  0.000000E+00  0.000000E+00  0.363470E+03
  0.178416E+02  0.342670E+03  0.339776E+03  0.000000E+00  0.000000E+00  0.000000E+00  0.342188E+03
  0.184463E+02  0.322593E+03  0.319863E+03  0.000000E+00  0.000000E+00  0.000000E+00  0.322138E+03
  0.190716E+02  0.303681E+03  0.301106E+03  0.000000E+00  0.000000E+00  0.000000E+00  0.303252E+03
  0.197180E+02  0.285867E+03  0.283438E+03  0.000000E+00  0.000000E+00  0.000000E+00  0.285462E+03
  0.203863E+02  0.269087E+03  0.266795E+03  0.000000E+00  0.000000E+00  0.000000E+00  0.268705E+03
  0.210773E+02  0.253283E+03  0.251120E+03  0.000000E+00  0.000000E+00  0.000000E+00  0.252922E+03
  0.217917E+02  0.238398E+03  0.236357E+03  0.000000E+00  0.000000E+00  0.000000E+00  0.238058E+03
  0.225304E+02  0.224380E+03  0.222453E+03  0.000000E+00  0.000000E+00  0.000000E+00  0.224058E+03
  0.232941E+02  0.211178E+03  0.209359E+03  0.000000E+00  0.000000E+00  0.000000E+00  0.210875E+03
  0.240836E+02  0.198746E+03  0.197028E+03  0.000000E+00  0.000000E+00  0.000000E+00  0.198459E+03
  0.248999E+02  0.187038E+03  0.185416E+03  0.000000E+00  0.000000E+00  0.000000E+00  0.186768E+03
  0.257439E+02  0.176014E+03  0.174482E+03  0.000000E+00  0.000000E+00  0.000000E+00  0.175759E+03
  0.266165E+02  0.165634E+03  0.164187E+03  0.000000E+00  0.000000E+00  0.000000E+00  0.165393E+03
  0.275187E+02  0.155861E+03  0.154493E+03  0.000000E+00  0.000000E+00  0.000000E+00  0.155633E+03
  0.284514E+02  0.146659E+03  0.145367E+03  0.000000E+00  0.000000E+00  0.000000E+00  0.146444E+03
  0.294158E+02  0.137995E+03  0.136774E+03  0.000000E+00  0.000000E+00  0.000000E+00  0.137792E+03
  0.304128E+02  0.129839E+03  0.128684E+03  0.000000E+00  0.000000E+00  0.000000E+00  0.129647E+03
  0.314437E+02  0.122161E+03  0.121068E+03  0.000000E+00  0.000000E+00  0.000000E+00  0.121979E+03
  0.325095E+02  0.114933E+03  0.113899E+03  0.000000E+00  0.000000E+00  0.000000E+00  0.114760E+03
  0.336114E+02  0.108128E+03  0.107150E+03  0.000000E+00  0.000000E+00  0.000000E+00  0.107965E+03
  0.347507E+02  0.101723E+03  0.100797E+03  0.000000E+00  0.000000E+00  0.000000E+00  0.101569E+03
  0.359285E+02  0.956948E+02  0.948174E+02  0.000000E+00  0.000000E+00  0.000000E+00  0.955485E+02
  0.371463E+02  0.900201E+02  0.891887E+02  0.000000E+00  0.000000E+00  0.000000E+00  0.898815E+02
  0.384054E+02  0.846793E+02  0.838913E+02  0.000000E+00  0.000000E+00  0.000000E+00  0.845480E+02
  0.397072E+02  0.796524E+02  0.789051E+02  0.000000E+00  0.000000E+00  0.000000E+00  0.795278E+02
  0.410530E+02  0.749215E+02  0.742126E+02  0.000000E+00  0.000000E+00  0.000000E+00  0.748033E+02
  0.424445E+02  0.704691E+02  0.697963E+02  0.000000E+00  0.000000E+00  0.000000E+00  0.703570E+02
  0.438832E+02  0.662791E+02  0.656402E+02  0.000000E+00  0.000000E+00  0.000000E+00  0.661726E+02
  0.453706E+02  0.623361E+02  0.617290E+02  0.000000E+00  0.000000E+00  0.000000E+00  0.622349E+02
  0.469085E+02  0.586257E+02  0.580485E+02  0.000000E+00  0.000000E+00  0.000000E+00  0.585295E+02
  0.484984E+02  0.551341E+02  0.545852E+02  0.000000E+00  0.000000E+00  0.000000E+00  0.550426E+02
  0.501423E+02  0.518487E+02  0.513262E+02  0.000000E+00  0.000000E+00  0.000000E+00  0.517616E+02
  0.518419E+02  0.487574E+02  0.482598E+02  0.000000E+00  0.000000E+00  0.000000E+00  0.486744E+02
  0.535990E+02  0.458489E+02  0.453747E+02  0.000000E+00  0.000000E+00  0.000000E+00  0.457698E+02
  0.554158E+02  0.431122E+02  0.426600E+02  0.000000E+00  0.000000E+00  0.000000E+00  0.430369E+02
  0.572942E+02  0.405375E+02  0.401059E+02  0.000000E+00  0.000000E+00  0.000000E+00  0.404656E+02
  0.592361E+02  0.381153E+02  0.377031E+02  0.000000E+00  0.000000E+00  0.000000E+00  0.380466E+02
  0.612440E+02  0.358364E+02  0.354424E+02  0.000000E+00  0.000000E+00  0.000000E+00  0.357707E+02
  0.633198E+02  0.336926E+02  0.333158E+02  0.000000E+00  0.000000E+00  0.000000E+00  0.336298E+02
  0.654661E+02  0.316757E+02  0.313150E+02  0.000000E+00  0.000000E+00  0.000000E+00  0.316156E+02
  0.676850E+02  0.297786E+02  0.294330E+02  0.000000E+00  0.000000E+00  0.000000E+00  0.297210E+02
  0.699792E+02  0.279940E+02  0.276626E+02  0.000000E+00  0.000000E+00  0.000000E+00  0.279387E+02
  0.723511E+02  0.263153E+02  0.259973E+02  0.000000E+00  0.000000E+00  0.000000E+00  0.262623E+02
  0.748035E+02  0.247363E+02  0.244307E+02  0.000000E+00  0.000000E+00  0.000000E+00  0.246854E+02
  0.773390E+02  0.232511E+02  0.229573E+02  0.000000E+00  0.000000E+00  0.000000E+00  0.232021E+02
  0.799604E+02  0.218541E+02  0.215714E+02  0.000000E+00  0.000000E+00  0.000000E+00  0.218070E+02
  0.826706E+02  0.205403E+02  0.202679E+02  0.000000E+00  0.000000E+00  0.000000E+00  0.204949E+02
  0.854728E+02  0.193046E+02  0.190419E+02  0.000000E+00  0.000000E+00  0.000000E+00  0.192608E+02
  0.883699E+02  0.181424E+02  0.178889E+02  0.000000E+00  0.000000E+00  0.000000E+00  0.181002E+02
  0.913652E+02  0.170494E+02  0.168045E+02  0.000000E+00  0.000000E+00  0.000000E+00  0.170086E+02
  0.944620E+02  0.160216E+02  0.157847E+02  0.000000E+00  0.000000E+00  0.000000E+00  0.159821E+02
  0.976639E+02  0.150548E+02  0.148255E+02  0.000000E+00  0.000000E+00  0.000000E+00  0.150166E+02
  0.100974E+03  0.141458E+02  0.139236E+02  0.000000E+00  0.000000E+00  0.000000E+00  0.141088E+02
  0.104397E+03  0.132911E+02  0.130755E+02  0.000000E+00  0.000000E+00  0.000000E+00  0.132551E+02
  0.107935E+03  0.124873E+02  0.122779E+02  0.000000E+00  0.000000E+00  0.000000E+00  0.124524E+02
  0.111594E+03  0.117314E+02  0.115280E+02  0.000000E+00  0.000000E+00  0.000000E+00  0.116975E+02
  0.115376E+03  0.110207E+02  0.108228E+02  0.000000E+00  0.000000E+00  0.000000E+00  0.109877E+02
  0.119287E+03  0.103525E+02  0.101597E+02  0.000000E+00  0.000000E+00  0.000000E+00  0.103204E+02
  0.123330E+03  0.972420E+01  0.953631E+01  0.000000E+00  0.000000E+00  0.000000E+00  0.969288E+01
  0.127510E+03  0.913342E+01  0.895011E+01  0.000000E+00  0.000000E+00  0.000000E+00  0.910287E+01
  0.131832E+03  0.857802E+01  0.839901E+01  0.000000E+00  0.000000E+00  0.000000E+00  0.854818E+01
  0.136301E+03  0.805583E+01  0.788088E+01  0.000000E+00  0.000000E+00  0.000000E+00  0.802667E+01
  0.140921E+03  0.756492E+01  0.739378E+01  0.000000E+00  0.000000E+00  0.000000E+00  0.753640E+01
  0.145697E+03  0.710337E+01  0.693582E+01  0.000000E+00  0.000000E+00  0.000000E+00  0.707545E+01
  0.150636E+03  0.666950E+01  0.650534E+01  0.000000E+00  0.000000E+00  0.000000E+00  0.664214E+01
  0.155742E+03  0.626164E+01  0.610068E+01  0.000000E+00  0.000000E+00  0.000000E+00  0.623481E+01
  0.161021E+03  0.587822E+01  0.572028E+01  0.000000E+00  0.000000E+00  0.000000E+00  0.585189E+01
  0.166478E+03  0.551781E+01  0.536273E+01  0.000000E+00  0.000000E+00  0.000000E+00  0.549196E+01
  0.172121E+03  0.517904E+01  0.502668E+01  0.000000E+00  0.000000E+00  0.000000E+00  0.515365E+01
  0.177955E+03  0.486062E+01  0.471084E+01  0.000000E+00  0.000000E+00  0.000000E+00  0.483566E+01
  0.183987E+03  0.456131E+01  0.441398E+01  0.000000E+00  0.000000E+00  0.000000E+00  0.453676E+01
  0.190223E+03  0.428001E+01  0.413502E+01  0.000000E+00  0.000000E+00  0.000000E+00  0.425584E+01
  0.196671E+03  0.401562E+01  0.387286E+01  0.000000E+00  0.000000E+00  0.000000E+00  0.399183E+01
  0.203337E+03  0.376716E+01  0.362654E+01  0.000000E+00  0.000000E+00  0.000000E+00  0.374372E+01
