  0.106157E-04  0.162637E+07  0.162637E+07  0.216840E+07  0.216840E+07  0.162635E+07  0.162637E+07
  0.109755E-04  0.162637E+07  0.162637E+07  0.216840E+07  0.216840E+07  0.162635E+07  0.162637E+07
  0.113475E-04  0.162637E+07  0.162637E+07  0.216839E+07  0.216839E+07  0.162635E+07  0.162637E+07
  0.117321E-04  0.162637E+07  0.162637E+07  0.216838E+07  0.216838E+07  0.162635E+07  0.162637E+07
  0.121298E-04  0.162637E+07  0.162637E+07  0.216838E+07  0.216837E+07  0.162635E+07  0.162637E+07
  0.125409E-04  0.162637E+07  0.162637E+07  0.216837E+07  0.216837E+07  0.162635E+07  0.162637E+07
  0.129660E-04  0.162637E+07  0.162637E+07  0.216836E+07  0.216836E+07  0.162635E+07  0.162637E+07
  0.134055E-04  0.162637E+07  0.162637E+07  0.216835E+07  0.216835E+07  0.162635E+07  0.162637E+07
  0.138599E-04  0.162637E+07  0.162637E+07  0.216834E+07  0.216834E+07  0.162635E+07  0.162637E+07
  0.143296E-04  0.162637E+07  0.162637E+07  0.216833E+07  0.216833E+07  0.162635E+07  0.162637E+07
  0.148154E-04  0.162637E+07  0.162637E+07  0.216832E+07  0.216831E+07  0.162635E+07  0.162637E+07
  0.153175E-04  0.162637E+07  0.162637E+07  0.216831E+07  0.216830E+07  0.162635E+07  0.162637E+07
  0.158367E-04  0.162637E+07  0.162637E+07  0.216829E+07  0.216829E+07  0.162635E+07  0.162637E+07
  0.163735E-04  0.162637E+07  0.162637E+07  0.216828E+07  0.216827E+07  0.162635E+07  0.162637E+07
  0.169285E-04  0.162637E+07  0.162637E+07  0.216826E+07  0.216826E+07  0.162635E+07  0.162637E+07
  0.175023E-04  0.162637E+07  0.162637E+07  0.216825E+07  0.216824E+07  0.162634E+07  0.162637E+07
  0.180955E-04  0.162637E+07  0.162637E+07  0.216823E+07  0.216823E+07  0.162634E+07  0.162637E+07
  0.187089E-04  0.162637E+07  0.162637E+07  0.216821E+07  0.216821E+07  0.162634E+07  0.162637E+07
  0.193430E-04  0.162637E+07  0.162637E+07  0.216819E+07  0.216819E+07  0.162634E+07  0.162637E+07
  0.199986E-04  0.162637E+07  0.162637E+07  0.216817E+07  0.216817E+07  0.162634E+07  0.162637E+07
  0.206765E-04  0.162637E+07  0.162637E+07  0.216815E+07  0.216814E+07  0.162634E+07  0.162637E+07
  0.213773E-04  0.162637E+07  0.162637E+07  0.216812E+07  0.216812E+07  0.162634E+07  0.162637E+07
  0.221019E-04  0.162637E+07  0.162637E+07  0.216810E+07  0.216809E+07  0.162634E+07  0.162637E+07
  0.228511E-04  0.162637E+07  0.162637E+07  0.216807E+07  0.216806E+07  0.162634E+07  0.162637E+07
  0.236256E-04  0.162637E+07  0.162637E+07  0.216804E+07  0.216803E+07  0.162634E+07  0.162637E+07
  0.244264E-04  0.162637E+07  0.162637E+07  0.216801E+07  0.216800E+07  0.162634E+07  0.162637E+07
  0.252543E-04  0.162637E+07  0.162637E+07  0.216798E+07  0.216797E+07  0.162634E+07  0.162636E+07
  0.261103E-04  0.162637E+07  0.162637E+07  0.216794E+07  0.216793E+07  0.162633E+07  0.162636E+07
  0.269953E-04  0.162637E+07  0.162637E+07  0.216790E+07  0.216789E+07  0.162633E+07  0.162636E+07
  0.279103E-04  0.162636E+07  0.162636E+07  0.216786E+07  0.216785E+07  0.162633E+07  0.162636E+07
  0.288564E-04  0.162636E+07  0.162636E+07  0.216782E+07  0.216781E+07  0.162633E+07  0.162636E+07
  0.298345E-04  0.162636E+07  0.162636E+07  0.216777E+07  0.216776E+07  0.162633E+07  0.162636E+07
  0.308457E-04  0.162636E+07  0.162636E+07  0.216772E+07  0.216771E+07  0.162633E+07  0.162636E+07
  0.318912E-04  0.162636E+07  0.162636E+07  0.216767E+07  0.216766E+07  0.162633E+07  0.162636E+07
  0.329722E-04  0.162636E+07  0.162636E+07  0.216761E+07  0.216760E+07  0.162632E+07  0.162636E+07
  0.340898E-04  0.162636E+07  0.162636E+07  0.216755E+07  0.216754E+07  0.162632E+07  0.162636E+07
  0.352452E-04  0.162636E+07  0.162636E+07  0.216749E+07  0.216747E+07  0.162632E+07  0.162636E+07
  0.364399E-04  0.162636E+07  0.162636E+07  0.216742E+07  0.216740E+07  0.162632E+07  0.162636E+07
  0.376750E-04  0.162636E+07  0.162636E+07  0.216734E+07  0.216732E+07  0.162632E+07  0.162636E+07
  0.389520E-04  0.162636E+07  0.162636E+07  0.216726E+07  0.216724E+07  0.162631E+07  0.162636E+07
  0.402723E-04  0.162636E+07  0.162636E+07  0.216718E+07  0.216716E+07  0.162631E+07  0.162636E+07
  0.416373E-04  0.162636E+07  0.162636E+07  0.216709E+07  0.216706E+07  0.162631E+07  0.162635E+07
  0.430486E-04  0.162636E+07  0.162636E+07  0.216699E+07  0.216696E+07  0.162630E+07  0.162635E+07
  0.445078E-04  0.162635E+07  0.162635E+07  0.216689E+07  0.216686E+07  0.162630E+07  0.162635E+07
  0.460164E-04  0.162635E+07  0.162635E+07  0.216678E+07  0.216675E+07  0.162630E+07  0.162635E+07
  0.475761E-04  0.162635E+07  0.162635E+07  0.216666E+07  0.216663E+07  0.162629E+07  0.162635E+07
  0.491887E-04  0.162635E+07  0.162635E+07  0.216653E+07  0.216650E+07  0.162629E+07  0.162635E+07
  0.508560E-04  0.162635E+07  0.162635E+07  0.216640E+07  0.216636E+07  0.162628E+07  0.162635E+07
  0.525797E-04  0.162635E+07  0.162635E+07  0.216625E+07  0.216621E+07  0.162628E+07  0.162634E+07
  0.543619E-04  0.162635E+07  0.162635E+07  0.216610E+07  0.216605E+07  0.162628E+07  0.162634E+07
  0.562045E-04  0.162634E+07  0.162634E+07  0.216593E+07  0.216589E+07  0.162627E+07  0.162634E+07
  0.581096E-04  0.162634E+07  0.162634E+07  0.216575E+07  0.216571E+07  0.162626E+07  0.162634E+07
  0.600792E-04  0.162634E+07  0.162634E+07  0.216557E+07  0.216551E+07  0.162626E+07  0.162634E+07
  0.621156E-04  0.162634E+07  0.162634E+07  0.216536E+07  0.216531E+07  0.162625E+07  0.162633E+07
  0.642210E-04  0.162634E+07  0.162633E+07  0.216515E+07  0.216509E+07  0.162624E+07  0.162633E+07
  0.663978E-04  0.162633E+07  0.162633E+07  0.216492E+07  0.216485E+07  0.162624E+07  0.162633E+07
  0.686484E-04  0.162633E+07  0.162633E+07  0.216467E+07  0.216460E+07  0.162623E+07  0.162633E+07
  0.709752E-04  0.162633E+07  0.162633E+07  0.216441E+07  0.216434E+07  0.162622E+07  0.162632E+07
  0.733809E-04  0.162632E+07  0.162632E+07  0.216413E+07  0.216405E+07  0.162621E+07  0.162632E+07
  0.758682E-04  0.162632E+07  0.162632E+07  0.216383E+07  0.216374E+07  0.162620E+07  0.162632E+07
  0.784397E-04  0.162632E+07  0.162632E+07  0.216350E+07  0.216342E+07  0.162619E+07  0.162631E+07
  0.810985E-04  0.162631E+07  0.162631E+07  0.216316E+07  0.216306E+07  0.162618E+07  0.162631E+07
  0.838473E-04  0.162631E+07  0.162631E+07  0.216279E+07  0.216269E+07  0.162617E+07  0.162630E+07
  0.866893E-04  0.162631E+07  0.162630E+07  0.216240E+07  0.216229E+07  0.162616E+07  0.162630E+07
  0.896277E-04  0.162630E+07  0.162630E+07  0.216198E+07  0.216186E+07  0.162614E+07  0.162629E+07
  0.926656E-04  0.162630E+07  0.162629E+07  0.216153E+07  0.216141E+07  0.162613E+07  0.162629E+07
  0.958065E-04  0.162629E+07  0.162629E+07  0.216105E+07  0.216092E+07  0.162611E+07  0.162628E+07
  0.990539E-04  0.162628E+07  0.162628E+07  0.216054E+07  0.216040E+07  0.162610E+07  0.162628E+07
  0.102411E-03  0.162628E+07  0.162628E+07  0.215999E+07  0.215984E+07  0.162608E+07  0.162627E+07
  0.105883E-03  0.162627E+07  0.162627E+07  0.215941E+07  0.215925E+07  0.162606E+07  0.162626E+07
  0.109471E-03  0.162627E+07  0.162626E+07  0.215878E+07  0.215861E+07  0.162604E+07  0.162626E+07
  0.113182E-03  0.162626E+07  0.162626E+07  0.215811E+07  0.215793E+07  0.162602E+07  0.162625E+07
  0.117018E-03  0.162625E+07  0.162625E+07  0.215740E+07  0.215720E+07  0.162599E+07  0.162624E+07
  0.120985E-03  0.162624E+07  0.162624E+07  0.215664E+07  0.215643E+07  0.162597E+07  0.162623E+07
  0.125085E-03  0.162623E+07  0.162623E+07  0.215582E+07  0.215560E+07  0.162594E+07  0.162622E+07
  0.129325E-03  0.162622E+07  0.162622E+07  0.215495E+07  0.215471E+07  0.162591E+07  0.162621E+07
  0.133709E-03  0.162621E+07  0.162621E+07  0.215402E+07  0.215376E+07  0.162588E+07  0.162620E+07
  0.138241E-03  0.162620E+07  0.162620E+07  0.215303E+07  0.215275E+07  0.162585E+07  0.162619E+07
  0.142927E-03  0.162619E+07  0.162619E+07  0.215196E+07  0.215167E+07  0.162582E+07  0.162617E+07
  0.147771E-03  0.162618E+07  0.162618E+07  0.215083E+07  0.215051E+07  0.162578E+07  0.162616E+07
  0.152780E-03  0.162617E+07  0.162616E+07  0.214961E+07  0.214928E+07  0.162574E+07  0.162615E+07
  0.157958E-03  0.162615E+07  0.162615E+07  0.214832E+07  0.214796E+07  0.162570E+07  0.162613E+07
  0.163312E-03  0.162614E+07  0.162613E+07  0.214693E+07  0.214655E+07  0.162565E+07  0.162611E+07
  0.168848E-03  0.162612E+07  0.162612E+07  0.214545E+07  0.214505E+07  0.162560E+07  0.162610E+07
  0.174571E-03  0.162610E+07  0.162610E+07  0.214387E+07  0.214344E+07  0.162555E+07  0.162608E+07
  0.180488E-03  0.162608E+07  0.162608E+07  0.214219E+07  0.214172E+07  0.162550E+07  0.162606E+07
  0.186606E-03  0.162606E+07  0.162606E+07  0.214038E+07  0.213989E+07  0.162544E+07  0.162604E+07
  0.192931E-03  0.162604E+07  0.162604E+07  0.213846E+07  0.213793E+07  0.162538E+07  0.162601E+07
  0.199470E-03  0.162602E+07  0.162602E+07  0.213640E+07  0.213583E+07  0.162531E+07  0.162599E+07
  0.206231E-03  0.162600E+07  0.162599E+07  0.213420E+07  0.213360E+07  0.162524E+07  0.162596E+07
  0.213221E-03  0.162597E+07  0.162596E+07  0.213186E+07  0.213121E+07  0.162516E+07  0.162593E+07
  0.220448E-03  0.162594E+07  0.162594E+07  0.212935E+07  0.212866E+07  0.162508E+07  0.162590E+07
  0.227921E-03  0.162591E+07  0.162591E+07  0.212668E+07  0.212594E+07  0.162499E+07  0.162587E+07
  0.235646E-03  0.162588E+07  0.162587E+07  0.212382E+07  0.212304E+07  0.162490E+07  0.162584E+07
  0.243633E-03  0.162585E+07  0.162584E+07  0.212078E+07  0.211994E+07  0.162480E+07  0.162580E+07
  0.251891E-03  0.162581E+07  0.162580E+07  0.211752E+07  0.211663E+07  0.162469E+07  0.162576E+07
  0.260429E-03  0.162577E+07  0.162576E+07  0.211405E+07  0.211310E+07  0.162457E+07  0.162572E+07
  0.269256E-03  0.162573E+07  0.162572E+07  0.211034E+07  0.210932E+07  0.162445E+07  0.162567E+07
  0.278383E-03  0.162569E+07  0.162568E+07  0.210639E+07  0.210530E+07  0.162432E+07  0.162563E+07
  0.287819E-03  0.162564E+07  0.162563E+07  0.210217E+07  0.210101E+07  0.162418E+07  0.162557E+07
  0.297574E-03  0.162559E+07  0.162558E+07  0.209766E+07  0.209643E+07  0.162403E+07  0.162552E+07
  0.307661E-03  0.162554E+07  0.162553E+07  0.209286E+07  0.209154E+07  0.162387E+07  0.162546E+07
  0.318089E-03  0.162548E+07  0.162547E+07  0.208774E+07  0.208633E+07  0.162370E+07  0.162540E+07
  0.328871E-03  0.162542E+07  0.162540E+07  0.208227E+07  0.208078E+07  0.162352E+07  0.162533E+07
  0.340018E-03  0.162535E+07  0.162534E+07  0.207645E+07  0.207485E+07  0.162333E+07  0.162526E+07
  0.351543E-03  0.162528E+07  0.162527E+07  0.207023E+07  0.206854E+07  0.162312E+07  0.162518E+07
  0.363458E-03  0.162521E+07  0.162519E+07  0.206361E+07  0.206181E+07  0.162289E+07  0.162510E+07
  0.375778E-03  0.162513E+07  0.162511E+07  0.205656E+07  0.205464E+07  0.162266E+07  0.162502E+07
  0.388515E-03  0.162504E+07  0.162502E+07  0.204904E+07  0.204700E+07  0.162240E+07  0.162492E+07
  0.401683E-03  0.162495E+07  0.162493E+07  0.204104E+07  0.203886E+07  0.162213E+07  0.162482E+07
  0.415298E-03  0.162485E+07  0.162483E+07  0.203251E+07  0.203019E+07  0.162184E+07  0.162472E+07
  0.429375E-03  0.162475E+07  0.162473E+07  0.202343E+07  0.202097E+07  0.162153E+07  0.162460E+07
  0.443929E-03  0.162463E+07  0.162461E+07  0.201377E+07  0.201115E+07  0.162120E+07  0.162448E+07
  0.458976E-03  0.162452E+07  0.162449E+07  0.200349E+07  0.200070E+07  0.162085E+07  0.162435E+07
  0.474533E-03  0.162439E+07  0.162436E+07  0.199255E+07  0.198959E+07  0.162047E+07  0.162421E+07
  0.490617E-03  0.162425E+07  0.162423E+07  0.198092E+07  0.197778E+07  0.162007E+07  0.162407E+07
  0.507247E-03  0.162411E+07  0.162408E+07  0.196856E+07  0.196523E+07  0.161964E+07  0.162391E+07
  0.524440E-03  0.162395E+07  0.162392E+07  0.195542E+07  0.195189E+07  0.161918E+07  0.162374E+07
  0.542216E-03  0.162379E+07  0.162376E+07  0.194147E+07  0.193773E+07  0.161869E+07  0.162356E+07
  0.560594E-03  0.162361E+07  0.162358E+07  0.192666E+07  0.192270E+07  0.161816E+07  0.162337E+07
  0.579596E-03  0.162342E+07  0.162339E+07  0.191094E+07  0.190675E+07  0.161760E+07  0.162316E+07
  0.599241E-03  0.162322E+07  0.162318E+07  0.189428E+07  0.188984E+07  0.161700E+07  0.162294E+07
  0.619552E-03  0.162301E+07  0.162297E+07  0.187661E+07  0.187191E+07  0.161636E+07  0.162271E+07
  0.640552E-03  0.162278E+07  0.162273E+07  0.185789E+07  0.185293E+07  0.161568E+07  0.162246E+07
  0.662264E-03  0.162253E+07  0.162248E+07  0.183808E+07  0.183284E+07  0.161496E+07  0.162219E+07
  0.684711E-03  0.162227E+07  0.162222E+07  0.181711E+07  0.181159E+07  0.161418E+07  0.162191E+07
  0.707920E-03  0.162199E+07  0.162194E+07  0.179495E+07  0.178914E+07  0.161335E+07  0.162161E+07
  0.731915E-03  0.162169E+07  0.162164E+07  0.177154E+07  0.176542E+07  0.161246E+07  0.162128E+07
  0.756723E-03  0.162138E+07  0.162131E+07  0.174683E+07  0.174039E+07  0.161152E+07  0.162094E+07
  0.782372E-03  0.162104E+07  0.162097E+07  0.172077E+07  0.171401E+07  0.161051E+07  0.162057E+07
  0.808891E-03  0.162067E+07  0.162061E+07  0.169332E+07  0.168623E+07  0.160944E+07  0.162018E+07
  0.836308E-03  0.162029E+07  0.162022E+07  0.166442E+07  0.165700E+07  0.160829E+07  0.161976E+07
  0.864655E-03  0.161988E+07  0.161980E+07  0.163405E+07  0.162629E+07  0.160706E+07  0.161931E+07
  0.893963E-03  0.161944E+07  0.161936E+07  0.160215E+07  0.159406E+07  0.160576E+07  0.161883E+07
  0.924264E-03  0.161897E+07  0.161888E+07  0.156871E+07  0.156027E+07  0.160437E+07  0.161832E+07
  0.955592E-03  0.161847E+07  0.161838E+07  0.153368E+07  0.152491E+07  0.160289E+07  0.161778E+07
  0.987981E-03  0.161794E+07  0.161784E+07  0.149706E+07  0.148795E+07  0.160130E+07  0.161720E+07
  0.102147E-02  0.161738E+07  0.161727E+07  0.145882E+07  0.144938E+07  0.159962E+07  0.161659E+07
  0.105609E-02  0.161678E+07  0.161666E+07  0.141897E+07  0.140922E+07  0.159782E+07  0.161593E+07
  0.109189E-02  0.161614E+07  0.161601E+07  0.137752E+07  0.136746E+07  0.159591E+07  0.161524E+07
  0.112890E-02  0.161545E+07  0.161532E+07  0.133448E+07  0.132414E+07  0.159387E+07  0.161449E+07
  0.116716E-02  0.161473E+07  0.161458E+07  0.128989E+07  0.127930E+07  0.159171E+07  0.161370E+07
  0.120672E-02  0.161395E+07  0.161380E+07  0.124381E+07  0.123298E+07  0.158940E+07  0.161286E+07
  0.124763E-02  0.161313E+07  0.161297E+07  0.119630E+07  0.118527E+07  0.158694E+07  0.161197E+07
  0.128991E-02  0.161226E+07  0.161208E+07  0.114745E+07  0.113626E+07  0.158433E+07  0.161101E+07
  0.133364E-02  0.161133E+07  0.161114E+07  0.109737E+07  0.108606E+07  0.158155E+07  0.161000E+07
  0.137884E-02  0.161034E+07  0.161014E+07  0.104619E+07  0.103482E+07  0.157859E+07  0.160893E+07
  0.142558E-02  0.160929E+07  0.160907E+07  0.994070E+06  0.982684E+06  0.157545E+07  0.160778E+07
  0.147390E-02  0.160817E+07  0.160794E+07  0.941189E+06  0.929848E+06  0.157211E+07  0.160657E+07
  0.152385E-02  0.160699E+07  0.160675E+07  0.887755E+06  0.876521E+06  0.156857E+07  0.160528E+07
  0.157550E-02  0.160573E+07  0.160547E+07  0.833999E+06  0.822940E+06  0.156481E+07  0.160391E+07
  0.162891E-02  0.160440E+07  0.160412E+07  0.780182E+06  0.769366E+06  0.156082E+07  0.160246E+07
  0.168412E-02  0.160299E+07  0.160269E+07  0.726585E+06  0.716083E+06  0.155658E+07  0.160092E+07
  0.174120E-02  0.160149E+07  0.160117E+07  0.673517E+06  0.663398E+06  0.155210E+07  0.159929E+07
  0.180022E-02  0.159990E+07  0.159957E+07  0.621303E+06  0.611636E+06  0.154734E+07  0.159757E+07
  0.186124E-02  0.159823E+07  0.159786E+07  0.570289E+06  0.561135E+06  0.154231E+07  0.159574E+07
  0.192432E-02  0.159645E+07  0.159606E+07  0.520827E+06  0.512241E+06  0.153698E+07  0.159381E+07
  0.198955E-02  0.159457E+07  0.159416E+07  0.473278E+06  0.465305E+06  0.153135E+07  0.159176E+07
  0.205699E-02  0.159258E+07  0.159214E+07  0.428000E+06  0.420668E+06  0.152540E+07  0.158960E+07
  0.212671E-02  0.159049E+07  0.159002E+07  0.385335E+06  0.378659E+06  0.151911E+07  0.158731E+07
  0.219879E-02  0.158827E+07  0.158777E+07  0.345605E+06  0.339576E+06  0.151247E+07  0.158490E+07
  0.227332E-02  0.158593E+07  0.158540E+07  0.309097E+06  0.303685E+06  0.150548E+07  0.158236E+07
  0.235038E-02  0.158347E+07  0.158290E+07  0.276052E+06  0.271198E+06  0.149810E+07  0.157967E+07
  0.243004E-02  0.158087E+07  0.158026E+07  0.246648E+06  0.242266E+06  0.149034E+07  0.157684E+07
  0.251241E-02  0.157814E+07  0.157749E+07  0.220994E+06  0.216970E+06  0.148218E+07  0.157387E+07
  0.259757E-02  0.157526E+07  0.157456E+07  0.199111E+06  0.195303E+06  0.147361E+07  0.157073E+07
  0.268561E-02  0.157223E+07  0.157149E+07  0.180930E+06  0.177170E+06  0.146460E+07  0.156744E+07
  0.277664E-02  0.156905E+07  0.156826E+07  0.166275E+06  0.162379E+06  0.145517E+07  0.156398E+07
  0.287076E-02  0.156571E+07  0.156486E+07  0.154871E+06  0.150640E+06  0.144528E+07  0.156034E+07
  0.296806E-02  0.156220E+07  0.156129E+07  0.146339E+06  0.141573E+06  0.143494E+07  0.155653E+07
  0.306866E-02  0.155852E+07  0.155755E+07  0.140207E+06  0.134720E+06  0.142413E+07  0.155253E+07
  0.317268E-02  0.155466E+07  0.155363E+07  0.135925E+06  0.129560E+06  0.141285E+07  0.154834E+07
  0.328021E-02  0.155062E+07  0.154951E+07  0.132892E+06  0.125536E+06  0.140110E+07  0.154395E+07
  0.339140E-02  0.154638E+07  0.154521E+07  0.130484E+06  0.122086E+06  0.138886E+07  0.153935E+07
  0.350635E-02  0.154195E+07  0.154070E+07  0.128092E+06  0.118683E+06  0.137615E+07  0.153455E+07
  0.362520E-02  0.153732E+07  0.153598E+07  0.125168E+06  0.114869E+06  0.136295E+07  0.152953E+07
  0.374807E-02  0.153248E+07  0.153105E+07  0.121264E+06  0.110295E+06  0.134928E+07  0.152430E+07
  0.387512E-02  0.152742E+07  0.152590E+07  0.116076E+06  0.104756E+06  0.133514E+07  0.151883E+07
  0.400646E-02  0.152215E+07  0.152052E+07  0.109479E+06  0.982114E+05  0.132053E+07  0.151313E+07
  0.414226E-02  0.151664E+07  0.151491E+07  0.101542E+06  0.907932E+05  0.130547E+07  0.150719E+07
  0.428266E-02  0.151090E+07  0.150905E+07  0.925350E+05  0.827949E+05  0.128997E+07  0.150101E+07
  0.442783E-02  0.150492E+07  0.150295E+07  0.829016E+05  0.746376E+05  0.127405E+07  0.149458E+07
  0.457791E-02  0.149870E+07  0.149659E+07  0.732131E+05  0.668151E+05  0.125772E+07  0.148789E+07
  0.473308E-02  0.149222E+07  0.148998E+07  0.640961E+05  0.598214E+05  0.124100E+07  0.148095E+07
  0.489350E-02  0.148548E+07  0.148309E+07  0.561423E+05  0.540690E+05  0.122392E+07  0.147374E+07
  0.505937E-02  0.147848E+07  0.147593E+07  0.498116E+05  0.498106E+05  0.120649E+07  0.146626E+07
  0.523086E-02  0.147121E+07  0.146850E+07  0.453443E+05  0.470796E+05  0.118876E+07  0.145851E+07
  0.540816E-02  0.146367E+07  0.146078E+07  0.427014E+05  0.456654E+05  0.117074E+07  0.145048E+07
  0.559147E-02  0.145585E+07  0.145277E+07  0.415502E+05  0.451351E+05  0.115247E+07  0.144218E+07
  0.578099E-02  0.144775E+07  0.144447E+07  0.000000E+00  0.000000E+00  0.113396E+07  0.143359E+07
  0.597694E-02  0.143937E+07  0.143587E+07  0.000000E+00  0.000000E+00  0.111525E+07  0.142473E+07
  0.617953E-02  0.143070E+07  0.142697E+07  0.000000E+00  0.000000E+00  0.109636E+07  0.141557E+07
  0.638899E-02  0.142173E+07  0.141777E+07  0.000000E+00  0.000000E+00  0.107732E+07  0.140613E+07
  0.660554E-02  0.141247E+07  0.140825E+07  0.000000E+00  0.000000E+00  0.105815E+07  0.139640E+07
  0.682944E-02  0.140292E+07  0.139843E+07  0.000000E+00  0.000000E+00  0.103886E+07  0.138638E+07
  0.706092E-02  0.139307E+07  0.138829E+07  0.000000E+00  0.000000E+00  0.101947E+07  0.137607E+07
  0.730025E-02  0.138292E+07  0.137783E+07  0.000000E+00  0.000000E+00  0.999998E+06  0.136546E+07
  0.754769E-02  0.137247E+07  0.136706E+07  0.000000E+00  0.000000E+00  0.980444E+06  0.135456E+07
  0.780352E-02  0.136171E+07  0.135596E+07  0.000000E+00  0.000000E+00  0.960815E+06  0.134336E+07
  0.806802E-02  0.135065E+07  0.134454E+07  0.000000E+00  0.000000E+00  0.941114E+06  0.133187E+07
  0.834149E-02  0.133929E+07  0.133279E+07  0.000000E+00  0.000000E+00  0.921339E+06  0.132008E+07
  0.862423E-02  0.132762E+07  0.132071E+07  0.000000E+00  0.000000E+00  0.901489E+06  0.130798E+07
  0.891655E-02  0.131564E+07  0.130830E+07  0.000000E+00  0.000000E+00  0.881562E+06  0.129559E+07
  0.921878E-02  0.130335E+07  0.129556E+07  0.000000E+00  0.000000E+00  0.861556E+06  0.128289E+07
  0.953125E-02  0.129076E+07  0.128248E+07  0.000000E+00  0.000000E+00  0.841470E+06  0.126989E+07
  0.985431E-02  0.127785E+07  0.126907E+07  0.000000E+00  0.000000E+00  0.821306E+06  0.125658E+07
  0.101883E-01  0.126463E+07  0.125531E+07  0.000000E+00  0.000000E+00  0.801067E+06  0.124297E+07
  0.105337E-01  0.125109E+07  0.124121E+07  0.000000E+00  0.000000E+00  0.780763E+06  0.122905E+07
  0.108907E-01  0.123724E+07  0.122677E+07  0.000000E+00  0.000000E+00  0.760402E+06  0.121481E+07
  0.112598E-01  0.122307E+07  0.121197E+07  0.000000E+00  0.000000E+00  0.739998E+06  0.120027E+07
  0.116415E-01  0.120858E+07  0.119683E+07  0.000000E+00  0.000000E+00  0.719569E+06  0.118541E+07
  0.120361E-01  0.119377E+07  0.118133E+07  0.000000E+00  0.000000E+00  0.699131E+06  0.117024E+07
  0.124440E-01  0.117863E+07  0.116547E+07  0.000000E+00  0.000000E+00  0.678705E+06  0.115476E+07
  0.128658E-01  0.116318E+07  0.114926E+07  0.000000E+00  0.000000E+00  0.658312E+06  0.113896E+07
  0.133019E-01  0.114739E+07  0.113268E+07  0.000000E+00  0.000000E+00  0.637972E+06  0.112284E+07
  0.137528E-01  0.113128E+07  0.111575E+07  0.000000E+00  0.000000E+00  0.617707E+06  0.110642E+07
  0.142189E-01  0.111484E+07  0.109845E+07  0.000000E+00  0.000000E+00  0.597537E+06  0.108967E+07
  0.147009E-01  0.109808E+07  0.108079E+07  0.000000E+00  0.000000E+00  0.577483E+06  0.107262E+07
  0.151992E-01  0.108100E+07  0.106278E+07  0.000000E+00  0.000000E+00  0.557565E+06  0.105525E+07
  0.157144E-01  0.106359E+07  0.104440E+07  0.000000E+00  0.000000E+00  0.537802E+06  0.103758E+07
  0.162470E-01  0.104586E+07  0.102567E+07  0.000000E+00  0.000000E+00  0.518213E+06  0.101961E+07
  0.167977E-01  0.102781E+07  0.100660E+07  0.000000E+00  0.000000E+00  0.498819E+06  0.100133E+07
  0.173671E-01  0.100945E+07  0.987177E+06  0.000000E+00  0.000000E+00  0.479638E+06  0.982758E+06
  0.179557E-01  0.990788E+06  0.967424E+06  0.000000E+00  0.000000E+00  0.460689E+06  0.963901E+06
  0.185643E-01  0.971827E+06  0.947347E+06  0.000000E+00  0.000000E+00  0.441994E+06  0.944764E+06
  0.191936E-01  0.952576E+06  0.926959E+06  0.000000E+00  0.000000E+00  0.423570E+06  0.925360E+06
  0.198441E-01  0.933048E+06  0.906276E+06  0.000000E+00  0.000000E+00  0.405438E+06  0.905700E+06
  0.205168E-01  0.913255E+06  0.885315E+06  0.000000E+00  0.000000E+00  0.387617E+06  0.885798E+06
  0.212122E-01  0.893214E+06  0.864098E+06  0.000000E+00  0.000000E+00  0.370127E+06  0.865672E+06
  0.219312E-01  0.872942E+06  0.842648E+06  0.000000E+00  0.000000E+00  0.352987E+06  0.845340E+06
  0.226745E-01  0.852461E+06  0.820996E+06  0.000000E+00  0.000000E+00  0.336215E+06  0.824824E+06
  0.234431E-01  0.831794E+06  0.799172E+06  0.000000E+00  0.000000E+00  0.319829E+06  0.804150E+06
  0.242377E-01  0.810968E+06  0.777213E+06  0.000000E+00  0.000000E+00  0.303847E+06  0.783345E+06
  0.250592E-01  0.790015E+06  0.755161E+06  0.000000E+00  0.000000E+00  0.288287E+06  0.762443E+06
  0.259086E-01  0.768969E+06  0.733061E+06  0.000000E+00  0.000000E+00  0.273166E+06  0.741478E+06
  0.267868E-01  0.747868E+06  0.710963E+06  0.000000E+00  0.000000E+00  0.258500E+06  0.720490E+06
  0.276947E-01  0.726755E+06  0.688924E+06  0.000000E+00  0.000000E+00  0.244307E+06  0.699523E+06
  0.286334E-01  0.705676E+06  0.667003E+06  0.000000E+00  0.000000E+00  0.230602E+06  0.678623E+06
  0.296040E-01  0.684681E+06  0.645267E+06  0.000000E+00  0.000000E+00  0.217401E+06  0.657843E+06
  0.306074E-01  0.663825E+06  0.623783E+06  0.000000E+00  0.000000E+00  0.204717E+06  0.637237E+06
  0.316449E-01  0.643166E+06  0.602627E+06  0.000000E+00  0.000000E+00  0.192559E+06  0.616864E+06
  0.327175E-01  0.622765E+06  0.581874E+06  0.000000E+00  0.000000E+00  0.180935E+06  0.596785E+06
  0.338264E-01  0.605316E+06  0.564222E+06  0.000000E+00  0.000000E+00  0.162786E+06  0.579272E+06
  0.349730E-01  0.585735E+06  0.544624E+06  0.000000E+00  0.000000E+00  0.152396E+06  0.560086E+06
  0.361584E-01  0.566600E+06  0.525661E+06  0.000000E+00  0.000000E+00  0.142539E+06  0.541383E+06
  0.373840E-01  0.547731E+06  0.507161E+06  0.000000E+00  0.000000E+00  0.133157E+06  0.522987E+06
  0.386511E-01  0.529394E+06  0.489402E+06  0.000000E+00  0.000000E+00  0.124306E+06  0.505157E+06
  0.399612E-01  0.511681E+06  0.472482E+06  0.000000E+00  0.000000E+00  0.115999E+06  0.487985E+06
  0.413157E-01  0.494661E+06  0.456473E+06  0.000000E+00  0.000000E+00  0.108236E+06  0.471534E+06
  0.427161E-01  0.478388E+06  0.441427E+06  0.000000E+00  0.000000E+00  0.100999E+06  0.455859E+06
  0.441639E-01  0.461189E+06  0.425668E+06  0.000000E+00  0.000000E+00  0.966991E+05  0.439459E+06
  0.456609E-01  0.446446E+06  0.412556E+06  0.000000E+00  0.000000E+00  0.903727E+05  0.425353E+06
  0.472086E-01  0.432497E+06  0.400412E+06  0.000000E+00  0.000000E+00  0.844750E+05  0.412053E+06
  0.488087E-01  0.419312E+06  0.389181E+06  0.000000E+00  0.000000E+00  0.790002E+05  0.399528E+06
  0.504631E-01  0.406841E+06  0.378780E+06  0.000000E+00  0.000000E+00  0.739300E+05  0.387724E+06
  0.521736E-01  0.395029E+06  0.369113E+06  0.000000E+00  0.000000E+00  0.692181E+05  0.376577E+06
  0.539420E-01  0.384789E+06  0.361044E+06  0.000000E+00  0.000000E+00  0.637902E+05  0.366908E+06
  0.557704E-01  0.374061E+06  0.352467E+06  0.000000E+00  0.000000E+00  0.596558E+05  0.356824E+06
  0.576607E-01  0.363734E+06  0.344215E+06  0.000000E+00  0.000000E+00  0.557953E+05  0.347123E+06
  0.596151E-01  0.353710E+06  0.336133E+06  0.000000E+00  0.000000E+00  0.521704E+05  0.337701E+06
  0.616357E-01  0.343885E+06  0.328061E+06  0.000000E+00  0.000000E+00  0.487271E+05  0.328445E+06
  0.637249E-01  0.333455E+06  0.319148E+06  0.000000E+00  0.000000E+00  0.460049E+05  0.318602E+06
  0.658849E-01  0.323660E+06  0.310584E+06  0.000000E+00  0.000000E+00  0.429007E+05  0.309302E+06
  0.681181E-01  0.313707E+06  0.301546E+06  0.000000E+00  0.000000E+00  0.399199E+05  0.299804E+06
  0.704269E-01  0.303489E+06  0.291909E+06  0.000000E+00  0.000000E+00  0.370496E+05  0.290002E+06
  0.728140E-01  0.293128E+06  0.281795E+06  0.000000E+00  0.000000E+00  0.340771E+05  0.280003E+06
  0.752820E-01  0.282253E+06  0.270855E+06  0.000000E+00  0.000000E+00  0.314256E+05  0.269474E+06
  0.778338E-01  0.271072E+06  0.259341E+06  0.000000E+00  0.000000E+00  0.288936E+05  0.258612E+06
  0.804719E-01  0.259673E+06  0.247403E+06  0.000000E+00  0.000000E+00  0.264747E+05  0.247513E+06
  0.831996E-01  0.248182E+06  0.235252E+06  0.000000E+00  0.000000E+00  0.241889E+05  0.236311E+06
  0.860197E-01  0.236751E+06  0.223139E+06  0.000000E+00  0.000000E+00  0.220400E+05  0.225169E+06
  0.889353E-01  0.225550E+06  0.211335E+06  0.000000E+00  0.000000E+00  0.200548E+05  0.214268E+06
  0.919498E-01  0.214764E+06  0.200128E+06  0.000000E+00  0.000000E+00  0.182315E+05  0.203800E+06
  0.950664E-01  0.204591E+06  0.189805E+06  0.000000E+00  0.000000E+00  0.165802E+05  0.193972E+06
  0.982887E-01  0.195231E+06  0.180626E+06  0.000000E+00  0.000000E+00  0.150955E+05  0.184983E+06
  0.101620E+00  0.186843E+06  0.172778E+06  0.000000E+00  0.000000E+00  0.137850E+05  0.176993E+06
  0.105065E+00  0.179493E+06  0.166312E+06  0.000000E+00  0.000000E+00  0.126403E+05  0.170059E+06
  0.108626E+00  0.173111E+06  0.161094E+06  0.000000E+00  0.000000E+00  0.116303E+05  0.164104E+06
  0.112308E+00  0.167497E+06  0.156820E+06  0.000000E+00  0.000000E+00  0.107404E+05  0.158918E+06
  0.116114E+00  0.162369E+06  0.153072E+06  0.000000E+00  0.000000E+00  0.992931E+04  0.154207E+06
  0.120050E+00  0.157431E+06  0.149405E+06  0.000000E+00  0.000000E+00  0.918152E+04  0.149663E+06
  0.124119E+00  0.152421E+06  0.145419E+06  0.000000E+00  0.000000E+00  0.846995E+04  0.145010E+06
  0.128326E+00  0.147117E+06  0.140792E+06  0.000000E+00  0.000000E+00  0.778423E+04  0.140019E+06
  0.132676E+00  0.141358E+06  0.135319E+06  0.000000E+00  0.000000E+00  0.711845E+04  0.134529E+06
  0.137173E+00  0.135085E+06  0.128969E+06  0.000000E+00  0.000000E+00  0.646494E+04  0.128487E+06
  0.141822E+00  0.128406E+06  0.121951E+06  0.000000E+00  0.000000E+00  0.583780E+04  0.122014E+06
  0.146629E+00  0.121597E+06  0.114698E+06  0.000000E+00  0.000000E+00  0.524718E+04  0.115401E+06
  0.151600E+00  0.115021E+06  0.107749E+06  0.000000E+00  0.000000E+00  0.471206E+04  0.109024E+06
  0.156738E+00  0.109002E+06  0.101590E+06  0.000000E+00  0.000000E+00  0.423566E+04  0.103223E+06
  0.162051E+00  0.103754E+06  0.965256E+05  0.000000E+00  0.000000E+00  0.382691E+04  0.982147E+05
  0.167543E+00  0.993436E+05  0.926252E+05  0.000000E+00  0.000000E+00  0.347881E+04  0.940656E+05
  0.173222E+00  0.956701E+05  0.896913E+05  0.000000E+00  0.000000E+00  0.318162E+04  0.906619E+05
  0.179094E+00  0.924529E+05  0.872751E+05  0.000000E+00  0.000000E+00  0.291977E+04  0.877064E+05
  0.185164E+00  0.893005E+05  0.847982E+05  0.000000E+00  0.000000E+00  0.267594E+04  0.847927E+05
  0.191440E+00  0.858659E+05  0.817734E+05  0.000000E+00  0.000000E+00  0.243961E+04  0.815651E+05
  0.197929E+00  0.819926E+05  0.780038E+05  0.000000E+00  0.000000E+00  0.220747E+04  0.778670E+05
  0.204638E+00  0.777733E+05  0.736590E+05  0.000000E+00  0.000000E+00  0.198197E+04  0.738000E+05
  0.211574E+00  0.735013E+05  0.691959E+05  0.000000E+00  0.000000E+00  0.177195E+04  0.696724E+05
  0.218745E+00  0.695281E+05  0.651437E+05  0.000000E+00  0.000000E+00  0.158566E+04  0.658503E+05
  0.226160E+00  0.661040E+05  0.618625E+05  0.000000E+00  0.000000E+00  0.142669E+04  0.625916E+05
  0.233826E+00  0.632765E+05  0.593887E+05  0.000000E+00  0.000000E+00  0.129258E+04  0.599399E+05
  0.241751E+00  0.608405E+05  0.573945E+05  0.000000E+00  0.000000E+00  0.117653E+04  0.576782E+05
  0.249945E+00  0.584570E+05  0.553775E+05  0.000000E+00  0.000000E+00  0.106966E+04  0.554545E+05
  0.258417E+00  0.558830E+05  0.529878E+05  0.000000E+00  0.000000E+00  0.966881E+03  0.530184E+05
  0.267176E+00  0.530688E+05  0.501882E+05  0.000000E+00  0.000000E+00  0.867223E+03  0.503244E+05
  0.276232E+00  0.502066E+05  0.472867E+05  0.000000E+00  0.000000E+00  0.774607E+03  0.475758E+05
  0.285595E+00  0.475889E+05  0.447089E+05  0.000000E+00  0.000000E+00  0.693428E+03  0.450748E+05
  0.295275E+00  0.453459E+05  0.426377E+05  0.000000E+00  0.000000E+00  0.624153E+03  0.429547E+05
  0.305284E+00  0.433928E+05  0.409283E+05  0.000000E+00  0.000000E+00  0.564041E+03  0.411243E+05
  0.315631E+00  0.415042E+05  0.392429E+05  0.000000E+00  0.000000E+00  0.509469E+03  0.393491E+05
  0.326330E+00  0.395183E+05  0.373564E+05  0.000000E+00  0.000000E+00  0.457769E+03  0.374636E+05
  0.337391E+00  0.374704E+05  0.353401E+05  0.000000E+00  0.000000E+00  0.409260E+03  0.355078E+05
  0.348827E+00  0.355284E+05  0.334498E+05  0.000000E+00  0.000000E+00  0.366009E+03  0.336567E+05
  0.360650E+00  0.338084E+05  0.318465E+05  0.000000E+00  0.000000E+00  0.328385E+03  0.320292E+05
  0.372875E+00  0.322509E+05  0.304338E+05  0.000000E+00  0.000000E+00  0.295452E+03  0.305619E+05
  0.385513E+00  0.307209E+05  0.290127E+05  0.000000E+00  0.000000E+00  0.265312E+03  0.291152E+05
  0.398580E+00  0.291696E+05  0.275223E+05  0.000000E+00  0.000000E+00  0.237354E+03  0.276401E+05
  0.412090E+00  0.276720E+05  0.260812E+05  0.000000E+00  0.000000E+00  0.212077E+03  0.262158E+05
  0.426058E+00  0.263016E+05  0.247952E+05  0.000000E+00  0.000000E+00  0.189936E+03  0.249179E+05
  0.440499E+00  0.250315E+05  0.236189E+05  0.000000E+00  0.000000E+00  0.170275E+03  0.237176E+05
  0.455430E+00  0.237909E+05  0.224507E+05  0.000000E+00  0.000000E+00  0.152386E+03  0.225421E+05
  0.470867E+00  0.225771E+05  0.212925E+05  0.000000E+00  0.000000E+00  0.136129E+03  0.213896E+05
  0.486827E+00  0.214342E+05  0.202116E+05  0.000000E+00  0.000000E+00  0.121623E+03  0.203059E+05
  0.503328E+00  0.203675E+05  0.192136E+05  0.000000E+00  0.000000E+00  0.108776E+03  0.192964E+05
  0.520388E+00  0.193430E+05  0.182490E+05  0.000000E+00  0.000000E+00  0.971741E+02  0.183259E+05
  0.538027E+00  0.183544E+05  0.173116E+05  0.000000E+00  0.000000E+00  0.867501E+02  0.173882E+05
  0.556263E+00  0.174200E+05  0.164303E+05  0.000000E+00  0.000000E+00  0.774309E+02  0.165028E+05
  0.575118E+00  0.165368E+05  0.156000E+05  0.000000E+00  0.000000E+00  0.691316E+02  0.156664E+05
  0.594612E+00  0.156905E+05  0.148008E+05  0.000000E+00  0.000000E+00  0.616801E+02  0.148643E+05
  0.614766E+00  0.148839E+05  0.140391E+05  0.000000E+00  0.000000E+00  0.549961E+02  0.140999E+05
  0.635604E+00  0.141203E+05  0.133197E+05  0.000000E+00  0.000000E+00  0.490488E+02  0.133765E+05
  0.657148E+00  0.133928E+05  0.126336E+05  0.000000E+00  0.000000E+00  0.437204E+02  0.126873E+05
  0.679422E+00  0.127000E+05  0.119796E+05  0.000000E+00  0.000000E+00  0.389527E+02  0.120307E+05
  0.702451E+00  0.120426E+05  0.113598E+05  0.000000E+00  0.000000E+00  0.346935E+02  0.114079E+05
  0.726261E+00  0.114172E+05  0.107700E+05  0.000000E+00  0.000000E+00  0.309026E+02  0.108155E+05
  0.750877E+00  0.108227E+05  0.102091E+05  0.000000E+00  0.000000E+00  0.275141E+02  0.102522E+05
  0.776328E+00  0.102581E+05  0.967657E+04  0.000000E+00  0.000000E+00  0.244886E+02  0.971725E+04
  0.802642E+00  0.972138E+04  0.917029E+04  0.000000E+00  0.000000E+00  0.217951E+02  0.920880E+04
  0.829848E+00  0.921167E+04  0.868951E+04  0.000000E+00  0.000000E+00  0.193831E+02  0.872592E+04
  0.857975E+00  0.872760E+04  0.823291E+04  0.000000E+00  0.000000E+00  0.172445E+02  0.826733E+04
  0.887057E+00  0.826791E+04  0.779929E+04  0.000000E+00  0.000000E+00  0.153340E+02  0.783184E+04
  0.917123E+00  0.783156E+04  0.738770E+04  0.000000E+00  0.000000E+00  0.136286E+02  0.741847E+04
  0.948209E+00  0.741733E+04  0.699696E+04  0.000000E+00  0.000000E+00  0.121131E+02  0.702606E+04
  0.980349E+00  0.702420E+04  0.662613E+04  0.000000E+00  0.000000E+00  0.107631E+02  0.665364E+04
  0.101358E+01  0.665110E+04  0.627419E+04  0.000000E+00  0.000000E+00  0.956000E+01  0.630020E+04
  0.104793E+01  0.629706E+04  0.594023E+04  0.000000E+00  0.000000E+00  0.849002E+01  0.596482E+04
  0.108345E+01  0.596118E+04  0.562339E+04  0.000000E+00  0.000000E+00  0.753831E+01  0.564664E+04
  0.112018E+01  0.564258E+04  0.532286E+04  0.000000E+00  0.000000E+00  0.669274E+01  0.534483E+04
  0.115815E+01  0.534045E+04  0.503786E+04  0.000000E+00  0.000000E+00  0.594057E+01  0.505863E+04
  0.119740E+01  0.505396E+04  0.476761E+04  0.000000E+00  0.000000E+00  0.527118E+01  0.478724E+04
  0.123799E+01  0.478234E+04  0.451139E+04  0.000000E+00  0.000000E+00  0.467748E+01  0.452994E+04
  0.127995E+01  0.452483E+04  0.426848E+04  0.000000E+00  0.000000E+00  0.414950E+01  0.428601E+04
  0.132333E+01  0.428075E+04  0.403823E+04  0.000000E+00  0.000000E+00  0.367933E+01  0.405480E+04
  0.136819E+01  0.404942E+04  0.382001E+04  0.000000E+00  0.000000E+00  0.326207E+01  0.383567E+04
  0.141456E+01  0.383021E+04  0.361323E+04  0.000000E+00  0.000000E+00  0.289226E+01  0.362803E+04
  0.146251E+01  0.362250E+04  0.341729E+04  0.000000E+00  0.000000E+00  0.256326E+01  0.343128E+04
  0.151208E+01  0.342571E+04  0.323165E+04  0.000000E+00  0.000000E+00  0.227213E+01  0.324487E+04
  0.156333E+01  0.323930E+04  0.305581E+04  0.000000E+00  0.000000E+00  0.201371E+01  0.306829E+04
  0.161632E+01  0.306275E+04  0.288927E+04  0.000000E+00  0.000000E+00  0.178357E+01  0.290107E+04
  0.167111E+01  0.289557E+04  0.273156E+04  0.000000E+00  0.000000E+00  0.157984E+01  0.274270E+04
  0.172775E+01  0.273726E+04  0.258221E+04  0.000000E+00  0.000000E+00  0.139968E+01  0.259274E+04
  0.178631E+01  0.258737E+04  0.244082E+04  0.000000E+00  0.000000E+00  0.123897E+01  0.245076E+04
  0.184686E+01  0.244546E+04  0.230695E+04  0.000000E+00  0.000000E+00  0.109708E+01  0.231635E+04
  0.190946E+01  0.231114E+04  0.218024E+04  0.000000E+00  0.000000E+00  0.971153E+00  0.218912E+04
  0.197418E+01  0.218399E+04  0.206030E+04  0.000000E+00  0.000000E+00  0.859648E+00  0.206868E+04
  0.204110E+01  0.206367E+04  0.194679E+04  0.000000E+00  0.000000E+00  0.760498E+00  0.195471E+04
  0.211028E+01  0.194982E+04  0.183939E+04  0.000000E+00  0.000000E+00  0.673058E+00  0.184686E+04
  0.218181E+01  0.184209E+04  0.173777E+04  0.000000E+00  0.000000E+00  0.595470E+00  0.174483E+04
  0.225576E+01  0.174018E+04  0.164163E+04  0.000000E+00  0.000000E+00  0.526755E+00  0.164829E+04
  0.233222E+01  0.164377E+04  0.155068E+04  0.000000E+00  0.000000E+00  0.466143E+00  0.155698E+04
  0.241127E+01  0.155258E+04  0.146465E+04  0.000000E+00  0.000000E+00  0.412244E+00  0.147060E+04
  0.249300E+01  0.146633E+04  0.138329E+04  0.000000E+00  0.000000E+00  0.364506E+00  0.138890E+04
  0.257750E+01  0.138476E+04  0.130634E+04  0.000000E+00  0.000000E+00  0.322319E+00  0.131164E+04
  0.266486E+01  0.130763E+04  0.123358E+04  0.000000E+00  0.000000E+00  0.284923E+00  0.123858E+04
  0.275519E+01  0.123471E+04  0.116479E+04  0.000000E+00  0.000000E+00  0.251881E+00  0.116951E+04
  0.284858E+01  0.116577E+04  0.109975E+04  0.000000E+00  0.000000E+00  0.222625E+00  0.110421E+04
  0.294513E+01  0.110060E+04  0.103827E+04  0.000000E+00  0.000000E+00  0.196720E+00  0.104248E+04
  0.304496E+01  0.103899E+04  0.980151E+03  0.000000E+00  0.000000E+00  0.173886E+00  0.984124E+03
  0.314817E+01  0.980761E+03  0.925220E+03  0.000000E+00  0.000000E+00  0.153727E+00  0.928969E+03
  0.325487E+01  0.925730E+03  0.873305E+03  0.000000E+00  0.000000E+00  0.135774E+00  0.876844E+03
  0.336520E+01  0.873730E+03  0.824249E+03  0.000000E+00  0.000000E+00  0.120007E+00  0.827589E+03
  0.347926E+01  0.824594E+03  0.777895E+03  0.000000E+00  0.000000E+00  0.105952E+00  0.781048E+03
  0.359719E+01  0.778169E+03  0.734099E+03  0.000000E+00  0.000000E+00  0.935541E-01  0.737074E+03
  0.371912E+01  0.734306E+03  0.692720E+03  0.000000E+00  0.000000E+00  0.826276E-01  0.695527E+03
  0.384518E+01  0.692870E+03  0.653630E+03  0.000000E+00  0.000000E+00  0.730023E-01  0.656279E+03
  0.397551E+01  0.653730E+03  0.616706E+03  0.000000E+00  0.000000E+00  0.644074E-01  0.619206E+03
  0.411026E+01  0.616765E+03  0.581833E+03  0.000000E+00  0.000000E+00  0.569075E-01  0.584192E+03
  0.424958E+01  0.581851E+03  0.548896E+03  0.000000E+00  0.000000E+00  0.502660E-01  0.551122E+03
  0.439362E+01  0.548880E+03  0.517791E+03  0.000000E+00  0.000000E+00  0.443649E-01  0.519892E+03
  0.454254E+01  0.517743E+03  0.488417E+03  0.000000E+00  0.000000E+00  0.391369E-01  0.490399E+03
  0.469651E+01  0.488343E+03  0.460682E+03  0.000000E+00  0.000000E+00  0.345650E-01  0.462552E+03
  0.485570E+01  0.460587E+03  0.434497E+03  0.000000E+00  0.000000E+00  0.304948E-01  0.436262E+03
  0.502029E+01  0.434383E+03  0.409776E+03  0.000000E+00  0.000000E+00  0.269261E-01  0.411441E+03
  0.519045E+01  0.409645E+03  0.386439E+03  0.000000E+00  0.000000E+00  0.237615E-01  0.388009E+03
  0.536638E+01  0.386292E+03  0.364408E+03  0.000000E+00  0.000000E+00  0.209593E-01  0.365890E+03
  0.554827E+01  0.364251E+03  0.343614E+03  0.000000E+00  0.000000E+00  0.185034E-01  0.345012E+03
  0.573633E+01  0.343449E+03  0.323989E+03  0.000000E+00  0.000000E+00  0.163240E-01  0.325309E+03
  0.593077E+01  0.323816E+03  0.305468E+03  0.000000E+00  0.000000E+00  0.143926E-01  0.306713E+03
  0.613179E+01  0.305288E+03  0.287989E+03  0.000000E+00  0.000000E+00  0.126961E-01  0.289163E+03
  0.633963E+01  0.287805E+03  0.271495E+03  0.000000E+00  0.000000E+00  0.111971E-01  0.272604E+03
  0.655451E+01  0.271309E+03  0.255933E+03  0.000000E+00  0.000000E+00  0.987610E-02  0.256979E+03
  0.677667E+01  0.255746E+03  0.241250E+03  0.000000E+00  0.000000E+00  0.871680E-02  0.242237E+03
  0.700637E+01  0.241061E+03  0.227397E+03  0.000000E+00  0.000000E+00  0.768768E-02  0.228328E+03
  0.724385E+01  0.227208E+03  0.214328E+03  0.000000E+00  0.000000E+00  0.678008E-02  0.215207E+03
  0.748939E+01  0.214141E+03  0.202000E+03  0.000000E+00  0.000000E+00  0.598097E-02  0.202829E+03
  0.774324E+01  0.201815E+03  0.190371E+03  0.000000E+00  0.000000E+00  0.527387E-02  0.191154E+03
  0.800570E+01  0.190189E+03  0.179403E+03  0.000000E+00  0.000000E+00  0.464665E-02  0.180142E+03
  0.827705E+01  0.179223E+03  0.169058E+03  0.000000E+00  0.000000E+00  0.409292E-02  0.169755E+03
  0.855760E+01  0.168883E+03  0.159302E+03  0.000000E+00  0.000000E+00  0.361144E-02  0.159961E+03
  0.884767E+01  0.159131E+03  0.150102E+03  0.000000E+00  0.000000E+00  0.318567E-02  0.150723E+03
  0.914755E+01  0.149934E+03  0.141426E+03  0.000000E+00  0.000000E+00  0.280760E-02  0.142013E+03
  0.945762E+01  0.141263E+03  0.133245E+03  0.000000E+00  0.000000E+00  0.247591E-02  0.133799E+03
  0.977818E+01  0.133087E+03  0.125532E+03  0.000000E+00  0.000000E+00  0.218177E-02  0.126055E+03
  0.101096E+02  0.125378E+03  0.118259E+03  0.000000E+00  0.000000E+00  0.192242E-02  0.118754E+03
  0.104523E+02  0.118111E+03  0.111403E+03  0.000000E+00  0.000000E+00  0.169483E-02  0.111870E+03
  0.108066E+02  0.111260E+03  0.104939E+03  0.000000E+00  0.000000E+00  0.149486E-02  0.105380E+03
  0.111728E+02  0.104801E+03  0.988465E+02  0.000000E+00  0.000000E+00  0.131581E-02  0.992632E+02
  0.115516E+02  0.987134E+02  0.931028E+02  0.000000E+00  0.000000E+00  0.115951E-02  0.934965E+02
  0.119431E+02  0.929753E+02  0.876892E+02  0.000000E+00  0.000000E+00  0.102179E-02  0.880614E+02
  0.123479E+02  0.875669E+02  0.825867E+02  0.000000E+00  0.000000E+00  0.900516E-03  0.829386E+02
  0.127664E+02  0.824694E+02  0.777775E+02  0.000000E+00  0.000000E+00  0.793160E-03  0.781102E+02
  0.131992E+02  0.776656E+02  0.732454E+02  0.000000E+00  0.000000E+00  0.698949E-03  0.735601E+02
  0.136466E+02  0.731386E+02  0.689744E+02  0.000000E+00  0.000000E+00  0.615347E-03  0.692721E+02
  0.141091E+02  0.688725E+02  0.649495E+02  0.000000E+00  0.000000E+00  0.541470E-03  0.652313E+02
  0.145873E+02  0.648527E+02  0.611570E+02  0.000000E+00  0.000000E+00  0.477705E-03  0.614237E+02
  0.150818E+02  0.610651E+02  0.575836E+02  0.000000E+00  0.000000E+00  0.420797E-03  0.578361E+02
  0.155930E+02  0.574963E+02  0.542165E+02  0.000000E+00  0.000000E+00  0.370620E-03  0.544557E+02
  0.161215E+02  0.541341E+02  0.510444E+02  0.000000E+00  0.000000E+00  0.326341E-03  0.512710E+02
  0.166679E+02  0.509663E+02  0.480557E+02  0.000000E+00  0.000000E+00  0.288201E-03  0.482705E+02
  0.172329E+02  0.479821E+02  0.452402E+02  0.000000E+00  0.000000E+00  0.253479E-03  0.454439E+02
  0.178170E+02  0.451710E+02  0.425880E+02  0.000000E+00  0.000000E+00  0.222971E-03  0.427812E+02
  0.184209E+02  0.425229E+02  0.400896E+02  0.000000E+00  0.000000E+00  0.196542E-03  0.402729E+02
  0.190453E+02  0.400286E+02  0.377362E+02  0.000000E+00  0.000000E+00  0.173123E-03  0.379102E+02
  0.196908E+02  0.376792E+02  0.355196E+02  0.000000E+00  0.000000E+00  0.152719E-03  0.356849E+02
  0.203583E+02  0.354663E+02  0.334317E+02  0.000000E+00  0.000000E+00  0.134242E-03  0.335888E+02
  0.210483E+02  0.333822E+02  0.314654E+02  0.000000E+00  0.000000E+00  0.118216E-03  0.316148E+02
  0.217617E+02  0.314195E+02  0.296135E+02  0.000000E+00  0.000000E+00  0.103964E-03  0.297556E+02
  0.224994E+02  0.295711E+02  0.278695E+02  0.000000E+00  0.000000E+00  0.914774E-04  0.280048E+02
  0.232620E+02  0.278304E+02  0.262272E+02  0.000000E+00  0.000000E+00  0.805137E-04  0.263560E+02
  0.240505E+02  0.261913E+02  0.246806E+02  0.000000E+00  0.000000E+00  0.711635E-04  0.248034E+02
  0.248656E+02  0.246479E+02  0.232244E+02  0.000000E+00  0.000000E+00  0.625528E-04  0.233415E+02
  0.257085E+02  0.231946E+02  0.218531E+02  0.000000E+00  0.000000E+00  0.551960E-04  0.219649E+02
  0.265798E+02  0.218262E+02  0.205620E+02  0.000000E+00  0.000000E+00  0.485714E-04  0.206688E+02
  0.274808E+02  0.205379E+02  0.193464E+02  0.000000E+00  0.000000E+00  0.427790E-04  0.194485E+02
  0.284122E+02  0.193250E+02  0.182020E+02  0.000000E+00  0.000000E+00  0.375153E-04  0.182996E+02
  0.293753E+02  0.181831E+02  0.171245E+02  0.000000E+00  0.000000E+00  0.332312E-04  0.172179E+02
  0.303709E+02  0.171081E+02  0.161101E+02  0.000000E+00  0.000000E+00  0.290591E-04  0.161997E+02
  0.314004E+02  0.160961E+02  0.151552E+02  0.000000E+00  0.000000E+00  0.257096E-04  0.152411E+02
  0.324647E+02  0.151435E+02  0.142564E+02  0.000000E+00  0.000000E+00  0.225298E-04  0.143388E+02
  0.335651E+02  0.142468E+02  0.134102E+02  0.000000E+00  0.000000E+00  0.197945E-04  0.134894E+02
  0.347028E+02  0.134027E+02  0.126137E+02  0.000000E+00  0.000000E+00  0.175114E-04  0.126899E+02
  0.358790E+02  0.126083E+02  0.118641E+02  0.000000E+00  0.000000E+00  0.154252E-04  0.119374E+02
  0.370952E+02  0.118605E+02  0.111585E+02  0.000000E+00  0.000000E+00  0.135553E-04  0.112291E+02
  0.383525E+02  0.111568E+02  0.104944E+02  0.000000E+00  0.000000E+00  0.119153E-04  0.105625E+02
  0.396525E+02  0.104945E+02  0.986934E+01  0.000000E+00  0.000000E+00  0.104678E-04  0.993507E+01
  0.409965E+02  0.987116E+01  0.928113E+01  0.000000E+00  0.000000E+00  0.927462E-05  0.934465E+01
  0.423861E+02  0.928457E+01  0.872755E+01  0.000000E+00  0.000000E+00  0.813904E-05  0.878900E+01
  0.438228E+02  0.873256E+01  0.820661E+01  0.000000E+00  0.000000E+00  0.713278E-05  0.826612E+01
  0.453082E+02  0.821311E+01  0.771638E+01  0.000000E+00  0.000000E+00  0.627305E-05  0.777407E+01
  0.468439E+02  0.772433E+01  0.725508E+01  0.000000E+00  0.000000E+00  0.548800E-05  0.731107E+01
  0.484317E+02  0.726439E+01  0.682100E+01  0.000000E+00  0.000000E+00  0.484851E-05  0.687539E+01
  0.500732E+02  0.683164E+01  0.641257E+01  0.000000E+00  0.000000E+00  0.427350E-05  0.646547E+01
  0.517705E+02  0.642446E+01  0.602826E+01  0.000000E+00  0.000000E+00  0.375407E-05  0.607975E+01
  0.535252E+02  0.604136E+01  0.566667E+01  0.000000E+00  0.000000E+00  0.331135E-05  0.571686E+01
  0.553395E+02  0.568092E+01  0.532646E+01  0.000000E+00  0.000000E+00  0.292193E-05  0.537543E+01
  0.572153E+02  0.534182E+01  0.500638E+01  0.000000E+00  0.000000E+00  0.255120E-05  0.505420E+01
  0.591545E+02  0.502280E+01  0.470526E+01  0.000000E+00  0.000000E+00  0.226528E-05  0.475201E+01
  0.611596E+02  0.472269E+01  0.442196E+01  0.000000E+00  0.000000E+00  0.199161E-05  0.446771E+01
  0.632326E+02  0.444036E+01  0.415545E+01  0.000000E+00  0.000000E+00  0.173918E-05  0.420027E+01
  0.653759E+02  0.417478E+01  0.390474E+01  0.000000E+00  0.000000E+00  0.152392E-05  0.394869E+01
  0.675918E+02  0.392496E+01  0.366890E+01  0.000000E+00  0.000000E+00  0.136056E-05  0.371203E+01
  0.698829E+02  0.368996E+01  0.344704E+01  0.000000E+00  0.000000E+00  0.117899E-05  0.348942E+01
  0.722515E+02  0.346892E+01  0.323836E+01  0.000000E+00  0.000000E+00  0.105320E-05  0.328003E+01
  0.747005E+02  0.326101E+01  0.304206E+01  0.000000E+00  0.000000E+00  0.909546E-06  0.308307E+01
  0.772325E+02  0.306546E+01  0.285743E+01  0.000000E+00  0.000000E+00  0.800261E-06  0.289782E+01
  0.798503E+02  0.288154E+01  0.268377E+01  0.000000E+00  0.000000E+00  0.712938E-06  0.272359E+01
  0.825568E+02  0.270856E+01  0.252043E+01  0.000000E+00  0.000000E+00  0.625436E-06  0.255972E+01
  0.853551E+02  0.254588E+01  0.236681E+01  0.000000E+00  0.000000E+00  0.541806E-06  0.240560E+01
  0.882482E+02  0.239288E+01  0.222233E+01  0.000000E+00  0.000000E+00  0.478993E-06  0.226066E+01
  0.912394E+02  0.224899E+01  0.208645E+01  0.000000E+00  0.000000E+00  0.438782E-06  0.212435E+01
  0.943319E+02  0.211369E+01  0.195866E+01  0.000000E+00  0.000000E+00  0.384015E-06  0.199617E+01
  0.975294E+02  0.198644E+01  0.183849E+01  0.000000E+00  0.000000E+00  0.336631E-06  0.187561E+01
  0.100835E+03  0.186678E+01  0.172548E+01  0.000000E+00  0.000000E+00  0.290720E-06  0.176226E+01
  0.104253E+03  0.175427E+01  0.161921E+01  0.000000E+00  0.000000E+00  0.249651E-06  0.165566E+01
  0.107787E+03  0.164847E+01  0.151927E+01  0.000000E+00  0.000000E+00  0.231108E-06  0.155543E+01
  0.111440E+03  0.154898E+01  0.142530E+01  0.000000E+00  0.000000E+00  0.199417E-06  0.146118E+01
  0.115217E+03  0.145544E+01  0.133695E+01  0.000000E+00  0.000000E+00  0.164306E-06  0.137256E+01
  0.119123E+03  0.136749E+01  0.125387E+01  0.000000E+00  0.000000E+00  0.149812E-06  0.128924E+01
  0.123160E+03  0.128480E+01  0.117576E+01  0.000000E+00  0.000000E+00  0.129285E-06  0.121090E+01
  0.127335E+03  0.120705E+01  0.110231E+01  0.000000E+00  0.000000E+00  0.121687E-06  0.113724E+01
  0.131651E+03  0.113396E+01  0.103326E+01  0.000000E+00  0.000000E+00  0.999731E-07  0.106799E+01
  0.136113E+03  0.106524E+01  0.968350E+00  0.000000E+00  0.000000E+00  0.919630E-07  0.100288E+01
  0.140727E+03  0.100063E+01  0.907325E+00  0.000000E+00  0.000000E+00  0.752125E-07  0.941676E+00
  0.145497E+03  0.939891E+00  0.849954E+00  0.000000E+00  0.000000E+00  0.722999E-07  0.884133E+00
  0.150428E+03  0.882794E+00  0.796029E+00  0.000000E+00  0.000000E+00  0.587744E-07  0.830041E+00
  0.155527E+03  0.829121E+00  0.745340E+00  0.000000E+00  0.000000E+00  0.527052E-07  0.779193E+00
  0.160799E+03  0.778663E+00  0.697693E+00  0.000000E+00  0.000000E+00  0.493908E-07  0.731393E+00
  0.166249E+03  0.731236E+00  0.652915E+00  0.000000E+00  0.000000E+00  0.391930E-07  0.686464E+00
  0.171884E+03  0.686655E+00  0.610831E+00  0.000000E+00  0.000000E+00  0.389637E-07  0.644233E+00
  0.177710E+03  0.644751E+00  0.571284E+00  0.000000E+00  0.000000E+00  0.312882E-07  0.604540E+00
  0.183734E+03  0.605362E+00  0.534119E+00  0.000000E+00  0.000000E+00  0.283274E-07  0.567230E+00
  0.189961E+03  0.568342E+00  0.499202E+00  0.000000E+00  0.000000E+00  0.250725E-07  0.532166E+00
  0.196400E+03  0.533548E+00  0.466397E+00  0.000000E+00  0.000000E+00  0.204569E-07  0.499213E+00
  0.203057E+03  0.500847E+00  0.435579E+00  0.000000E+00  0.000000E+00  0.226247E-07  0.468244E+00
