  0.106157E-04  0.416868E+07  0.416868E+07  0.555762E+07  0.555762E+07  0.416620E+07  0.416857E+07
  0.109755E-04  0.416868E+07  0.416868E+07  0.555758E+07  0.555758E+07  0.416620E+07  0.416857E+07
  0.113475E-04  0.416868E+07  0.416868E+07  0.555754E+07  0.555753E+07  0.416620E+07  0.416857E+07
  0.117321E-04  0.416868E+07  0.416868E+07  0.555749E+07  0.555748E+07  0.416620E+07  0.416857E+07
  0.121298E-04  0.416868E+07  0.416868E+07  0.555743E+07  0.555743E+07  0.416620E+07  0.416857E+07
  0.125409E-04  0.416868E+07  0.416868E+07  0.555738E+07  0.555737E+07  0.416619E+07  0.416857E+07
  0.129660E-04  0.416868E+07  0.416868E+07  0.555732E+07  0.555731E+07  0.416619E+07  0.416857E+07
  0.134055E-04  0.416868E+07  0.416868E+07  0.555725E+07  0.555725E+07  0.416619E+07  0.416857E+07
  0.138599E-04  0.416868E+07  0.416868E+07  0.555719E+07  0.555718E+07  0.416619E+07  0.416857E+07
  0.143296E-04  0.416868E+07  0.416868E+07  0.555711E+07  0.555710E+07  0.416619E+07  0.416857E+07
  0.148154E-04  0.416868E+07  0.416868E+07  0.555703E+07  0.555703E+07  0.416619E+07  0.416857E+07
  0.153175E-04  0.416868E+07  0.416868E+07  0.555695E+07  0.555694E+07  0.416619E+07  0.416857E+07
  0.158367E-04  0.416868E+07  0.416868E+07  0.555686E+07  0.555685E+07  0.416619E+07  0.416857E+07
  0.163735E-04  0.416868E+07  0.416868E+07  0.555677E+07  0.555676E+07  0.416619E+07  0.416857E+07
  0.169285E-04  0.416868E+07  0.416868E+07  0.555666E+07  0.555665E+07  0.416619E+07  0.416857E+07
  0.175023E-04  0.416868E+07  0.416868E+07  0.555656E+07  0.555654E+07  0.416619E+07  0.416857E+07
  0.180955E-04  0.416868E+07  0.416868E+07  0.555644E+07  0.555643E+07  0.416618E+07  0.416857E+07
  0.187089E-04  0.416867E+07  0.416867E+07  0.555631E+07  0.555630E+07  0.416618E+07  0.416857E+07
  0.193430E-04  0.416867E+07  0.416867E+07  0.555618E+07  0.555617E+07  0.416618E+07  0.416857E+07
  0.199986E-04  0.416867E+07  0.416867E+07  0.555604E+07  0.555602E+07  0.416618E+07  0.416856E+07
  0.206765E-04  0.416867E+07  0.416867E+07  0.555589E+07  0.555587E+07  0.416618E+07  0.416856E+07
  0.213773E-04  0.416867E+07  0.416867E+07  0.555572E+07  0.555570E+07  0.416618E+07  0.416856E+07
  0.221019E-04  0.416867E+07  0.416867E+07  0.555555E+07  0.555553E+07  0.416618E+07  0.416856E+07
  0.228511E-04  0.416867E+07  0.416867E+07  0.555536E+07  0.555534E+07  0.416617E+07  0.416856E+07
  0.236256E-04  0.416867E+07  0.416867E+07  0.555516E+07  0.555514E+07  0.416617E+07  0.416856E+07
  0.244264E-04  0.416867E+07  0.416867E+07  0.555495E+07  0.555493E+07  0.416617E+07  0.416856E+07
  0.252543E-04  0.416867E+07  0.416867E+07  0.555473E+07  0.555470E+07  0.416617E+07  0.416856E+07
  0.261103E-04  0.416866E+07  0.416866E+07  0.555448E+07  0.555446E+07  0.416616E+07  0.416856E+07
  0.269953E-04  0.416866E+07  0.416866E+07  0.555422E+07  0.555419E+07  0.416616E+07  0.416856E+07
  0.279103E-04  0.416866E+07  0.416866E+07  0.555395E+07  0.555392E+07  0.416616E+07  0.416855E+07
  0.288564E-04  0.416866E+07  0.416866E+07  0.555365E+07  0.555362E+07  0.416616E+07  0.416855E+07
  0.298345E-04  0.416866E+07  0.416866E+07  0.555333E+07  0.555330E+07  0.416615E+07  0.416855E+07
  0.308457E-04  0.416866E+07  0.416866E+07  0.555299E+07  0.555296E+07  0.416615E+07  0.416855E+07
  0.318912E-04  0.416865E+07  0.416865E+07  0.555263E+07  0.555259E+07  0.416615E+07  0.416855E+07
  0.329722E-04  0.416865E+07  0.416865E+07  0.555225E+07  0.555220E+07  0.416614E+07  0.416854E+07
  0.340898E-04  0.416865E+07  0.416865E+07  0.555183E+07  0.555179E+07  0.416614E+07  0.416854E+07
  0.352452E-04  0.416865E+07  0.416865E+07  0.555139E+07  0.555134E+07  0.416613E+07  0.416854E+07
  0.364399E-04  0.416865E+07  0.416865E+07  0.555092E+07  0.555086E+07  0.416613E+07  0.416854E+07
  0.376750E-04  0.416864E+07  0.416864E+07  0.555041E+07  0.555036E+07  0.416612E+07  0.416853E+07
  0.389520E-04  0.416864E+07  0.416864E+07  0.554987E+07  0.554981E+07  0.416612E+07  0.416853E+07
  0.402723E-04  0.416864E+07  0.416864E+07  0.554930E+07  0.554923E+07  0.416611E+07  0.416853E+07
  0.416373E-04  0.416863E+07  0.416863E+07  0.554868E+07  0.554861E+07  0.416611E+07  0.416852E+07
  0.430486E-04  0.416863E+07  0.416863E+07  0.554802E+07  0.554795E+07  0.416610E+07  0.416852E+07
  0.445078E-04  0.416863E+07  0.416863E+07  0.554732E+07  0.554724E+07  0.416609E+07  0.416852E+07
  0.460164E-04  0.416862E+07  0.416862E+07  0.554656E+07  0.554648E+07  0.416608E+07  0.416851E+07
  0.475761E-04  0.416862E+07  0.416862E+07  0.554576E+07  0.554567E+07  0.416608E+07  0.416851E+07
  0.491887E-04  0.416861E+07  0.416861E+07  0.554490E+07  0.554480E+07  0.416607E+07  0.416850E+07
  0.508560E-04  0.416861E+07  0.416861E+07  0.554398E+07  0.554388E+07  0.416606E+07  0.416850E+07
  0.525797E-04  0.416860E+07  0.416860E+07  0.554300E+07  0.554289E+07  0.416605E+07  0.416849E+07
  0.543619E-04  0.416860E+07  0.416860E+07  0.554195E+07  0.554183E+07  0.416604E+07  0.416849E+07
  0.562045E-04  0.416859E+07  0.416859E+07  0.554083E+07  0.554070E+07  0.416602E+07  0.416848E+07
  0.581096E-04  0.416858E+07  0.416858E+07  0.553963E+07  0.553949E+07  0.416601E+07  0.416847E+07
  0.600792E-04  0.416858E+07  0.416858E+07  0.553835E+07  0.553820E+07  0.416600E+07  0.416847E+07
  0.621156E-04  0.416857E+07  0.416857E+07  0.553698E+07  0.553682E+07  0.416598E+07  0.416846E+07
  0.642210E-04  0.416856E+07  0.416856E+07  0.553551E+07  0.553535E+07  0.416597E+07  0.416845E+07
  0.663978E-04  0.416855E+07  0.416855E+07  0.553395E+07  0.553377E+07  0.416595E+07  0.416844E+07
  0.686484E-04  0.416855E+07  0.416854E+07  0.553228E+07  0.553209E+07  0.416594E+07  0.416843E+07
  0.709752E-04  0.416854E+07  0.416854E+07  0.553049E+07  0.553029E+07  0.416592E+07  0.416842E+07
  0.733809E-04  0.416853E+07  0.416853E+07  0.552858E+07  0.552837E+07  0.416590E+07  0.416841E+07
  0.758682E-04  0.416851E+07  0.416851E+07  0.552654E+07  0.552632E+07  0.416588E+07  0.416840E+07
  0.784397E-04  0.416850E+07  0.416850E+07  0.552436E+07  0.552412E+07  0.416585E+07  0.416839E+07
  0.810985E-04  0.416849E+07  0.416849E+07  0.552203E+07  0.552177E+07  0.416583E+07  0.416838E+07
  0.838473E-04  0.416848E+07  0.416848E+07  0.551955E+07  0.551927E+07  0.416580E+07  0.416836E+07
  0.866893E-04  0.416846E+07  0.416846E+07  0.551689E+07  0.551659E+07  0.416578E+07  0.416835E+07
  0.896277E-04  0.416845E+07  0.416845E+07  0.551405E+07  0.551373E+07  0.416575E+07  0.416833E+07
  0.926656E-04  0.416843E+07  0.416843E+07  0.551101E+07  0.551067E+07  0.416572E+07  0.416831E+07
  0.958065E-04  0.416841E+07  0.416841E+07  0.550777E+07  0.550741E+07  0.416568E+07  0.416830E+07
  0.990539E-04  0.416840E+07  0.416839E+07  0.550431E+07  0.550392E+07  0.416565E+07  0.416828E+07
  0.102411E-03  0.416838E+07  0.416837E+07  0.550061E+07  0.550019E+07  0.416561E+07  0.416826E+07
  0.105883E-03  0.416835E+07  0.416835E+07  0.549665E+07  0.549621E+07  0.416557E+07  0.416823E+07
  0.109471E-03  0.416833E+07  0.416833E+07  0.549243E+07  0.549196E+07  0.416552E+07  0.416821E+07
  0.113182E-03  0.416831E+07  0.416831E+07  0.548792E+07  0.548742E+07  0.416548E+07  0.416818E+07
  0.117018E-03  0.416828E+07  0.416828E+07  0.548310E+07  0.548256E+07  0.416543E+07  0.416816E+07
  0.120985E-03  0.416825E+07  0.416825E+07  0.547796E+07  0.547738E+07  0.416537E+07  0.416813E+07
  0.125085E-03  0.416822E+07  0.416822E+07  0.547246E+07  0.547185E+07  0.416532E+07  0.416810E+07
  0.129325E-03  0.416819E+07  0.416819E+07  0.546659E+07  0.546594E+07  0.416526E+07  0.416806E+07
  0.133709E-03  0.416816E+07  0.416816E+07  0.546033E+07  0.545963E+07  0.416519E+07  0.416803E+07
  0.138241E-03  0.416812E+07  0.416812E+07  0.545364E+07  0.545289E+07  0.416512E+07  0.416799E+07
  0.142927E-03  0.416808E+07  0.416808E+07  0.544649E+07  0.544570E+07  0.416505E+07  0.416795E+07
  0.147771E-03  0.416804E+07  0.416804E+07  0.543887E+07  0.543802E+07  0.416497E+07  0.416791E+07
  0.152780E-03  0.416800E+07  0.416799E+07  0.543073E+07  0.542982E+07  0.416488E+07  0.416786E+07
  0.157958E-03  0.416795E+07  0.416795E+07  0.542204E+07  0.542107E+07  0.416479E+07  0.416781E+07
  0.163312E-03  0.416790E+07  0.416790E+07  0.541276E+07  0.541173E+07  0.416469E+07  0.416776E+07
  0.168848E-03  0.416784E+07  0.416784E+07  0.540287E+07  0.540177E+07  0.416459E+07  0.416770E+07
  0.174571E-03  0.416779E+07  0.416778E+07  0.539231E+07  0.539113E+07  0.416448E+07  0.416764E+07
  0.180488E-03  0.416772E+07  0.416772E+07  0.538104E+07  0.537979E+07  0.416436E+07  0.416758E+07
  0.186606E-03  0.416766E+07  0.416765E+07  0.536902E+07  0.536769E+07  0.416423E+07  0.416751E+07
  0.192931E-03  0.416759E+07  0.416758E+07  0.535620E+07  0.535478E+07  0.416410E+07  0.416744E+07
  0.199470E-03  0.416751E+07  0.416751E+07  0.534253E+07  0.534101E+07  0.416395E+07  0.416736E+07
  0.206231E-03  0.416743E+07  0.416743E+07  0.532795E+07  0.532633E+07  0.416380E+07  0.416727E+07
  0.213221E-03  0.416735E+07  0.416734E+07  0.531240E+07  0.531068E+07  0.416363E+07  0.416718E+07
  0.220448E-03  0.416725E+07  0.416725E+07  0.529584E+07  0.529401E+07  0.416345E+07  0.416709E+07
  0.227921E-03  0.416715E+07  0.416715E+07  0.527818E+07  0.527623E+07  0.416326E+07  0.416698E+07
  0.235646E-03  0.416705E+07  0.416704E+07  0.525937E+07  0.525729E+07  0.416306E+07  0.416688E+07
  0.243633E-03  0.416694E+07  0.416693E+07  0.523933E+07  0.523712E+07  0.416285E+07  0.416676E+07
  0.251891E-03  0.416682E+07  0.416681E+07  0.521799E+07  0.521564E+07  0.416262E+07  0.416663E+07
  0.260429E-03  0.416669E+07  0.416668E+07  0.519527E+07  0.519277E+07  0.416237E+07  0.416650E+07
  0.269256E-03  0.416655E+07  0.416654E+07  0.517108E+07  0.516842E+07  0.416211E+07  0.416636E+07
  0.278383E-03  0.416641E+07  0.416640E+07  0.514535E+07  0.514252E+07  0.416182E+07  0.416621E+07
  0.287819E-03  0.416625E+07  0.416624E+07  0.511797E+07  0.511497E+07  0.416152E+07  0.416604E+07
  0.297574E-03  0.416608E+07  0.416607E+07  0.508886E+07  0.508567E+07  0.416120E+07  0.416587E+07
  0.307661E-03  0.416590E+07  0.416589E+07  0.505791E+07  0.505452E+07  0.416086E+07  0.416568E+07
  0.318089E-03  0.416571E+07  0.416570E+07  0.502502E+07  0.502143E+07  0.416049E+07  0.416549E+07
  0.328871E-03  0.416551E+07  0.416550E+07  0.499010E+07  0.498628E+07  0.416010E+07  0.416527E+07
  0.340018E-03  0.416529E+07  0.416528E+07  0.495301E+07  0.494897E+07  0.415968E+07  0.416505E+07
  0.351543E-03  0.416506E+07  0.416505E+07  0.491366E+07  0.490938E+07  0.415923E+07  0.416481E+07
  0.363458E-03  0.416481E+07  0.416480E+07  0.487192E+07  0.486738E+07  0.415876E+07  0.416455E+07
  0.375778E-03  0.416455E+07  0.416453E+07  0.482767E+07  0.482287E+07  0.415824E+07  0.416427E+07
  0.388515E-03  0.416427E+07  0.416425E+07  0.478079E+07  0.477572E+07  0.415770E+07  0.416398E+07
  0.401683E-03  0.416396E+07  0.416395E+07  0.473115E+07  0.472580E+07  0.415712E+07  0.416366E+07
  0.415298E-03  0.416364E+07  0.416362E+07  0.467863E+07  0.467298E+07  0.415650E+07  0.416333E+07
  0.429375E-03  0.416330E+07  0.416328E+07  0.462310E+07  0.461715E+07  0.415583E+07  0.416297E+07
  0.443929E-03  0.416293E+07  0.416291E+07  0.456444E+07  0.455816E+07  0.415512E+07  0.416259E+07
  0.458976E-03  0.416254E+07  0.416252E+07  0.450251E+07  0.449590E+07  0.415437E+07  0.416218E+07
  0.474533E-03  0.416212E+07  0.416210E+07  0.443719E+07  0.443025E+07  0.415356E+07  0.416175E+07
  0.490617E-03  0.416168E+07  0.416165E+07  0.436837E+07  0.436107E+07  0.415270E+07  0.416128E+07
  0.507247E-03  0.416120E+07  0.416117E+07  0.429592E+07  0.428827E+07  0.415177E+07  0.416079E+07
  0.524440E-03  0.416069E+07  0.416066E+07  0.421975E+07  0.421174E+07  0.415079E+07  0.416026E+07
  0.542216E-03  0.416015E+07  0.416012E+07  0.413975E+07  0.413137E+07  0.414974E+07  0.415970E+07
  0.560594E-03  0.415958E+07  0.415954E+07  0.405584E+07  0.404709E+07  0.414862E+07  0.415910E+07
  0.579596E-03  0.415896E+07  0.415892E+07  0.396795E+07  0.395883E+07  0.414743E+07  0.415845E+07
  0.599241E-03  0.415830E+07  0.415826E+07  0.387602E+07  0.386653E+07  0.414615E+07  0.415777E+07
  0.619552E-03  0.415761E+07  0.415756E+07  0.378002E+07  0.377016E+07  0.414479E+07  0.415704E+07
  0.640552E-03  0.415686E+07  0.415681E+07  0.367994E+07  0.366971E+07  0.414334E+07  0.415627E+07
  0.662264E-03  0.415607E+07  0.415602E+07  0.357579E+07  0.356521E+07  0.414180E+07  0.415544E+07
  0.684711E-03  0.415522E+07  0.415517E+07  0.346762E+07  0.345670E+07  0.414015E+07  0.415456E+07
  0.707920E-03  0.415432E+07  0.415426E+07  0.335551E+07  0.334427E+07  0.413839E+07  0.415362E+07
  0.731915E-03  0.415336E+07  0.415330E+07  0.323959E+07  0.322805E+07  0.413651E+07  0.415262E+07
  0.756723E-03  0.415234E+07  0.415227E+07  0.312002E+07  0.310820E+07  0.413451E+07  0.415156E+07
  0.782372E-03  0.415125E+07  0.415118E+07  0.299701E+07  0.298495E+07  0.413238E+07  0.415042E+07
  0.808891E-03  0.415010E+07  0.415002E+07  0.287083E+07  0.285856E+07  0.413012E+07  0.414922E+07
  0.836308E-03  0.414886E+07  0.414879E+07  0.274180E+07  0.272935E+07  0.412770E+07  0.414793E+07
  0.864655E-03  0.414756E+07  0.414747E+07  0.261029E+07  0.259771E+07  0.412512E+07  0.414657E+07
  0.893963E-03  0.414617E+07  0.414608E+07  0.247675E+07  0.246409E+07  0.412238E+07  0.414512E+07
  0.924264E-03  0.414469E+07  0.414459E+07  0.234169E+07  0.232900E+07  0.411947E+07  0.414358E+07
  0.955592E-03  0.414312E+07  0.414301E+07  0.220567E+07  0.219300E+07  0.411636E+07  0.414194E+07
  0.987981E-03  0.414145E+07  0.414134E+07  0.206933E+07  0.205673E+07  0.411306E+07  0.414020E+07
  0.102147E-02  0.413968E+07  0.413956E+07  0.193336E+07  0.192090E+07  0.410954E+07  0.413835E+07
  0.105609E-02  0.413780E+07  0.413767E+07  0.179853E+07  0.178625E+07  0.410581E+07  0.413639E+07
  0.109189E-02  0.413580E+07  0.413567E+07  0.166563E+07  0.165359E+07  0.410183E+07  0.413431E+07
  0.112890E-02  0.413369E+07  0.413355E+07  0.153551E+07  0.152376E+07  0.409761E+07  0.413210E+07
  0.116716E-02  0.413145E+07  0.413130E+07  0.140906E+07  0.139763E+07  0.409313E+07  0.412976E+07
  0.120672E-02  0.412907E+07  0.412891E+07  0.128716E+07  0.127607E+07  0.408836E+07  0.412728E+07
  0.124763E-02  0.412656E+07  0.412638E+07  0.117069E+07  0.115998E+07  0.408331E+07  0.412465E+07
  0.128991E-02  0.412389E+07  0.412371E+07  0.106053E+07  0.105018E+07  0.407794E+07  0.412187E+07
  0.133364E-02  0.412108E+07  0.412088E+07  0.957462E+06  0.947461E+06  0.407225E+07  0.411893E+07
  0.137884E-02  0.411810E+07  0.411788E+07  0.862222E+06  0.852530E+06  0.406621E+07  0.411581E+07
  0.142558E-02  0.411495E+07  0.411472E+07  0.775418E+06  0.765974E+06  0.405982E+07  0.411252E+07
  0.147390E-02  0.411162E+07  0.411138E+07  0.697518E+06  0.688239E+06  0.405304E+07  0.410904E+07
  0.152385E-02  0.410810E+07  0.410784E+07  0.628815E+06  0.619596E+06  0.404586E+07  0.410536E+07
  0.157550E-02  0.410439E+07  0.410412E+07  0.569401E+06  0.560116E+06  0.403826E+07  0.410148E+07
  0.162891E-02  0.410048E+07  0.410018E+07  0.519137E+06  0.509644E+06  0.403022E+07  0.409738E+07
  0.168412E-02  0.409635E+07  0.409603E+07  0.477643E+06  0.467793E+06  0.402171E+07  0.409306E+07
  0.174120E-02  0.409199E+07  0.409166E+07  0.444285E+06  0.433926E+06  0.401273E+07  0.408850E+07
  0.180022E-02  0.408741E+07  0.408705E+07  0.418184E+06  0.407177E+06  0.400323E+07  0.408370E+07
  0.186124E-02  0.408258E+07  0.408219E+07  0.398234E+06  0.386464E+06  0.399320E+07  0.407864E+07
  0.192432E-02  0.407749E+07  0.407708E+07  0.383142E+06  0.370535E+06  0.398262E+07  0.407331E+07
  0.198955E-02  0.407214E+07  0.407171E+07  0.371482E+06  0.358019E+06  0.397146E+07  0.406771E+07
  0.205699E-02  0.406652E+07  0.406605E+07  0.361771E+06  0.347507E+06  0.395970E+07  0.406181E+07
  0.212671E-02  0.406060E+07  0.406010E+07  0.352560E+06  0.337633E+06  0.394730E+07  0.405561E+07
  0.219879E-02  0.405439E+07  0.405385E+07  0.342529E+06  0.327172E+06  0.393425E+07  0.404909E+07
  0.227332E-02  0.404786E+07  0.404729E+07  0.330598E+06  0.315138E+06  0.392052E+07  0.404224E+07
  0.235038E-02  0.404100E+07  0.404039E+07  0.316016E+06  0.300869E+06  0.390608E+07  0.403505E+07
  0.243004E-02  0.403380E+07  0.403315E+07  0.298447E+06  0.284096E+06  0.389091E+07  0.402750E+07
  0.251241E-02  0.402625E+07  0.402555E+07  0.278011E+06  0.264974E+06  0.387499E+07  0.401958E+07
  0.259757E-02  0.401832E+07  0.401758E+07  0.255286E+06  0.244076E+06  0.385827E+07  0.401126E+07
  0.268561E-02  0.401002E+07  0.400923E+07  0.231254E+06  0.222322E+06  0.384076E+07  0.400255E+07
  0.277664E-02  0.400131E+07  0.400046E+07  0.207191E+06  0.200871E+06  0.382240E+07  0.399341E+07
  0.287076E-02  0.399219E+07  0.399129E+07  0.184497E+06  0.180950E+06  0.380320E+07  0.398384E+07
  0.296806E-02  0.398263E+07  0.398167E+07  0.164488E+06  0.163663E+06  0.378311E+07  0.397382E+07
  0.306866E-02  0.397263E+07  0.397160E+07  0.148177E+06  0.149793E+06  0.376213E+07  0.396334E+07
  0.317268E-02  0.396216E+07  0.396107E+07  0.136079E+06  0.139640E+06  0.374024E+07  0.395236E+07
  0.328021E-02  0.395122E+07  0.395005E+07  0.128081E+06  0.132928E+06  0.371741E+07  0.394089E+07
  0.339140E-02  0.393978E+07  0.393853E+07  0.123416E+06  0.128819E+06  0.369364E+07  0.392890E+07
  0.350635E-02  0.392782E+07  0.392650E+07  0.000000E+00  0.000000E+00  0.366891E+07  0.391638E+07
  0.362520E-02  0.391534E+07  0.391392E+07  0.000000E+00  0.000000E+00  0.364322E+07  0.390331E+07
  0.374807E-02  0.390231E+07  0.390080E+07  0.000000E+00  0.000000E+00  0.361656E+07  0.388968E+07
  0.387512E-02  0.388872E+07  0.388711E+07  0.000000E+00  0.000000E+00  0.358892E+07  0.387546E+07
  0.400646E-02  0.387456E+07  0.387284E+07  0.000000E+00  0.000000E+00  0.356031E+07  0.386065E+07
  0.414226E-02  0.385980E+07  0.385796E+07  0.000000E+00  0.000000E+00  0.353074E+07  0.384523E+07
  0.428266E-02  0.384443E+07  0.384247E+07  0.000000E+00  0.000000E+00  0.350019E+07  0.382918E+07
  0.442783E-02  0.382844E+07  0.382636E+07  0.000000E+00  0.000000E+00  0.346870E+07  0.381250E+07
  0.457791E-02  0.381181E+07  0.380959E+07  0.000000E+00  0.000000E+00  0.343626E+07  0.379516E+07
  0.473308E-02  0.379453E+07  0.379217E+07  0.000000E+00  0.000000E+00  0.340289E+07  0.377716E+07
  0.489350E-02  0.377659E+07  0.377407E+07  0.000000E+00  0.000000E+00  0.336861E+07  0.375849E+07
  0.505937E-02  0.375797E+07  0.375529E+07  0.000000E+00  0.000000E+00  0.333344E+07  0.373913E+07
  0.523086E-02  0.373867E+07  0.373581E+07  0.000000E+00  0.000000E+00  0.329741E+07  0.371907E+07
  0.540816E-02  0.371867E+07  0.371562E+07  0.000000E+00  0.000000E+00  0.326052E+07  0.369831E+07
  0.559147E-02  0.369796E+07  0.369471E+07  0.000000E+00  0.000000E+00  0.322280E+07  0.367683E+07
  0.578099E-02  0.367654E+07  0.367308E+07  0.000000E+00  0.000000E+00  0.318427E+07  0.365463E+07
  0.597694E-02  0.365439E+07  0.365071E+07  0.000000E+00  0.000000E+00  0.314496E+07  0.363170E+07
  0.617953E-02  0.363152E+07  0.362760E+07  0.000000E+00  0.000000E+00  0.310488E+07  0.360804E+07
  0.638899E-02  0.360791E+07  0.360373E+07  0.000000E+00  0.000000E+00  0.306404E+07  0.358364E+07
  0.660554E-02  0.358355E+07  0.357911E+07  0.000000E+00  0.000000E+00  0.302247E+07  0.355849E+07
  0.682944E-02  0.355845E+07  0.355372E+07  0.000000E+00  0.000000E+00  0.298017E+07  0.353260E+07
  0.706092E-02  0.353260E+07  0.352757E+07  0.000000E+00  0.000000E+00  0.293716E+07  0.350595E+07
  0.730025E-02  0.350599E+07  0.350064E+07  0.000000E+00  0.000000E+00  0.289344E+07  0.347855E+07
  0.754769E-02  0.347863E+07  0.347294E+07  0.000000E+00  0.000000E+00  0.284902E+07  0.345039E+07
  0.780352E-02  0.345050E+07  0.344445E+07  0.000000E+00  0.000000E+00  0.280391E+07  0.342147E+07
  0.806802E-02  0.342161E+07  0.341518E+07  0.000000E+00  0.000000E+00  0.275810E+07  0.339178E+07
  0.834149E-02  0.339195E+07  0.338512E+07  0.000000E+00  0.000000E+00  0.271162E+07  0.336133E+07
  0.862423E-02  0.336153E+07  0.335426E+07  0.000000E+00  0.000000E+00  0.266446E+07  0.333010E+07
  0.891655E-02  0.333032E+07  0.332261E+07  0.000000E+00  0.000000E+00  0.261663E+07  0.329811E+07
  0.921878E-02  0.329834E+07  0.329015E+07  0.000000E+00  0.000000E+00  0.256816E+07  0.326533E+07
  0.953125E-02  0.326558E+07  0.325689E+07  0.000000E+00  0.000000E+00  0.251905E+07  0.323178E+07
  0.985431E-02  0.323203E+07  0.322281E+07  0.000000E+00  0.000000E+00  0.246932E+07  0.319744E+07
  0.101883E-01  0.319770E+07  0.318792E+07  0.000000E+00  0.000000E+00  0.241901E+07  0.316232E+07
  0.105337E-01  0.316257E+07  0.315220E+07  0.000000E+00  0.000000E+00  0.236815E+07  0.312641E+07
  0.108907E-01  0.312664E+07  0.311565E+07  0.000000E+00  0.000000E+00  0.231676E+07  0.308971E+07
  0.112598E-01  0.308991E+07  0.307827E+07  0.000000E+00  0.000000E+00  0.226488E+07  0.305221E+07
  0.116415E-01  0.305238E+07  0.304005E+07  0.000000E+00  0.000000E+00  0.221256E+07  0.301393E+07
  0.120361E-01  0.301404E+07  0.300099E+07  0.000000E+00  0.000000E+00  0.215983E+07  0.297484E+07
  0.124440E-01  0.297488E+07  0.296108E+07  0.000000E+00  0.000000E+00  0.210674E+07  0.293496E+07
  0.128658E-01  0.293492E+07  0.292032E+07  0.000000E+00  0.000000E+00  0.205335E+07  0.289428E+07
  0.133019E-01  0.289413E+07  0.287871E+07  0.000000E+00  0.000000E+00  0.199969E+07  0.285280E+07
  0.137528E-01  0.285254E+07  0.283625E+07  0.000000E+00  0.000000E+00  0.194581E+07  0.281052E+07
  0.142189E-01  0.281012E+07  0.279294E+07  0.000000E+00  0.000000E+00  0.189177E+07  0.276746E+07
  0.147009E-01  0.276690E+07  0.274878E+07  0.000000E+00  0.000000E+00  0.183761E+07  0.272360E+07
  0.151992E-01  0.272286E+07  0.270377E+07  0.000000E+00  0.000000E+00  0.178340E+07  0.267896E+07
  0.157144E-01  0.267802E+07  0.265793E+07  0.000000E+00  0.000000E+00  0.172918E+07  0.263355E+07
  0.162470E-01  0.263239E+07  0.261125E+07  0.000000E+00  0.000000E+00  0.167501E+07  0.258737E+07
  0.167977E-01  0.258597E+07  0.256376E+07  0.000000E+00  0.000000E+00  0.162094E+07  0.254045E+07
  0.173671E-01  0.253878E+07  0.251546E+07  0.000000E+00  0.000000E+00  0.156704E+07  0.249278E+07
  0.179557E-01  0.249084E+07  0.246638E+07  0.000000E+00  0.000000E+00  0.151337E+07  0.244440E+07
  0.185643E-01  0.244216E+07  0.241654E+07  0.000000E+00  0.000000E+00  0.145998E+07  0.239533E+07
  0.191936E-01  0.239278E+07  0.236597E+07  0.000000E+00  0.000000E+00  0.140694E+07  0.234558E+07
  0.198441E-01  0.234272E+07  0.231470E+07  0.000000E+00  0.000000E+00  0.135432E+07  0.229521E+07
  0.205168E-01  0.229201E+07  0.226278E+07  0.000000E+00  0.000000E+00  0.130218E+07  0.224424E+07
  0.212122E-01  0.224070E+07  0.221025E+07  0.000000E+00  0.000000E+00  0.125058E+07  0.219272E+07
  0.219312E-01  0.218884E+07  0.215716E+07  0.000000E+00  0.000000E+00  0.119960E+07  0.214069E+07
  0.226745E-01  0.213648E+07  0.210358E+07  0.000000E+00  0.000000E+00  0.114930E+07  0.208822E+07
  0.234431E-01  0.208369E+07  0.204958E+07  0.000000E+00  0.000000E+00  0.109975E+07  0.203536E+07
  0.242377E-01  0.203053E+07  0.199525E+07  0.000000E+00  0.000000E+00  0.105102E+07  0.198220E+07
  0.250592E-01  0.197709E+07  0.194067E+07  0.000000E+00  0.000000E+00  0.100319E+07  0.192881E+07
  0.259086E-01  0.192345E+07  0.188594E+07  0.000000E+00  0.000000E+00  0.956328E+06  0.187529E+07
  0.267868E-01  0.186972E+07  0.183118E+07  0.000000E+00  0.000000E+00  0.910504E+06  0.182173E+07
  0.276947E-01  0.181601E+07  0.177650E+07  0.000000E+00  0.000000E+00  0.865793E+06  0.176824E+07
  0.286334E-01  0.176243E+07  0.172206E+07  0.000000E+00  0.000000E+00  0.822268E+06  0.171496E+07
  0.296040E-01  0.170912E+07  0.166798E+07  0.000000E+00  0.000000E+00  0.779997E+06  0.166200E+07
  0.306074E-01  0.165622E+07  0.161444E+07  0.000000E+00  0.000000E+00  0.739046E+06  0.160951E+07
  0.316449E-01  0.160387E+07  0.156158E+07  0.000000E+00  0.000000E+00  0.699473E+06  0.155763E+07
  0.327175E-01  0.155224E+07  0.150959E+07  0.000000E+00  0.000000E+00  0.661329E+06  0.150652E+07
  0.338264E-01  0.150760E+07  0.146476E+07  0.000000E+00  0.000000E+00  0.611228E+06  0.146161E+07
  0.349730E-01  0.145817E+07  0.141532E+07  0.000000E+00  0.000000E+00  0.576224E+06  0.141280E+07
  0.361584E-01  0.140993E+07  0.136728E+07  0.000000E+00  0.000000E+00  0.542783E+06  0.136524E+07
  0.373840E-01  0.136243E+07  0.132018E+07  0.000000E+00  0.000000E+00  0.510711E+06  0.131847E+07
  0.386511E-01  0.131634E+07  0.127471E+07  0.000000E+00  0.000000E+00  0.480244E+06  0.127316E+07
  0.399612E-01  0.127189E+07  0.123111E+07  0.000000E+00  0.000000E+00  0.451428E+06  0.122953E+07
  0.413157E-01  0.122926E+07  0.118955E+07  0.000000E+00  0.000000E+00  0.424257E+06  0.118775E+07
  0.427161E-01  0.118857E+07  0.115017E+07  0.000000E+00  0.000000E+00  0.398700E+06  0.114794E+07
  0.441639E-01  0.114581E+07  0.110893E+07  0.000000E+00  0.000000E+00  0.378780E+06  0.110642E+07
  0.456609E-01  0.110910E+07  0.107393E+07  0.000000E+00  0.000000E+00  0.356297E+06  0.107061E+07
  0.472086E-01  0.107443E+07  0.104117E+07  0.000000E+00  0.000000E+00  0.335295E+06  0.103685E+07
  0.488087E-01  0.104173E+07  0.101053E+07  0.000000E+00  0.000000E+00  0.315682E+06  0.100507E+07
  0.504631E-01  0.101087E+07  0.981837E+06  0.000000E+00  0.000000E+00  0.297325E+06  0.975107E+06
  0.521736E-01  0.981688E+06  0.954904E+06  0.000000E+00  0.000000E+00  0.280113E+06  0.946818E+06
  0.539420E-01  0.956390E+06  0.931880E+06  0.000000E+00  0.000000E+00  0.262341E+06  0.922225E+06
  0.557704E-01  0.929947E+06  0.907689E+06  0.000000E+00  0.000000E+00  0.247122E+06  0.896644E+06
  0.576607E-01  0.904501E+06  0.884411E+06  0.000000E+00  0.000000E+00  0.232722E+06  0.872038E+06
  0.596151E-01  0.879793E+06  0.861728E+06  0.000000E+00  0.000000E+00  0.219048E+06  0.848145E+06
  0.616357E-01  0.855546E+06  0.839307E+06  0.000000E+00  0.000000E+00  0.206028E+06  0.824689E+06
  0.637249E-01  0.829774E+06  0.815110E+06  0.000000E+00  0.000000E+00  0.194387E+06  0.799792E+06
  0.658849E-01  0.805491E+06  0.792101E+06  0.000000E+00  0.000000E+00  0.182397E+06  0.776255E+06
  0.681181E-01  0.780743E+06  0.768293E+06  0.000000E+00  0.000000E+00  0.170798E+06  0.752233E+06
  0.704269E-01  0.755260E+06  0.743399E+06  0.000000E+00  0.000000E+00  0.159519E+06  0.727463E+06
  0.728140E-01  0.729332E+06  0.717708E+06  0.000000E+00  0.000000E+00  0.148218E+06  0.702209E+06
  0.752820E-01  0.702063E+06  0.690351E+06  0.000000E+00  0.000000E+00  0.137578E+06  0.675646E+06
  0.778338E-01  0.673972E+06  0.661890E+06  0.000000E+00  0.000000E+00  0.127282E+06  0.648265E+06
  0.804719E-01  0.645294E+06  0.632630E+06  0.000000E+00  0.000000E+00  0.117369E+06  0.620303E+06
  0.831996E-01  0.616365E+06  0.602993E+06  0.000000E+00  0.000000E+00  0.107913E+06  0.592100E+06
  0.860197E-01  0.587589E+06  0.573488E+06  0.000000E+00  0.000000E+00  0.989786E+05  0.564062E+06
  0.889353E-01  0.559415E+06  0.544673E+06  0.000000E+00  0.000000E+00  0.906236E+05  0.536640E+06
  0.919498E-01  0.532328E+06  0.517139E+06  0.000000E+00  0.000000E+00  0.828933E+05  0.510318E+06
  0.950664E-01  0.506849E+06  0.491499E+06  0.000000E+00  0.000000E+00  0.758304E+05  0.485610E+06
  0.982887E-01  0.483487E+06  0.468328E+06  0.000000E+00  0.000000E+00  0.694832E+05  0.463018E+06
  0.101620E+00  0.462648E+06  0.448057E+06  0.000000E+00  0.000000E+00  0.638399E+05  0.442932E+06
  0.105065E+00  0.444489E+06  0.430828E+06  0.000000E+00  0.000000E+00  0.588805E+05  0.425500E+06
  0.108626E+00  0.428822E+06  0.416385E+06  0.000000E+00  0.000000E+00  0.545113E+05  0.410526E+06
  0.112308E+00  0.415119E+06  0.404088E+06  0.000000E+00  0.000000E+00  0.506252E+05  0.397483E+06
  0.116114E+00  0.402641E+06  0.393056E+06  0.000000E+00  0.000000E+00  0.470864E+05  0.385634E+06
  0.120050E+00  0.390614E+06  0.382358E+06  0.000000E+00  0.000000E+00  0.437863E+05  0.374206E+06
  0.124119E+00  0.378347E+06  0.371159E+06  0.000000E+00  0.000000E+00  0.406297E+05  0.362513E+06
  0.128326E+00  0.365267E+06  0.358779E+06  0.000000E+00  0.000000E+00  0.375558E+05  0.349982E+06
  0.132676E+00  0.350955E+06  0.344755E+06  0.000000E+00  0.000000E+00  0.345250E+05  0.336207E+06
  0.137173E+00  0.335272E+06  0.328980E+06  0.000000E+00  0.000000E+00  0.315385E+05  0.321060E+06
  0.141822E+00  0.318514E+06  0.311855E+06  0.000000E+00  0.000000E+00  0.286333E+05  0.304840E+06
  0.146629E+00  0.301409E+06  0.294275E+06  0.000000E+00  0.000000E+00  0.258788E+05  0.288278E+06
  0.151600E+00  0.284903E+06  0.277373E+06  0.000000E+00  0.000000E+00  0.233544E+05  0.272313E+06
  0.156738E+00  0.269849E+06  0.262168E+06  0.000000E+00  0.000000E+00  0.211131E+05  0.257789E+06
  0.162051E+00  0.256798E+06  0.249309E+06  0.000000E+00  0.000000E+00  0.191731E+05  0.245251E+06
  0.167543E+00  0.245920E+06  0.238966E+06  0.000000E+00  0.000000E+00  0.175187E+05  0.234862E+06
  0.173222E+00  0.236938E+06  0.230760E+06  0.000000E+00  0.000000E+00  0.161023E+05  0.226337E+06
  0.179094E+00  0.229110E+06  0.223771E+06  0.000000E+00  0.000000E+00  0.148503E+05  0.218934E+06
  0.185164E+00  0.221413E+06  0.216780E+06  0.000000E+00  0.000000E+00  0.136801E+05  0.211638E+06
  0.191440E+00  0.212948E+06  0.208739E+06  0.000000E+00  0.000000E+00  0.125350E+05  0.203561E+06
  0.197929E+00  0.203314E+06  0.199207E+06  0.000000E+00  0.000000E+00  0.113943E+05  0.194312E+06
  0.204638E+00  0.192761E+06  0.188516E+06  0.000000E+00  0.000000E+00  0.102790E+05  0.184145E+06
  0.211574E+00  0.182062E+06  0.177611E+06  0.000000E+00  0.000000E+00  0.923275E+04  0.173830E+06
  0.218745E+00  0.172136E+06  0.167599E+06  0.000000E+00  0.000000E+00  0.829955E+04  0.164279E+06
  0.226160E+00  0.163634E+06  0.159247E+06  0.000000E+00  0.000000E+00  0.750053E+04  0.156136E+06
  0.233826E+00  0.156673E+06  0.152656E+06  0.000000E+00  0.000000E+00  0.682669E+04  0.149509E+06
  0.241751E+00  0.150710E+06  0.147155E+06  0.000000E+00  0.000000E+00  0.624135E+04  0.143856E+06
  0.249945E+00  0.144860E+06  0.141686E+06  0.000000E+00  0.000000E+00  0.569937E+04  0.138300E+06
  0.258417E+00  0.138490E+06  0.135506E+06  0.000000E+00  0.000000E+00  0.517337E+04  0.132214E+06
  0.267176E+00  0.131479E+06  0.128507E+06  0.000000E+00  0.000000E+00  0.466057E+04  0.125488E+06
  0.276232E+00  0.124336E+06  0.121320E+06  0.000000E+00  0.000000E+00  0.418054E+04  0.118626E+06
  0.285595E+00  0.117822E+06  0.114846E+06  0.000000E+00  0.000000E+00  0.375666E+04  0.112383E+06
  0.295275E+00  0.112275E+06  0.109478E+06  0.000000E+00  0.000000E+00  0.339451E+04  0.107090E+06
  0.305284E+00  0.107469E+06  0.104926E+06  0.000000E+00  0.000000E+00  0.308035E+04  0.102521E+06
  0.315631E+00  0.102814E+06  0.100482E+06  0.000000E+00  0.000000E+00  0.279299E+04  0.980901E+05
  0.326330E+00  0.978901E+05  0.956599E+05  0.000000E+00  0.000000E+00  0.251900E+04  0.933851E+05
  0.337391E+00  0.927955E+05  0.905962E+05  0.000000E+00  0.000000E+00  0.226099E+04  0.885052E+05
  0.348827E+00  0.879699E+05  0.858230E+05  0.000000E+00  0.000000E+00  0.202890E+04  0.838874E+05
  0.360650E+00  0.837136E+05  0.816880E+05  0.000000E+00  0.000000E+00  0.182743E+04  0.798271E+05
  0.372875E+00  0.798695E+05  0.779944E+05  0.000000E+00  0.000000E+00  0.164987E+04  0.761670E+05
  0.385513E+00  0.760851E+05  0.743225E+05  0.000000E+00  0.000000E+00  0.148673E+04  0.725582E+05
  0.398580E+00  0.722356E+05  0.705353E+05  0.000000E+00  0.000000E+00  0.133471E+04  0.688794E+05
  0.412090E+00  0.685191E+05  0.668767E+05  0.000000E+00  0.000000E+00  0.119681E+04  0.653276E+05
  0.426058E+00  0.651264E+05  0.635714E+05  0.000000E+00  0.000000E+00  0.107513E+04  0.620912E+05
  0.440499E+00  0.619858E+05  0.605281E+05  0.000000E+00  0.000000E+00  0.966952E+03  0.590983E+05
  0.455430E+00  0.589137E+05  0.575305E+05  0.000000E+00  0.000000E+00  0.868129E+03  0.561674E+05
  0.470867E+00  0.559043E+05  0.545783E+05  0.000000E+00  0.000000E+00  0.777951E+03  0.532941E+05
  0.486827E+00  0.530728E+05  0.518108E+05  0.000000E+00  0.000000E+00  0.697286E+03  0.505925E+05
  0.503328E+00  0.504331E+05  0.492422E+05  0.000000E+00  0.000000E+00  0.625482E+03  0.480760E+05
  0.520388E+00  0.478965E+05  0.467673E+05  0.000000E+00  0.000000E+00  0.560559E+03  0.456568E+05
  0.538027E+00  0.454468E+05  0.443706E+05  0.000000E+00  0.000000E+00  0.501822E+03  0.433195E+05
  0.556263E+00  0.431329E+05  0.421113E+05  0.000000E+00  0.000000E+00  0.449231E+03  0.411127E+05
  0.575118E+00  0.409465E+05  0.399796E+05  0.000000E+00  0.000000E+00  0.402174E+03  0.390281E+05
  0.594612E+00  0.388503E+05  0.379321E+05  0.000000E+00  0.000000E+00  0.359758E+03  0.370291E+05
  0.614766E+00  0.368528E+05  0.359808E+05  0.000000E+00  0.000000E+00  0.321675E+03  0.351242E+05
  0.635604E+00  0.349621E+05  0.341358E+05  0.000000E+00  0.000000E+00  0.287601E+03  0.333216E+05
  0.657148E+00  0.331607E+05  0.323770E+05  0.000000E+00  0.000000E+00  0.257013E+03  0.316040E+05
  0.679422E+00  0.314449E+05  0.307014E+05  0.000000E+00  0.000000E+00  0.229584E+03  0.299682E+05
  0.702451E+00  0.298171E+05  0.291125E+05  0.000000E+00  0.000000E+00  0.205030E+03  0.284163E+05
  0.726261E+00  0.282686E+05  0.276006E+05  0.000000E+00  0.000000E+00  0.183037E+03  0.269401E+05
  0.750877E+00  0.267965E+05  0.261631E+05  0.000000E+00  0.000000E+00  0.163341E+03  0.255366E+05
  0.776328E+00  0.253984E+05  0.247982E+05  0.000000E+00  0.000000E+00  0.145728E+03  0.242039E+05
  0.802642E+00  0.240695E+05  0.235007E+05  0.000000E+00  0.000000E+00  0.129965E+03  0.229371E+05
  0.829848E+00  0.228074E+05  0.222685E+05  0.000000E+00  0.000000E+00  0.115873E+03  0.217341E+05
  0.857975E+00  0.216088E+05  0.210982E+05  0.000000E+00  0.000000E+00  0.103276E+03  0.205916E+05
  0.887057E+00  0.204706E+05  0.199869E+05  0.000000E+00  0.000000E+00  0.920225E+02  0.195067E+05
  0.917123E+00  0.193901E+05  0.189320E+05  0.000000E+00  0.000000E+00  0.819692E+02  0.184770E+05
  0.948209E+00  0.183645E+05  0.179306E+05  0.000000E+00  0.000000E+00  0.729970E+02  0.174994E+05
  0.980349E+00  0.173911E+05  0.169803E+05  0.000000E+00  0.000000E+00  0.649859E+02  0.165717E+05
  0.101358E+01  0.164673E+05  0.160783E+05  0.000000E+00  0.000000E+00  0.578384E+02  0.156913E+05
  0.104793E+01  0.155907E+05  0.152224E+05  0.000000E+00  0.000000E+00  0.514623E+02  0.148559E+05
  0.108345E+01  0.147591E+05  0.144105E+05  0.000000E+00  0.000000E+00  0.457776E+02  0.140633E+05
  0.112018E+01  0.139703E+05  0.136403E+05  0.000000E+00  0.000000E+00  0.407091E+02  0.133116E+05
  0.115815E+01  0.132222E+05  0.129099E+05  0.000000E+00  0.000000E+00  0.361930E+02  0.125987E+05
  0.119740E+01  0.125129E+05  0.122173E+05  0.000000E+00  0.000000E+00  0.321698E+02  0.119227E+05
  0.123799E+01  0.118403E+05  0.115607E+05  0.000000E+00  0.000000E+00  0.285874E+02  0.112818E+05
  0.127995E+01  0.112028E+05  0.109382E+05  0.000000E+00  0.000000E+00  0.253971E+02  0.106742E+05
  0.132333E+01  0.105984E+05  0.103481E+05  0.000000E+00  0.000000E+00  0.225586E+02  0.100984E+05
  0.136819E+01  0.100257E+05  0.978892E+04  0.000000E+00  0.000000E+00  0.200315E+02  0.955259E+04
  0.141456E+01  0.948296E+04  0.925902E+04  0.000000E+00  0.000000E+00  0.177841E+02  0.903542E+04
  0.146251E+01  0.896869E+04  0.875689E+04  0.000000E+00  0.000000E+00  0.157853E+02  0.854537E+04
  0.151208E+01  0.848147E+04  0.828118E+04  0.000000E+00  0.000000E+00  0.140079E+02  0.808111E+04
  0.156333E+01  0.801993E+04  0.783055E+04  0.000000E+00  0.000000E+00  0.124284E+02  0.764132E+04
  0.161632E+01  0.758284E+04  0.740378E+04  0.000000E+00  0.000000E+00  0.110245E+02  0.722483E+04
  0.167111E+01  0.716891E+04  0.699963E+04  0.000000E+00  0.000000E+00  0.977721E+01  0.683042E+04
  0.172775E+01  0.677695E+04  0.661693E+04  0.000000E+00  0.000000E+00  0.866947E+01  0.645694E+04
  0.178631E+01  0.640584E+04  0.625458E+04  0.000000E+00  0.000000E+00  0.768569E+01  0.610333E+04
  0.184686E+01  0.605451E+04  0.591155E+04  0.000000E+00  0.000000E+00  0.681234E+01  0.576857E+04
  0.190946E+01  0.572194E+04  0.558684E+04  0.000000E+00  0.000000E+00  0.603690E+01  0.545170E+04
  0.197418E+01  0.540715E+04  0.527948E+04  0.000000E+00  0.000000E+00  0.534893E+01  0.515176E+04
  0.204110E+01  0.510925E+04  0.498862E+04  0.000000E+00  0.000000E+00  0.473861E+01  0.486792E+04
  0.211028E+01  0.482737E+04  0.471339E+04  0.000000E+00  0.000000E+00  0.419693E+01  0.459933E+04
  0.218181E+01  0.456066E+04  0.445299E+04  0.000000E+00  0.000000E+00  0.371669E+01  0.434522E+04
  0.225576E+01  0.430834E+04  0.420662E+04  0.000000E+00  0.000000E+00  0.329091E+01  0.410481E+04
  0.233222E+01  0.406966E+04  0.397358E+04  0.000000E+00  0.000000E+00  0.291344E+01  0.387740E+04
  0.241127E+01  0.384388E+04  0.375313E+04  0.000000E+00  0.000000E+00  0.257886E+01  0.366227E+04
  0.249300E+01  0.363034E+04  0.354463E+04  0.000000E+00  0.000000E+00  0.228232E+01  0.345881E+04
  0.257750E+01  0.342839E+04  0.334745E+04  0.000000E+00  0.000000E+00  0.201960E+01  0.326640E+04
  0.266486E+01  0.323744E+04  0.316100E+04  0.000000E+00  0.000000E+00  0.178683E+01  0.308447E+04
  0.275519E+01  0.305690E+04  0.298472E+04  0.000000E+00  0.000000E+00  0.158069E+01  0.291245E+04
  0.284858E+01  0.288621E+04  0.281807E+04  0.000000E+00  0.000000E+00  0.139818E+01  0.274983E+04
  0.294513E+01  0.272486E+04  0.266052E+04  0.000000E+00  0.000000E+00  0.123653E+01  0.259609E+04
  0.304496E+01  0.257233E+04  0.251159E+04  0.000000E+00  0.000000E+00  0.109348E+01  0.245077E+04
  0.314817E+01  0.242816E+04  0.237083E+04  0.000000E+00  0.000000E+00  0.966784E+00  0.231341E+04
  0.325487E+01  0.229192E+04  0.223780E+04  0.000000E+00  0.000000E+00  0.854704E+00  0.218360E+04
  0.336520E+01  0.216317E+04  0.211210E+04  0.000000E+00  0.000000E+00  0.755463E+00  0.206094E+04
  0.347926E+01  0.204152E+04  0.199332E+04  0.000000E+00  0.000000E+00  0.667738E+00  0.194504E+04
  0.359719E+01  0.192659E+04  0.188109E+04  0.000000E+00  0.000000E+00  0.590102E+00  0.183553E+04
  0.371912E+01  0.181799E+04  0.177506E+04  0.000000E+00  0.000000E+00  0.521443E+00  0.173206E+04
  0.384518E+01  0.171540E+04  0.167489E+04  0.000000E+00  0.000000E+00  0.460681E+00  0.163432E+04
  0.397551E+01  0.161850E+04  0.158028E+04  0.000000E+00  0.000000E+00  0.407006E+00  0.154200E+04
  0.411026E+01  0.152698E+04  0.149092E+04  0.000000E+00  0.000000E+00  0.359524E+00  0.145480E+04
  0.424958E+01  0.144054E+04  0.140652E+04  0.000000E+00  0.000000E+00  0.317555E+00  0.137245E+04
  0.439362E+01  0.135891E+04  0.132681E+04  0.000000E+00  0.000000E+00  0.280441E+00  0.129468E+04
  0.454254E+01  0.128182E+04  0.125154E+04  0.000000E+00  0.000000E+00  0.247659E+00  0.122123E+04
  0.469651E+01  0.120903E+04  0.118047E+04  0.000000E+00  0.000000E+00  0.218665E+00  0.115188E+04
  0.485570E+01  0.114031E+04  0.111338E+04  0.000000E+00  0.000000E+00  0.193070E+00  0.108641E+04
  0.502029E+01  0.107544E+04  0.105003E+04  0.000000E+00  0.000000E+00  0.170449E+00  0.102460E+04
  0.519045E+01  0.101419E+04  0.990228E+03  0.000000E+00  0.000000E+00  0.150459E+00  0.966250E+03
  0.536638E+01  0.956375E+03  0.933775E+03  0.000000E+00  0.000000E+00  0.132804E+00  0.911165E+03
  0.554827E+01  0.901806E+03  0.880493E+03  0.000000E+00  0.000000E+00  0.117217E+00  0.859175E+03
  0.573633E+01  0.850303E+03  0.830206E+03  0.000000E+00  0.000000E+00  0.103446E+00  0.810106E+03
  0.593077E+01  0.801698E+03  0.782747E+03  0.000000E+00  0.000000E+00  0.912754E-01  0.763798E+03
  0.613179E+01  0.755826E+03  0.737958E+03  0.000000E+00  0.000000E+00  0.805381E-01  0.720094E+03
  0.633963E+01  0.712542E+03  0.695694E+03  0.000000E+00  0.000000E+00  0.710609E-01  0.678855E+03
  0.655451E+01  0.671701E+03  0.655817E+03  0.000000E+00  0.000000E+00  0.626993E-01  0.639945E+03
  0.677667E+01  0.633169E+03  0.618193E+03  0.000000E+00  0.000000E+00  0.553082E-01  0.603234E+03
  0.700637E+01  0.596813E+03  0.582695E+03  0.000000E+00  0.000000E+00  0.487835E-01  0.568597E+03
  0.724385E+01  0.562516E+03  0.549207E+03  0.000000E+00  0.000000E+00  0.430298E-01  0.535921E+03
  0.748939E+01  0.530164E+03  0.517618E+03  0.000000E+00  0.000000E+00  0.379534E-01  0.505097E+03
  0.774324E+01  0.499648E+03  0.487821E+03  0.000000E+00  0.000000E+00  0.334710E-01  0.476023E+03
  0.800570E+01  0.470864E+03  0.459716E+03  0.000000E+00  0.000000E+00  0.295154E-01  0.448600E+03
  0.827705E+01  0.443715E+03  0.433208E+03  0.000000E+00  0.000000E+00  0.260276E-01  0.422735E+03
  0.855760E+01  0.418113E+03  0.408210E+03  0.000000E+00  0.000000E+00  0.229516E-01  0.398343E+03
  0.884767E+01  0.393969E+03  0.384635E+03  0.000000E+00  0.000000E+00  0.202353E-01  0.375340E+03
  0.914755E+01  0.371201E+03  0.362404E+03  0.000000E+00  0.000000E+00  0.178388E-01  0.353648E+03
  0.945762E+01  0.349732E+03  0.341441E+03  0.000000E+00  0.000000E+00  0.157281E-01  0.333193E+03
  0.977818E+01  0.329491E+03  0.321677E+03  0.000000E+00  0.000000E+00  0.138641E-01  0.313909E+03
  0.101096E+02  0.310406E+03  0.303042E+03  0.000000E+00  0.000000E+00  0.122219E-01  0.295726E+03
  0.104523E+02  0.292413E+03  0.285473E+03  0.000000E+00  0.000000E+00  0.107727E-01  0.278583E+03
  0.108066E+02  0.275451E+03  0.268910E+03  0.000000E+00  0.000000E+00  0.949482E-02  0.262423E+03
  0.111728E+02  0.259461E+03  0.253298E+03  0.000000E+00  0.000000E+00  0.836783E-02  0.247190E+03
  0.115516E+02  0.244388E+03  0.238580E+03  0.000000E+00  0.000000E+00  0.737486E-02  0.232829E+03
  0.119431E+02  0.230182E+03  0.224709E+03  0.000000E+00  0.000000E+00  0.649903E-02  0.219294E+03
  0.123479E+02  0.216792E+03  0.211634E+03  0.000000E+00  0.000000E+00  0.572683E-02  0.206537E+03
  0.127664E+02  0.204172E+03  0.199311E+03  0.000000E+00  0.000000E+00  0.504629E-02  0.194513E+03
  0.131992E+02  0.192278E+03  0.187698E+03  0.000000E+00  0.000000E+00  0.444674E-02  0.183182E+03
  0.136466E+02  0.181070E+03  0.176754E+03  0.000000E+00  0.000000E+00  0.391737E-02  0.172504E+03
  0.141091E+02  0.170508E+03  0.166441E+03  0.000000E+00  0.000000E+00  0.345150E-02  0.162441E+03
  0.145873E+02  0.160556E+03  0.156723E+03  0.000000E+00  0.000000E+00  0.304023E-02  0.152959E+03
  0.150818E+02  0.151179E+03  0.147567E+03  0.000000E+00  0.000000E+00  0.267805E-02  0.144025E+03
  0.155930E+02  0.142343E+03  0.138939E+03  0.000000E+00  0.000000E+00  0.235958E-02  0.135607E+03
  0.161215E+02  0.134019E+03  0.130811E+03  0.000000E+00  0.000000E+00  0.207860E-02  0.127676E+03
  0.166679E+02  0.126176E+03  0.123153E+03  0.000000E+00  0.000000E+00  0.183059E-02  0.120204E+03
  0.172329E+02  0.118788E+03  0.115939E+03  0.000000E+00  0.000000E+00  0.161258E-02  0.113165E+03
  0.178170E+02  0.111828E+03  0.109143E+03  0.000000E+00  0.000000E+00  0.142032E-02  0.106534E+03
  0.184209E+02  0.105272E+03  0.102741E+03  0.000000E+00  0.000000E+00  0.125083E-02  0.100288E+03
  0.190453E+02  0.990963E+02  0.967109E+02  0.000000E+00  0.000000E+00  0.110164E-02  0.944040E+02
  0.196908E+02  0.932796E+02  0.910311E+02  0.000000E+00  0.000000E+00  0.970076E-03  0.888622E+02
  0.203583E+02  0.878010E+02  0.856813E+02  0.000000E+00  0.000000E+00  0.854110E-03  0.836425E+02
  0.210483E+02  0.826412E+02  0.806430E+02  0.000000E+00  0.000000E+00  0.752378E-03  0.787265E+02
  0.217617E+02  0.777817E+02  0.758978E+02  0.000000E+00  0.000000E+00  0.662126E-03  0.740967E+02
  0.224994E+02  0.732054E+02  0.714291E+02  0.000000E+00  0.000000E+00  0.583286E-03  0.697367E+02
  0.232620E+02  0.688959E+02  0.672209E+02  0.000000E+00  0.000000E+00  0.513551E-03  0.656308E+02
  0.240505E+02  0.648377E+02  0.632582E+02  0.000000E+00  0.000000E+00  0.452042E-03  0.617644E+02
  0.248656E+02  0.610165E+02  0.595267E+02  0.000000E+00  0.000000E+00  0.398091E-03  0.581237E+02
  0.257085E+02  0.574184E+02  0.560132E+02  0.000000E+00  0.000000E+00  0.350405E-03  0.546957E+02
  0.265798E+02  0.540306E+02  0.527050E+02  0.000000E+00  0.000000E+00  0.308415E-03  0.514680E+02
  0.274808E+02  0.508409E+02  0.495903E+02  0.000000E+00  0.000000E+00  0.271571E-03  0.484290E+02
  0.284122E+02  0.478380E+02  0.466578E+02  0.000000E+00  0.000000E+00  0.239031E-03  0.455680E+02
  0.293753E+02  0.450108E+02  0.438970E+02  0.000000E+00  0.000000E+00  0.210408E-03  0.428744E+02
  0.303709E+02  0.423493E+02  0.412980E+02  0.000000E+00  0.000000E+00  0.185268E-03  0.403387E+02
  0.314004E+02  0.398438E+02  0.388513E+02  0.000000E+00  0.000000E+00  0.163068E-03  0.379515E+02
  0.324647E+02  0.374853E+02  0.365481E+02  0.000000E+00  0.000000E+00  0.143403E-03  0.357045E+02
  0.335651E+02  0.352652E+02  0.343800E+02  0.000000E+00  0.000000E+00  0.126311E-03  0.335893E+02
  0.347028E+02  0.331754E+02  0.323393E+02  0.000000E+00  0.000000E+00  0.111106E-03  0.315982E+02
  0.358790E+02  0.312085E+02  0.304185E+02  0.000000E+00  0.000000E+00  0.977809E-04  0.297243E+02
  0.370952E+02  0.293572E+02  0.286105E+02  0.000000E+00  0.000000E+00  0.860506E-04  0.279604E+02
  0.383525E+02  0.276149E+02  0.269090E+02  0.000000E+00  0.000000E+00  0.757307E-04  0.263004E+02
  0.396525E+02  0.259750E+02  0.253075E+02  0.000000E+00  0.000000E+00  0.666359E-04  0.247380E+02
  0.409965E+02  0.244318E+02  0.238004E+02  0.000000E+00  0.000000E+00  0.586303E-04  0.232677E+02
  0.423861E+02  0.229795E+02  0.223820E+02  0.000000E+00  0.000000E+00  0.515875E-04  0.218840E+02
  0.438228E+02  0.216128E+02  0.210473E+02  0.000000E+00  0.000000E+00  0.453974E-04  0.205819E+02
  0.453082E+02  0.203267E+02  0.197912E+02  0.000000E+00  0.000000E+00  0.399217E-04  0.193565E+02
  0.468439E+02  0.191165E+02  0.186093E+02  0.000000E+00  0.000000E+00  0.351350E-04  0.182035E+02
  0.484317E+02  0.179778E+02  0.174971E+02  0.000000E+00  0.000000E+00  0.309162E-04  0.171185E+02
  0.500732E+02  0.169064E+02  0.164507E+02  0.000000E+00  0.000000E+00  0.271979E-04  0.160977E+02
  0.517705E+02  0.158982E+02  0.154660E+02  0.000000E+00  0.000000E+00  0.239404E-04  0.151371E+02
  0.535252E+02  0.149497E+02  0.145396E+02  0.000000E+00  0.000000E+00  0.210487E-04  0.142334E+02
  0.553395E+02  0.140573E+02  0.136679E+02  0.000000E+00  0.000000E+00  0.185189E-04  0.133832E+02
  0.572153E+02  0.132177E+02  0.128479E+02  0.000000E+00  0.000000E+00  0.162716E-04  0.125832E+02
  0.591545E+02  0.124279E+02  0.120764E+02  0.000000E+00  0.000000E+00  0.143112E-04  0.118307E+02
  0.611596E+02  0.116848E+02  0.113506E+02  0.000000E+00  0.000000E+00  0.125954E-04  0.111227E+02
  0.632326E+02  0.109858E+02  0.106678E+02  0.000000E+00  0.000000E+00  0.110757E-04  0.104567E+02
  0.653759E+02  0.103282E+02  0.100254E+02  0.000000E+00  0.000000E+00  0.974736E-05  0.983012E+01
  0.675918E+02  0.970967E+01  0.942121E+01  0.000000E+00  0.000000E+00  0.857197E-05  0.924078E+01
  0.698829E+02  0.912782E+01  0.885283E+01  0.000000E+00  0.000000E+00  0.753374E-05  0.868639E+01
  0.722515E+02  0.858055E+01  0.831820E+01  0.000000E+00  0.000000E+00  0.661419E-05  0.816494E+01
  0.747005E+02  0.806577E+01  0.781530E+01  0.000000E+00  0.000000E+00  0.582796E-05  0.767445E+01
  0.772325E+02  0.758160E+01  0.734230E+01  0.000000E+00  0.000000E+00  0.512520E-05  0.721313E+01
  0.798503E+02  0.712621E+01  0.689740E+01  0.000000E+00  0.000000E+00  0.450901E-05  0.677923E+01
  0.825568E+02  0.669792E+01  0.647897E+01  0.000000E+00  0.000000E+00  0.395597E-05  0.637114E+01
  0.853551E+02  0.629511E+01  0.608541E+01  0.000000E+00  0.000000E+00  0.347386E-05  0.598733E+01
  0.882482E+02  0.591629E+01  0.571529E+01  0.000000E+00  0.000000E+00  0.306917E-05  0.562638E+01
  0.912394E+02  0.556003E+01  0.536720E+01  0.000000E+00  0.000000E+00  0.268964E-05  0.528692E+01
  0.943319E+02  0.522500E+01  0.503985E+01  0.000000E+00  0.000000E+00  0.236296E-05  0.496769E+01
  0.975294E+02  0.490993E+01  0.473199E+01  0.000000E+00  0.000000E+00  0.207526E-05  0.466747E+01
  0.100835E+03  0.461366E+01  0.444249E+01  0.000000E+00  0.000000E+00  0.183108E-05  0.438518E+01
  0.104253E+03  0.433507E+01  0.417027E+01  0.000000E+00  0.000000E+00  0.160452E-05  0.411972E+01
  0.107787E+03  0.407310E+01  0.391428E+01  0.000000E+00  0.000000E+00  0.141155E-05  0.387011E+01
  0.111440E+03  0.382677E+01  0.367356E+01  0.000000E+00  0.000000E+00  0.123716E-05  0.363538E+01
  0.115217E+03  0.359516E+01  0.344723E+01  0.000000E+00  0.000000E+00  0.109617E-05  0.341469E+01
  0.119123E+03  0.337739E+01  0.323443E+01  0.000000E+00  0.000000E+00  0.958924E-06  0.320719E+01
  0.123160E+03  0.317264E+01  0.303434E+01  0.000000E+00  0.000000E+00  0.842645E-06  0.301209E+01
  0.127335E+03  0.298012E+01  0.284621E+01  0.000000E+00  0.000000E+00  0.738423E-06  0.282865E+01
  0.131651E+03  0.279913E+01  0.266935E+01  0.000000E+00  0.000000E+00  0.648484E-06  0.265619E+01
  0.136113E+03  0.262898E+01  0.250307E+01  0.000000E+00  0.000000E+00  0.571807E-06  0.249405E+01
  0.140727E+03  0.246901E+01  0.234676E+01  0.000000E+00  0.000000E+00  0.500712E-06  0.234163E+01
  0.145497E+03  0.231862E+01  0.219980E+01  0.000000E+00  0.000000E+00  0.440721E-06  0.219833E+01
  0.150428E+03  0.217724E+01  0.206167E+01  0.000000E+00  0.000000E+00  0.387134E-06  0.206362E+01
  0.155527E+03  0.204435E+01  0.193183E+01  0.000000E+00  0.000000E+00  0.337778E-06  0.193699E+01
  0.160799E+03  0.191941E+01  0.180978E+01  0.000000E+00  0.000000E+00  0.297031E-06  0.181796E+01
  0.166249E+03  0.180199E+01  0.169508E+01  0.000000E+00  0.000000E+00  0.259698E-06  0.170607E+01
  0.171884E+03  0.169161E+01  0.158727E+01  0.000000E+00  0.000000E+00  0.229659E-06  0.160090E+01
  0.177710E+03  0.158786E+01  0.148596E+01  0.000000E+00  0.000000E+00  0.204620E-06  0.150206E+01
  0.183734E+03  0.149034E+01  0.139075E+01  0.000000E+00  0.000000E+00  0.177856E-06  0.140915E+01
  0.189961E+03  0.139868E+01  0.130129E+01  0.000000E+00  0.000000E+00  0.154460E-06  0.132183E+01
  0.196400E+03  0.131254E+01  0.121724E+01  0.000000E+00  0.000000E+00  0.137334E-06  0.123977E+01
  0.203057E+03  0.123159E+01  0.113827E+01  0.000000E+00  0.000000E+00  0.117845E-06  0.116266E+01
