  0.106157E-04  0.301614E+06  0.301614E+06  0.402150E+06  0.402149E+06  0.306691E+06  0.301840E+06
  0.109755E-04  0.301614E+06  0.301614E+06  0.402150E+06  0.402149E+06  0.306691E+06  0.301840E+06
  0.113475E-04  0.301614E+06  0.301614E+06  0.402149E+06  0.402149E+06  0.306691E+06  0.301840E+06
  0.117321E-04  0.301614E+06  0.301614E+06  0.402149E+06  0.402149E+06  0.306691E+06  0.301840E+06
  0.121298E-04  0.301614E+06  0.301614E+06  0.402149E+06  0.402149E+06  0.306691E+06  0.301840E+06
  0.125409E-04  0.301614E+06  0.301614E+06  0.402149E+06  0.402148E+06  0.306691E+06  0.301840E+06
  0.129660E-04  0.301614E+06  0.301614E+06  0.402148E+06  0.402148E+06  0.306691E+06  0.301840E+06
  0.134055E-04  0.301614E+06  0.301614E+06  0.402148E+06  0.402148E+06  0.306691E+06  0.301840E+06
  0.138599E-04  0.301614E+06  0.301614E+06  0.402148E+06  0.402147E+06  0.306691E+06  0.301840E+06
  0.143296E-04  0.301614E+06  0.301614E+06  0.402148E+06  0.402147E+06  0.306691E+06  0.301840E+06
  0.148154E-04  0.301614E+06  0.301614E+06  0.402147E+06  0.402147E+06  0.306691E+06  0.301840E+06
  0.153175E-04  0.301614E+06  0.301614E+06  0.402147E+06  0.402146E+06  0.306691E+06  0.301840E+06
  0.158367E-04  0.301614E+06  0.301614E+06  0.402146E+06  0.402146E+06  0.306691E+06  0.301840E+06
  0.163735E-04  0.301614E+06  0.301614E+06  0.402146E+06  0.402145E+06  0.306691E+06  0.301840E+06
  0.169285E-04  0.301614E+06  0.301614E+06  0.402146E+06  0.402145E+06  0.306690E+06  0.301840E+06
  0.175023E-04  0.301614E+06  0.301614E+06  0.402145E+06  0.402144E+06  0.306690E+06  0.301840E+06
  0.180955E-04  0.301614E+06  0.301614E+06  0.402145E+06  0.402144E+06  0.306690E+06  0.301840E+06
  0.187089E-04  0.301614E+06  0.301614E+06  0.402144E+06  0.402143E+06  0.306690E+06  0.301840E+06
  0.193430E-04  0.301614E+06  0.301614E+06  0.402144E+06  0.402143E+06  0.306690E+06  0.301840E+06
  0.199986E-04  0.301614E+06  0.301614E+06  0.402143E+06  0.402142E+06  0.306690E+06  0.301840E+06
  0.206765E-04  0.301614E+06  0.301614E+06  0.402142E+06  0.402141E+06  0.306690E+06  0.301840E+06
  0.213773E-04  0.301614E+06  0.301614E+06  0.402142E+06  0.402141E+06  0.306689E+06  0.301840E+06
  0.221019E-04  0.301614E+06  0.301614E+06  0.402141E+06  0.402140E+06  0.306689E+06  0.301840E+06
  0.228511E-04  0.301614E+06  0.301614E+06  0.402140E+06  0.402139E+06  0.306689E+06  0.301840E+06
  0.236256E-04  0.301614E+06  0.301614E+06  0.402139E+06  0.402138E+06  0.306689E+06  0.301840E+06
  0.244264E-04  0.301614E+06  0.301614E+06  0.402138E+06  0.402137E+06  0.306689E+06  0.301840E+06
  0.252543E-04  0.301614E+06  0.301614E+06  0.402137E+06  0.402136E+06  0.306688E+06  0.301840E+06
  0.261103E-04  0.301614E+06  0.301614E+06  0.402136E+06  0.402135E+06  0.306688E+06  0.301840E+06
  0.269953E-04  0.301614E+06  0.301614E+06  0.402135E+06  0.402134E+06  0.306688E+06  0.301839E+06
  0.279103E-04  0.301614E+06  0.301614E+06  0.402134E+06  0.402132E+06  0.306688E+06  0.301839E+06
  0.288564E-04  0.301614E+06  0.301614E+06  0.402133E+06  0.402131E+06  0.306687E+06  0.301839E+06
  0.298345E-04  0.301614E+06  0.301613E+06  0.402131E+06  0.402130E+06  0.306687E+06  0.301839E+06
  0.308457E-04  0.301614E+06  0.301613E+06  0.402130E+06  0.402128E+06  0.306687E+06  0.301839E+06
  0.318912E-04  0.301613E+06  0.301613E+06  0.402128E+06  0.402126E+06  0.306686E+06  0.301839E+06
  0.329722E-04  0.301613E+06  0.301613E+06  0.402127E+06  0.402124E+06  0.306686E+06  0.301839E+06
  0.340898E-04  0.301613E+06  0.301613E+06  0.402125E+06  0.402123E+06  0.306686E+06  0.301839E+06
  0.352452E-04  0.301613E+06  0.301613E+06  0.402123E+06  0.402120E+06  0.306685E+06  0.301839E+06
  0.364399E-04  0.301613E+06  0.301613E+06  0.402121E+06  0.402118E+06  0.306685E+06  0.301839E+06
  0.376750E-04  0.301613E+06  0.301613E+06  0.402119E+06  0.402116E+06  0.306684E+06  0.301839E+06
  0.389520E-04  0.301613E+06  0.301613E+06  0.402117E+06  0.402113E+06  0.306684E+06  0.301839E+06
  0.402723E-04  0.301613E+06  0.301613E+06  0.402114E+06  0.402111E+06  0.306683E+06  0.301839E+06
  0.416373E-04  0.301613E+06  0.301613E+06  0.402112E+06  0.402108E+06  0.306682E+06  0.301838E+06
  0.430486E-04  0.301613E+06  0.301613E+06  0.402109E+06  0.402105E+06  0.306682E+06  0.301838E+06
  0.445078E-04  0.301613E+06  0.301612E+06  0.402106E+06  0.402102E+06  0.306681E+06  0.301838E+06
  0.460164E-04  0.301613E+06  0.301612E+06  0.402102E+06  0.402098E+06  0.306680E+06  0.301838E+06
  0.475761E-04  0.301612E+06  0.301612E+06  0.402099E+06  0.402094E+06  0.306679E+06  0.301838E+06
  0.491887E-04  0.301612E+06  0.301612E+06  0.402095E+06  0.402090E+06  0.306678E+06  0.301838E+06
  0.508560E-04  0.301612E+06  0.301612E+06  0.402091E+06  0.402086E+06  0.306678E+06  0.301838E+06
  0.525797E-04  0.301612E+06  0.301612E+06  0.402087E+06  0.402081E+06  0.306676E+06  0.301837E+06
  0.543619E-04  0.301612E+06  0.301612E+06  0.402083E+06  0.402077E+06  0.306675E+06  0.301837E+06
  0.562045E-04  0.301612E+06  0.301611E+06  0.402078E+06  0.402071E+06  0.306674E+06  0.301837E+06
  0.581096E-04  0.301612E+06  0.301611E+06  0.402073E+06  0.402066E+06  0.306673E+06  0.301837E+06
  0.600792E-04  0.301611E+06  0.301611E+06  0.402067E+06  0.402060E+06  0.306672E+06  0.301836E+06
  0.621156E-04  0.301611E+06  0.301611E+06  0.402062E+06  0.402053E+06  0.306670E+06  0.301836E+06
  0.642210E-04  0.301611E+06  0.301611E+06  0.402055E+06  0.402047E+06  0.306669E+06  0.301836E+06
  0.663978E-04  0.301611E+06  0.301610E+06  0.402049E+06  0.402039E+06  0.306667E+06  0.301836E+06
  0.686484E-04  0.301610E+06  0.301610E+06  0.402041E+06  0.402031E+06  0.306666E+06  0.301835E+06
  0.709752E-04  0.301610E+06  0.301610E+06  0.402034E+06  0.402023E+06  0.306664E+06  0.301835E+06
  0.733809E-04  0.301610E+06  0.301609E+06  0.402026E+06  0.402014E+06  0.306662E+06  0.301835E+06
  0.758682E-04  0.301610E+06  0.301609E+06  0.402017E+06  0.402005E+06  0.306660E+06  0.301834E+06
  0.784397E-04  0.301609E+06  0.301609E+06  0.402007E+06  0.401994E+06  0.306658E+06  0.301834E+06
  0.810985E-04  0.301609E+06  0.301608E+06  0.401997E+06  0.401984E+06  0.306655E+06  0.301833E+06
  0.838473E-04  0.301609E+06  0.301608E+06  0.401987E+06  0.401972E+06  0.306653E+06  0.301833E+06
  0.866893E-04  0.301608E+06  0.301608E+06  0.401975E+06  0.401960E+06  0.306650E+06  0.301832E+06
  0.896277E-04  0.301608E+06  0.301607E+06  0.401963E+06  0.401946E+06  0.306647E+06  0.301832E+06
  0.926656E-04  0.301607E+06  0.301607E+06  0.401950E+06  0.401932E+06  0.306644E+06  0.301831E+06
  0.958065E-04  0.301607E+06  0.301606E+06  0.401936E+06  0.401917E+06  0.306640E+06  0.301831E+06
  0.990539E-04  0.301606E+06  0.301606E+06  0.401921E+06  0.401901E+06  0.306637E+06  0.301830E+06
  0.102411E-03  0.301606E+06  0.301605E+06  0.401905E+06  0.401883E+06  0.306633E+06  0.301829E+06
  0.105883E-03  0.301605E+06  0.301604E+06  0.401888E+06  0.401865E+06  0.306629E+06  0.301829E+06
  0.109471E-03  0.301605E+06  0.301604E+06  0.401870E+06  0.401845E+06  0.306625E+06  0.301828E+06
  0.113182E-03  0.301604E+06  0.301603E+06  0.401851E+06  0.401824E+06  0.306620E+06  0.301827E+06
  0.117018E-03  0.301603E+06  0.301602E+06  0.401830E+06  0.401801E+06  0.306615E+06  0.301826E+06
  0.120985E-03  0.301602E+06  0.301601E+06  0.401808E+06  0.401777E+06  0.306610E+06  0.301825E+06
  0.125085E-03  0.301602E+06  0.301600E+06  0.401784E+06  0.401751E+06  0.306604E+06  0.301824E+06
  0.129325E-03  0.301601E+06  0.301599E+06  0.401759E+06  0.401723E+06  0.306598E+06  0.301823E+06
  0.133709E-03  0.301600E+06  0.301598E+06  0.401731E+06  0.401694E+06  0.306592E+06  0.301822E+06
  0.138241E-03  0.301599E+06  0.301597E+06  0.401702E+06  0.401662E+06  0.306585E+06  0.301820E+06
  0.142927E-03  0.301598E+06  0.301596E+06  0.401671E+06  0.401628E+06  0.306577E+06  0.301819E+06
  0.147771E-03  0.301597E+06  0.301595E+06  0.401638E+06  0.401592E+06  0.306570E+06  0.301818E+06
  0.152780E-03  0.301595E+06  0.301593E+06  0.401603E+06  0.401554E+06  0.306561E+06  0.301816E+06
  0.157958E-03  0.301594E+06  0.301592E+06  0.401565E+06  0.401512E+06  0.306552E+06  0.301814E+06
  0.163312E-03  0.301593E+06  0.301590E+06  0.401525E+06  0.401468E+06  0.306542E+06  0.301813E+06
  0.168848E-03  0.301591E+06  0.301589E+06  0.401481E+06  0.401421E+06  0.306532E+06  0.301811E+06
  0.174571E-03  0.301590E+06  0.301587E+06  0.401435E+06  0.401371E+06  0.306521E+06  0.301809E+06
  0.180488E-03  0.301588E+06  0.301585E+06  0.401386E+06  0.401317E+06  0.306509E+06  0.301806E+06
  0.186606E-03  0.301586E+06  0.301583E+06  0.401333E+06  0.401260E+06  0.306497E+06  0.301804E+06
  0.192931E-03  0.301584E+06  0.301581E+06  0.401276E+06  0.401198E+06  0.306483E+06  0.301802E+06
  0.199470E-03  0.301582E+06  0.301579E+06  0.401216E+06  0.401132E+06  0.306469E+06  0.301799E+06
  0.206231E-03  0.301580E+06  0.301576E+06  0.401152E+06  0.401062E+06  0.306453E+06  0.301796E+06
  0.213221E-03  0.301578E+06  0.301574E+06  0.401083E+06  0.400987E+06  0.306437E+06  0.301793E+06
  0.220448E-03  0.301575E+06  0.301571E+06  0.401009E+06  0.400907E+06  0.306419E+06  0.301790E+06
  0.227921E-03  0.301572E+06  0.301568E+06  0.400930E+06  0.400821E+06  0.306401E+06  0.301786E+06
  0.235646E-03  0.301569E+06  0.301565E+06  0.400846E+06  0.400729E+06  0.306381E+06  0.301783E+06
  0.243633E-03  0.301566E+06  0.301561E+06  0.400756E+06  0.400631E+06  0.306359E+06  0.301779E+06
  0.251891E-03  0.301563E+06  0.301558E+06  0.400660E+06  0.400527E+06  0.306336E+06  0.301775E+06
  0.260429E-03  0.301560E+06  0.301554E+06  0.400558E+06  0.400415E+06  0.306312E+06  0.301770E+06
  0.269256E-03  0.301556E+06  0.301550E+06  0.400448E+06  0.400295E+06  0.306286E+06  0.301765E+06
  0.278383E-03  0.301552E+06  0.301545E+06  0.400331E+06  0.400168E+06  0.306258E+06  0.301760E+06
  0.287819E-03  0.301547E+06  0.301540E+06  0.400205E+06  0.400031E+06  0.306228E+06  0.301754E+06
  0.297574E-03  0.301543E+06  0.301535E+06  0.400071E+06  0.399885E+06  0.306196E+06  0.301749E+06
  0.307661E-03  0.301538E+06  0.301530E+06  0.399928E+06  0.399729E+06  0.306161E+06  0.301742E+06
  0.318089E-03  0.301533E+06  0.301524E+06  0.399775E+06  0.399563E+06  0.306125E+06  0.301736E+06
  0.328871E-03  0.301527E+06  0.301518E+06  0.399612E+06  0.399385E+06  0.306086E+06  0.301728E+06
  0.340018E-03  0.301521E+06  0.301511E+06  0.399437E+06  0.399195E+06  0.306044E+06  0.301721E+06
  0.351543E-03  0.301514E+06  0.301504E+06  0.399251E+06  0.398992E+06  0.306000E+06  0.301712E+06
  0.363458E-03  0.301508E+06  0.301497E+06  0.399051E+06  0.398775E+06  0.305952E+06  0.301704E+06
  0.375778E-03  0.301500E+06  0.301488E+06  0.398838E+06  0.398543E+06  0.305901E+06  0.301694E+06
  0.388515E-03  0.301492E+06  0.301480E+06  0.398611E+06  0.398295E+06  0.305846E+06  0.301684E+06
  0.401683E-03  0.301484E+06  0.301471E+06  0.398368E+06  0.398030E+06  0.305788E+06  0.301673E+06
  0.415298E-03  0.301475E+06  0.301461E+06  0.398108E+06  0.397747E+06  0.305726E+06  0.301662E+06
  0.429375E-03  0.301466E+06  0.301450E+06  0.397830E+06  0.397445E+06  0.305660E+06  0.301650E+06
  0.443929E-03  0.301455E+06  0.301439E+06  0.397534E+06  0.397123E+06  0.305589E+06  0.301636E+06
  0.458976E-03  0.301444E+06  0.301427E+06  0.397217E+06  0.396778E+06  0.305513E+06  0.301622E+06
  0.474533E-03  0.301433E+06  0.301414E+06  0.396879E+06  0.396410E+06  0.305432E+06  0.301607E+06
  0.490617E-03  0.301420E+06  0.301400E+06  0.396517E+06  0.396017E+06  0.305345E+06  0.301591E+06
  0.507247E-03  0.301407E+06  0.301385E+06  0.396132E+06  0.395597E+06  0.305253E+06  0.301574E+06
  0.524440E-03  0.301392E+06  0.301369E+06  0.395719E+06  0.395149E+06  0.305154E+06  0.301556E+06
  0.542216E-03  0.301377E+06  0.301353E+06  0.395279E+06  0.394670E+06  0.305048E+06  0.301536E+06
  0.560594E-03  0.301361E+06  0.301335E+06  0.394809E+06  0.394159E+06  0.304935E+06  0.301516E+06
  0.579596E-03  0.301343E+06  0.301315E+06  0.394307E+06  0.393613E+06  0.304815E+06  0.301493E+06
  0.599241E-03  0.301325E+06  0.301295E+06  0.393772E+06  0.393031E+06  0.304686E+06  0.301469E+06
  0.619552E-03  0.301305E+06  0.301273E+06  0.393199E+06  0.392409E+06  0.304548E+06  0.301444E+06
  0.640552E-03  0.301284E+06  0.301249E+06  0.392589E+06  0.391745E+06  0.304401E+06  0.301417E+06
  0.662264E-03  0.301261E+06  0.301224E+06  0.391937E+06  0.391036E+06  0.304244E+06  0.301387E+06
  0.684711E-03  0.301237E+06  0.301197E+06  0.391241E+06  0.390280E+06  0.304076E+06  0.301356E+06
  0.707920E-03  0.301211E+06  0.301169E+06  0.390498E+06  0.389474E+06  0.303897E+06  0.301323E+06
  0.731915E-03  0.301183E+06  0.301138E+06  0.389706E+06  0.388613E+06  0.303706E+06  0.301288E+06
  0.756723E-03  0.301153E+06  0.301105E+06  0.388860E+06  0.387695E+06  0.303501E+06  0.301250E+06
  0.782372E-03  0.301122E+06  0.301070E+06  0.387958E+06  0.386716E+06  0.303283E+06  0.301209E+06
  0.808891E-03  0.301088E+06  0.301033E+06  0.386996E+06  0.385672E+06  0.303050E+06  0.301166E+06
  0.836308E-03  0.301052E+06  0.300993E+06  0.385970E+06  0.384559E+06  0.302801E+06  0.301120E+06
  0.864655E-03  0.301013E+06  0.300950E+06  0.384876E+06  0.383372E+06  0.302535E+06  0.301070E+06
  0.893963E-03  0.300972E+06  0.300905E+06  0.383709E+06  0.382107E+06  0.302252E+06  0.301017E+06
  0.924264E-03  0.300928E+06  0.300856E+06  0.382465E+06  0.380759E+06  0.301949E+06  0.300961E+06
  0.955592E-03  0.300880E+06  0.300804E+06  0.381140E+06  0.379323E+06  0.301626E+06  0.300901E+06
  0.987981E-03  0.300830E+06  0.300749E+06  0.379727E+06  0.377793E+06  0.301281E+06  0.300837E+06
  0.102147E-02  0.300776E+06  0.300689E+06  0.378222E+06  0.376164E+06  0.300913E+06  0.300768E+06
  0.105609E-02  0.300719E+06  0.300626E+06  0.376620E+06  0.374430E+06  0.300520E+06  0.300695E+06
  0.109189E-02  0.300658E+06  0.300558E+06  0.374913E+06  0.372584E+06  0.300101E+06  0.300616E+06
  0.112890E-02  0.300592E+06  0.300486E+06  0.373096E+06  0.370620E+06  0.299654E+06  0.300533E+06
  0.116716E-02  0.300522E+06  0.300409E+06  0.371162E+06  0.368531E+06  0.299177E+06  0.300443E+06
  0.120672E-02  0.300448E+06  0.300326E+06  0.369105E+06  0.366310E+06  0.298668E+06  0.300348E+06
  0.124763E-02  0.300368E+06  0.300238E+06  0.366917E+06  0.363949E+06  0.298126E+06  0.300247E+06
  0.128991E-02  0.300283E+06  0.300144E+06  0.364591E+06  0.361441E+06  0.297548E+06  0.300138E+06
  0.133364E-02  0.300192E+06  0.300044E+06  0.362118E+06  0.358777E+06  0.296931E+06  0.300022E+06
  0.137884E-02  0.300095E+06  0.299936E+06  0.359492E+06  0.355950E+06  0.296274E+06  0.299899E+06
  0.142558E-02  0.299991E+06  0.299822E+06  0.356703E+06  0.352949E+06  0.295574E+06  0.299767E+06
  0.147390E-02  0.299881E+06  0.299700E+06  0.353742E+06  0.349768E+06  0.294829E+06  0.299626E+06
  0.152385E-02  0.299763E+06  0.299569E+06  0.350601E+06  0.346395E+06  0.294035E+06  0.299476E+06
  0.157550E-02  0.299637E+06  0.299430E+06  0.347271E+06  0.342823E+06  0.293189E+06  0.299316E+06
  0.162891E-02  0.299503E+06  0.299282E+06  0.343742E+06  0.339042E+06  0.292289E+06  0.299145E+06
  0.168412E-02  0.299360E+06  0.299123E+06  0.340004E+06  0.335042E+06  0.291332E+06  0.298963E+06
  0.174120E-02  0.299207E+06  0.298954E+06  0.336048E+06  0.330814E+06  0.290313E+06  0.298769E+06
  0.180022E-02  0.299044E+06  0.298774E+06  0.331864E+06  0.326348E+06  0.289229E+06  0.298562E+06
  0.186124E-02  0.298870E+06  0.298582E+06  0.327443E+06  0.321635E+06  0.288078E+06  0.298342E+06
  0.192432E-02  0.298685E+06  0.298377E+06  0.322773E+06  0.316666E+06  0.286853E+06  0.298107E+06
  0.198955E-02  0.298488E+06  0.298158E+06  0.317846E+06  0.311431E+06  0.285553E+06  0.297857E+06
  0.205699E-02  0.298277E+06  0.297925E+06  0.312653E+06  0.305923E+06  0.284172E+06  0.297591E+06
  0.212671E-02  0.298053E+06  0.297677E+06  0.307185E+06  0.300134E+06  0.282707E+06  0.297308E+06
  0.219879E-02  0.297814E+06  0.297412E+06  0.301432E+06  0.294057E+06  0.281153E+06  0.297006E+06
  0.227332E-02  0.297560E+06  0.297130E+06  0.295388E+06  0.287685E+06  0.279504E+06  0.296685E+06
  0.235038E-02  0.297289E+06  0.296830E+06  0.289045E+06  0.281014E+06  0.277758E+06  0.296343E+06
  0.243004E-02  0.297000E+06  0.296510E+06  0.282397E+06  0.274040E+06  0.275908E+06  0.295980E+06
  0.251241E-02  0.296693E+06  0.296170E+06  0.275441E+06  0.266761E+06  0.273951E+06  0.295594E+06
  0.259757E-02  0.296367E+06  0.295807E+06  0.268172E+06  0.259177E+06  0.271881E+06  0.295184E+06
  0.268561E-02  0.296019E+06  0.295422E+06  0.260589E+06  0.251289E+06  0.269693E+06  0.294748E+06
  0.277664E-02  0.295650E+06  0.295012E+06  0.252693E+06  0.243103E+06  0.267383E+06  0.294286E+06
  0.287076E-02  0.295257E+06  0.294575E+06  0.244487E+06  0.234625E+06  0.264945E+06  0.293795E+06
  0.296806E-02  0.294840E+06  0.294112E+06  0.235977E+06  0.225866E+06  0.262375E+06  0.293274E+06
  0.306866E-02  0.294397E+06  0.293619E+06  0.227171E+06  0.216838E+06  0.259669E+06  0.292722E+06
  0.317268E-02  0.293927E+06  0.293096E+06  0.218081E+06  0.207560E+06  0.256821E+06  0.292137E+06
  0.328021E-02  0.293428E+06  0.292540E+06  0.208723E+06  0.198052E+06  0.253829E+06  0.291518E+06
  0.339140E-02  0.292898E+06  0.291950E+06  0.199116E+06  0.188339E+06  0.250688E+06  0.290862E+06
  0.350635E-02  0.292337E+06  0.291324E+06  0.189285E+06  0.178452E+06  0.247394E+06  0.290168E+06
  0.362520E-02  0.291742E+06  0.290661E+06  0.179257E+06  0.168426E+06  0.243946E+06  0.289435E+06
  0.374807E-02  0.291112E+06  0.289958E+06  0.169067E+06  0.158299E+06  0.240341E+06  0.288661E+06
  0.387512E-02  0.290445E+06  0.289213E+06  0.158753E+06  0.148116E+06  0.236577E+06  0.287843E+06
  0.400646E-02  0.289739E+06  0.288424E+06  0.148360E+06  0.137926E+06  0.232654E+06  0.286980E+06
  0.414226E-02  0.288994E+06  0.287590E+06  0.137936E+06  0.127784E+06  0.228572E+06  0.286072E+06
  0.428266E-02  0.288206E+06  0.286707E+06  0.127537E+06  0.117746E+06  0.224333E+06  0.285114E+06
  0.442783E-02  0.287374E+06  0.285775E+06  0.117222E+06  0.107875E+06  0.219938E+06  0.284108E+06
  0.457791E-02  0.286497E+06  0.284790E+06  0.107054E+06  0.982354E+05  0.215393E+06  0.283049E+06
  0.473308E-02  0.285572E+06  0.283751E+06  0.971035E+05  0.888933E+05  0.210702E+06  0.281938E+06
  0.489350E-02  0.284598E+06  0.282655E+06  0.874405E+05  0.799161E+05  0.205871E+06  0.280772E+06
  0.505937E-02  0.283574E+06  0.281501E+06  0.781385E+05  0.713700E+05  0.200910E+06  0.279551E+06
  0.523086E-02  0.282496E+06  0.280285E+06  0.692715E+05  0.633189E+05  0.195827E+06  0.278272E+06
  0.540816E-02  0.281365E+06  0.279006E+06  0.609124E+05  0.558220E+05  0.190636E+06  0.276935E+06
  0.559147E-02  0.280177E+06  0.277662E+06  0.531312E+05  0.489318E+05  0.185349E+06  0.275539E+06
  0.578099E-02  0.278932E+06  0.276251E+06  0.459923E+05  0.426920E+05  0.179981E+06  0.274083E+06
  0.597694E-02  0.277628E+06  0.274770E+06  0.395522E+05  0.371348E+05  0.174550E+06  0.272566E+06
  0.617953E-02  0.276264E+06  0.273218E+06  0.338573E+05  0.322788E+05  0.169074E+06  0.270988E+06
  0.638899E-02  0.274839E+06  0.271593E+06  0.289403E+05  0.281270E+05  0.163573E+06  0.269348E+06
  0.660554E-02  0.273351E+06  0.269892E+06  0.248182E+05  0.246653E+05  0.158068E+06  0.267646E+06
  0.682944E-02  0.271800E+06  0.268115E+06  0.214894E+05  0.218610E+05  0.152581E+06  0.265882E+06
  0.706092E-02  0.270185E+06  0.266260E+06  0.189319E+05  0.196630E+05  0.147135E+06  0.264056E+06
  0.730025E-02  0.268504E+06  0.264325E+06  0.171015E+05  0.180022E+05  0.141751E+06  0.262168E+06
  0.754769E-02  0.266757E+06  0.262308E+06  0.159316E+05  0.167937E+05  0.136453E+06  0.260219E+06
  0.780352E-02  0.264945E+06  0.260210E+06  0.153334E+05  0.159398E+05  0.131262E+06  0.258209E+06
  0.806802E-02  0.263066E+06  0.258027E+06  0.151983E+05  0.153347E+05  0.126197E+06  0.256137E+06
  0.834149E-02  0.261120E+06  0.255760E+06  0.154012E+05  0.148705E+05  0.121277E+06  0.254006E+06
  0.862423E-02  0.259107E+06  0.253407E+06  0.158056E+05  0.144439E+05  0.116515E+06  0.251814E+06
  0.891655E-02  0.257028E+06  0.250967E+06  0.162709E+05  0.139639E+05  0.111924E+06  0.249562E+06
  0.921878E-02  0.254881E+06  0.248440E+06  0.166605E+05  0.133593E+05  0.107511E+06  0.247252E+06
  0.953125E-02  0.252667E+06  0.245824E+06  0.168511E+05  0.125854E+05  0.103281E+06  0.244881E+06
  0.985431E-02  0.250387E+06  0.243119E+06  0.167430E+05  0.116291E+05  0.992318E+05  0.242452E+06
  0.101883E-01  0.248040E+06  0.240324E+06  0.162690E+05  0.105112E+05  0.953598E+05  0.239962E+06
  0.105337E-01  0.245626E+06  0.237437E+06  0.154023E+05  0.928460E+04  0.916558E+05  0.237412E+06
  0.108907E-01  0.243146E+06  0.234459E+06  0.141611E+05  0.802936E+04  0.881075E+05  0.234802E+06
  0.112598E-01  0.240599E+06  0.231388E+06  0.126094E+05  0.684221E+04  0.847000E+05  0.232129E+06
  0.116415E-01  0.237986E+06  0.228223E+06  0.108526E+05  0.582292E+04  0.814164E+05  0.229395E+06
  0.120361E-01  0.235307E+06  0.224965E+06  0.902714E+04  0.505806E+04  0.782396E+05  0.226596E+06
  0.124440E-01  0.232561E+06  0.221611E+06  0.728467E+04  0.460473E+04  0.751531E+05  0.223734E+06
  0.128658E-01  0.229748E+06  0.218162E+06  0.577207E+04  0.447702E+04  0.721423E+05  0.220807E+06
  0.133019E-01  0.226869E+06  0.214616E+06  0.460914E+04  0.463865E+04  0.691956E+05  0.217814E+06
  0.137528E-01  0.223924E+06  0.210974E+06  0.386774E+04  0.500448E+04  0.663055E+05  0.214755E+06
  0.142189E-01  0.220912E+06  0.207235E+06  0.000000E+00  0.000000E+00  0.634674E+05  0.211630E+06
  0.147009E-01  0.217832E+06  0.203398E+06  0.000000E+00  0.000000E+00  0.606822E+05  0.208437E+06
  0.151992E-01  0.214688E+06  0.199465E+06  0.000000E+00  0.000000E+00  0.579554E+05  0.205180E+06
  0.157144E-01  0.211478E+06  0.195438E+06  0.000000E+00  0.000000E+00  0.552934E+05  0.201858E+06
  0.162470E-01  0.208203E+06  0.191316E+06  0.000000E+00  0.000000E+00  0.527038E+05  0.198473E+06
  0.167977E-01  0.204864E+06  0.187103E+06  0.000000E+00  0.000000E+00  0.501936E+05  0.195026E+06
  0.173671E-01  0.201462E+06  0.182799E+06  0.000000E+00  0.000000E+00  0.477677E+05  0.191517E+06
  0.179557E-01  0.197998E+06  0.178407E+06  0.000000E+00  0.000000E+00  0.454283E+05  0.187948E+06
  0.185643E-01  0.194472E+06  0.173932E+06  0.000000E+00  0.000000E+00  0.431742E+05  0.184321E+06
  0.191936E-01  0.190887E+06  0.169377E+06  0.000000E+00  0.000000E+00  0.410014E+05  0.180637E+06
  0.198441E-01  0.187244E+06  0.164748E+06  0.000000E+00  0.000000E+00  0.389039E+05  0.176899E+06
  0.205168E-01  0.183546E+06  0.160050E+06  0.000000E+00  0.000000E+00  0.368751E+05  0.173109E+06
  0.212122E-01  0.179795E+06  0.155292E+06  0.000000E+00  0.000000E+00  0.349091E+05  0.169269E+06
  0.219312E-01  0.175994E+06  0.150480E+06  0.000000E+00  0.000000E+00  0.330018E+05  0.165384E+06
  0.226745E-01  0.172146E+06  0.145625E+06  0.000000E+00  0.000000E+00  0.311510E+05  0.161458E+06
  0.234431E-01  0.168256E+06  0.140738E+06  0.000000E+00  0.000000E+00  0.293565E+05  0.157495E+06
  0.242377E-01  0.164328E+06  0.135830E+06  0.000000E+00  0.000000E+00  0.276189E+05  0.153501E+06
  0.250592E-01  0.160367E+06  0.130915E+06  0.000000E+00  0.000000E+00  0.259393E+05  0.149483E+06
  0.259086E-01  0.156379E+06  0.126008E+06  0.000000E+00  0.000000E+00  0.243185E+05  0.145447E+06
  0.267868E-01  0.152370E+06  0.121127E+06  0.000000E+00  0.000000E+00  0.227574E+05  0.141402E+06
  0.276947E-01  0.148347E+06  0.116288E+06  0.000000E+00  0.000000E+00  0.212571E+05  0.137355E+06
  0.286334E-01  0.144317E+06  0.111511E+06  0.000000E+00  0.000000E+00  0.198197E+05  0.133317E+06
  0.296040E-01  0.140290E+06  0.106817E+06  0.000000E+00  0.000000E+00  0.184487E+05  0.129297E+06
  0.306074E-01  0.136274E+06  0.102229E+06  0.000000E+00  0.000000E+00  0.171476E+05  0.125306E+06
  0.316449E-01  0.132279E+06  0.977679E+05  0.000000E+00  0.000000E+00  0.159200E+05  0.121357E+06
  0.327175E-01  0.128316E+06  0.934591E+05  0.000000E+00  0.000000E+00  0.147680E+05  0.117461E+06
  0.338264E-01  0.124970E+06  0.898922E+05  0.000000E+00  0.000000E+00  0.126942E+05  0.114135E+06
  0.349730E-01  0.121124E+06  0.859781E+05  0.000000E+00  0.000000E+00  0.117366E+05  0.110407E+06
  0.361584E-01  0.117343E+06  0.822858E+05  0.000000E+00  0.000000E+00  0.108461E+05  0.106769E+06
  0.373840E-01  0.113590E+06  0.787881E+05  0.000000E+00  0.000000E+00  0.100152E+05  0.103188E+06
  0.386511E-01  0.109917E+06  0.755451E+05  0.000000E+00  0.000000E+00  0.924311E+04  0.997160E+05
  0.399612E-01  0.106341E+06  0.725806E+05  0.000000E+00  0.000000E+00  0.852528E+04  0.963692E+05
  0.413157E-01  0.102876E+06  0.699103E+05  0.000000E+00  0.000000E+00  0.785712E+04  0.931608E+05
  0.427161E-01  0.995328E+05  0.675446E+05  0.000000E+00  0.000000E+00  0.723591E+04  0.901013E+05
  0.441639E-01  0.959608E+05  0.651333E+05  0.000000E+00  0.000000E+00  0.702831E+04  0.868722E+05
  0.456609E-01  0.928707E+05  0.633669E+05  0.000000E+00  0.000000E+00  0.648318E+04  0.841156E+05
  0.472086E-01  0.899160E+05  0.618881E+05  0.000000E+00  0.000000E+00  0.598928E+04  0.815161E+05
  0.488087E-01  0.870941E+05  0.606731E+05  0.000000E+00  0.000000E+00  0.554437E+04  0.790675E+05
  0.504631E-01  0.843990E+05  0.596889E+05  0.000000E+00  0.000000E+00  0.514129E+04  0.767591E+05
  0.521736E-01  0.818236E+05  0.588961E+05  0.000000E+00  0.000000E+00  0.476975E+04  0.745786E+05
  0.539420E-01  0.795634E+05  0.584487E+05  0.000000E+00  0.000000E+00  0.427470E+04  0.726987E+05
  0.557704E-01  0.771979E+05  0.578901E+05  0.000000E+00  0.000000E+00  0.394218E+04  0.707244E+05
  0.576607E-01  0.749178E+05  0.573631E+05  0.000000E+00  0.000000E+00  0.363600E+04  0.688240E+05
  0.596151E-01  0.727102E+05  0.568077E+05  0.000000E+00  0.000000E+00  0.336184E+04  0.669774E+05
  0.616357E-01  0.705604E+05  0.561626E+05  0.000000E+00  0.000000E+00  0.311538E+04  0.651628E+05
  0.637249E-01  0.683094E+05  0.552279E+05  0.000000E+00  0.000000E+00  0.296759E+04  0.632245E+05
  0.658849E-01  0.662182E+05  0.542230E+05  0.000000E+00  0.000000E+00  0.273268E+04  0.613967E+05
  0.681181E-01  0.641283E+05  0.529622E+05  0.000000E+00  0.000000E+00  0.250795E+04  0.595278E+05
  0.704269E-01  0.620208E+05  0.514100E+05  0.000000E+00  0.000000E+00  0.230537E+04  0.575975E+05
  0.728140E-01  0.599228E+05  0.495895E+05  0.000000E+00  0.000000E+00  0.209530E+04  0.556297E+05
  0.752820E-01  0.577537E+05  0.474386E+05  0.000000E+00  0.000000E+00  0.191125E+04  0.535520E+05
  0.778338E-01  0.555531E+05  0.450286E+05  0.000000E+00  0.000000E+00  0.173285E+04  0.514065E+05
  0.804719E-01  0.533316E+05  0.424212E+05  0.000000E+00  0.000000E+00  0.157446E+04  0.492126E+05
  0.831996E-01  0.511057E+05  0.397001E+05  0.000000E+00  0.000000E+00  0.143302E+04  0.469970E+05
  0.860197E-01  0.488956E+05  0.369646E+05  0.000000E+00  0.000000E+00  0.129479E+04  0.447915E+05
  0.889353E-01  0.467238E+05  0.343231E+05  0.000000E+00  0.000000E+00  0.116452E+04  0.426324E+05
  0.919498E-01  0.446162E+05  0.318855E+05  0.000000E+00  0.000000E+00  0.105079E+04  0.405586E+05
  0.950664E-01  0.426030E+05  0.297555E+05  0.000000E+00  0.000000E+00  0.946857E+03  0.386109E+05
  0.982887E-01  0.407166E+05  0.280195E+05  0.000000E+00  0.000000E+00  0.853007E+03  0.368293E+05
  0.101620E+00  0.389853E+05  0.267309E+05  0.000000E+00  0.000000E+00  0.772151E+03  0.352452E+05
  0.105065E+00  0.374233E+05  0.258940E+05  0.000000E+00  0.000000E+00  0.702025E+03  0.338702E+05
  0.108626E+00  0.360232E+05  0.254532E+05  0.000000E+00  0.000000E+00  0.643412E+03  0.326895E+05
  0.112308E+00  0.347560E+05  0.252963E+05  0.000000E+00  0.000000E+00  0.586979E+03  0.316610E+05
  0.116114E+00  0.335801E+05  0.252717E+05  0.000000E+00  0.000000E+00  0.538769E+03  0.307269E+05
  0.120050E+00  0.324527E+05  0.252150E+05  0.000000E+00  0.000000E+00  0.494779E+03  0.298259E+05
  0.124119E+00  0.313360E+05  0.249746E+05  0.000000E+00  0.000000E+00  0.451622E+03  0.289029E+05
  0.128326E+00  0.301973E+05  0.244319E+05  0.000000E+00  0.000000E+00  0.412010E+03  0.279123E+05
  0.132676E+00  0.290094E+05  0.235208E+05  0.000000E+00  0.000000E+00  0.373240E+03  0.268216E+05
  0.137173E+00  0.277581E+05  0.222468E+05  0.000000E+00  0.000000E+00  0.338235E+03  0.256207E+05
  0.141822E+00  0.264549E+05  0.207003E+05  0.000000E+00  0.000000E+00  0.302358E+03  0.243333E+05
  0.146629E+00  0.251384E+05  0.190455E+05  0.000000E+00  0.000000E+00  0.269984E+03  0.230177E+05
  0.151600E+00  0.238617E+05  0.174811E+05  0.000000E+00  0.000000E+00  0.240403E+03  0.217485E+05
  0.156738E+00  0.226726E+05  0.161857E+05  0.000000E+00  0.000000E+00  0.214604E+03  0.205935E+05
  0.162051E+00  0.216030E+05  0.152715E+05  0.000000E+00  0.000000E+00  0.192603E+03  0.195964E+05
  0.167543E+00  0.206658E+05  0.147565E+05  0.000000E+00  0.000000E+00  0.174870E+03  0.187704E+05
  0.173222E+00  0.198503E+05  0.145550E+05  0.000000E+00  0.000000E+00  0.157730E+03  0.180926E+05
  0.179094E+00  0.191183E+05  0.144933E+05  0.000000E+00  0.000000E+00  0.143815E+03  0.175042E+05
  0.185164E+00  0.184117E+05  0.143603E+05  0.000000E+00  0.000000E+00  0.131084E+03  0.169239E+05
  0.191440E+00  0.176769E+05  0.139852E+05  0.000000E+00  0.000000E+00  0.119040E+03  0.162811E+05
  0.197929E+00  0.168873E+05  0.133049E+05  0.000000E+00  0.000000E+00  0.106521E+03  0.155443E+05
  0.204638E+00  0.160539E+05  0.123894E+05  0.000000E+00  0.000000E+00  0.958101E+02  0.147338E+05
  0.211574E+00  0.152179E+05  0.114116E+05  0.000000E+00  0.000000E+00  0.850512E+02  0.139110E+05
  0.218745E+00  0.144303E+05  0.105685E+05  0.000000E+00  0.000000E+00  0.751950E+02  0.131488E+05
  0.226160E+00  0.137291E+05  0.999037E+04  0.000000E+00  0.000000E+00  0.673309E+02  0.124989E+05
  0.233826E+00  0.131243E+05  0.968186E+04  0.000000E+00  0.000000E+00  0.609102E+02  0.119700E+05
  0.241751E+00  0.125876E+05  0.951692E+04  0.000000E+00  0.000000E+00  0.548006E+02  0.115188E+05
  0.249945E+00  0.120691E+05  0.931201E+04  0.000000E+00  0.000000E+00  0.495810E+02  0.110753E+05
  0.258417E+00  0.115318E+05  0.894085E+04  0.000000E+00  0.000000E+00  0.448230E+02  0.105894E+05
  0.267176E+00  0.109651E+05  0.839967E+04  0.000000E+00  0.000000E+00  0.398412E+02  0.100519E+05
  0.276232E+00  0.103951E+05  0.780770E+04  0.000000E+00  0.000000E+00  0.354633E+02  0.950347E+04
  0.285595E+00  0.986596E+04  0.731829E+04  0.000000E+00  0.000000E+00  0.312970E+02  0.900428E+04
  0.295275E+00  0.939762E+04  0.699685E+04  0.000000E+00  0.000000E+00  0.281914E+02  0.858110E+04
  0.305284E+00  0.897928E+04  0.678568E+04  0.000000E+00  0.000000E+00  0.253022E+02  0.821573E+04
  0.315631E+00  0.857790E+04  0.656014E+04  0.000000E+00  0.000000E+00  0.229782E+02  0.786137E+04
  0.326330E+00  0.816822E+04  0.624164E+04  0.000000E+00  0.000000E+00  0.204345E+02  0.748498E+04
  0.337391E+00  0.775370E+04  0.586132E+04  0.000000E+00  0.000000E+00  0.181660E+02  0.709450E+04
  0.348827E+00  0.735851E+04  0.551481E+04  0.000000E+00  0.000000E+00  0.162269E+02  0.672491E+04
  0.360650E+00  0.700077E+04  0.525840E+04  0.000000E+00  0.000000E+00  0.144101E+02  0.639988E+04
  0.372875E+00  0.667243E+04  0.505495E+04  0.000000E+00  0.000000E+00  0.129626E+02  0.610687E+04
  0.385513E+00  0.635335E+04  0.483206E+04  0.000000E+00  0.000000E+00  0.115597E+02  0.581794E+04
  0.398580E+00  0.603526E+04  0.457041E+04  0.000000E+00  0.000000E+00  0.103378E+02  0.552334E+04
  0.412090E+00  0.572857E+04  0.431549E+04  0.000000E+00  0.000000E+00  0.924201E+01  0.523887E+04
  0.426058E+00  0.544439E+04  0.410543E+04  0.000000E+00  0.000000E+00  0.815720E+01  0.497962E+04
  0.440499E+00  0.517920E+04  0.392228E+04  0.000000E+00  0.000000E+00  0.733748E+01  0.473985E+04
  0.455430E+00  0.492224E+04  0.372987E+04  0.000000E+00  0.000000E+00  0.655969E+01  0.450504E+04
  0.470867E+00  0.467255E+04  0.353049E+04  0.000000E+00  0.000000E+00  0.579232E+01  0.427480E+04
  0.486827E+00  0.443640E+04  0.334946E+04  0.000000E+00  0.000000E+00  0.515700E+01  0.405830E+04
  0.503328E+00  0.421479E+04  0.318838E+04  0.000000E+00  0.000000E+00  0.460266E+01  0.385660E+04
  0.520388E+00  0.400261E+04  0.302940E+04  0.000000E+00  0.000000E+00  0.413377E+01  0.366270E+04
  0.538027E+00  0.379855E+04  0.287128E+04  0.000000E+00  0.000000E+00  0.365875E+01  0.347534E+04
  0.556263E+00  0.360521E+04  0.272503E+04  0.000000E+00  0.000000E+00  0.323395E+01  0.329842E+04
  0.575118E+00  0.342215E+04  0.258882E+04  0.000000E+00  0.000000E+00  0.292001E+01  0.313130E+04
  0.594612E+00  0.324709E+04  0.245584E+04  0.000000E+00  0.000000E+00  0.256499E+01  0.297102E+04
  0.614766E+00  0.308031E+04  0.232889E+04  0.000000E+00  0.000000E+00  0.230058E+01  0.281827E+04
  0.635604E+00  0.292219E+04  0.221008E+04  0.000000E+00  0.000000E+00  0.204052E+01  0.267372E+04
  0.657148E+00  0.277164E+04  0.209628E+04  0.000000E+00  0.000000E+00  0.182365E+01  0.253597E+04
  0.679422E+00  0.262831E+04  0.198757E+04  0.000000E+00  0.000000E+00  0.162017E+01  0.240477E+04
  0.702451E+00  0.249223E+04  0.188492E+04  0.000000E+00  0.000000E+00  0.143571E+01  0.228031E+04
  0.726261E+00  0.236282E+04  0.178705E+04  0.000000E+00  0.000000E+00  0.127767E+01  0.216190E+04
  0.750877E+00  0.223979E+04  0.169396E+04  0.000000E+00  0.000000E+00  0.112955E+01  0.204932E+04
  0.776328E+00  0.212293E+04  0.160567E+04  0.000000E+00  0.000000E+00  0.993835E+00  0.194241E+04
  0.802642E+00  0.201187E+04  0.152165E+04  0.000000E+00  0.000000E+00  0.893489E+00  0.184079E+04
  0.829848E+00  0.190639E+04  0.144190E+04  0.000000E+00  0.000000E+00  0.790746E+00  0.174428E+04
  0.857975E+00  0.180621E+04  0.136615E+04  0.000000E+00  0.000000E+00  0.705454E+00  0.165262E+04
  0.887057E+00  0.171108E+04  0.129420E+04  0.000000E+00  0.000000E+00  0.626265E+00  0.156558E+04
  0.917123E+00  0.162077E+04  0.122592E+04  0.000000E+00  0.000000E+00  0.548331E+00  0.148295E+04
  0.948209E+00  0.153505E+04  0.116109E+04  0.000000E+00  0.000000E+00  0.484473E+00  0.140452E+04
  0.980349E+00  0.145369E+04  0.109957E+04  0.000000E+00  0.000000E+00  0.429811E+00  0.133008E+04
  0.101358E+01  0.137648E+04  0.104118E+04  0.000000E+00  0.000000E+00  0.387355E+00  0.125943E+04
  0.104793E+01  0.130321E+04  0.985764E+03  0.000000E+00  0.000000E+00  0.340103E+00  0.119239E+04
  0.108345E+01  0.123369E+04  0.933194E+03  0.000000E+00  0.000000E+00  0.303556E+00  0.112879E+04
  0.112018E+01  0.116776E+04  0.883329E+03  0.000000E+00  0.000000E+00  0.268034E+00  0.106847E+04
  0.115815E+01  0.110523E+04  0.836040E+03  0.000000E+00  0.000000E+00  0.239423E+00  0.101126E+04
  0.119740E+01  0.104594E+04  0.791198E+03  0.000000E+00  0.000000E+00  0.211669E+00  0.957008E+03
  0.123799E+01  0.989729E+03  0.748682E+03  0.000000E+00  0.000000E+00  0.186937E+00  0.905575E+03
  0.127995E+01  0.936437E+03  0.708374E+03  0.000000E+00  0.000000E+00  0.167059E+00  0.856814E+03
  0.132333E+01  0.885923E+03  0.670168E+03  0.000000E+00  0.000000E+00  0.147515E+00  0.810596E+03
  0.136819E+01  0.838048E+03  0.633958E+03  0.000000E+00  0.000000E+00  0.129754E+00  0.766792E+03
  0.141456E+01  0.792682E+03  0.599646E+03  0.000000E+00  0.000000E+00  0.115653E+00  0.725284E+03
  0.146251E+01  0.749695E+03  0.567131E+03  0.000000E+00  0.000000E+00  0.101657E+00  0.685952E+03
  0.151208E+01  0.708969E+03  0.536326E+03  0.000000E+00  0.000000E+00  0.894807E-01  0.648689E+03
  0.156333E+01  0.670390E+03  0.507145E+03  0.000000E+00  0.000000E+00  0.797451E-01  0.613391E+03
  0.161632E+01  0.633854E+03  0.479510E+03  0.000000E+00  0.000000E+00  0.703904E-01  0.579961E+03
  0.167111E+01  0.599254E+03  0.453338E+03  0.000000E+00  0.000000E+00  0.625669E-01  0.548304E+03
  0.172775E+01  0.566490E+03  0.428555E+03  0.000000E+00  0.000000E+00  0.552267E-01  0.518326E+03
  0.178631E+01  0.535469E+03  0.405090E+03  0.000000E+00  0.000000E+00  0.489985E-01  0.489943E+03
  0.184686E+01  0.506102E+03  0.382875E+03  0.000000E+00  0.000000E+00  0.437283E-01  0.463072E+03
  0.190946E+01  0.478303E+03  0.361847E+03  0.000000E+00  0.000000E+00  0.384017E-01  0.437637E+03
  0.197418E+01  0.451989E+03  0.341942E+03  0.000000E+00  0.000000E+00  0.340719E-01  0.413561E+03
  0.204110E+01  0.427088E+03  0.323105E+03  0.000000E+00  0.000000E+00  0.292638E-01  0.390777E+03
  0.211028E+01  0.403525E+03  0.305281E+03  0.000000E+00  0.000000E+00  0.268312E-01  0.369218E+03
  0.218181E+01  0.381231E+03  0.288417E+03  0.000000E+00  0.000000E+00  0.234645E-01  0.348819E+03
  0.225576E+01  0.360140E+03  0.272461E+03  0.000000E+00  0.000000E+00  0.208034E-01  0.329521E+03
  0.233222E+01  0.340188E+03  0.257368E+03  0.000000E+00  0.000000E+00  0.184700E-01  0.311266E+03
  0.241127E+01  0.321315E+03  0.243091E+03  0.000000E+00  0.000000E+00  0.162883E-01  0.293998E+03
  0.249300E+01  0.303465E+03  0.229588E+03  0.000000E+00  0.000000E+00  0.141522E-01  0.277665E+03
  0.257750E+01  0.286584E+03  0.216817E+03  0.000000E+00  0.000000E+00  0.125341E-01  0.262220E+03
  0.266486E+01  0.270622E+03  0.204742E+03  0.000000E+00  0.000000E+00  0.109674E-01  0.247615E+03
  0.275519E+01  0.255530E+03  0.193325E+03  0.000000E+00  0.000000E+00  0.972698E-02  0.233806E+03
  0.284858E+01  0.241263E+03  0.182531E+03  0.000000E+00  0.000000E+00  0.872374E-02  0.220752E+03
  0.294513E+01  0.227775E+03  0.172328E+03  0.000000E+00  0.000000E+00  0.787425E-02  0.208411E+03
  0.304496E+01  0.215025E+03  0.162682E+03  0.000000E+00  0.000000E+00  0.672107E-02  0.196744E+03
  0.314817E+01  0.202974E+03  0.153565E+03  0.000000E+00  0.000000E+00  0.599705E-02  0.185718E+03
  0.325487E+01  0.191585E+03  0.144949E+03  0.000000E+00  0.000000E+00  0.538056E-02  0.175297E+03
  0.336520E+01  0.180823E+03  0.136807E+03  0.000000E+00  0.000000E+00  0.465472E-02  0.165451E+03
  0.347926E+01  0.170654E+03  0.129114E+03  0.000000E+00  0.000000E+00  0.427043E-02  0.156146E+03
  0.359719E+01  0.161046E+03  0.121845E+03  0.000000E+00  0.000000E+00  0.379198E-02  0.147355E+03
  0.371912E+01  0.151969E+03  0.114977E+03  0.000000E+00  0.000000E+00  0.326228E-02  0.139049E+03
  0.384518E+01  0.143393E+03  0.108490E+03  0.000000E+00  0.000000E+00  0.291267E-02  0.131203E+03
  0.397551E+01  0.135293E+03  0.102361E+03  0.000000E+00  0.000000E+00  0.248689E-02  0.123791E+03
  0.411026E+01  0.127643E+03  0.965732E+02  0.000000E+00  0.000000E+00  0.229239E-02  0.116792E+03
  0.424958E+01  0.120417E+03  0.911066E+02  0.000000E+00  0.000000E+00  0.199164E-02  0.110180E+03
  0.439362E+01  0.113594E+03  0.859440E+02  0.000000E+00  0.000000E+00  0.178647E-02  0.103937E+03
  0.454254E+01  0.107150E+03  0.810687E+02  0.000000E+00  0.000000E+00  0.156535E-02  0.980408E+02
  0.469651E+01  0.101065E+03  0.764653E+02  0.000000E+00  0.000000E+00  0.139996E-02  0.924736E+02
  0.485570E+01  0.953212E+02  0.721193E+02  0.000000E+00  0.000000E+00  0.120816E-02  0.872177E+02
  0.502029E+01  0.898980E+02  0.680162E+02  0.000000E+00  0.000000E+00  0.100053E-02  0.822556E+02
  0.519045E+01  0.847784E+02  0.641427E+02  0.000000E+00  0.000000E+00  0.953895E-03  0.775712E+02
  0.536638E+01  0.799454E+02  0.604861E+02  0.000000E+00  0.000000E+00  0.814058E-03  0.731491E+02
  0.554827E+01  0.753839E+02  0.570348E+02  0.000000E+00  0.000000E+00  0.724047E-03  0.689754E+02
  0.573633E+01  0.710788E+02  0.537775E+02  0.000000E+00  0.000000E+00  0.633578E-03  0.650362E+02
  0.593077E+01  0.670158E+02  0.507035E+02  0.000000E+00  0.000000E+00  0.560655E-03  0.613186E+02
  0.613179E+01  0.631814E+02  0.478023E+02  0.000000E+00  0.000000E+00  0.506541E-03  0.578101E+02
  0.633963E+01  0.595632E+02  0.450646E+02  0.000000E+00  0.000000E+00  0.443228E-03  0.544995E+02
  0.655451E+01  0.561492E+02  0.424816E+02  0.000000E+00  0.000000E+00  0.389147E-03  0.513758E+02
  0.677667E+01  0.529283E+02  0.400446E+02  0.000000E+00  0.000000E+00  0.326356E-03  0.484286E+02
  0.700637E+01  0.498893E+02  0.377452E+02  0.000000E+00  0.000000E+00  0.303394E-03  0.456480E+02
  0.724385E+01  0.470224E+02  0.355760E+02  0.000000E+00  0.000000E+00  0.258622E-03  0.430248E+02
  0.748939E+01  0.443180E+02  0.335298E+02  0.000000E+00  0.000000E+00  0.228999E-03  0.405503E+02
  0.774324E+01  0.417672E+02  0.315997E+02  0.000000E+00  0.000000E+00  0.205679E-03  0.382163E+02
  0.800570E+01  0.393611E+02  0.297791E+02  0.000000E+00  0.000000E+00  0.178227E-03  0.360147E+02
  0.827705E+01  0.370917E+02  0.280620E+02  0.000000E+00  0.000000E+00  0.162875E-03  0.339382E+02
  0.855760E+01  0.349516E+02  0.264427E+02  0.000000E+00  0.000000E+00  0.140018E-03  0.319801E+02
  0.884767E+01  0.329334E+02  0.249156E+02  0.000000E+00  0.000000E+00  0.122558E-03  0.301334E+02
  0.914755E+01  0.310302E+02  0.234755E+02  0.000000E+00  0.000000E+00  0.112149E-03  0.283920E+02
  0.945762E+01  0.292356E+02  0.221176E+02  0.000000E+00  0.000000E+00  0.954924E-04  0.267499E+02
  0.977818E+01  0.275436E+02  0.208374E+02  0.000000E+00  0.000000E+00  0.869955E-04  0.252018E+02
  0.101096E+02  0.259483E+02  0.196302E+02  0.000000E+00  0.000000E+00  0.743283E-04  0.237420E+02
  0.104523E+02  0.244442E+02  0.184922E+02  0.000000E+00  0.000000E+00  0.682364E-04  0.223658E+02
  0.108066E+02  0.230264E+02  0.174193E+02  0.000000E+00  0.000000E+00  0.568394E-04  0.210685E+02
  0.111728E+02  0.216898E+02  0.164080E+02  0.000000E+00  0.000000E+00  0.498512E-04  0.198455E+02
  0.115516E+02  0.204299E+02  0.154546E+02  0.000000E+00  0.000000E+00  0.442330E-04  0.186927E+02
  0.119431E+02  0.192424E+02  0.145560E+02  0.000000E+00  0.000000E+00  0.399979E-04  0.176061E+02
  0.123479E+02  0.181231E+02  0.137091E+02  0.000000E+00  0.000000E+00  0.376100E-04  0.165820E+02
  0.127664E+02  0.170681E+02  0.129108E+02  0.000000E+00  0.000000E+00  0.317438E-04  0.156167E+02
  0.131992E+02  0.160740E+02  0.121585E+02  0.000000E+00  0.000000E+00  0.297078E-04  0.147070E+02
  0.136466E+02  0.151371E+02  0.114496E+02  0.000000E+00  0.000000E+00  0.259766E-04  0.138498E+02
  0.141091E+02  0.142542E+02  0.107815E+02  0.000000E+00  0.000000E+00  0.209139E-04  0.130419E+02
  0.145873E+02  0.134223E+02  0.101520E+02  0.000000E+00  0.000000E+00  0.193970E-04  0.122807E+02
  0.150818E+02  0.126385E+02  0.955886E+01  0.000000E+00  0.000000E+00  0.186051E-04  0.115635E+02
  0.155930E+02  0.118999E+02  0.899996E+01  0.000000E+00  0.000000E+00  0.159322E-04  0.108877E+02
  0.161215E+02  0.112041E+02  0.847343E+01  0.000000E+00  0.000000E+00  0.131436E-04  0.102510E+02
  0.166679E+02  0.105485E+02  0.797734E+01  0.000000E+00  0.000000E+00  0.120351E-04  0.965117E+01
  0.172329E+02  0.993094E+01  0.751000E+01  0.000000E+00  0.000000E+00  0.102925E-04  0.908607E+01
  0.178170E+02  0.934917E+01  0.706975E+01  0.000000E+00  0.000000E+00  0.958385E-05  0.855375E+01
  0.184209E+02  0.880115E+01  0.665503E+01  0.000000E+00  0.000000E+00  0.733674E-05  0.805230E+01
  0.190453E+02  0.828494E+01  0.626440E+01  0.000000E+00  0.000000E+00  0.655865E-05  0.757996E+01
  0.196908E+02  0.779873E+01  0.589646E+01  0.000000E+00  0.000000E+00  0.618508E-05  0.713508E+01
  0.203583E+02  0.734078E+01  0.554989E+01  0.000000E+00  0.000000E+00  0.568309E-05  0.671604E+01
  0.210483E+02  0.690948E+01  0.522350E+01  0.000000E+00  0.000000E+00  0.490302E-05  0.632139E+01
  0.217617E+02  0.650328E+01  0.491610E+01  0.000000E+00  0.000000E+00  0.411158E-05  0.594972E+01
  0.224994E+02  0.612075E+01  0.462662E+01  0.000000E+00  0.000000E+00  0.416660E-05  0.559970E+01
  0.232620E+02  0.576053E+01  0.435400E+01  0.000000E+00  0.000000E+00  0.342117E-05  0.527008E+01
  0.240505E+02  0.542131E+01  0.409729E+01  0.000000E+00  0.000000E+00  0.252700E-05  0.495969E+01
  0.248656E+02  0.510190E+01  0.385556E+01  0.000000E+00  0.000000E+00  0.282410E-05  0.466743E+01
  0.257085E+02  0.480114E+01  0.362794E+01  0.000000E+00  0.000000E+00  0.234077E-05  0.439222E+01
  0.265798E+02  0.451797E+01  0.341363E+01  0.000000E+00  0.000000E+00  0.199911E-05  0.413311E+01
  0.274808E+02  0.425135E+01  0.321185E+01  0.000000E+00  0.000000E+00  0.181161E-05  0.388915E+01
  0.284122E+02  0.400034E+01  0.302188E+01  0.000000E+00  0.000000E+00  0.141915E-05  0.365947E+01
  0.293753E+02  0.376402E+01  0.284302E+01  0.000000E+00  0.000000E+00  0.145308E-05  0.344323E+01
  0.303709E+02  0.354156E+01  0.267465E+01  0.000000E+00  0.000000E+00  0.990448E-06  0.323967E+01
  0.314004E+02  0.333213E+01  0.251614E+01  0.000000E+00  0.000000E+00  0.963686E-06  0.304804E+01
  0.324647E+02  0.313499E+01  0.236693E+01  0.000000E+00  0.000000E+00  0.866937E-06  0.286765E+01
  0.335651E+02  0.294942E+01  0.222648E+01  0.000000E+00  0.000000E+00  0.807665E-06  0.269784E+01
  0.347028E+02  0.277474E+01  0.209427E+01  0.000000E+00  0.000000E+00  0.579937E-06  0.253801E+01
  0.358790E+02  0.261034E+01  0.196983E+01  0.000000E+00  0.000000E+00  0.810816E-06  0.238758E+01
  0.370952E+02  0.245560E+01  0.185270E+01  0.000000E+00  0.000000E+00  0.590224E-06  0.224598E+01
  0.383525E+02  0.230997E+01  0.174247E+01  0.000000E+00  0.000000E+00  0.615130E-06  0.211272E+01
  0.396525E+02  0.217290E+01  0.163872E+01  0.000000E+00  0.000000E+00  0.591046E-06  0.198730E+01
  0.409965E+02  0.204391E+01  0.154108E+01  0.000000E+00  0.000000E+00  0.351176E-06  0.186926E+01
  0.423861E+02  0.192252E+01  0.144919E+01  0.000000E+00  0.000000E+00  0.392640E-06  0.175818E+01
  0.438228E+02  0.180828E+01  0.136272E+01  0.000000E+00  0.000000E+00  0.301709E-06  0.165366E+01
  0.453082E+02  0.170079E+01  0.128134E+01  0.000000E+00  0.000000E+00  0.204767E-06  0.155529E+01
  0.468439E+02  0.159964E+01  0.120477E+01  0.000000E+00  0.000000E+00  0.249300E-06  0.146273E+01
  0.484317E+02  0.150446E+01  0.113271E+01  0.000000E+00  0.000000E+00  0.254394E-06  0.137564E+01
  0.500732E+02  0.141491E+01  0.106491E+01  0.000000E+00  0.000000E+00  0.143156E-06  0.129369E+01
  0.517705E+02  0.133064E+01  0.100112E+01  0.000000E+00  0.000000E+00  0.175309E-06  0.121658E+01
  0.535252E+02  0.125137E+01  0.941099E+00  0.000000E+00  0.000000E+00  0.104226E-06  0.114404E+01
  0.553395E+02  0.117678E+01  0.884626E+00  0.000000E+00  0.000000E+00  0.191368E-07  0.107579E+01
  0.572153E+02  0.110661E+01  0.831494E+00  0.000000E+00  0.000000E+00  0.968370E-07  0.101157E+01
  0.591545E+02  0.104059E+01  0.781509E+00  0.000000E+00  0.000000E+00  0.138578E-06  0.951163E+00
  0.611596E+02  0.978486E+00  0.734483E+00  0.000000E+00  0.000000E+00  0.868716E-07  0.894331E+00
  0.632326E+02  0.920064E+00  0.690244E+00  0.000000E+00  0.000000E+00  0.897562E-07  0.840870E+00
  0.653759E+02  0.865106E+00  0.648626E+00  0.000000E+00  0.000000E+00  0.115240E-06  0.790578E+00
  0.675918E+02  0.813410E+00  0.609477E+00  0.000000E+00  0.000000E+00  0.142322E-06  0.743271E+00
  0.698829E+02  0.764782E+00  0.572649E+00  0.000000E+00  0.000000E+00 -0.500037E-08  0.698770E+00
  0.722515E+02  0.719043E+00  0.538008E+00  0.000000E+00  0.000000E+00  0.386336E-07  0.656914E+00
  0.747005E+02  0.676021E+00  0.505423E+00  0.000000E+00  0.000000E+00  0.224096E-07  0.617543E+00
  0.772325E+02  0.635557E+00  0.474774E+00  0.000000E+00  0.000000E+00  0.286254E-07  0.580514E+00
  0.798503E+02  0.597499E+00  0.445946E+00  0.000000E+00  0.000000E+00  0.487578E-07  0.545685E+00
  0.825568E+02  0.561706E+00  0.418833E+00  0.000000E+00  0.000000E+00  0.414404E-07  0.512930E+00
  0.853551E+02  0.528042E+00  0.393331E+00  0.000000E+00  0.000000E+00  0.217353E-07  0.482123E+00
  0.882482E+02  0.496384E+00  0.369347E+00  0.000000E+00  0.000000E+00  0.119080E-08  0.453151E+00
  0.912394E+02  0.466611E+00  0.346789E+00  0.000000E+00  0.000000E+00  0.668609E-07  0.425904E+00
  0.943319E+02  0.438613E+00  0.325576E+00  0.000000E+00  0.000000E+00  0.167617E-07  0.400281E+00
  0.975294E+02  0.412284E+00  0.305625E+00  0.000000E+00  0.000000E+00  0.178668E-07  0.376185E+00
  0.100835E+03  0.387525E+00  0.286863E+00  0.000000E+00  0.000000E+00  0.378498E-07  0.353526E+00
  0.104253E+03  0.364245E+00  0.269221E+00  0.000000E+00  0.000000E+00  0.200999E-07  0.332220E+00
  0.107787E+03  0.342354E+00  0.252630E+00  0.000000E+00  0.000000E+00 -0.130024E-07  0.312185E+00
  0.111440E+03  0.321769E+00  0.237028E+00  0.000000E+00  0.000000E+00  0.911729E-08  0.293346E+00
  0.115217E+03  0.302415E+00  0.222358E+00  0.000000E+00  0.000000E+00  0.242569E-07  0.275633E+00
  0.119123E+03  0.284218E+00  0.208564E+00  0.000000E+00  0.000000E+00  0.335735E-07  0.258978E+00
  0.123160E+03  0.267108E+00  0.195593E+00  0.000000E+00  0.000000E+00  0.201438E-07  0.243319E+00
  0.127335E+03  0.251021E+00  0.183398E+00  0.000000E+00  0.000000E+00  0.164995E-07  0.228595E+00
  0.131651E+03  0.235898E+00  0.171931E+00  0.000000E+00  0.000000E+00 -0.787361E-08  0.214754E+00
  0.136113E+03  0.221679E+00  0.161151E+00  0.000000E+00  0.000000E+00 -0.757314E-08  0.201740E+00
  0.140727E+03  0.208312E+00  0.151015E+00  0.000000E+00  0.000000E+00  0.171299E-08  0.189506E+00
  0.145497E+03  0.195745E+00  0.141486E+00  0.000000E+00  0.000000E+00  0.912937E-08  0.178004E+00
  0.150428E+03  0.183932E+00  0.132528E+00  0.000000E+00  0.000000E+00  0.777982E-08  0.167191E+00
  0.155527E+03  0.172827E+00  0.124107E+00  0.000000E+00  0.000000E+00  0.415069E-08  0.157027E+00
  0.160799E+03  0.162387E+00  0.116190E+00  0.000000E+00  0.000000E+00 -0.101811E-07  0.147471E+00
  0.166249E+03  0.152574E+00  0.108748E+00  0.000000E+00  0.000000E+00  0.101102E-07  0.138490E+00
  0.171884E+03  0.143350E+00  0.101754E+00  0.000000E+00  0.000000E+00  0.114498E-07  0.130047E+00
  0.177710E+03  0.134679E+00  0.951791E-01  0.000000E+00  0.000000E+00  0.180598E-08  0.122111E+00
  0.183734E+03  0.126529E+00  0.889996E-01  0.000000E+00  0.000000E+00  0.280915E-08  0.114652E+00
  0.189961E+03  0.118869E+00  0.831922E-01  0.000000E+00  0.000000E+00  0.529811E-09  0.107641E+00
  0.196400E+03  0.111669E+00  0.777347E-01  0.000000E+00  0.000000E+00  0.440684E-08  0.101051E+00
  0.203057E+03  0.104902E+00  0.726062E-01  0.000000E+00  0.000000E+00 -0.434314E-08  0.948581E-01
