  0.106157E-04  0.150069E+07  0.150069E+07  0.200084E+07  0.200084E+07  0.150085E+07  0.150070E+07
  0.109755E-04  0.150069E+07  0.150069E+07  0.200084E+07  0.200084E+07  0.150085E+07  0.150070E+07
  0.113475E-04  0.150069E+07  0.150069E+07  0.200083E+07  0.200083E+07  0.150085E+07  0.150070E+07
  0.117321E-04  0.150069E+07  0.150069E+07  0.200083E+07  0.200083E+07  0.150085E+07  0.150070E+07
  0.121298E-04  0.150069E+07  0.150069E+07  0.200082E+07  0.200082E+07  0.150085E+07  0.150070E+07
  0.125409E-04  0.150069E+07  0.150069E+07  0.200081E+07  0.200081E+07  0.150085E+07  0.150070E+07
  0.129660E-04  0.150069E+07  0.150069E+07  0.200081E+07  0.200080E+07  0.150085E+07  0.150070E+07
  0.134055E-04  0.150069E+07  0.150069E+07  0.200080E+07  0.200080E+07  0.150085E+07  0.150070E+07
  0.138599E-04  0.150069E+07  0.150069E+07  0.200079E+07  0.200079E+07  0.150085E+07  0.150070E+07
  0.143296E-04  0.150069E+07  0.150069E+07  0.200078E+07  0.200078E+07  0.150085E+07  0.150070E+07
  0.148154E-04  0.150069E+07  0.150069E+07  0.200077E+07  0.200077E+07  0.150085E+07  0.150070E+07
  0.153175E-04  0.150069E+07  0.150069E+07  0.200076E+07  0.200076E+07  0.150085E+07  0.150070E+07
  0.158367E-04  0.150069E+07  0.150069E+07  0.200075E+07  0.200075E+07  0.150085E+07  0.150070E+07
  0.163735E-04  0.150069E+07  0.150069E+07  0.200074E+07  0.200073E+07  0.150085E+07  0.150070E+07
  0.169285E-04  0.150069E+07  0.150069E+07  0.200072E+07  0.200072E+07  0.150085E+07  0.150070E+07
  0.175023E-04  0.150069E+07  0.150069E+07  0.200071E+07  0.200071E+07  0.150084E+07  0.150070E+07
  0.180955E-04  0.150069E+07  0.150069E+07  0.200070E+07  0.200069E+07  0.150084E+07  0.150070E+07
  0.187089E-04  0.150069E+07  0.150069E+07  0.200068E+07  0.200068E+07  0.150084E+07  0.150070E+07
  0.193430E-04  0.150069E+07  0.150069E+07  0.200066E+07  0.200066E+07  0.150084E+07  0.150070E+07
  0.199986E-04  0.150069E+07  0.150069E+07  0.200065E+07  0.200064E+07  0.150084E+07  0.150069E+07
  0.206765E-04  0.150069E+07  0.150069E+07  0.200063E+07  0.200062E+07  0.150084E+07  0.150069E+07
  0.213773E-04  0.150069E+07  0.150069E+07  0.200061E+07  0.200060E+07  0.150084E+07  0.150069E+07
  0.221019E-04  0.150069E+07  0.150069E+07  0.200059E+07  0.200058E+07  0.150084E+07  0.150069E+07
  0.228511E-04  0.150069E+07  0.150069E+07  0.200056E+07  0.200056E+07  0.150084E+07  0.150069E+07
  0.236256E-04  0.150069E+07  0.150069E+07  0.200054E+07  0.200053E+07  0.150084E+07  0.150069E+07
  0.244264E-04  0.150069E+07  0.150069E+07  0.200051E+07  0.200050E+07  0.150084E+07  0.150069E+07
  0.252543E-04  0.150069E+07  0.150069E+07  0.200048E+07  0.200047E+07  0.150084E+07  0.150069E+07
  0.261103E-04  0.150069E+07  0.150069E+07  0.200045E+07  0.200044E+07  0.150084E+07  0.150069E+07
  0.269953E-04  0.150069E+07  0.150069E+07  0.200042E+07  0.200041E+07  0.150083E+07  0.150069E+07
  0.279103E-04  0.150069E+07  0.150069E+07  0.200039E+07  0.200038E+07  0.150083E+07  0.150069E+07
  0.288564E-04  0.150068E+07  0.150068E+07  0.200035E+07  0.200034E+07  0.150083E+07  0.150069E+07
  0.298345E-04  0.150068E+07  0.150068E+07  0.200031E+07  0.200030E+07  0.150083E+07  0.150069E+07
  0.308457E-04  0.150068E+07  0.150068E+07  0.200027E+07  0.200025E+07  0.150083E+07  0.150069E+07
  0.318912E-04  0.150068E+07  0.150068E+07  0.200022E+07  0.200021E+07  0.150083E+07  0.150069E+07
  0.329722E-04  0.150068E+07  0.150068E+07  0.200017E+07  0.200016E+07  0.150083E+07  0.150069E+07
  0.340898E-04  0.150068E+07  0.150068E+07  0.200012E+07  0.200011E+07  0.150082E+07  0.150069E+07
  0.352452E-04  0.150068E+07  0.150068E+07  0.200007E+07  0.200005E+07  0.150082E+07  0.150069E+07
  0.364399E-04  0.150068E+07  0.150068E+07  0.200001E+07  0.199999E+07  0.150082E+07  0.150069E+07
  0.376750E-04  0.150068E+07  0.150068E+07  0.199994E+07  0.199993E+07  0.150082E+07  0.150069E+07
  0.389520E-04  0.150068E+07  0.150068E+07  0.199988E+07  0.199986E+07  0.150082E+07  0.150069E+07
  0.402723E-04  0.150068E+07  0.150068E+07  0.199981E+07  0.199978E+07  0.150081E+07  0.150068E+07
  0.416373E-04  0.150068E+07  0.150068E+07  0.199973E+07  0.199971E+07  0.150081E+07  0.150068E+07
  0.430486E-04  0.150068E+07  0.150068E+07  0.199965E+07  0.199962E+07  0.150081E+07  0.150068E+07
  0.445078E-04  0.150068E+07  0.150068E+07  0.199956E+07  0.199953E+07  0.150080E+07  0.150068E+07
  0.460164E-04  0.150067E+07  0.150067E+07  0.199946E+07  0.199944E+07  0.150080E+07  0.150068E+07
  0.475761E-04  0.150067E+07  0.150067E+07  0.199936E+07  0.199933E+07  0.150080E+07  0.150068E+07
  0.491887E-04  0.150067E+07  0.150067E+07  0.199926E+07  0.199922E+07  0.150079E+07  0.150068E+07
  0.508560E-04  0.150067E+07  0.150067E+07  0.199914E+07  0.199911E+07  0.150079E+07  0.150068E+07
  0.525797E-04  0.150067E+07  0.150067E+07  0.199902E+07  0.199898E+07  0.150078E+07  0.150067E+07
  0.543619E-04  0.150067E+07  0.150067E+07  0.199889E+07  0.199885E+07  0.150078E+07  0.150067E+07
  0.562045E-04  0.150067E+07  0.150067E+07  0.199875E+07  0.199871E+07  0.150077E+07  0.150067E+07
  0.581096E-04  0.150066E+07  0.150066E+07  0.199860E+07  0.199855E+07  0.150077E+07  0.150067E+07
  0.600792E-04  0.150066E+07  0.150066E+07  0.199844E+07  0.199839E+07  0.150076E+07  0.150067E+07
  0.621156E-04  0.150066E+07  0.150066E+07  0.199827E+07  0.199822E+07  0.150076E+07  0.150066E+07
  0.642210E-04  0.150066E+07  0.150066E+07  0.199808E+07  0.199803E+07  0.150075E+07  0.150066E+07
  0.663978E-04  0.150066E+07  0.150066E+07  0.199789E+07  0.199783E+07  0.150074E+07  0.150066E+07
  0.686484E-04  0.150065E+07  0.150065E+07  0.199768E+07  0.199762E+07  0.150074E+07  0.150066E+07
  0.709752E-04  0.150065E+07  0.150065E+07  0.199746E+07  0.199739E+07  0.150073E+07  0.150065E+07
  0.733809E-04  0.150065E+07  0.150065E+07  0.199722E+07  0.199715E+07  0.150072E+07  0.150065E+07
  0.758682E-04  0.150065E+07  0.150064E+07  0.199696E+07  0.199689E+07  0.150071E+07  0.150065E+07
  0.784397E-04  0.150064E+07  0.150064E+07  0.199669E+07  0.199661E+07  0.150070E+07  0.150064E+07
  0.810985E-04  0.150064E+07  0.150064E+07  0.199640E+07  0.199631E+07  0.150069E+07  0.150064E+07
  0.838473E-04  0.150064E+07  0.150063E+07  0.199609E+07  0.199599E+07  0.150068E+07  0.150064E+07
  0.866893E-04  0.150063E+07  0.150063E+07  0.199575E+07  0.199565E+07  0.150067E+07  0.150063E+07
  0.896277E-04  0.150063E+07  0.150063E+07  0.199540E+07  0.199529E+07  0.150065E+07  0.150063E+07
  0.926656E-04  0.150062E+07  0.150062E+07  0.199502E+07  0.199490E+07  0.150064E+07  0.150062E+07
  0.958065E-04  0.150062E+07  0.150062E+07  0.199461E+07  0.199449E+07  0.150063E+07  0.150062E+07
  0.990539E-04  0.150061E+07  0.150061E+07  0.199418E+07  0.199405E+07  0.150061E+07  0.150061E+07
  0.102411E-03  0.150061E+07  0.150061E+07  0.199371E+07  0.199357E+07  0.150059E+07  0.150061E+07
  0.105883E-03  0.150060E+07  0.150060E+07  0.199322E+07  0.199307E+07  0.150058E+07  0.150060E+07
  0.109471E-03  0.150060E+07  0.150059E+07  0.199268E+07  0.199253E+07  0.150056E+07  0.150059E+07
  0.113182E-03  0.150059E+07  0.150059E+07  0.199212E+07  0.199195E+07  0.150054E+07  0.150059E+07
  0.117018E-03  0.150058E+07  0.150058E+07  0.199151E+07  0.199133E+07  0.150052E+07  0.150058E+07
  0.120985E-03  0.150057E+07  0.150057E+07  0.199087E+07  0.199067E+07  0.150049E+07  0.150057E+07
  0.125085E-03  0.150057E+07  0.150057E+07  0.199017E+07  0.198997E+07  0.150047E+07  0.150056E+07
  0.129325E-03  0.150056E+07  0.150056E+07  0.198944E+07  0.198921E+07  0.150044E+07  0.150055E+07
  0.133709E-03  0.150055E+07  0.150055E+07  0.198865E+07  0.198841E+07  0.150041E+07  0.150054E+07
  0.138241E-03  0.150054E+07  0.150054E+07  0.198780E+07  0.198755E+07  0.150038E+07  0.150053E+07
  0.142927E-03  0.150053E+07  0.150053E+07  0.198690E+07  0.198663E+07  0.150035E+07  0.150052E+07
  0.147771E-03  0.150052E+07  0.150052E+07  0.198594E+07  0.198565E+07  0.150032E+07  0.150051E+07
  0.152780E-03  0.150051E+07  0.150050E+07  0.198491E+07  0.198460E+07  0.150028E+07  0.150050E+07
  0.157958E-03  0.150049E+07  0.150049E+07  0.198381E+07  0.198348E+07  0.150024E+07  0.150048E+07
  0.163312E-03  0.150048E+07  0.150048E+07  0.198263E+07  0.198228E+07  0.150020E+07  0.150047E+07
  0.168848E-03  0.150046E+07  0.150046E+07  0.198138E+07  0.198100E+07  0.150015E+07  0.150045E+07
  0.174571E-03  0.150045E+07  0.150045E+07  0.198004E+07  0.197964E+07  0.150010E+07  0.150043E+07
  0.180488E-03  0.150043E+07  0.150043E+07  0.197860E+07  0.197818E+07  0.150005E+07  0.150042E+07
  0.186606E-03  0.150041E+07  0.150041E+07  0.197707E+07  0.197662E+07  0.150000E+07  0.150040E+07
  0.192931E-03  0.150040E+07  0.150039E+07  0.197544E+07  0.197495E+07  0.149994E+07  0.150037E+07
  0.199470E-03  0.150037E+07  0.150037E+07  0.197369E+07  0.197318E+07  0.149987E+07  0.150035E+07
  0.206231E-03  0.150035E+07  0.150035E+07  0.197183E+07  0.197128E+07  0.149981E+07  0.150033E+07
  0.213221E-03  0.150033E+07  0.150032E+07  0.196984E+07  0.196925E+07  0.149974E+07  0.150030E+07
  0.220448E-03  0.150030E+07  0.150030E+07  0.196771E+07  0.196708E+07  0.149966E+07  0.150028E+07
  0.227921E-03  0.150028E+07  0.150027E+07  0.196544E+07  0.196477E+07  0.149958E+07  0.150025E+07
  0.235646E-03  0.150025E+07  0.150024E+07  0.196302E+07  0.196230E+07  0.149949E+07  0.150022E+07
  0.243633E-03  0.150022E+07  0.150021E+07  0.196043E+07  0.195966E+07  0.149939E+07  0.150018E+07
  0.251891E-03  0.150019E+07  0.150018E+07  0.195767E+07  0.195684E+07  0.149929E+07  0.150015E+07
  0.260429E-03  0.150015E+07  0.150014E+07  0.195472E+07  0.195384E+07  0.149919E+07  0.150011E+07
  0.269256E-03  0.150011E+07  0.150011E+07  0.195157E+07  0.195063E+07  0.149907E+07  0.150007E+07
  0.278383E-03  0.150008E+07  0.150007E+07  0.194821E+07  0.194721E+07  0.149895E+07  0.150002E+07
  0.287819E-03  0.150003E+07  0.150002E+07  0.194462E+07  0.194356E+07  0.149882E+07  0.149998E+07
  0.297574E-03  0.149999E+07  0.149998E+07  0.194079E+07  0.193966E+07  0.149868E+07  0.149993E+07
  0.307661E-03  0.149994E+07  0.149993E+07  0.193671E+07  0.193550E+07  0.149853E+07  0.149988E+07
  0.318089E-03  0.149989E+07  0.149988E+07  0.193235E+07  0.193106E+07  0.149837E+07  0.149982E+07
  0.328871E-03  0.149983E+07  0.149982E+07  0.192771E+07  0.192633E+07  0.149820E+07  0.149976E+07
  0.340018E-03  0.149977E+07  0.149976E+07  0.192275E+07  0.192129E+07  0.149802E+07  0.149969E+07
  0.351543E-03  0.149971E+07  0.149970E+07  0.191747E+07  0.191591E+07  0.149782E+07  0.149963E+07
  0.363458E-03  0.149964E+07  0.149963E+07  0.191183E+07  0.191017E+07  0.149761E+07  0.149955E+07
  0.375778E-03  0.149957E+07  0.149956E+07  0.190583E+07  0.190406E+07  0.149739E+07  0.149947E+07
  0.388515E-03  0.149949E+07  0.149948E+07  0.189943E+07  0.189754E+07  0.149715E+07  0.149939E+07
  0.401683E-03  0.149941E+07  0.149939E+07  0.189261E+07  0.189060E+07  0.149690E+07  0.149930E+07
  0.415298E-03  0.149932E+07  0.149931E+07  0.188534E+07  0.188321E+07  0.149663E+07  0.149920E+07
  0.429375E-03  0.149923E+07  0.149921E+07  0.187761E+07  0.187534E+07  0.149634E+07  0.149910E+07
  0.443929E-03  0.149913E+07  0.149911E+07  0.186937E+07  0.186695E+07  0.149603E+07  0.149899E+07
  0.458976E-03  0.149902E+07  0.149900E+07  0.186060E+07  0.185803E+07  0.149570E+07  0.149887E+07
  0.474533E-03  0.149891E+07  0.149888E+07  0.185127E+07  0.184854E+07  0.149534E+07  0.149875E+07
  0.490617E-03  0.149879E+07  0.149876E+07  0.184134E+07  0.183844E+07  0.149496E+07  0.149862E+07
  0.507247E-03  0.149865E+07  0.149863E+07  0.183079E+07  0.182771E+07  0.149456E+07  0.149847E+07
  0.524440E-03  0.149852E+07  0.149849E+07  0.181956E+07  0.181630E+07  0.149413E+07  0.149832E+07
  0.542216E-03  0.149837E+07  0.149834E+07  0.180764E+07  0.180417E+07  0.149367E+07  0.149816E+07
  0.560594E-03  0.149821E+07  0.149817E+07  0.179497E+07  0.179130E+07  0.149318E+07  0.149798E+07
  0.579596E-03  0.149804E+07  0.149800E+07  0.178152E+07  0.177763E+07  0.149265E+07  0.149780E+07
  0.599241E-03  0.149786E+07  0.149782E+07  0.176724E+07  0.176312E+07  0.149209E+07  0.149760E+07
  0.619552E-03  0.149766E+07  0.149762E+07  0.175210E+07  0.174774E+07  0.149149E+07  0.149739E+07
  0.640552E-03  0.149746E+07  0.149741E+07  0.173605E+07  0.173144E+07  0.149085E+07  0.149716E+07
  0.662264E-03  0.149724E+07  0.149719E+07  0.171904E+07  0.171417E+07  0.149017E+07  0.149692E+07
  0.684711E-03  0.149700E+07  0.149695E+07  0.170103E+07  0.169589E+07  0.148944E+07  0.149666E+07
  0.707920E-03  0.149675E+07  0.149670E+07  0.168197E+07  0.167655E+07  0.148866E+07  0.149639E+07
  0.731915E-03  0.149648E+07  0.149642E+07  0.166182E+07  0.165610E+07  0.148783E+07  0.149610E+07
  0.756723E-03  0.149619E+07  0.149613E+07  0.164052E+07  0.163451E+07  0.148695E+07  0.149578E+07
  0.782372E-03  0.149589E+07  0.149583E+07  0.161804E+07  0.161172E+07  0.148600E+07  0.149545E+07
  0.808891E-03  0.149556E+07  0.149550E+07  0.159433E+07  0.158769E+07  0.148500E+07  0.149509E+07
  0.836308E-03  0.149522E+07  0.149514E+07  0.156934E+07  0.156237E+07  0.148392E+07  0.149471E+07
  0.864655E-03  0.149485E+07  0.149477E+07  0.154303E+07  0.153573E+07  0.148277E+07  0.149431E+07
  0.893963E-03  0.149445E+07  0.149437E+07  0.151536E+07  0.150773E+07  0.148155E+07  0.149388E+07
  0.924264E-03  0.149403E+07  0.149394E+07  0.148630E+07  0.147833E+07  0.148024E+07  0.149342E+07
  0.955592E-03  0.149358E+07  0.149348E+07  0.145582E+07  0.144750E+07  0.147885E+07  0.149293E+07
  0.987981E-03  0.149310E+07  0.149300E+07  0.142388E+07  0.141522E+07  0.147737E+07  0.149240E+07
  0.102147E-02  0.149259E+07  0.149248E+07  0.139046E+07  0.138147E+07  0.147579E+07  0.149184E+07
  0.105609E-02  0.149205E+07  0.149193E+07  0.135556E+07  0.134625E+07  0.147410E+07  0.149125E+07
  0.109189E-02  0.149147E+07  0.149134E+07  0.131917E+07  0.130954E+07  0.147231E+07  0.149062E+07
  0.112890E-02  0.149085E+07  0.149072E+07  0.128129E+07  0.127135E+07  0.147040E+07  0.148994E+07
  0.116716E-02  0.149020E+07  0.149005E+07  0.124194E+07  0.123172E+07  0.146836E+07  0.148923E+07
  0.120672E-02  0.148950E+07  0.148935E+07  0.120115E+07  0.119066E+07  0.146619E+07  0.148846E+07
  0.124763E-02  0.148875E+07  0.148859E+07  0.115896E+07  0.114824E+07  0.146389E+07  0.148765E+07
  0.128991E-02  0.148796E+07  0.148779E+07  0.111543E+07  0.110450E+07  0.146143E+07  0.148678E+07
  0.133364E-02  0.148712E+07  0.148694E+07  0.107064E+07  0.105954E+07  0.145882E+07  0.148586E+07
  0.137884E-02  0.148623E+07  0.148603E+07  0.102468E+07  0.101346E+07  0.145604E+07  0.148489E+07
  0.142558E-02  0.148528E+07  0.148507E+07  0.977668E+06  0.966366E+06  0.145309E+07  0.148385E+07
  0.147390E-02  0.148427E+07  0.148404E+07  0.929742E+06  0.918415E+06  0.144996E+07  0.148274E+07
  0.152385E-02  0.148320E+07  0.148296E+07  0.881063E+06  0.869769E+06  0.144663E+07  0.148157E+07
  0.157550E-02  0.148206E+07  0.148180E+07  0.831815E+06  0.820616E+06  0.144309E+07  0.148033E+07
  0.162891E-02  0.148085E+07  0.148058E+07  0.782206E+06  0.771168E+06  0.143934E+07  0.147901E+07
  0.168412E-02  0.147957E+07  0.147928E+07  0.732469E+06  0.721662E+06  0.143536E+07  0.147760E+07
  0.174120E-02  0.147821E+07  0.147790E+07  0.682860E+06  0.672355E+06  0.143114E+07  0.147612E+07
  0.180022E-02  0.147677E+07  0.147644E+07  0.633656E+06  0.623524E+06  0.142667E+07  0.147454E+07
  0.186124E-02  0.147525E+07  0.147489E+07  0.585156E+06  0.575467E+06  0.142193E+07  0.147288E+07
  0.192432E-02  0.147364E+07  0.147325E+07  0.537673E+06  0.528492E+06  0.141692E+07  0.147111E+07
  0.198955E-02  0.147193E+07  0.147152E+07  0.491533E+06  0.482918E+06  0.141161E+07  0.146924E+07
  0.205699E-02  0.147012E+07  0.146968E+07  0.447069E+06  0.439069E+06  0.140601E+07  0.146727E+07
  0.212671E-02  0.146821E+07  0.146775E+07  0.404613E+06  0.397265E+06  0.140009E+07  0.146518E+07
  0.219879E-02  0.146620E+07  0.146570E+07  0.364488E+06  0.357810E+06  0.139384E+07  0.146297E+07
  0.227332E-02  0.146407E+07  0.146354E+07  0.326999E+06  0.320992E+06  0.138724E+07  0.146065E+07
  0.235038E-02  0.146182E+07  0.146125E+07  0.292422E+06  0.287063E+06  0.138030E+07  0.145819E+07
  0.243004E-02  0.145945E+07  0.145885E+07  0.260994E+06  0.256234E+06  0.137298E+07  0.145560E+07
  0.251241E-02  0.145696E+07  0.145631E+07  0.232899E+06  0.228662E+06  0.136529E+07  0.145287E+07
  0.259757E-02  0.145433E+07  0.145364E+07  0.208258E+06  0.204438E+06  0.135720E+07  0.145000E+07
  0.268561E-02  0.145157E+07  0.145083E+07  0.187116E+06  0.183579E+06  0.134871E+07  0.144698E+07
  0.277664E-02  0.144866E+07  0.144787E+07  0.169432E+06  0.166019E+06  0.133980E+07  0.144380E+07
  0.287076E-02  0.144560E+07  0.144476E+07  0.155076E+06  0.151603E+06  0.133047E+07  0.144047E+07
  0.296806E-02  0.144239E+07  0.144149E+07  0.143818E+06  0.140089E+06  0.132071E+07  0.143696E+07
  0.306866E-02  0.143902E+07  0.143806E+07  0.135334E+06  0.131146E+06  0.131050E+07  0.143329E+07
  0.317268E-02  0.143549E+07  0.143446E+07  0.129209E+06  0.124367E+06  0.129986E+07  0.142943E+07
  0.328021E-02  0.143179E+07  0.143069E+07  0.124954E+06  0.119284E+06  0.128875E+07  0.142540E+07
  0.339140E-02  0.142791E+07  0.142674E+07  0.122021E+06  0.115390E+06  0.127720E+07  0.142117E+07
  0.350635E-02  0.142385E+07  0.142260E+07  0.119831E+06  0.112161E+06  0.126519E+07  0.141676E+07
  0.362520E-02  0.141960E+07  0.141827E+07  0.117811E+06  0.109099E+06  0.125273E+07  0.141214E+07
  0.374807E-02  0.141516E+07  0.141374E+07  0.115429E+06  0.105760E+06  0.123981E+07  0.140732E+07
  0.387512E-02  0.141052E+07  0.140901E+07  0.112235E+06  0.101790E+06  0.122645E+07  0.140228E+07
  0.400646E-02  0.140568E+07  0.140406E+07  0.107903E+06  0.969644E+05  0.121266E+07  0.139704E+07
  0.414226E-02  0.140063E+07  0.139890E+07  0.102263E+06  0.912026E+05  0.119843E+07  0.139157E+07
  0.428266E-02  0.139536E+07  0.139352E+07  0.953234E+05  0.845857E+05  0.118379E+07  0.138587E+07
  0.442783E-02  0.138987E+07  0.138791E+07  0.872806E+05  0.773486E+05  0.116876E+07  0.137995E+07
  0.457791E-02  0.138415E+07  0.138206E+07  0.785027E+05  0.698545E+05  0.115334E+07  0.137379E+07
  0.473308E-02  0.137820E+07  0.137597E+07  0.694935E+05  0.625494E+05  0.113756E+07  0.136739E+07
  0.489350E-02  0.137202E+07  0.136964E+07  0.608311E+05  0.558984E+05  0.112145E+07  0.136075E+07
  0.505937E-02  0.136559E+07  0.136305E+07  0.530891E+05  0.503113E+05  0.110502E+07  0.135386E+07
  0.523086E-02  0.135891E+07  0.135621E+07  0.467460E+05  0.460680E+05  0.108831E+07  0.134672E+07
  0.540816E-02  0.135198E+07  0.134910E+07  0.420991E+05  0.432567E+05  0.107133E+07  0.133932E+07
  0.559147E-02  0.134479E+07  0.134173E+07  0.391985E+05  0.417414E+05  0.105413E+07  0.133167E+07
  0.578099E-02  0.133734E+07  0.133408E+07  0.378181E+05  0.411695E+05  0.103672E+07  0.132376E+07
  0.597694E-02  0.132963E+07  0.132616E+07  0.000000E+00  0.000000E+00  0.101913E+07  0.131558E+07
  0.617953E-02  0.132166E+07  0.131795E+07  0.000000E+00  0.000000E+00  0.100139E+07  0.130714E+07
  0.638899E-02  0.131341E+07  0.130947E+07  0.000000E+00  0.000000E+00  0.983526E+06  0.129844E+07
  0.660554E-02  0.130489E+07  0.130070E+07  0.000000E+00  0.000000E+00  0.965556E+06  0.128947E+07
  0.682944E-02  0.129610E+07  0.129163E+07  0.000000E+00  0.000000E+00  0.947501E+06  0.128023E+07
  0.706092E-02  0.128704E+07  0.128228E+07  0.000000E+00  0.000000E+00  0.929375E+06  0.127073E+07
  0.730025E-02  0.127769E+07  0.127263E+07  0.000000E+00  0.000000E+00  0.911191E+06  0.126095E+07
  0.754769E-02  0.126807E+07  0.126269E+07  0.000000E+00  0.000000E+00  0.892956E+06  0.125090E+07
  0.780352E-02  0.125817E+07  0.125244E+07  0.000000E+00  0.000000E+00  0.874677E+06  0.124057E+07
  0.806802E-02  0.124798E+07  0.124190E+07  0.000000E+00  0.000000E+00  0.856354E+06  0.122998E+07
  0.834149E-02  0.123751E+07  0.123105E+07  0.000000E+00  0.000000E+00  0.837988E+06  0.121910E+07
  0.862423E-02  0.122676E+07  0.121989E+07  0.000000E+00  0.000000E+00  0.819575E+06  0.120795E+07
  0.891655E-02  0.121573E+07  0.120843E+07  0.000000E+00  0.000000E+00  0.801113E+06  0.119653E+07
  0.921878E-02  0.120441E+07  0.119666E+07  0.000000E+00  0.000000E+00  0.782600E+06  0.118482E+07
  0.953125E-02  0.119280E+07  0.118457E+07  0.000000E+00  0.000000E+00  0.764033E+06  0.117283E+07
  0.985431E-02  0.118091E+07  0.117217E+07  0.000000E+00  0.000000E+00  0.745412E+06  0.116056E+07
  0.101883E-01  0.116872E+07  0.115946E+07  0.000000E+00  0.000000E+00  0.726739E+06  0.114800E+07
  0.105337E-01  0.115625E+07  0.114642E+07  0.000000E+00  0.000000E+00  0.708021E+06  0.113516E+07
  0.108907E-01  0.114348E+07  0.113306E+07  0.000000E+00  0.000000E+00  0.689265E+06  0.112204E+07
  0.112598E-01  0.113042E+07  0.111938E+07  0.000000E+00  0.000000E+00  0.670484E+06  0.110862E+07
  0.116415E-01  0.111706E+07  0.110537E+07  0.000000E+00  0.000000E+00  0.651693E+06  0.109492E+07
  0.120361E-01  0.110340E+07  0.109103E+07  0.000000E+00  0.000000E+00  0.632906E+06  0.108093E+07
  0.124440E-01  0.108945E+07  0.107636E+07  0.000000E+00  0.000000E+00  0.614144E+06  0.106665E+07
  0.128658E-01  0.107519E+07  0.106135E+07  0.000000E+00  0.000000E+00  0.595424E+06  0.105207E+07
  0.133019E-01  0.106064E+07  0.104601E+07  0.000000E+00  0.000000E+00  0.576767E+06  0.103721E+07
  0.137528E-01  0.104578E+07  0.103033E+07  0.000000E+00  0.000000E+00  0.558191E+06  0.102205E+07
  0.142189E-01  0.103062E+07  0.101432E+07  0.000000E+00  0.000000E+00  0.539716E+06  0.100661E+07
  0.147009E-01  0.101516E+07  0.997966E+06  0.000000E+00  0.000000E+00  0.521361E+06  0.990874E+06
  0.151992E-01  0.999404E+06  0.981280E+06  0.000000E+00  0.000000E+00  0.503143E+06  0.974854E+06
  0.157144E-01  0.983345E+06  0.964261E+06  0.000000E+00  0.000000E+00  0.485080E+06  0.958548E+06
  0.162470E-01  0.966990E+06  0.946912E+06  0.000000E+00  0.000000E+00  0.467190E+06  0.941960E+06
  0.167977E-01  0.950342E+06  0.929238E+06  0.000000E+00  0.000000E+00  0.449489E+06  0.925095E+06
  0.173671E-01  0.933405E+06  0.911244E+06  0.000000E+00  0.000000E+00  0.431996E+06  0.907958E+06
  0.179557E-01  0.916185E+06  0.892940E+06  0.000000E+00  0.000000E+00  0.414727E+06  0.890555E+06
  0.185643E-01  0.898689E+06  0.874334E+06  0.000000E+00  0.000000E+00  0.397700E+06  0.872895E+06
  0.191936E-01  0.880925E+06  0.855438E+06  0.000000E+00  0.000000E+00  0.380933E+06  0.854986E+06
  0.198441E-01  0.862904E+06  0.836268E+06  0.000000E+00  0.000000E+00  0.364443E+06  0.836840E+06
  0.205168E-01  0.844638E+06  0.816839E+06  0.000000E+00  0.000000E+00  0.348248E+06  0.818470E+06
  0.212122E-01  0.826142E+06  0.797171E+06  0.000000E+00  0.000000E+00  0.332364E+06  0.799892E+06
  0.219312E-01  0.807431E+06  0.777288E+06  0.000000E+00  0.000000E+00  0.316808E+06  0.781122E+06
  0.226745E-01  0.788526E+06  0.757217E+06  0.000000E+00  0.000000E+00  0.301598E+06  0.762183E+06
  0.234431E-01  0.769447E+06  0.736987E+06  0.000000E+00  0.000000E+00  0.286748E+06  0.743096E+06
  0.242377E-01  0.750221E+06  0.716632E+06  0.000000E+00  0.000000E+00  0.272275E+06  0.723888E+06
  0.250592E-01  0.730876E+06  0.696193E+06  0.000000E+00  0.000000E+00  0.258194E+06  0.704589E+06
  0.259086E-01  0.711443E+06  0.675710E+06  0.000000E+00  0.000000E+00  0.244520E+06  0.685231E+06
  0.267868E-01  0.691958E+06  0.655233E+06  0.000000E+00  0.000000E+00  0.231268E+06  0.665851E+06
  0.276947E-01  0.672460E+06  0.634812E+06  0.000000E+00  0.000000E+00  0.218451E+06  0.646489E+06
  0.286334E-01  0.652992E+06  0.614505E+06  0.000000E+00  0.000000E+00  0.206084E+06  0.627189E+06
  0.296040E-01  0.633599E+06  0.594373E+06  0.000000E+00  0.000000E+00  0.194181E+06  0.607998E+06
  0.306074E-01  0.614333E+06  0.574481E+06  0.000000E+00  0.000000E+00  0.182752E+06  0.588968E+06
  0.316449E-01  0.595246E+06  0.554897E+06  0.000000E+00  0.000000E+00  0.171805E+06  0.570151E+06
  0.327175E-01  0.576395E+06  0.535695E+06  0.000000E+00  0.000000E+00  0.161347E+06  0.551606E+06
  0.338264E-01  0.560286E+06  0.519383E+06  0.000000E+00  0.000000E+00  0.144781E+06  0.535443E+06
  0.349730E-01  0.542187E+06  0.501265E+06  0.000000E+00  0.000000E+00  0.135458E+06  0.517722E+06
  0.361584E-01  0.524499E+06  0.483745E+06  0.000000E+00  0.000000E+00  0.126620E+06  0.500445E+06
  0.373840E-01  0.507052E+06  0.466665E+06  0.000000E+00  0.000000E+00  0.118212E+06  0.483452E+06
  0.386511E-01  0.490094E+06  0.450280E+06  0.000000E+00  0.000000E+00  0.110285E+06  0.466981E+06
  0.399612E-01  0.473711E+06  0.434684E+06  0.000000E+00  0.000000E+00  0.102849E+06  0.451117E+06
  0.413157E-01  0.457964E+06  0.419942E+06  0.000000E+00  0.000000E+00  0.959039E+05  0.435920E+06
  0.427161E-01  0.442906E+06  0.406102E+06  0.000000E+00  0.000000E+00  0.894366E+05  0.421438E+06
  0.441639E-01  0.426982E+06  0.391610E+06  0.000000E+00  0.000000E+00  0.857153E+05  0.406282E+06
  0.456609E-01  0.413333E+06  0.379581E+06  0.000000E+00  0.000000E+00  0.800673E+05  0.393249E+06
  0.472086E-01  0.400414E+06  0.368457E+06  0.000000E+00  0.000000E+00  0.748010E+05  0.380962E+06
  0.488087E-01  0.388201E+06  0.358187E+06  0.000000E+00  0.000000E+00  0.699113E+05  0.369390E+06
  0.504631E-01  0.376646E+06  0.348691E+06  0.000000E+00  0.000000E+00  0.653865E+05  0.358483E+06
  0.521736E-01  0.365699E+06  0.339878E+06  0.000000E+00  0.000000E+00  0.611882E+05  0.348184E+06
  0.539420E-01  0.356208E+06  0.332546E+06  0.000000E+00  0.000000E+00  0.563039E+05  0.339253E+06
  0.557704E-01  0.346263E+06  0.324741E+06  0.000000E+00  0.000000E+00  0.526222E+05  0.329937E+06
  0.576607E-01  0.336689E+06  0.317232E+06  0.000000E+00  0.000000E+00  0.491845E+05  0.320973E+06
  0.596151E-01  0.327397E+06  0.309872E+06  0.000000E+00  0.000000E+00  0.459645E+05  0.312266E+06
  0.616357E-01  0.318291E+06  0.302512E+06  0.000000E+00  0.000000E+00  0.429093E+05  0.303714E+06
  0.637249E-01  0.308626E+06  0.294357E+06  0.000000E+00  0.000000E+00  0.405216E+05  0.294616E+06
  0.658849E-01  0.299553E+06  0.286511E+06  0.000000E+00  0.000000E+00  0.377665E+05  0.286022E+06
  0.681181E-01  0.290337E+06  0.278208E+06  0.000000E+00  0.000000E+00  0.351278E+05  0.277244E+06
  0.704269E-01  0.280881E+06  0.269332E+06  0.000000E+00  0.000000E+00  0.325841E+05  0.268184E+06
  0.728140E-01  0.271296E+06  0.259995E+06  0.000000E+00  0.000000E+00  0.299435E+05  0.258942E+06
  0.752820E-01  0.261239E+06  0.249876E+06  0.000000E+00  0.000000E+00  0.275963E+05  0.249209E+06
  0.778338E-01  0.250902E+06  0.239209E+06  0.000000E+00  0.000000E+00  0.253613E+05  0.239168E+06
  0.804719E-01  0.240365E+06  0.228138E+06  0.000000E+00  0.000000E+00  0.232266E+05  0.228907E+06
  0.831996E-01  0.229745E+06  0.216864E+06  0.000000E+00  0.000000E+00  0.212105E+05  0.218551E+06
  0.860197E-01  0.219180E+06  0.205621E+06  0.000000E+00  0.000000E+00  0.193164E+05  0.208249E+06
  0.889353E-01  0.208827E+06  0.194670E+06  0.000000E+00  0.000000E+00  0.175667E+05  0.198170E+06
  0.919498E-01  0.198855E+06  0.184280E+06  0.000000E+00  0.000000E+00  0.159618E+05  0.188491E+06
  0.950664E-01  0.189448E+06  0.174722E+06  0.000000E+00  0.000000E+00  0.145099E+05  0.179404E+06
  0.982887E-01  0.180788E+06  0.166243E+06  0.000000E+00  0.000000E+00  0.132043E+05  0.171093E+06
  0.101620E+00  0.173023E+06  0.159015E+06  0.000000E+00  0.000000E+00  0.120512E+05  0.163705E+06
  0.105065E+00  0.166213E+06  0.153084E+06  0.000000E+00  0.000000E+00  0.110460E+05  0.157293E+06
  0.108626E+00  0.160296E+06  0.148325E+06  0.000000E+00  0.000000E+00  0.101582E+05  0.151788E+06
  0.112308E+00  0.155087E+06  0.144449E+06  0.000000E+00  0.000000E+00  0.937657E+04  0.146993E+06
  0.116114E+00  0.150327E+06  0.141061E+06  0.000000E+00  0.000000E+00  0.866477E+04  0.142637E+06
  0.120050E+00  0.145744E+06  0.137743E+06  0.000000E+00  0.000000E+00  0.800882E+04  0.138435E+06
  0.124119E+00  0.141097E+06  0.134115E+06  0.000000E+00  0.000000E+00  0.738403E+04  0.134132E+06
  0.128326E+00  0.136183E+06  0.129875E+06  0.000000E+00  0.000000E+00  0.678439E+04  0.129518E+06
  0.132676E+00  0.130852E+06  0.124830E+06  0.000000E+00  0.000000E+00  0.620014E+04  0.124440E+06
  0.137173E+00  0.125050E+06  0.118952E+06  0.000000E+00  0.000000E+00  0.562929E+04  0.118853E+06
  0.141822E+00  0.118875E+06  0.112441E+06  0.000000E+00  0.000000E+00  0.508113E+04  0.112866E+06
  0.146629E+00  0.112581E+06  0.105707E+06  0.000000E+00  0.000000E+00  0.456507E+04  0.106749E+06
  0.151600E+00  0.106502E+06  0.992586E+05  0.000000E+00  0.000000E+00  0.409787E+04  0.100852E+06
  0.156738E+00  0.100936E+06  0.935529E+05  0.000000E+00  0.000000E+00  0.368145E+04  0.954860E+05
  0.162051E+00  0.960782E+05  0.888783E+05  0.000000E+00  0.000000E+00  0.332534E+04  0.908542E+05
  0.167543E+00  0.919920E+05  0.852993E+05  0.000000E+00  0.000000E+00  0.302169E+04  0.870167E+05
  0.173222E+00  0.885848E+05  0.826276E+05  0.000000E+00  0.000000E+00  0.276229E+04  0.838687E+05
  0.179094E+00  0.855989E+05  0.804386E+05  0.000000E+00  0.000000E+00  0.253378E+04  0.811352E+05
  0.185164E+00  0.826743E+05  0.781863E+05  0.000000E+00  0.000000E+00  0.232143E+04  0.784403E+05
  0.191440E+00  0.794919E+05  0.754121E+05  0.000000E+00  0.000000E+00  0.211606E+04  0.754551E+05
  0.197929E+00  0.759072E+05  0.719312E+05  0.000000E+00  0.000000E+00  0.191389E+04  0.720345E+05
  0.204638E+00  0.720052E+05  0.679051E+05  0.000000E+00  0.000000E+00  0.171745E+04  0.682725E+05
  0.211574E+00  0.680552E+05  0.637656E+05  0.000000E+00  0.000000E+00  0.153495E+04  0.644544E+05
  0.218745E+00  0.643803E+05  0.600124E+05  0.000000E+00  0.000000E+00  0.137310E+04  0.609189E+05
  0.226160E+00  0.612108E+05  0.569852E+05  0.000000E+00  0.000000E+00  0.123517E+04  0.579046E+05
  0.233826E+00  0.585906E+05  0.547169E+05  0.000000E+00  0.000000E+00  0.111854E+04  0.554516E+05
  0.241751E+00  0.563316E+05  0.528975E+05  0.000000E+00  0.000000E+00  0.101772E+04  0.533595E+05
  0.249945E+00  0.541220E+05  0.510527E+05  0.000000E+00  0.000000E+00  0.925171E+03  0.513026E+05
  0.258417E+00  0.517383E+05  0.488528E+05  0.000000E+00  0.000000E+00  0.835880E+03  0.490491E+05
  0.267176E+00  0.491345E+05  0.462639E+05  0.000000E+00  0.000000E+00  0.749573E+03  0.465569E+05
  0.276232E+00  0.464870E+05  0.435775E+05  0.000000E+00  0.000000E+00  0.669379E+03  0.440143E+05
  0.285595E+00  0.440646E+05  0.411951E+05  0.000000E+00  0.000000E+00  0.598893E+03  0.417007E+05
  0.295275E+00  0.419873E+05  0.392889E+05  0.000000E+00  0.000000E+00  0.538948E+03  0.397394E+05
  0.305284E+00  0.401774E+05  0.377215E+05  0.000000E+00  0.000000E+00  0.486884E+03  0.380462E+05
  0.315631E+00  0.384276E+05  0.361740E+05  0.000000E+00  0.000000E+00  0.439663E+03  0.364040E+05
  0.326330E+00  0.365890E+05  0.344346E+05  0.000000E+00  0.000000E+00  0.394963E+03  0.346597E+05
  0.337391E+00  0.346940E+05  0.325712E+05  0.000000E+00  0.000000E+00  0.353067E+03  0.328503E+05
  0.348827E+00  0.328966E+05  0.308254E+05  0.000000E+00  0.000000E+00  0.315594E+03  0.311379E+05
  0.360650E+00  0.313038E+05  0.293489E+05  0.000000E+00  0.000000E+00  0.283113E+03  0.296322E+05
  0.372875E+00  0.298611E+05  0.280503E+05  0.000000E+00  0.000000E+00  0.254692E+03  0.282749E+05
  0.385513E+00  0.284442E+05  0.267419E+05  0.000000E+00  0.000000E+00  0.228611E+03  0.269364E+05
  0.398580E+00  0.270082E+05  0.253667E+05  0.000000E+00  0.000000E+00  0.204505E+03  0.255718E+05
  0.412090E+00  0.256220E+05  0.240368E+05  0.000000E+00  0.000000E+00  0.182672E+03  0.242541E+05
  0.426058E+00  0.243530E+05  0.228520E+05  0.000000E+00  0.000000E+00  0.163542E+03  0.230534E+05
  0.440499E+00  0.231767E+05  0.217691E+05  0.000000E+00  0.000000E+00  0.146565E+03  0.219430E+05
  0.455430E+00  0.220280E+05  0.206925E+05  0.000000E+00  0.000000E+00  0.131127E+03  0.208555E+05
  0.470867E+00  0.209044E+05  0.196243E+05  0.000000E+00  0.000000E+00  0.117127E+03  0.197892E+05
  0.486827E+00  0.198462E+05  0.186279E+05  0.000000E+00  0.000000E+00  0.104615E+03  0.187867E+05
  0.503328E+00  0.188584E+05  0.177086E+05  0.000000E+00  0.000000E+00  0.935608E+02  0.178527E+05
  0.520388E+00  0.179099E+05  0.168197E+05  0.000000E+00  0.000000E+00  0.835746E+02  0.169548E+05
  0.538027E+00  0.169945E+05  0.159555E+05  0.000000E+00  0.000000E+00  0.745765E+02  0.160873E+05
  0.556263E+00  0.161294E+05  0.151431E+05  0.000000E+00  0.000000E+00  0.665528E+02  0.152681E+05
  0.575118E+00  0.153116E+05  0.143781E+05  0.000000E+00  0.000000E+00  0.594154E+02  0.144943E+05
  0.594612E+00  0.145280E+05  0.136415E+05  0.000000E+00  0.000000E+00  0.529835E+02  0.137523E+05
  0.614766E+00  0.137812E+05  0.129393E+05  0.000000E+00  0.000000E+00  0.472412E+02  0.130451E+05
  0.635604E+00  0.130742E+05  0.122764E+05  0.000000E+00  0.000000E+00  0.421273E+02  0.123758E+05
  0.657148E+00  0.124006E+05  0.116440E+05  0.000000E+00  0.000000E+00  0.375324E+02  0.117381E+05
  0.679422E+00  0.117591E+05  0.110413E+05  0.000000E+00  0.000000E+00  0.334454E+02  0.111308E+05
  0.702451E+00  0.111504E+05  0.104700E+05  0.000000E+00  0.000000E+00  0.297805E+02  0.105545E+05
  0.726261E+00  0.105714E+05  0.992635E+04  0.000000E+00  0.000000E+00  0.265239E+02  0.100064E+05
  0.750877E+00  0.100209E+05  0.940941E+04  0.000000E+00  0.000000E+00  0.236068E+02  0.948526E+04
  0.776328E+00  0.949808E+04  0.891862E+04  0.000000E+00  0.000000E+00  0.210106E+02  0.899036E+04
  0.802642E+00  0.900117E+04  0.845200E+04  0.000000E+00  0.000000E+00  0.186942E+02  0.851995E+04
  0.829848E+00  0.852922E+04  0.800889E+04  0.000000E+00  0.000000E+00  0.166271E+02  0.807319E+04
  0.857975E+00  0.808101E+04  0.758805E+04  0.000000E+00  0.000000E+00  0.147863E+02  0.764891E+04
  0.887057E+00  0.765538E+04  0.718840E+04  0.000000E+00  0.000000E+00  0.131448E+02  0.724600E+04
  0.917123E+00  0.725136E+04  0.680905E+04  0.000000E+00  0.000000E+00  0.116849E+02  0.686356E+04
  0.948209E+00  0.686782E+04  0.644892E+04  0.000000E+00  0.000000E+00  0.103818E+02  0.650050E+04
  0.980349E+00  0.650382E+04  0.610714E+04  0.000000E+00  0.000000E+00  0.922482E+01  0.615594E+04
  0.101358E+01  0.615836E+04  0.578276E+04  0.000000E+00  0.000000E+00  0.819139E+01  0.582894E+04
  0.104793E+01  0.583055E+04  0.547496E+04  0.000000E+00  0.000000E+00  0.727440E+01  0.551865E+04
  0.108345E+01  0.551955E+04  0.518294E+04  0.000000E+00  0.000000E+00  0.645906E+01  0.522427E+04
  0.112018E+01  0.522455E+04  0.490595E+04  0.000000E+00  0.000000E+00  0.573298E+01  0.494504E+04
  0.115815E+01  0.494481E+04  0.464327E+04  0.000000E+00  0.000000E+00  0.508744E+01  0.468025E+04
  0.119740E+01  0.467954E+04  0.439419E+04  0.000000E+00  0.000000E+00  0.451482E+01  0.442916E+04
  0.123799E+01  0.442804E+04  0.415804E+04  0.000000E+00  0.000000E+00  0.400548E+01  0.419111E+04
  0.127995E+01  0.418961E+04  0.393415E+04  0.000000E+00  0.000000E+00  0.355235E+01  0.396543E+04
  0.132333E+01  0.396361E+04  0.372194E+04  0.000000E+00  0.000000E+00  0.315089E+01  0.375151E+04
  0.136819E+01  0.374942E+04  0.352081E+04  0.000000E+00  0.000000E+00  0.279317E+01  0.354877E+04
  0.141456E+01  0.354645E+04  0.333023E+04  0.000000E+00  0.000000E+00  0.247545E+01  0.335666E+04
  0.146251E+01  0.335413E+04  0.314964E+04  0.000000E+00  0.000000E+00  0.219476E+01  0.317463E+04
  0.151208E+01  0.317192E+04  0.297854E+04  0.000000E+00  0.000000E+00  0.194473E+01  0.300216E+04
  0.156333E+01  0.299932E+04  0.281647E+04  0.000000E+00  0.000000E+00  0.172309E+01  0.283879E+04
  0.161632E+01  0.283585E+04  0.266297E+04  0.000000E+00  0.000000E+00  0.152581E+01  0.268408E+04
  0.167111E+01  0.268105E+04  0.251761E+04  0.000000E+00  0.000000E+00  0.135175E+01  0.253756E+04
  0.172775E+01  0.253447E+04  0.237997E+04  0.000000E+00  0.000000E+00  0.119707E+01  0.239882E+04
  0.178631E+01  0.239568E+04  0.224965E+04  0.000000E+00  0.000000E+00  0.106037E+01  0.226746E+04
  0.184686E+01  0.226429E+04  0.212627E+04  0.000000E+00  0.000000E+00  0.938418E+00  0.214310E+04
  0.190946E+01  0.213992E+04  0.200948E+04  0.000000E+00  0.000000E+00  0.830779E+00  0.202538E+04
  0.197418E+01  0.202219E+04  0.189893E+04  0.000000E+00  0.000000E+00  0.735280E+00  0.191395E+04
  0.204110E+01  0.191079E+04  0.179432E+04  0.000000E+00  0.000000E+00  0.650832E+00  0.180851E+04
  0.211028E+01  0.180537E+04  0.169532E+04  0.000000E+00  0.000000E+00  0.575887E+00  0.170873E+04
  0.218181E+01  0.170562E+04  0.160166E+04  0.000000E+00  0.000000E+00  0.509190E+00  0.161432E+04
  0.225576E+01  0.161126E+04  0.151305E+04  0.000000E+00  0.000000E+00  0.450697E+00  0.152501E+04
  0.233222E+01  0.152200E+04  0.142923E+04  0.000000E+00  0.000000E+00  0.398517E+00  0.144052E+04
  0.241127E+01  0.143756E+04  0.134994E+04  0.000000E+00  0.000000E+00  0.352545E+00  0.136060E+04
  0.249300E+01  0.135770E+04  0.127495E+04  0.000000E+00  0.000000E+00  0.311707E+00  0.128502E+04
  0.257750E+01  0.128217E+04  0.120403E+04  0.000000E+00  0.000000E+00  0.275562E+00  0.121354E+04
  0.266486E+01  0.121076E+04  0.113697E+04  0.000000E+00  0.000000E+00  0.243646E+00  0.114594E+04
  0.275519E+01  0.114324E+04  0.107356E+04  0.000000E+00  0.000000E+00  0.215330E+00  0.108204E+04
  0.284858E+01  0.107941E+04  0.101362E+04  0.000000E+00  0.000000E+00  0.190389E+00  0.102162E+04
  0.294513E+01  0.101906E+04  0.956952E+03  0.000000E+00  0.000000E+00  0.168169E+00  0.964507E+03
  0.304496E+01  0.962018E+03  0.903385E+03  0.000000E+00  0.000000E+00  0.148636E+00  0.910517E+03
  0.314817E+01  0.908103E+03  0.852756E+03  0.000000E+00  0.000000E+00  0.131332E+00  0.859487E+03
  0.325487E+01  0.857149E+03  0.804907E+03  0.000000E+00  0.000000E+00  0.116031E+00  0.811260E+03
  0.336520E+01  0.809001E+03  0.759693E+03  0.000000E+00  0.000000E+00  0.102499E+00  0.765690E+03
  0.347926E+01  0.763505E+03  0.716970E+03  0.000000E+00  0.000000E+00  0.905657E-01  0.722630E+03
  0.359719E+01  0.720520E+03  0.676604E+03  0.000000E+00  0.000000E+00  0.799876E-01  0.681945E+03
  0.371912E+01  0.679906E+03  0.638466E+03  0.000000E+00  0.000000E+00  0.706217E-01  0.643506E+03
  0.384518E+01  0.641540E+03  0.602438E+03  0.000000E+00  0.000000E+00  0.623876E-01  0.607193E+03
  0.397551E+01  0.605300E+03  0.568405E+03  0.000000E+00  0.000000E+00  0.550947E-01  0.572893E+03
  0.411026E+01  0.571072E+03  0.536264E+03  0.000000E+00  0.000000E+00  0.486290E-01  0.540498E+03
  0.424958E+01  0.538746E+03  0.505907E+03  0.000000E+00  0.000000E+00  0.429278E-01  0.509902E+03
  0.439362E+01  0.508217E+03  0.477238E+03  0.000000E+00  0.000000E+00  0.379042E-01  0.481007E+03
  0.454254E+01  0.479387E+03  0.450164E+03  0.000000E+00  0.000000E+00  0.334453E-01  0.453720E+03
  0.469651E+01  0.452165E+03  0.424601E+03  0.000000E+00  0.000000E+00  0.295415E-01  0.427956E+03
  0.485570E+01  0.426465E+03  0.400467E+03  0.000000E+00  0.000000E+00  0.260676E-01  0.403632E+03
  0.502029E+01  0.402202E+03  0.377682E+03  0.000000E+00  0.000000E+00  0.230042E-01  0.380668E+03
  0.519045E+01  0.379297E+03  0.356173E+03  0.000000E+00  0.000000E+00  0.203064E-01  0.358989E+03
  0.536638E+01  0.357674E+03  0.335867E+03  0.000000E+00  0.000000E+00  0.179242E-01  0.338523E+03
  0.554827E+01  0.337266E+03  0.316702E+03  0.000000E+00  0.000000E+00  0.158143E-01  0.319208E+03
  0.573633E+01  0.318005E+03  0.298614E+03  0.000000E+00  0.000000E+00  0.139443E-01  0.300977E+03
  0.593077E+01  0.299827E+03  0.281544E+03  0.000000E+00  0.000000E+00  0.123086E-01  0.283773E+03
  0.613179E+01  0.282672E+03  0.265433E+03  0.000000E+00  0.000000E+00  0.108555E-01  0.267536E+03
  0.633963E+01  0.266484E+03  0.250232E+03  0.000000E+00  0.000000E+00  0.957303E-02  0.252214E+03
  0.655451E+01  0.251210E+03  0.235888E+03  0.000000E+00  0.000000E+00  0.844804E-02  0.237758E+03
  0.677667E+01  0.236799E+03  0.222355E+03  0.000000E+00  0.000000E+00  0.744713E-02  0.224119E+03
  0.700637E+01  0.223203E+03  0.209587E+03  0.000000E+00  0.000000E+00  0.656873E-02  0.211250E+03
  0.724385E+01  0.210376E+03  0.197541E+03  0.000000E+00  0.000000E+00  0.579316E-02  0.199110E+03
  0.748939E+01  0.198277E+03  0.186179E+03  0.000000E+00  0.000000E+00  0.510754E-02  0.187659E+03
  0.774324E+01  0.186864E+03  0.175461E+03  0.000000E+00  0.000000E+00  0.450200E-02  0.176857E+03
  0.800570E+01  0.176099E+03  0.165352E+03  0.000000E+00  0.000000E+00  0.397283E-02  0.166669E+03
  0.827705E+01  0.165946E+03  0.155817E+03  0.000000E+00  0.000000E+00  0.350253E-02  0.157059E+03
  0.855760E+01  0.156371E+03  0.146826E+03  0.000000E+00  0.000000E+00  0.308472E-02  0.147997E+03
  0.884767E+01  0.147342E+03  0.138346E+03  0.000000E+00  0.000000E+00  0.272008E-02  0.139450E+03
  0.914755E+01  0.138827E+03  0.130349E+03  0.000000E+00  0.000000E+00  0.239607E-02  0.131391E+03
  0.945762E+01  0.130798E+03  0.122809E+03  0.000000E+00  0.000000E+00  0.211450E-02  0.123792E+03
  0.977818E+01  0.123228E+03  0.115700E+03  0.000000E+00  0.000000E+00  0.186433E-02  0.116627E+03
  0.101096E+02  0.116090E+03  0.108997E+03  0.000000E+00  0.000000E+00  0.164236E-02  0.109872E+03
  0.104523E+02  0.109361E+03  0.102678E+03  0.000000E+00  0.000000E+00  0.144896E-02  0.103503E+03
  0.108066E+02  0.103017E+03  0.967203E+02  0.000000E+00  0.000000E+00  0.127600E-02  0.974986E+02
  0.111728E+02  0.970376E+02  0.911046E+02  0.000000E+00  0.000000E+00  0.112518E-02  0.918390E+02
  0.115516E+02  0.914005E+02  0.858107E+02  0.000000E+00  0.000000E+00  0.992545E-03  0.865037E+02
  0.119431E+02  0.860875E+02  0.808212E+02  0.000000E+00  0.000000E+00  0.873728E-03  0.814751E+02
  0.123479E+02  0.810798E+02  0.761183E+02  0.000000E+00  0.000000E+00  0.769360E-03  0.767354E+02
  0.127664E+02  0.763599E+02  0.716857E+02  0.000000E+00  0.000000E+00  0.678100E-03  0.722682E+02
  0.131992E+02  0.719121E+02  0.675086E+02  0.000000E+00  0.000000E+00  0.596893E-03  0.680584E+02
  0.136466E+02  0.677204E+02  0.635721E+02  0.000000E+00  0.000000E+00  0.526594E-03  0.640911E+02
  0.141091E+02  0.637704E+02  0.598624E+02  0.000000E+00  0.000000E+00  0.463600E-03  0.603525E+02
  0.145873E+02  0.600484E+02  0.563669E+02  0.000000E+00  0.000000E+00  0.408580E-03  0.568297E+02
  0.150818E+02  0.565414E+02  0.530734E+02  0.000000E+00  0.000000E+00  0.359847E-03  0.535104E+02
  0.155930E+02  0.532369E+02  0.499700E+02  0.000000E+00  0.000000E+00  0.317438E-03  0.503828E+02
  0.161215E+02  0.501238E+02  0.470463E+02  0.000000E+00  0.000000E+00  0.279239E-03  0.474364E+02
  0.166679E+02  0.471908E+02  0.442917E+02  0.000000E+00  0.000000E+00  0.246069E-03  0.446603E+02
  0.172329E+02  0.444277E+02  0.416967E+02  0.000000E+00  0.000000E+00  0.216611E-03  0.420451E+02
  0.178170E+02  0.418248E+02  0.392522E+02  0.000000E+00  0.000000E+00  0.190439E-03  0.395815E+02
  0.184209E+02  0.393729E+02  0.369494E+02  0.000000E+00  0.000000E+00  0.168274E-03  0.372608E+02
  0.190453E+02  0.370633E+02  0.347804E+02  0.000000E+00  0.000000E+00  0.148076E-03  0.350749E+02
  0.196908E+02  0.348880E+02  0.327373E+02  0.000000E+00  0.000000E+00  0.130429E-03  0.330160E+02
  0.203583E+02  0.328390E+02  0.308130E+02  0.000000E+00  0.000000E+00  0.114869E-03  0.310767E+02
  0.210483E+02  0.309094E+02  0.290007E+02  0.000000E+00  0.000000E+00  0.100898E-03  0.292503E+02
  0.217617E+02  0.290920E+02  0.272938E+02  0.000000E+00  0.000000E+00  0.888677E-04  0.275302E+02
  0.224994E+02  0.273805E+02  0.256864E+02  0.000000E+00  0.000000E+00  0.784562E-04  0.259103E+02
  0.232620E+02  0.257688E+02  0.241727E+02  0.000000E+00  0.000000E+00  0.691404E-04  0.243849E+02
  0.240505E+02  0.242512E+02  0.227473E+02  0.000000E+00  0.000000E+00  0.607809E-04  0.229484E+02
  0.248656E+02  0.228221E+02  0.214050E+02  0.000000E+00  0.000000E+00  0.534868E-04  0.215958E+02
  0.257085E+02  0.214764E+02  0.201412E+02  0.000000E+00  0.000000E+00  0.470450E-04  0.203222E+02
  0.265798E+02  0.202095E+02  0.189512E+02  0.000000E+00  0.000000E+00  0.415595E-04  0.191230E+02
  0.274808E+02  0.190166E+02  0.178308E+02  0.000000E+00  0.000000E+00  0.364854E-04  0.179940E+02
  0.284122E+02  0.178935E+02  0.167760E+02  0.000000E+00  0.000000E+00  0.321443E-04  0.169310E+02
  0.293753E+02  0.168362E+02  0.157829E+02  0.000000E+00  0.000000E+00  0.283017E-04  0.159302E+02
  0.303709E+02  0.158409E+02  0.148480E+02  0.000000E+00  0.000000E+00  0.247861E-04  0.149882E+02
  0.314004E+02  0.149039E+02  0.139679E+02  0.000000E+00  0.000000E+00  0.219621E-04  0.141013E+02
  0.324647E+02  0.140218E+02  0.131394E+02  0.000000E+00  0.000000E+00  0.193309E-04  0.132664E+02
  0.335651E+02  0.131916E+02  0.123595E+02  0.000000E+00  0.000000E+00  0.169440E-04  0.124806E+02
  0.347028E+02  0.124100E+02  0.116254E+02  0.000000E+00  0.000000E+00  0.149691E-04  0.117409E+02
  0.358790E+02  0.116745E+02  0.109344E+02  0.000000E+00  0.000000E+00  0.131395E-04  0.110446E+02
  0.370952E+02  0.109821E+02  0.102841E+02  0.000000E+00  0.000000E+00  0.114919E-04  0.103893E+02
  0.383525E+02  0.103305E+02  0.967202E+01  0.000000E+00  0.000000E+00  0.101241E-04  0.977259E+01
  0.396525E+02  0.971725E+01  0.909593E+01  0.000000E+00  0.000000E+00  0.898556E-05  0.919213E+01
  0.409965E+02  0.914012E+01  0.855378E+01  0.000000E+00  0.000000E+00  0.788607E-05  0.864587E+01
  0.423861E+02  0.859698E+01  0.804356E+01  0.000000E+00  0.000000E+00  0.696760E-05  0.813178E+01
  0.438228E+02  0.808588E+01  0.756341E+01  0.000000E+00  0.000000E+00  0.606920E-05  0.764800E+01
  0.453082E+02  0.760491E+01  0.711158E+01  0.000000E+00  0.000000E+00  0.535271E-05  0.719276E+01
  0.468439E+02  0.715234E+01  0.668640E+01  0.000000E+00  0.000000E+00  0.471448E-05  0.676439E+01
  0.484317E+02  0.672648E+01  0.628631E+01  0.000000E+00  0.000000E+00  0.417151E-05  0.636130E+01
  0.500732E+02  0.632579E+01  0.590987E+01  0.000000E+00  0.000000E+00  0.367326E-05  0.598203E+01
  0.517705E+02  0.594877E+01  0.555565E+01  0.000000E+00  0.000000E+00  0.317784E-05  0.562517E+01
  0.535252E+02  0.559405E+01  0.522238E+01  0.000000E+00  0.000000E+00  0.281986E-05  0.528942E+01
  0.553395E+02  0.526032E+01  0.490881E+01  0.000000E+00  0.000000E+00  0.251722E-05  0.497353E+01
  0.572153E+02  0.494634E+01  0.461380E+01  0.000000E+00  0.000000E+00  0.219352E-05  0.467633E+01
  0.591545E+02  0.465096E+01  0.433626E+01  0.000000E+00  0.000000E+00  0.194784E-05  0.439674E+01
  0.611596E+02  0.437308E+01  0.407514E+01  0.000000E+00  0.000000E+00  0.170012E-05  0.413370E+01
  0.632326E+02  0.411167E+01  0.382951E+01  0.000000E+00  0.000000E+00  0.149271E-05  0.388627E+01
  0.653759E+02  0.386577E+01  0.359842E+01  0.000000E+00  0.000000E+00  0.133632E-05  0.365350E+01
  0.675918E+02  0.363445E+01  0.338105E+01  0.000000E+00  0.000000E+00  0.116894E-05  0.343454E+01
  0.698829E+02  0.341686E+01  0.317656E+01  0.000000E+00  0.000000E+00  0.998962E-06  0.322858E+01
  0.722515E+02  0.321220E+01  0.298422E+01  0.000000E+00  0.000000E+00  0.891305E-06  0.303485E+01
  0.747005E+02  0.301970E+01  0.280330E+01  0.000000E+00  0.000000E+00  0.762059E-06  0.285263E+01
  0.772325E+02  0.283864E+01  0.263312E+01  0.000000E+00  0.000000E+00  0.678717E-06  0.268124E+01
  0.798503E+02  0.266834E+01  0.247306E+01  0.000000E+00  0.000000E+00  0.612497E-06  0.252003E+01
  0.825568E+02  0.250818E+01  0.232251E+01  0.000000E+00  0.000000E+00  0.539860E-06  0.236842E+01
  0.853551E+02  0.235755E+01  0.218092E+01  0.000000E+00  0.000000E+00  0.479016E-06  0.222583E+01
  0.882482E+02  0.221589E+01  0.204775E+01  0.000000E+00  0.000000E+00  0.405272E-06  0.209173E+01
  0.912394E+02  0.208266E+01  0.192251E+01  0.000000E+00  0.000000E+00  0.360258E-06  0.196562E+01
  0.943319E+02  0.195738E+01  0.180473E+01  0.000000E+00  0.000000E+00  0.322985E-06  0.184702E+01
  0.975294E+02  0.183956E+01  0.169396E+01  0.000000E+00  0.000000E+00  0.281769E-06  0.173549E+01
  0.100835E+03  0.172877E+01  0.158980E+01  0.000000E+00  0.000000E+00  0.253458E-06  0.163061E+01
  0.104253E+03  0.162459E+01  0.149185E+01  0.000000E+00  0.000000E+00  0.227263E-06  0.153199E+01
  0.107787E+03  0.152663E+01  0.139975E+01  0.000000E+00  0.000000E+00  0.196470E-06  0.143925E+01
  0.111440E+03  0.143452E+01  0.131313E+01  0.000000E+00  0.000000E+00  0.159022E-06  0.135205E+01
  0.115217E+03  0.134791E+01  0.123169E+01  0.000000E+00  0.000000E+00  0.144881E-06  0.127006E+01
  0.119123E+03  0.126647E+01  0.115512E+01  0.000000E+00  0.000000E+00  0.131651E-06  0.119297E+01
  0.123160E+03  0.118991E+01  0.108312E+01  0.000000E+00  0.000000E+00  0.113723E-06  0.112049E+01
  0.127335E+03  0.111792E+01  0.101543E+01  0.000000E+00  0.000000E+00  0.986920E-07  0.105234E+01
  0.131651E+03  0.105024E+01  0.951785E+00  0.000000E+00  0.000000E+00  0.922194E-07  0.988269E+00
  0.136113E+03  0.986612E+00  0.891953E+00  0.000000E+00  0.000000E+00  0.695594E-07  0.928033E+00
  0.140727E+03  0.926793E+00  0.835706E+00  0.000000E+00  0.000000E+00  0.602961E-07  0.871405E+00
  0.145497E+03  0.870554E+00  0.782826E+00  0.000000E+00  0.000000E+00  0.602611E-07  0.818166E+00
  0.150428E+03  0.817689E+00  0.733122E+00  0.000000E+00  0.000000E+00  0.548042E-07  0.768120E+00
  0.155527E+03  0.767992E+00  0.686401E+00  0.000000E+00  0.000000E+00  0.451191E-07  0.721076E+00
  0.160799E+03  0.721273E+00  0.642485E+00  0.000000E+00  0.000000E+00  0.353566E-07  0.676851E+00
  0.166249E+03  0.677360E+00  0.601211E+00  0.000000E+00  0.000000E+00  0.320792E-07  0.635282E+00
  0.171884E+03  0.636082E+00  0.562422E+00  0.000000E+00  0.000000E+00  0.326320E-07  0.596210E+00
  0.177710E+03  0.597282E+00  0.525970E+00  0.000000E+00  0.000000E+00  0.253356E-07  0.559485E+00
  0.183734E+03  0.560811E+00  0.491715E+00  0.000000E+00  0.000000E+00  0.272509E-07  0.524966E+00
  0.189961E+03  0.526534E+00  0.459531E+00  0.000000E+00  0.000000E+00  0.216689E-07  0.492524E+00
  0.196400E+03  0.494318E+00  0.429294E+00  0.000000E+00  0.000000E+00  0.185807E-07  0.462035E+00
  0.203057E+03  0.464039E+00  0.400889E+00  0.000000E+00  0.000000E+00  0.164455E-07  0.433383E+00
