  0.106157E-04  0.100305E+07  0.100305E+07  0.133737E+07  0.133737E+07  0.100415E+07  0.100310E+07
  0.109755E-04  0.100305E+07  0.100305E+07  0.133737E+07  0.133737E+07  0.100415E+07  0.100310E+07
  0.113475E-04  0.100305E+07  0.100305E+07  0.133737E+07  0.133737E+07  0.100414E+07  0.100310E+07
  0.117321E-04  0.100305E+07  0.100305E+07  0.133737E+07  0.133736E+07  0.100414E+07  0.100310E+07
  0.121298E-04  0.100305E+07  0.100305E+07  0.133736E+07  0.133736E+07  0.100414E+07  0.100310E+07
  0.125409E-04  0.100305E+07  0.100305E+07  0.133736E+07  0.133736E+07  0.100414E+07  0.100310E+07
  0.129660E-04  0.100305E+07  0.100305E+07  0.133736E+07  0.133735E+07  0.100414E+07  0.100310E+07
  0.134055E-04  0.100305E+07  0.100305E+07  0.133735E+07  0.133735E+07  0.100414E+07  0.100310E+07
  0.138599E-04  0.100305E+07  0.100305E+07  0.133735E+07  0.133735E+07  0.100414E+07  0.100310E+07
  0.143296E-04  0.100305E+07  0.100305E+07  0.133735E+07  0.133734E+07  0.100414E+07  0.100310E+07
  0.148154E-04  0.100305E+07  0.100305E+07  0.133734E+07  0.133734E+07  0.100414E+07  0.100310E+07
  0.153175E-04  0.100305E+07  0.100305E+07  0.133734E+07  0.133733E+07  0.100414E+07  0.100310E+07
  0.158367E-04  0.100305E+07  0.100305E+07  0.133733E+07  0.133733E+07  0.100414E+07  0.100310E+07
  0.163735E-04  0.100305E+07  0.100305E+07  0.133733E+07  0.133732E+07  0.100414E+07  0.100310E+07
  0.169285E-04  0.100305E+07  0.100305E+07  0.133732E+07  0.133732E+07  0.100414E+07  0.100310E+07
  0.175023E-04  0.100305E+07  0.100305E+07  0.133731E+07  0.133731E+07  0.100414E+07  0.100310E+07
  0.180955E-04  0.100305E+07  0.100305E+07  0.133731E+07  0.133731E+07  0.100414E+07  0.100310E+07
  0.187089E-04  0.100305E+07  0.100305E+07  0.133730E+07  0.133730E+07  0.100414E+07  0.100310E+07
  0.193430E-04  0.100305E+07  0.100305E+07  0.133729E+07  0.133729E+07  0.100414E+07  0.100310E+07
  0.199986E-04  0.100305E+07  0.100305E+07  0.133729E+07  0.133728E+07  0.100414E+07  0.100310E+07
  0.206765E-04  0.100305E+07  0.100305E+07  0.133728E+07  0.133727E+07  0.100414E+07  0.100310E+07
  0.213773E-04  0.100305E+07  0.100305E+07  0.133727E+07  0.133727E+07  0.100414E+07  0.100310E+07
  0.221019E-04  0.100305E+07  0.100305E+07  0.133726E+07  0.133726E+07  0.100414E+07  0.100310E+07
  0.228511E-04  0.100305E+07  0.100305E+07  0.133725E+07  0.133725E+07  0.100414E+07  0.100310E+07
  0.236256E-04  0.100305E+07  0.100305E+07  0.133724E+07  0.133723E+07  0.100414E+07  0.100310E+07
  0.244264E-04  0.100305E+07  0.100305E+07  0.133723E+07  0.133722E+07  0.100414E+07  0.100310E+07
  0.252543E-04  0.100305E+07  0.100305E+07  0.133722E+07  0.133721E+07  0.100414E+07  0.100310E+07
  0.261103E-04  0.100305E+07  0.100305E+07  0.133720E+07  0.133720E+07  0.100414E+07  0.100310E+07
  0.269953E-04  0.100305E+07  0.100305E+07  0.133719E+07  0.133718E+07  0.100413E+07  0.100310E+07
  0.279103E-04  0.100305E+07  0.100305E+07  0.133717E+07  0.133717E+07  0.100413E+07  0.100310E+07
  0.288564E-04  0.100305E+07  0.100305E+07  0.133716E+07  0.133715E+07  0.100413E+07  0.100310E+07
  0.298345E-04  0.100305E+07  0.100305E+07  0.133714E+07  0.133713E+07  0.100413E+07  0.100310E+07
  0.308457E-04  0.100305E+07  0.100305E+07  0.133712E+07  0.133711E+07  0.100413E+07  0.100310E+07
  0.318912E-04  0.100305E+07  0.100305E+07  0.133710E+07  0.133709E+07  0.100413E+07  0.100310E+07
  0.329722E-04  0.100305E+07  0.100305E+07  0.133708E+07  0.133707E+07  0.100413E+07  0.100310E+07
  0.340898E-04  0.100305E+07  0.100305E+07  0.133706E+07  0.133705E+07  0.100413E+07  0.100310E+07
  0.352452E-04  0.100305E+07  0.100305E+07  0.133703E+07  0.133702E+07  0.100413E+07  0.100310E+07
  0.364399E-04  0.100305E+07  0.100305E+07  0.133701E+07  0.133700E+07  0.100412E+07  0.100310E+07
  0.376750E-04  0.100305E+07  0.100305E+07  0.133698E+07  0.133697E+07  0.100412E+07  0.100310E+07
  0.389520E-04  0.100305E+07  0.100305E+07  0.133695E+07  0.133694E+07  0.100412E+07  0.100309E+07
  0.402723E-04  0.100305E+07  0.100305E+07  0.133692E+07  0.133691E+07  0.100412E+07  0.100309E+07
  0.416373E-04  0.100305E+07  0.100305E+07  0.133689E+07  0.133687E+07  0.100412E+07  0.100309E+07
  0.430486E-04  0.100305E+07  0.100305E+07  0.133685E+07  0.133684E+07  0.100411E+07  0.100309E+07
  0.445078E-04  0.100305E+07  0.100305E+07  0.133681E+07  0.133680E+07  0.100411E+07  0.100309E+07
  0.460164E-04  0.100305E+07  0.100304E+07  0.133677E+07  0.133675E+07  0.100411E+07  0.100309E+07
  0.475761E-04  0.100304E+07  0.100304E+07  0.133673E+07  0.133671E+07  0.100411E+07  0.100309E+07
  0.491887E-04  0.100304E+07  0.100304E+07  0.133668E+07  0.133666E+07  0.100410E+07  0.100309E+07
  0.508560E-04  0.100304E+07  0.100304E+07  0.133663E+07  0.133661E+07  0.100410E+07  0.100309E+07
  0.525797E-04  0.100304E+07  0.100304E+07  0.133658E+07  0.133655E+07  0.100410E+07  0.100309E+07
  0.543619E-04  0.100304E+07  0.100304E+07  0.133652E+07  0.133650E+07  0.100410E+07  0.100309E+07
  0.562045E-04  0.100304E+07  0.100304E+07  0.133646E+07  0.133643E+07  0.100409E+07  0.100309E+07
  0.581096E-04  0.100304E+07  0.100304E+07  0.133639E+07  0.133637E+07  0.100409E+07  0.100308E+07
  0.600792E-04  0.100304E+07  0.100304E+07  0.133632E+07  0.133629E+07  0.100408E+07  0.100308E+07
  0.621156E-04  0.100304E+07  0.100304E+07  0.133625E+07  0.133622E+07  0.100408E+07  0.100308E+07
  0.642210E-04  0.100304E+07  0.100304E+07  0.133617E+07  0.133614E+07  0.100407E+07  0.100308E+07
  0.663978E-04  0.100303E+07  0.100303E+07  0.133609E+07  0.133605E+07  0.100407E+07  0.100308E+07
  0.686484E-04  0.100303E+07  0.100303E+07  0.133599E+07  0.133595E+07  0.100406E+07  0.100308E+07
  0.709752E-04  0.100303E+07  0.100303E+07  0.133590E+07  0.133585E+07  0.100406E+07  0.100308E+07
  0.733809E-04  0.100303E+07  0.100303E+07  0.133579E+07  0.133575E+07  0.100405E+07  0.100307E+07
  0.758682E-04  0.100303E+07  0.100303E+07  0.133568E+07  0.133563E+07  0.100405E+07  0.100307E+07
  0.784397E-04  0.100303E+07  0.100303E+07  0.133556E+07  0.133551E+07  0.100404E+07  0.100307E+07
  0.810985E-04  0.100302E+07  0.100302E+07  0.133544E+07  0.133538E+07  0.100403E+07  0.100307E+07
  0.838473E-04  0.100302E+07  0.100302E+07  0.133530E+07  0.133524E+07  0.100402E+07  0.100307E+07
  0.866893E-04  0.100302E+07  0.100302E+07  0.133515E+07  0.133509E+07  0.100401E+07  0.100306E+07
  0.896277E-04  0.100302E+07  0.100302E+07  0.133500E+07  0.133493E+07  0.100401E+07  0.100306E+07
  0.926656E-04  0.100302E+07  0.100301E+07  0.133483E+07  0.133476E+07  0.100400E+07  0.100306E+07
  0.958065E-04  0.100301E+07  0.100301E+07  0.133466E+07  0.133458E+07  0.100399E+07  0.100305E+07
  0.990539E-04  0.100301E+07  0.100301E+07  0.133447E+07  0.133438E+07  0.100397E+07  0.100305E+07
  0.102411E-03  0.100301E+07  0.100301E+07  0.133426E+07  0.133418E+07  0.100396E+07  0.100305E+07
  0.105883E-03  0.100300E+07  0.100300E+07  0.133405E+07  0.133395E+07  0.100395E+07  0.100304E+07
  0.109471E-03  0.100300E+07  0.100300E+07  0.133382E+07  0.133372E+07  0.100394E+07  0.100304E+07
  0.113182E-03  0.100300E+07  0.100299E+07  0.133357E+07  0.133346E+07  0.100392E+07  0.100304E+07
  0.117018E-03  0.100299E+07  0.100299E+07  0.133331E+07  0.133319E+07  0.100391E+07  0.100303E+07
  0.120985E-03  0.100299E+07  0.100299E+07  0.133302E+07  0.133290E+07  0.100389E+07  0.100303E+07
  0.125085E-03  0.100298E+07  0.100298E+07  0.133272E+07  0.133259E+07  0.100387E+07  0.100302E+07
  0.129325E-03  0.100298E+07  0.100298E+07  0.133240E+07  0.133226E+07  0.100385E+07  0.100302E+07
  0.133709E-03  0.100297E+07  0.100297E+07  0.133205E+07  0.133190E+07  0.100383E+07  0.100301E+07
  0.138241E-03  0.100297E+07  0.100296E+07  0.133169E+07  0.133152E+07  0.100381E+07  0.100300E+07
  0.142927E-03  0.100296E+07  0.100296E+07  0.133129E+07  0.133112E+07  0.100379E+07  0.100300E+07
  0.147771E-03  0.100295E+07  0.100295E+07  0.133087E+07  0.133069E+07  0.100376E+07  0.100299E+07
  0.152780E-03  0.100295E+07  0.100294E+07  0.133042E+07  0.133023E+07  0.100374E+07  0.100298E+07
  0.157958E-03  0.100294E+07  0.100294E+07  0.132994E+07  0.132973E+07  0.100371E+07  0.100297E+07
  0.163312E-03  0.100293E+07  0.100293E+07  0.132943E+07  0.132920E+07  0.100368E+07  0.100296E+07
  0.168848E-03  0.100292E+07  0.100292E+07  0.132888E+07  0.132864E+07  0.100364E+07  0.100295E+07
  0.174571E-03  0.100291E+07  0.100291E+07  0.132830E+07  0.132804E+07  0.100361E+07  0.100294E+07
  0.180488E-03  0.100290E+07  0.100290E+07  0.132767E+07  0.132739E+07  0.100357E+07  0.100293E+07
  0.186606E-03  0.100289E+07  0.100289E+07  0.132700E+07  0.132671E+07  0.100353E+07  0.100292E+07
  0.192931E-03  0.100288E+07  0.100288E+07  0.132629E+07  0.132597E+07  0.100349E+07  0.100291E+07
  0.199470E-03  0.100287E+07  0.100287E+07  0.132552E+07  0.132519E+07  0.100345E+07  0.100290E+07
  0.206231E-03  0.100286E+07  0.100285E+07  0.132471E+07  0.132435E+07  0.100340E+07  0.100288E+07
  0.213221E-03  0.100284E+07  0.100284E+07  0.132384E+07  0.132345E+07  0.100335E+07  0.100287E+07
  0.220448E-03  0.100283E+07  0.100283E+07  0.132290E+07  0.132250E+07  0.100329E+07  0.100285E+07
  0.227921E-03  0.100281E+07  0.100281E+07  0.132191E+07  0.132147E+07  0.100323E+07  0.100283E+07
  0.235646E-03  0.100280E+07  0.100279E+07  0.132085E+07  0.132038E+07  0.100317E+07  0.100281E+07
  0.243633E-03  0.100278E+07  0.100277E+07  0.131971E+07  0.131922E+07  0.100310E+07  0.100279E+07
  0.251891E-03  0.100276E+07  0.100276E+07  0.131850E+07  0.131797E+07  0.100303E+07  0.100277E+07
  0.260429E-03  0.100274E+07  0.100273E+07  0.131721E+07  0.131664E+07  0.100295E+07  0.100275E+07
  0.269256E-03  0.100272E+07  0.100271E+07  0.131582E+07  0.131522E+07  0.100287E+07  0.100273E+07
  0.278383E-03  0.100270E+07  0.100269E+07  0.131435E+07  0.131370E+07  0.100278E+07  0.100270E+07
  0.287819E-03  0.100267E+07  0.100266E+07  0.131277E+07  0.131208E+07  0.100269E+07  0.100267E+07
  0.297574E-03  0.100265E+07  0.100264E+07  0.131109E+07  0.131035E+07  0.100259E+07  0.100264E+07
  0.307661E-03  0.100262E+07  0.100261E+07  0.130929E+07  0.130851E+07  0.100248E+07  0.100261E+07
  0.318089E-03  0.100259E+07  0.100258E+07  0.130737E+07  0.130654E+07  0.100237E+07  0.100258E+07
  0.328871E-03  0.100256E+07  0.100254E+07  0.130533E+07  0.130443E+07  0.100224E+07  0.100254E+07
  0.340018E-03  0.100252E+07  0.100251E+07  0.130314E+07  0.130219E+07  0.100211E+07  0.100250E+07
  0.351543E-03  0.100248E+07  0.100247E+07  0.130081E+07  0.129979E+07  0.100197E+07  0.100246E+07
  0.363458E-03  0.100245E+07  0.100243E+07  0.129832E+07  0.129723E+07  0.100182E+07  0.100242E+07
  0.375778E-03  0.100240E+07  0.100239E+07  0.129566E+07  0.129451E+07  0.100166E+07  0.100237E+07
  0.388515E-03  0.100236E+07  0.100234E+07  0.129283E+07  0.129160E+07  0.100149E+07  0.100232E+07
  0.401683E-03  0.100231E+07  0.100229E+07  0.128981E+07  0.128849E+07  0.100131E+07  0.100226E+07
  0.415298E-03  0.100226E+07  0.100224E+07  0.128658E+07  0.128518E+07  0.100111E+07  0.100221E+07
  0.429375E-03  0.100220E+07  0.100219E+07  0.128314E+07  0.128165E+07  0.100091E+07  0.100215E+07
  0.443929E-03  0.100215E+07  0.100213E+07  0.127948E+07  0.127789E+07  0.100068E+07  0.100208E+07
  0.458976E-03  0.100208E+07  0.100206E+07  0.127557E+07  0.127388E+07  0.100045E+07  0.100201E+07
  0.474533E-03  0.100202E+07  0.100199E+07  0.127141E+07  0.126960E+07  0.100019E+07  0.100193E+07
  0.490617E-03  0.100195E+07  0.100192E+07  0.126697E+07  0.126505E+07  0.999921E+06  0.100185E+07
  0.507247E-03  0.100187E+07  0.100184E+07  0.126224E+07  0.126019E+07  0.999631E+06  0.100177E+07
  0.524440E-03  0.100179E+07  0.100176E+07  0.125720E+07  0.125502E+07  0.999321E+06  0.100168E+07
  0.542216E-03  0.100170E+07  0.100167E+07  0.125184E+07  0.124952E+07  0.998991E+06  0.100158E+07
  0.560594E-03  0.100161E+07  0.100158E+07  0.124612E+07  0.124366E+07  0.998637E+06  0.100147E+07
  0.579596E-03  0.100151E+07  0.100148E+07  0.124005E+07  0.123743E+07  0.998260E+06  0.100136E+07
  0.599241E-03  0.100140E+07  0.100137E+07  0.123358E+07  0.123080E+07  0.997857E+06  0.100124E+07
  0.619552E-03  0.100129E+07  0.100125E+07  0.122670E+07  0.122375E+07  0.997427E+06  0.100112E+07
  0.640552E-03  0.100117E+07  0.100113E+07  0.121939E+07  0.121625E+07  0.996967E+06  0.100098E+07
  0.662264E-03  0.100104E+07  0.100100E+07  0.121161E+07  0.120829E+07  0.996476E+06  0.100084E+07
  0.684711E-03  0.100090E+07  0.100086E+07  0.120335E+07  0.119983E+07  0.995952E+06  0.100068E+07
  0.707920E-03  0.100076E+07  0.100071E+07  0.119458E+07  0.119084E+07  0.995393E+06  0.100052E+07
  0.731915E-03  0.100060E+07  0.100055E+07  0.118526E+07  0.118131E+07  0.994796E+06  0.100034E+07
  0.756723E-03  0.100043E+07  0.100038E+07  0.117538E+07  0.117120E+07  0.994158E+06  0.100015E+07
  0.782372E-03  0.100025E+07  0.100019E+07  0.116490E+07  0.116047E+07  0.993478E+06  0.999949E+06
  0.808891E-03  0.100006E+07  0.999997E+06  0.115379E+07  0.114911E+07  0.992752E+06  0.999734E+06
  0.836308E-03  0.999859E+06  0.999789E+06  0.114203E+07  0.113709E+07  0.991977E+06  0.999505E+06
  0.864655E-03  0.999641E+06  0.999566E+06  0.112957E+07  0.112436E+07  0.991150E+06  0.999260E+06
  0.893963E-03  0.999409E+06  0.999329E+06  0.111640E+07  0.111090E+07  0.990268E+06  0.998999E+06
  0.924264E-03  0.999162E+06  0.999076E+06  0.110247E+07  0.109668E+07  0.989328E+06  0.998720E+06
  0.955592E-03  0.998897E+06  0.998806E+06  0.108776E+07  0.108167E+07  0.988324E+06  0.998423E+06
  0.987981E-03  0.998616E+06  0.998518E+06  0.107223E+07  0.106583E+07  0.987254E+06  0.998106E+06
  0.102147E-02  0.998315E+06  0.998210E+06  0.105586E+07  0.104914E+07  0.986113E+06  0.997768E+06
  0.105609E-02  0.997994E+06  0.997883E+06  0.103862E+07  0.103158E+07  0.984897E+06  0.997407E+06
  0.109189E-02  0.997653E+06  0.997533E+06  0.102047E+07  0.101310E+07  0.983601E+06  0.997022E+06
  0.112890E-02  0.997288E+06  0.997161E+06  0.100140E+07  0.993698E+06  0.982219E+06  0.996612E+06
  0.116716E-02  0.996900E+06  0.996764E+06  0.981380E+06  0.973341E+06  0.980748E+06  0.996176E+06
  0.120672E-02  0.996486E+06  0.996340E+06  0.960387E+06  0.952015E+06  0.979180E+06  0.995710E+06
  0.124763E-02  0.996045E+06  0.995889E+06  0.938408E+06  0.929705E+06  0.977511E+06  0.995214E+06
  0.128991E-02  0.995576E+06  0.995409E+06  0.915431E+06  0.906403E+06  0.975734E+06  0.994686E+06
  0.133364E-02  0.995075E+06  0.994897E+06  0.891449E+06  0.882105E+06  0.973842E+06  0.994123E+06
  0.137884E-02  0.994543E+06  0.994353E+06  0.866462E+06  0.856814E+06  0.971830E+06  0.993524E+06
  0.142558E-02  0.993976E+06  0.993773E+06  0.840476E+06  0.830541E+06  0.969689E+06  0.992887E+06
  0.147390E-02  0.993372E+06  0.993155E+06  0.813506E+06  0.803305E+06  0.967413E+06  0.992208E+06
  0.152385E-02  0.992731E+06  0.992499E+06  0.785577E+06  0.775134E+06  0.964993E+06  0.991487E+06
  0.157550E-02  0.992048E+06  0.991800E+06  0.756722E+06  0.746067E+06  0.962422E+06  0.990720E+06
  0.162891E-02  0.991322E+06  0.991057E+06  0.726986E+06  0.716155E+06  0.959691E+06  0.989904E+06
  0.168412E-02  0.990551E+06  0.990268E+06  0.696427E+06  0.685460E+06  0.956792E+06  0.989037E+06
  0.174120E-02  0.989731E+06  0.989429E+06  0.665115E+06  0.654060E+06  0.953716E+06  0.988116E+06
  0.180022E-02  0.988861E+06  0.988538E+06  0.633136E+06  0.622043E+06  0.950453E+06  0.987138E+06
  0.186124E-02  0.987937E+06  0.987591E+06  0.600590E+06  0.589518E+06  0.946994E+06  0.986100E+06
  0.192432E-02  0.986956E+06  0.986587E+06  0.567594E+06  0.556603E+06  0.943328E+06  0.984999E+06
  0.198955E-02  0.985916E+06  0.985522E+06  0.534278E+06  0.523437E+06  0.939447E+06  0.983831E+06
  0.205699E-02  0.984813E+06  0.984392E+06  0.500794E+06  0.490174E+06  0.935340E+06  0.982593E+06
  0.212671E-02  0.983644E+06  0.983194E+06  0.467305E+06  0.456980E+06  0.930996E+06  0.981282E+06
  0.219879E-02  0.982406E+06  0.981925E+06  0.433993E+06  0.424038E+06  0.926406E+06  0.979893E+06
  0.227332E-02  0.981095E+06  0.980582E+06  0.401053E+06  0.391543E+06  0.921559E+06  0.978423E+06
  0.235038E-02  0.979708E+06  0.979160E+06  0.368693E+06  0.359701E+06  0.916444E+06  0.976868E+06
  0.243004E-02  0.978242E+06  0.977656E+06  0.337131E+06  0.328725E+06  0.911052E+06  0.975225E+06
  0.251241E-02  0.976692E+06  0.976067E+06  0.306592E+06  0.298832E+06  0.905372E+06  0.973489E+06
  0.259757E-02  0.975055E+06  0.974387E+06  0.277302E+06  0.270238E+06  0.899395E+06  0.971657E+06
  0.268561E-02  0.973327E+06  0.972614E+06  0.249487E+06  0.243156E+06  0.893111E+06  0.969723E+06
  0.277664E-02  0.971505E+06  0.970744E+06  0.223363E+06  0.217782E+06  0.886512E+06  0.967685E+06
  0.287076E-02  0.969584E+06  0.968771E+06  0.199131E+06  0.194298E+06  0.879590E+06  0.965539E+06
  0.296806E-02  0.967561E+06  0.966693E+06  0.176969E+06  0.172857E+06  0.872338E+06  0.963279E+06
  0.306866E-02  0.965431E+06  0.964504E+06  0.157025E+06  0.153580E+06  0.864748E+06  0.960902E+06
  0.317268E-02  0.963191E+06  0.962202E+06  0.139407E+06  0.136545E+06  0.856818E+06  0.958405E+06
  0.328021E-02  0.960837E+06  0.959781E+06  0.124177E+06  0.121784E+06  0.848541E+06  0.955782E+06
  0.339140E-02  0.958364E+06  0.957237E+06  0.111342E+06  0.109274E+06  0.839917E+06  0.953030E+06
  0.350635E-02  0.955770E+06  0.954567E+06  0.100848E+06  0.989336E+05  0.830944E+06  0.950146E+06
  0.362520E-02  0.953049E+06  0.951766E+06  0.925750E+05  0.906213E+05  0.821623E+06  0.947125E+06
  0.374807E-02  0.950199E+06  0.948829E+06  0.863371E+05  0.841361E+05  0.811958E+06  0.943965E+06
  0.387512E-02  0.947215E+06  0.945753E+06  0.818828E+05  0.792219E+05  0.801953E+06  0.940660E+06
  0.400646E-02  0.944093E+06  0.942534E+06  0.789016E+05  0.755767E+05  0.791615E+06  0.937209E+06
  0.414226E-02  0.940831E+06  0.939167E+06  0.770341E+05  0.728651E+05  0.780954E+06  0.933607E+06
  0.428266E-02  0.937423E+06  0.935648E+06  0.758881E+05  0.707359E+05  0.769982E+06  0.929852E+06
  0.442783E-02  0.933867E+06  0.931974E+06  0.750584E+05  0.688431E+05  0.758712E+06  0.925941E+06
  0.457791E-02  0.930158E+06  0.928139E+06  0.741521E+05  0.668693E+05  0.747162E+06  0.921871E+06
  0.473308E-02  0.926294E+06  0.924141E+06  0.728160E+05  0.645508E+05  0.735351E+06  0.917639E+06
  0.489350E-02  0.922270E+06  0.919975E+06  0.707650E+05  0.617003E+05  0.723299E+06  0.913243E+06
  0.505937E-02  0.918083E+06  0.915637E+06  0.678095E+05  0.582260E+05  0.711029E+06  0.908680E+06
  0.523086E-02  0.913731E+06  0.911123E+06  0.638764E+05  0.541430E+05  0.698567E+06  0.903948E+06
  0.540816E-02  0.909209E+06  0.906430E+06  0.590224E+05  0.495739E+05  0.685937E+06  0.899046E+06
  0.559147E-02  0.904516E+06  0.901554E+06  0.534342E+05  0.447373E+05  0.673169E+06  0.893971E+06
  0.578099E-02  0.899646E+06  0.896491E+06  0.474135E+05  0.399214E+05  0.660288E+06  0.888721E+06
  0.597694E-02  0.894599E+06  0.891238E+06  0.413451E+05  0.354451E+05  0.647324E+06  0.883296E+06
  0.617953E-02  0.889372E+06  0.885791E+06  0.356495E+05  0.316094E+05  0.634302E+06  0.877693E+06
  0.638899E-02  0.883962E+06  0.880149E+06  0.307232E+05  0.286450E+05  0.621248E+06  0.871912E+06
  0.660554E-02  0.878367E+06  0.874307E+06  0.268750E+05  0.266655E+05  0.608187E+06  0.865952E+06
  0.682944E-02  0.872586E+06  0.868264E+06  0.242672E+05  0.256355E+05  0.595139E+06  0.859812E+06
  0.706092E-02  0.866617E+06  0.862017E+06  0.228754E+05  0.253640E+05  0.582124E+06  0.853490E+06
  0.730025E-02  0.860458E+06  0.855564E+06  0.000000E+00  0.000000E+00  0.569157E+06  0.846987E+06
  0.754769E-02  0.854109E+06  0.848902E+06  0.000000E+00  0.000000E+00  0.556248E+06  0.840300E+06
  0.780352E-02  0.847569E+06  0.842030E+06  0.000000E+00  0.000000E+00  0.543405E+06  0.833432E+06
  0.806802E-02  0.840838E+06  0.834948E+06  0.000000E+00  0.000000E+00  0.530633E+06  0.826379E+06
  0.834149E-02  0.833914E+06  0.827652E+06  0.000000E+00  0.000000E+00  0.517930E+06  0.819142E+06
  0.862423E-02  0.826796E+06  0.820142E+06  0.000000E+00  0.000000E+00  0.505295E+06  0.811720E+06
  0.891655E-02  0.819485E+06  0.812416E+06  0.000000E+00  0.000000E+00  0.492721E+06  0.804111E+06
  0.921878E-02  0.811980E+06  0.804471E+06  0.000000E+00  0.000000E+00  0.480202E+06  0.796314E+06
  0.953125E-02  0.804280E+06  0.796307E+06  0.000000E+00  0.000000E+00  0.467731E+06  0.788329E+06
  0.985431E-02  0.796384E+06  0.787921E+06  0.000000E+00  0.000000E+00  0.455300E+06  0.780155E+06
  0.101883E-01  0.788291E+06  0.779312E+06  0.000000E+00  0.000000E+00  0.442904E+06  0.771789E+06
  0.105337E-01  0.780001E+06  0.770478E+06  0.000000E+00  0.000000E+00  0.430540E+06  0.763231E+06
  0.108907E-01  0.771512E+06  0.761416E+06  0.000000E+00  0.000000E+00  0.418208E+06  0.754480E+06
  0.112598E-01  0.762824E+06  0.752126E+06  0.000000E+00  0.000000E+00  0.405910E+06  0.745535E+06
  0.116415E-01  0.753936E+06  0.742604E+06  0.000000E+00  0.000000E+00  0.393652E+06  0.736395E+06
  0.120361E-01  0.744847E+06  0.732849E+06  0.000000E+00  0.000000E+00  0.381442E+06  0.727059E+06
  0.124440E-01  0.735555E+06  0.722860E+06  0.000000E+00  0.000000E+00  0.369291E+06  0.717527E+06
  0.128658E-01  0.726060E+06  0.712634E+06  0.000000E+00  0.000000E+00  0.357212E+06  0.707798E+06
  0.133019E-01  0.716362E+06  0.702172E+06  0.000000E+00  0.000000E+00  0.345216E+06  0.697872E+06
  0.137528E-01  0.706459E+06  0.691471E+06  0.000000E+00  0.000000E+00  0.333317E+06  0.687750E+06
  0.142189E-01  0.696352E+06  0.680531E+06  0.000000E+00  0.000000E+00  0.321527E+06  0.677431E+06
  0.147009E-01  0.686040E+06  0.669353E+06  0.000000E+00  0.000000E+00  0.309858E+06  0.666916E+06
  0.151992E-01  0.675525E+06  0.657937E+06  0.000000E+00  0.000000E+00  0.298320E+06  0.656206E+06
  0.157144E-01  0.664807E+06  0.646285E+06  0.000000E+00  0.000000E+00  0.286925E+06  0.645303E+06
  0.162470E-01  0.653888E+06  0.634399E+06  0.000000E+00  0.000000E+00  0.275681E+06  0.634208E+06
  0.167977E-01  0.642769E+06  0.622282E+06  0.000000E+00  0.000000E+00  0.264597E+06  0.622925E+06
  0.173671E-01  0.631454E+06  0.609939E+06  0.000000E+00  0.000000E+00  0.253682E+06  0.611456E+06
  0.179557E-01  0.619947E+06  0.597376E+06  0.000000E+00  0.000000E+00  0.242946E+06  0.599806E+06
  0.185643E-01  0.608251E+06  0.584600E+06  0.000000E+00  0.000000E+00  0.232397E+06  0.587980E+06
  0.191936E-01  0.596373E+06  0.571620E+06  0.000000E+00  0.000000E+00  0.222044E+06  0.575985E+06
  0.198441E-01  0.584319E+06  0.558446E+06  0.000000E+00  0.000000E+00  0.211897E+06  0.563827E+06
  0.205168E-01  0.572096E+06  0.545091E+06  0.000000E+00  0.000000E+00  0.201964E+06  0.551515E+06
  0.212122E-01  0.559715E+06  0.531569E+06  0.000000E+00  0.000000E+00  0.192255E+06  0.539060E+06
  0.219312E-01  0.547187E+06  0.517898E+06  0.000000E+00  0.000000E+00  0.182779E+06  0.526474E+06
  0.226745E-01  0.534523E+06  0.504098E+06  0.000000E+00  0.000000E+00  0.173546E+06  0.513770E+06
  0.234431E-01  0.521739E+06  0.490191E+06  0.000000E+00  0.000000E+00  0.164562E+06  0.500964E+06
  0.242377E-01  0.508851E+06  0.476201E+06  0.000000E+00  0.000000E+00  0.155837E+06  0.488073E+06
  0.250592E-01  0.495878E+06  0.462159E+06  0.000000E+00  0.000000E+00  0.147378E+06  0.475118E+06
  0.259086E-01  0.482840E+06  0.448096E+06  0.000000E+00  0.000000E+00  0.139193E+06  0.462120E+06
  0.267868E-01  0.469760E+06  0.434046E+06  0.000000E+00  0.000000E+00  0.131289E+06  0.449103E+06
  0.276947E-01  0.456666E+06  0.420048E+06  0.000000E+00  0.000000E+00  0.123672E+06  0.436096E+06
  0.286334E-01  0.443583E+06  0.406144E+06  0.000000E+00  0.000000E+00  0.116349E+06  0.423127E+06
  0.296040E-01  0.430545E+06  0.392380E+06  0.000000E+00  0.000000E+00  0.109325E+06  0.410229E+06
  0.306074E-01  0.417583E+06  0.378801E+06  0.000000E+00  0.000000E+00  0.102607E+06  0.397436E+06
  0.316449E-01  0.404733E+06  0.365460E+06  0.000000E+00  0.000000E+00  0.961960E+05  0.384783E+06
  0.327175E-01  0.392032E+06  0.352409E+06  0.000000E+00  0.000000E+00  0.900945E+05  0.372311E+06
  0.338264E-01  0.381226E+06  0.341397E+06  0.000000E+00  0.000000E+00  0.797474E+05  0.361491E+06
  0.349730E-01  0.369010E+06  0.329153E+06  0.000000E+00  0.000000E+00  0.743900E+05  0.349568E+06
  0.361584E-01  0.357060E+06  0.317357E+06  0.000000E+00  0.000000E+00  0.693291E+05  0.337943E+06
  0.373840E-01  0.345262E+06  0.305904E+06  0.000000E+00  0.000000E+00  0.645289E+05  0.326506E+06
  0.386511E-01  0.333781E+06  0.294970E+06  0.000000E+00  0.000000E+00  0.600125E+05  0.315419E+06
  0.399612E-01  0.322676E+06  0.284620E+06  0.000000E+00  0.000000E+00  0.557846E+05  0.304739E+06
  0.413157E-01  0.311988E+06  0.274898E+06  0.000000E+00  0.000000E+00  0.518477E+05  0.294505E+06
  0.427161E-01  0.301754E+06  0.265838E+06  0.000000E+00  0.000000E+00  0.481985E+05  0.284753E+06
  0.441639E-01  0.290902E+06  0.256368E+06  0.000000E+00  0.000000E+00  0.464500E+05  0.274527E+06
  0.456609E-01  0.281597E+06  0.248629E+06  0.000000E+00  0.000000E+00  0.432894E+05  0.265750E+06
  0.472086E-01  0.272777E+06  0.241544E+06  0.000000E+00  0.000000E+00  0.403428E+05  0.257473E+06
  0.488087E-01  0.264424E+06  0.235073E+06  0.000000E+00  0.000000E+00  0.375976E+05  0.249678E+06
  0.504631E-01  0.256510E+06  0.229154E+06  0.000000E+00  0.000000E+00  0.350554E+05  0.242330E+06
  0.521736E-01  0.249002E+06  0.223715E+06  0.000000E+00  0.000000E+00  0.327138E+05  0.235391E+06
  0.539420E-01  0.242485E+06  0.219293E+06  0.000000E+00  0.000000E+00  0.298633E+05  0.229383E+06
  0.557704E-01  0.235652E+06  0.214539E+06  0.000000E+00  0.000000E+00  0.278409E+05  0.223105E+06
  0.576607E-01  0.229073E+06  0.209967E+06  0.000000E+00  0.000000E+00  0.259354E+05  0.217064E+06
  0.596151E-01  0.222691E+06  0.205466E+06  0.000000E+00  0.000000E+00  0.241591E+05  0.211195E+06
  0.616357E-01  0.216443E+06  0.200919E+06  0.000000E+00  0.000000E+00  0.225016E+05  0.205430E+06
  0.637249E-01  0.209823E+06  0.195773E+06  0.000000E+00  0.000000E+00  0.213022E+05  0.199291E+06
  0.658849E-01  0.203622E+06  0.190773E+06  0.000000E+00  0.000000E+00  0.197867E+05  0.193493E+06
  0.681181E-01  0.197338E+06  0.185387E+06  0.000000E+00  0.000000E+00  0.183607E+05  0.187571E+06
  0.704269E-01  0.190908E+06  0.179532E+06  0.000000E+00  0.000000E+00  0.169999E+05  0.181456E+06
  0.728140E-01  0.184408E+06  0.173285E+06  0.000000E+00  0.000000E+00  0.155444E+05  0.175218E+06
  0.752820E-01  0.177602E+06  0.166432E+06  0.000000E+00  0.000000E+00  0.142905E+05  0.168645E+06
  0.778338E-01  0.170619E+06  0.159141E+06  0.000000E+00  0.000000E+00  0.130923E+05  0.161862E+06
  0.804719E-01  0.163511E+06  0.151527E+06  0.000000E+00  0.000000E+00  0.119671E+05  0.154930E+06
  0.831996E-01  0.156351E+06  0.143742E+06  0.000000E+00  0.000000E+00  0.109031E+05  0.147931E+06
  0.860197E-01  0.149231E+06  0.135972E+06  0.000000E+00  0.000000E+00  0.990423E+04  0.140968E+06
  0.889353E-01  0.142249E+06  0.128416E+06  0.000000E+00  0.000000E+00  0.898376E+04  0.134154E+06
  0.919498E-01  0.135516E+06  0.121281E+06  0.000000E+00  0.000000E+00  0.814179E+04  0.127610E+06
  0.950664E-01  0.129152E+06  0.114773E+06  0.000000E+00  0.000000E+00  0.738546E+04  0.121465E+06
  0.982887E-01  0.123277E+06  0.109073E+06  0.000000E+00  0.000000E+00  0.670736E+04  0.115846E+06
  0.101620E+00  0.117991E+06  0.104307E+06  0.000000E+00  0.000000E+00  0.610751E+04  0.110850E+06
  0.105065E+00  0.113334E+06  0.100500E+06  0.000000E+00  0.000000E+00  0.558164E+04  0.106514E+06
  0.108626E+00  0.109268E+06  0.975554E+05  0.000000E+00  0.000000E+00  0.512551E+04  0.102792E+06
  0.112308E+00  0.105672E+06  0.952514E+05  0.000000E+00  0.000000E+00  0.471721E+04  0.995496E+05
  0.116114E+00  0.102378E+06  0.932890E+05  0.000000E+00  0.000000E+00  0.435260E+04  0.966048E+05
  0.120050E+00  0.992094E+05  0.913489E+05  0.000000E+00  0.000000E+00  0.401202E+04  0.937635E+05
  0.124119E+00  0.960087E+05  0.891415E+05  0.000000E+00  0.000000E+00  0.369355E+04  0.908536E+05
  0.128326E+00  0.926444E+05  0.864369E+05  0.000000E+00  0.000000E+00  0.338446E+04  0.877320E+05
  0.132676E+00  0.890169E+05  0.830931E+05  0.000000E+00  0.000000E+00  0.308716E+04  0.842964E+05
  0.137173E+00  0.850880E+05  0.790986E+05  0.000000E+00  0.000000E+00  0.279758E+04  0.805146E+05
  0.141822E+00  0.809195E+05  0.746114E+05  0.000000E+00  0.000000E+00  0.251987E+04  0.764621E+05
  0.146629E+00  0.766761E+05  0.699460E+05  0.000000E+00  0.000000E+00  0.226034E+04  0.723215E+05
  0.151600E+00  0.725741E+05  0.654901E+05  0.000000E+00  0.000000E+00  0.202286E+04  0.683284E+05
  0.156738E+00  0.688088E+05  0.615912E+05  0.000000E+00  0.000000E+00  0.181642E+04  0.646954E+05
  0.162051E+00  0.655074E+05  0.584676E+05  0.000000E+00  0.000000E+00  0.163571E+04  0.615593E+05
  0.167543E+00  0.627125E+05  0.561642E+05  0.000000E+00  0.000000E+00  0.148438E+04  0.589611E+05
  0.173222E+00  0.603660E+05  0.545310E+05  0.000000E+00  0.000000E+00  0.135456E+04  0.568298E+05
  0.179094E+00  0.583018E+05  0.532403E+05  0.000000E+00  0.000000E+00  0.124019E+04  0.549792E+05
  0.185164E+00  0.562853E+05  0.518778E+05  0.000000E+00  0.000000E+00  0.113424E+04  0.531547E+05
  0.191440E+00  0.541070E+05  0.500988E+05  0.000000E+00  0.000000E+00  0.103224E+04  0.511332E+05
  0.197929E+00  0.516714E+05  0.477680E+05  0.000000E+00  0.000000E+00  0.931375E+03  0.488164E+05
  0.204638E+00  0.490321E+05  0.450124E+05  0.000000E+00  0.000000E+00  0.835230E+03  0.462683E+05
  0.211574E+00  0.463637E+05  0.421632E+05  0.000000E+00  0.000000E+00  0.744768E+03  0.436818E+05
  0.218745E+00  0.438763E+05  0.396018E+05  0.000000E+00  0.000000E+00  0.665223E+03  0.412866E+05
  0.226160E+00  0.417205E+05  0.375847E+05  0.000000E+00  0.000000E+00  0.597122E+03  0.392446E+05
  0.233826E+00  0.399264E+05  0.361323E+05  0.000000E+00  0.000000E+00  0.540241E+03  0.375829E+05
  0.241751E+00  0.383727E+05  0.350056E+05  0.000000E+00  0.000000E+00  0.490711E+03  0.361657E+05
  0.249945E+00  0.368560E+05  0.338443E+05  0.000000E+00  0.000000E+00  0.445244E+03  0.347722E+05
  0.258417E+00  0.352304E+05  0.323993E+05  0.000000E+00  0.000000E+00  0.401775E+03  0.332454E+05
  0.267176E+00  0.334641E+05  0.306498E+05  0.000000E+00  0.000000E+00  0.359905E+03  0.315568E+05
  0.276232E+00  0.316709E+05  0.288208E+05  0.000000E+00  0.000000E+00  0.320808E+03  0.298339E+05
  0.285595E+00  0.300265E+05  0.272163E+05  0.000000E+00  0.000000E+00  0.286513E+03  0.282661E+05
  0.295275E+00  0.286094E+05  0.259658E+05  0.000000E+00  0.000000E+00  0.257547E+03  0.269371E+05
  0.305284E+00  0.273700E+05  0.249624E+05  0.000000E+00  0.000000E+00  0.232444E+03  0.257897E+05
  0.315631E+00  0.261732E+05  0.239631E+05  0.000000E+00  0.000000E+00  0.209546E+03  0.246769E+05
  0.326330E+00  0.249214E+05  0.228090E+05  0.000000E+00  0.000000E+00  0.187979E+03  0.234948E+05
  0.337391E+00  0.236348E+05  0.215545E+05  0.000000E+00  0.000000E+00  0.167853E+03  0.222686E+05
  0.348827E+00  0.224134E+05  0.203842E+05  0.000000E+00  0.000000E+00  0.149769E+03  0.211080E+05
  0.360650E+00  0.213275E+05  0.194118E+05  0.000000E+00  0.000000E+00  0.134226E+03  0.200875E+05
  0.372875E+00  0.203419E+05  0.185668E+05  0.000000E+00  0.000000E+00  0.120590E+03  0.191676E+05
  0.385513E+00  0.193756E+05  0.177067E+05  0.000000E+00  0.000000E+00  0.108132E+03  0.182604E+05
  0.398580E+00  0.183988E+05  0.167898E+05  0.000000E+00  0.000000E+00  0.965954E+02  0.173355E+05
  0.412090E+00  0.174559E+05  0.159025E+05  0.000000E+00  0.000000E+00  0.862158E+02  0.164424E+05
  0.426058E+00  0.165912E+05  0.151200E+05  0.000000E+00  0.000000E+00  0.770747E+02  0.156285E+05
  0.440499E+00  0.157888E+05  0.144089E+05  0.000000E+00  0.000000E+00  0.690277E+02  0.148759E+05
  0.455430E+00  0.150061E+05  0.136970E+05  0.000000E+00  0.000000E+00  0.616873E+02  0.141387E+05
  0.470867E+00  0.142414E+05  0.129867E+05  0.000000E+00  0.000000E+00  0.550071E+02  0.134159E+05
  0.486827E+00  0.135206E+05  0.123265E+05  0.000000E+00  0.000000E+00  0.491013E+02  0.127363E+05
  0.503328E+00  0.128473E+05  0.117203E+05  0.000000E+00  0.000000E+00  0.438517E+02  0.121032E+05
  0.520388E+00  0.122011E+05  0.111324E+05  0.000000E+00  0.000000E+00  0.391496E+02  0.114946E+05
  0.538027E+00  0.115777E+05  0.105593E+05  0.000000E+00  0.000000E+00  0.349062E+02  0.109065E+05
  0.556263E+00  0.109884E+05  0.100217E+05  0.000000E+00  0.000000E+00  0.311192E+02  0.103512E+05
  0.575118E+00  0.104311E+05  0.951607E+04  0.000000E+00  0.000000E+00  0.277454E+02  0.982665E+04
  0.594612E+00  0.989732E+04  0.902839E+04  0.000000E+00  0.000000E+00  0.247260E+02  0.932359E+04
  0.614766E+00  0.938865E+04  0.856343E+04  0.000000E+00  0.000000E+00  0.220199E+02  0.884418E+04
  0.635604E+00  0.890693E+04  0.812496E+04  0.000000E+00  0.000000E+00  0.196196E+02  0.839049E+04
  0.657148E+00  0.844805E+04  0.770644E+04  0.000000E+00  0.000000E+00  0.174765E+02  0.795819E+04
  0.679422E+00  0.801105E+04  0.730744E+04  0.000000E+00  0.000000E+00  0.155480E+02  0.754642E+04
  0.702451E+00  0.759635E+04  0.692947E+04  0.000000E+00  0.000000E+00  0.138504E+02  0.715579E+04
  0.726261E+00  0.720189E+04  0.656966E+04  0.000000E+00  0.000000E+00  0.123166E+02  0.678417E+04
  0.750877E+00  0.682688E+04  0.622751E+04  0.000000E+00  0.000000E+00  0.109592E+02  0.643088E+04
  0.776328E+00  0.647071E+04  0.590273E+04  0.000000E+00  0.000000E+00  0.974188E+01  0.609536E+04
  0.802642E+00  0.613219E+04  0.559390E+04  0.000000E+00  0.000000E+00  0.865853E+01  0.577644E+04
  0.829848E+00  0.581067E+04  0.530064E+04  0.000000E+00  0.000000E+00  0.770008E+01  0.547356E+04
  0.857975E+00  0.550532E+04  0.502212E+04  0.000000E+00  0.000000E+00  0.684512E+01  0.518591E+04
  0.887057E+00  0.521536E+04  0.475762E+04  0.000000E+00  0.000000E+00  0.608048E+01  0.491275E+04
  0.917123E+00  0.494011E+04  0.450656E+04  0.000000E+00  0.000000E+00  0.539987E+01  0.465347E+04
  0.948209E+00  0.467882E+04  0.426822E+04  0.000000E+00  0.000000E+00  0.479613E+01  0.440733E+04
  0.980349E+00  0.443084E+04  0.404201E+04  0.000000E+00  0.000000E+00  0.425665E+01  0.417373E+04
  0.101358E+01  0.419549E+04  0.382733E+04  0.000000E+00  0.000000E+00  0.378065E+01  0.395203E+04
  0.104793E+01  0.397217E+04  0.362362E+04  0.000000E+00  0.000000E+00  0.335470E+01  0.374165E+04
  0.108345E+01  0.376030E+04  0.343035E+04  0.000000E+00  0.000000E+00  0.297705E+01  0.354207E+04
  0.112018E+01  0.355933E+04  0.324703E+04  0.000000E+00  0.000000E+00  0.264090E+01  0.335276E+04
  0.115815E+01  0.336875E+04  0.307318E+04  0.000000E+00  0.000000E+00  0.234196E+01  0.317323E+04
  0.119740E+01  0.318803E+04  0.290833E+04  0.000000E+00  0.000000E+00  0.207696E+01  0.300300E+04
  0.123799E+01  0.301669E+04  0.275203E+04  0.000000E+00  0.000000E+00  0.184161E+01  0.284160E+04
  0.127995E+01  0.285425E+04  0.260385E+04  0.000000E+00  0.000000E+00  0.163287E+01  0.268859E+04
  0.132333E+01  0.270029E+04  0.246340E+04  0.000000E+00  0.000000E+00  0.144804E+01  0.254356E+04
  0.136819E+01  0.255437E+04  0.233029E+04  0.000000E+00  0.000000E+00  0.128325E+01  0.240610E+04
  0.141456E+01  0.241609E+04  0.220415E+04  0.000000E+00  0.000000E+00  0.113698E+01  0.227585E+04
  0.146251E+01  0.228507E+04  0.208462E+04  0.000000E+00  0.000000E+00  0.100678E+01  0.215243E+04
  0.151208E+01  0.216093E+04  0.197138E+04  0.000000E+00  0.000000E+00  0.892444E+00  0.203550E+04
  0.156333E+01  0.204335E+04  0.186411E+04  0.000000E+00  0.000000E+00  0.790284E+00  0.192474E+04
  0.161632E+01  0.193198E+04  0.176252E+04  0.000000E+00  0.000000E+00  0.700085E+00  0.181984E+04
  0.167111E+01  0.182652E+04  0.166632E+04  0.000000E+00  0.000000E+00  0.619674E+00  0.172050E+04
  0.172775E+01  0.172666E+04  0.157522E+04  0.000000E+00  0.000000E+00  0.548494E+00  0.162643E+04
  0.178631E+01  0.163211E+04  0.148896E+04  0.000000E+00  0.000000E+00  0.485130E+00  0.153737E+04
  0.184686E+01  0.154260E+04  0.140730E+04  0.000000E+00  0.000000E+00  0.429678E+00  0.145305E+04
  0.190946E+01  0.145786E+04  0.133001E+04  0.000000E+00  0.000000E+00  0.380298E+00  0.137324E+04
  0.197418E+01  0.137766E+04  0.125684E+04  0.000000E+00  0.000000E+00  0.336400E+00  0.129769E+04
  0.204110E+01  0.130176E+04  0.118760E+04  0.000000E+00  0.000000E+00  0.297518E+00  0.122619E+04
  0.211028E+01  0.122994E+04  0.112208E+04  0.000000E+00  0.000000E+00  0.263265E+00  0.115854E+04
  0.218181E+01  0.116199E+04  0.106009E+04  0.000000E+00  0.000000E+00  0.232875E+00  0.109454E+04
  0.225576E+01  0.109770E+04  0.100144E+04  0.000000E+00  0.000000E+00  0.205859E+00  0.103398E+04
  0.233222E+01  0.103689E+04  0.945963E+03  0.000000E+00  0.000000E+00  0.182116E+00  0.976699E+03
  0.241127E+01  0.979368E+03  0.893483E+03  0.000000E+00  0.000000E+00  0.161052E+00  0.922513E+03
  0.249300E+01  0.924961E+03  0.843849E+03  0.000000E+00  0.000000E+00  0.142361E+00  0.871264E+03
  0.257750E+01  0.873508E+03  0.796908E+03  0.000000E+00  0.000000E+00  0.125847E+00  0.822797E+03
  0.266486E+01  0.824856E+03  0.752524E+03  0.000000E+00  0.000000E+00  0.111357E+00  0.776970E+03
  0.275519E+01  0.778856E+03  0.710558E+03  0.000000E+00  0.000000E+00  0.984113E-01  0.733641E+03
  0.284858E+01  0.735368E+03  0.670884E+03  0.000000E+00  0.000000E+00  0.869219E-01  0.692677E+03
  0.294513E+01  0.694258E+03  0.633379E+03  0.000000E+00  0.000000E+00  0.767825E-01  0.653953E+03
  0.304496E+01  0.655395E+03  0.597925E+03  0.000000E+00  0.000000E+00  0.678635E-01  0.617347E+03
  0.314817E+01  0.618665E+03  0.564415E+03  0.000000E+00  0.000000E+00  0.599423E-01  0.582748E+03
  0.325487E+01  0.583951E+03  0.532745E+03  0.000000E+00  0.000000E+00  0.529159E-01  0.550049E+03
  0.336520E+01  0.551149E+03  0.502820E+03  0.000000E+00  0.000000E+00  0.467790E-01  0.519152E+03
  0.347926E+01  0.520154E+03  0.474543E+03  0.000000E+00  0.000000E+00  0.412640E-01  0.489956E+03
  0.359719E+01  0.490870E+03  0.447826E+03  0.000000E+00  0.000000E+00  0.364375E-01  0.462372E+03
  0.371912E+01  0.463201E+03  0.422583E+03  0.000000E+00  0.000000E+00  0.322211E-01  0.436309E+03
  0.384518E+01  0.437063E+03  0.398737E+03  0.000000E+00  0.000000E+00  0.284316E-01  0.411689E+03
  0.397551E+01  0.412374E+03  0.376212E+03  0.000000E+00  0.000000E+00  0.251144E-01  0.388432E+03
  0.411026E+01  0.389055E+03  0.354939E+03  0.000000E+00  0.000000E+00  0.221514E-01  0.366468E+03
  0.424958E+01  0.367032E+03  0.334846E+03  0.000000E+00  0.000000E+00  0.195814E-01  0.345723E+03
  0.439362E+01  0.346234E+03  0.315871E+03  0.000000E+00  0.000000E+00  0.172595E-01  0.326132E+03
  0.454254E+01  0.326593E+03  0.297952E+03  0.000000E+00  0.000000E+00  0.152632E-01  0.307631E+03
  0.469651E+01  0.308047E+03  0.281032E+03  0.000000E+00  0.000000E+00  0.134416E-01  0.290162E+03
  0.485570E+01  0.290539E+03  0.265059E+03  0.000000E+00  0.000000E+00  0.118666E-01  0.273670E+03
  0.502029E+01  0.274009E+03  0.249978E+03  0.000000E+00  0.000000E+00  0.104880E-01  0.258100E+03
  0.519045E+01  0.258404E+03  0.235742E+03  0.000000E+00  0.000000E+00  0.926296E-02  0.243401E+03
  0.536638E+01  0.243673E+03  0.222302E+03  0.000000E+00  0.000000E+00  0.816033E-02  0.229526E+03
  0.554827E+01  0.229770E+03  0.209617E+03  0.000000E+00  0.000000E+00  0.720091E-02  0.216429E+03
  0.573633E+01  0.216648E+03  0.197645E+03  0.000000E+00  0.000000E+00  0.635358E-02  0.204069E+03
  0.593077E+01  0.204264E+03  0.186347E+03  0.000000E+00  0.000000E+00  0.560130E-02  0.192404E+03
  0.613179E+01  0.192576E+03  0.175684E+03  0.000000E+00  0.000000E+00  0.493846E-02  0.181395E+03
  0.633963E+01  0.181548E+03  0.165622E+03  0.000000E+00  0.000000E+00  0.436794E-02  0.171007E+03
  0.655451E+01  0.171142E+03  0.156128E+03  0.000000E+00  0.000000E+00  0.384098E-02  0.161205E+03
  0.677667E+01  0.161325E+03  0.147171E+03  0.000000E+00  0.000000E+00  0.339100E-02  0.151957E+03
  0.700637E+01  0.152062E+03  0.138720E+03  0.000000E+00  0.000000E+00  0.299054E-02  0.143232E+03
  0.724385E+01  0.143324E+03  0.130748E+03  0.000000E+00  0.000000E+00  0.263639E-02  0.135001E+03
  0.748939E+01  0.135081E+03  0.123227E+03  0.000000E+00  0.000000E+00  0.232964E-02  0.127237E+03
  0.774324E+01  0.127306E+03  0.116133E+03  0.000000E+00  0.000000E+00  0.204957E-02  0.119913E+03
  0.800570E+01  0.119972E+03  0.109442E+03  0.000000E+00  0.000000E+00  0.180660E-02  0.113005E+03
  0.827705E+01  0.113055E+03  0.103131E+03  0.000000E+00  0.000000E+00  0.159299E-02  0.106489E+03
  0.855760E+01  0.106532E+03  0.971800E+02  0.000000E+00  0.000000E+00  0.140362E-02  0.100345E+03
  0.884767E+01  0.100380E+03  0.915674E+02  0.000000E+00  0.000000E+00  0.124005E-02  0.945505E+02
  0.914755E+01  0.945791E+02  0.862747E+02  0.000000E+00  0.000000E+00  0.109299E-02  0.890862E+02
  0.945762E+01  0.891091E+02  0.812840E+02  0.000000E+00  0.000000E+00  0.962591E-03  0.839337E+02
  0.977818E+01  0.839520E+02  0.765787E+02  0.000000E+00  0.000000E+00  0.848732E-03  0.790759E+02
  0.101096E+02  0.790894E+02  0.721422E+02  0.000000E+00  0.000000E+00  0.749394E-03  0.744955E+02
  0.104523E+02  0.745050E+02  0.679595E+02  0.000000E+00  0.000000E+00  0.658017E-03  0.701773E+02
  0.108066E+02  0.701833E+02  0.640164E+02  0.000000E+00  0.000000E+00  0.580843E-03  0.661065E+02
  0.111728E+02  0.661095E+02  0.602995E+02  0.000000E+00  0.000000E+00  0.510509E-03  0.622691E+02
  0.115516E+02  0.622691E+02  0.567956E+02  0.000000E+00  0.000000E+00  0.450001E-03  0.586516E+02
  0.119431E+02  0.586495E+02  0.534931E+02  0.000000E+00  0.000000E+00  0.397772E-03  0.552422E+02
  0.123479E+02  0.552379E+02  0.503803E+02  0.000000E+00  0.000000E+00  0.350806E-03  0.520286E+02
  0.127664E+02  0.520224E+02  0.474465E+02  0.000000E+00  0.000000E+00  0.309176E-03  0.489997E+02
  0.131992E+02  0.489922E+02  0.446817E+02  0.000000E+00  0.000000E+00  0.271790E-03  0.461454E+02
  0.136466E+02  0.461366E+02  0.420762E+02  0.000000E+00  0.000000E+00  0.238450E-03  0.434555E+02
  0.141091E+02  0.434456E+02  0.396209E+02  0.000000E+00  0.000000E+00  0.211781E-03  0.409207E+02
  0.145873E+02  0.409099E+02  0.373073E+02  0.000000E+00  0.000000E+00  0.186217E-03  0.385321E+02
  0.150818E+02  0.385207E+02  0.351273E+02  0.000000E+00  0.000000E+00  0.164005E-03  0.362816E+02
  0.155930E+02  0.362694E+02  0.330733E+02  0.000000E+00  0.000000E+00  0.144803E-03  0.341610E+02
  0.161215E+02  0.341486E+02  0.311381E+02  0.000000E+00  0.000000E+00  0.127252E-03  0.321633E+02
  0.166679E+02  0.321504E+02  0.293149E+02  0.000000E+00  0.000000E+00  0.112192E-03  0.302811E+02
  0.172329E+02  0.302680E+02  0.275973E+02  0.000000E+00  0.000000E+00  0.988555E-04  0.285079E+02
  0.178170E+02  0.284947E+02  0.259793E+02  0.000000E+00  0.000000E+00  0.872337E-04  0.268375E+02
  0.184209E+02  0.268243E+02  0.244552E+02  0.000000E+00  0.000000E+00  0.768376E-04  0.252641E+02
  0.190453E+02  0.252509E+02  0.230195E+02  0.000000E+00  0.000000E+00  0.677526E-04  0.237820E+02
  0.196908E+02  0.237689E+02  0.216673E+02  0.000000E+00  0.000000E+00  0.594194E-04  0.223860E+02
  0.203583E+02  0.223730E+02  0.203936E+02  0.000000E+00  0.000000E+00  0.523716E-04  0.210711E+02
  0.210483E+02  0.210584E+02  0.191940E+02  0.000000E+00  0.000000E+00  0.458702E-04  0.198328E+02
  0.217617E+02  0.198203E+02  0.180643E+02  0.000000E+00  0.000000E+00  0.404281E-04  0.186665E+02
  0.224994E+02  0.186543E+02  0.170004E+02  0.000000E+00  0.000000E+00  0.354725E-04  0.175682E+02
  0.232620E+02  0.175563E+02  0.159984E+02  0.000000E+00  0.000000E+00  0.313575E-04  0.165339E+02
  0.240505E+02  0.165224E+02  0.150550E+02  0.000000E+00  0.000000E+00  0.277034E-04  0.155600E+02
  0.248656E+02  0.155488E+02  0.141666E+02  0.000000E+00  0.000000E+00  0.243332E-04  0.146429E+02
  0.257085E+02  0.146320E+02  0.133300E+02  0.000000E+00  0.000000E+00  0.212904E-04  0.137794E+02
  0.265798E+02  0.137689E+02  0.125424E+02  0.000000E+00  0.000000E+00  0.188871E-04  0.129663E+02
  0.274808E+02  0.129562E+02  0.118008E+02  0.000000E+00  0.000000E+00  0.165229E-04  0.122008E+02
  0.284122E+02  0.121911E+02  0.111027E+02  0.000000E+00  0.000000E+00  0.146055E-04  0.114801E+02
  0.293753E+02  0.114708E+02  0.104453E+02  0.000000E+00  0.000000E+00  0.129470E-04  0.108016E+02
  0.303709E+02  0.107927E+02  0.982653E+01  0.000000E+00  0.000000E+00  0.113053E-04  0.101628E+02
  0.314004E+02  0.101544E+02  0.924399E+01  0.000000E+00  0.000000E+00  0.996678E-05  0.956150E+01
  0.324647E+02  0.955348E+01  0.869562E+01  0.000000E+00  0.000000E+00  0.884306E-05  0.899546E+01
  0.335651E+02  0.898785E+01  0.817942E+01  0.000000E+00  0.000000E+00  0.757943E-05  0.846264E+01
  0.347028E+02  0.845542E+01  0.769352E+01  0.000000E+00  0.000000E+00  0.684373E-05  0.796110E+01
  0.358790E+02  0.795430E+01  0.723620E+01  0.000000E+00  0.000000E+00  0.593325E-05  0.748905E+01
  0.370952E+02  0.748263E+01  0.680573E+01  0.000000E+00  0.000000E+00  0.530436E-05  0.704473E+01
  0.383525E+02  0.703872E+01  0.640060E+01  0.000000E+00  0.000000E+00  0.466211E-05  0.662658E+01
  0.396525E+02  0.662093E+01  0.601929E+01  0.000000E+00  0.000000E+00  0.404035E-05  0.623301E+01
  0.409965E+02  0.622775E+01  0.566045E+01  0.000000E+00  0.000000E+00  0.363402E-05  0.586264E+01
  0.423861E+02  0.585773E+01  0.532273E+01  0.000000E+00  0.000000E+00  0.313656E-05  0.551408E+01
  0.438228E+02  0.550954E+01  0.500492E+01  0.000000E+00  0.000000E+00  0.277077E-05  0.518608E+01
  0.453082E+02  0.518188E+01  0.470585E+01  0.000000E+00  0.000000E+00  0.241943E-05  0.487742E+01
  0.468439E+02  0.487355E+01  0.442443E+01  0.000000E+00  0.000000E+00  0.220272E-05  0.458697E+01
  0.484317E+02  0.458343E+01  0.415961E+01  0.000000E+00  0.000000E+00  0.190454E-05  0.431367E+01
  0.500732E+02  0.431046E+01  0.391044E+01  0.000000E+00  0.000000E+00  0.168927E-05  0.405653E+01
  0.517705E+02  0.405361E+01  0.367598E+01  0.000000E+00  0.000000E+00  0.147701E-05  0.381457E+01
  0.535252E+02  0.381196E+01  0.345539E+01  0.000000E+00  0.000000E+00  0.127766E-05  0.358693E+01
  0.553395E+02  0.358460E+01  0.324784E+01  0.000000E+00  0.000000E+00  0.116092E-05  0.337275E+01
  0.572153E+02  0.337070E+01  0.305257E+01  0.000000E+00  0.000000E+00  0.100190E-05  0.317124E+01
  0.591545E+02  0.316948E+01  0.286886E+01  0.000000E+00  0.000000E+00  0.845117E-06  0.298168E+01
  0.611596E+02  0.298017E+01  0.269602E+01  0.000000E+00  0.000000E+00  0.752744E-06  0.280334E+01
  0.632326E+02  0.280208E+01  0.253343E+01  0.000000E+00  0.000000E+00  0.700411E-06  0.263558E+01
  0.653759E+02  0.263456E+01  0.238048E+01  0.000000E+00  0.000000E+00  0.579833E-06  0.247776E+01
  0.675918E+02  0.247698E+01  0.223659E+01  0.000000E+00  0.000000E+00  0.511627E-06  0.232930E+01
  0.698829E+02  0.232875E+01  0.210124E+01  0.000000E+00  0.000000E+00  0.458374E-06  0.218966E+01
  0.722515E+02  0.218932E+01  0.197393E+01  0.000000E+00  0.000000E+00  0.402639E-06  0.205831E+01
  0.747005E+02  0.205818E+01  0.185417E+01  0.000000E+00  0.000000E+00  0.371470E-06  0.193476E+01
  0.772325E+02  0.193483E+01  0.174153E+01  0.000000E+00  0.000000E+00  0.340918E-06  0.181856E+01
  0.798503E+02  0.181882E+01  0.163557E+01  0.000000E+00  0.000000E+00  0.298591E-06  0.170926E+01
  0.825568E+02  0.170971E+01  0.153593E+01  0.000000E+00  0.000000E+00  0.241659E-06  0.160647E+01
  0.853551E+02  0.160709E+01  0.144220E+01  0.000000E+00  0.000000E+00  0.197136E-06  0.150979E+01
  0.882482E+02  0.151059E+01  0.135405E+01  0.000000E+00  0.000000E+00  0.181348E-06  0.141887E+01
  0.912394E+02  0.141983E+01  0.127115E+01  0.000000E+00  0.000000E+00  0.174171E-06  0.133336E+01
  0.943319E+02  0.133448E+01  0.119319E+01  0.000000E+00  0.000000E+00  0.161463E-06  0.125295E+01
  0.975294E+02  0.125421E+01  0.111986E+01  0.000000E+00  0.000000E+00  0.138989E-06  0.117733E+01
  0.100835E+03  0.117874E+01  0.105091E+01  0.000000E+00  0.000000E+00  0.111108E-06  0.110623E+01
  0.104253E+03  0.110777E+01  0.986076E+00  0.000000E+00  0.000000E+00  0.106809E-06  0.103936E+01
  0.107787E+03  0.104104E+01  0.925105E+00  0.000000E+00  0.000000E+00  0.879457E-07  0.976489E+00
  0.111440E+03  0.978285E+00  0.867769E+00  0.000000E+00  0.000000E+00  0.780202E-07  0.917365E+00
  0.115217E+03  0.919285E+00  0.813859E+00  0.000000E+00  0.000000E+00  0.704330E-07  0.861777E+00
  0.119123E+03  0.863810E+00  0.763170E+00  0.000000E+00  0.000000E+00  0.638545E-07  0.809510E+00
  0.123160E+03  0.811652E+00  0.715509E+00  0.000000E+00  0.000000E+00  0.538077E-07  0.760367E+00
  0.127335E+03  0.762610E+00  0.670696E+00  0.000000E+00  0.000000E+00  0.462416E-07  0.714161E+00
  0.131651E+03  0.716505E+00  0.628566E+00  0.000000E+00  0.000000E+00  0.408731E-07  0.670721E+00
  0.136113E+03  0.673159E+00  0.588957E+00  0.000000E+00  0.000000E+00  0.404076E-07  0.629881E+00
  0.140727E+03  0.632409E+00  0.551721E+00  0.000000E+00  0.000000E+00  0.316643E-07  0.591487E+00
  0.145497E+03  0.594098E+00  0.516714E+00  0.000000E+00  0.000000E+00  0.312172E-07  0.555391E+00
  0.150428E+03  0.558084E+00  0.483809E+00  0.000000E+00  0.000000E+00  0.252292E-07  0.521460E+00
  0.155527E+03  0.524229E+00  0.452878E+00  0.000000E+00  0.000000E+00  0.192558E-07  0.489563E+00
  0.160799E+03  0.492402E+00  0.423804E+00  0.000000E+00  0.000000E+00  0.196771E-07  0.459578E+00
  0.166249E+03  0.462487E+00  0.396479E+00  0.000000E+00  0.000000E+00  0.141174E-07  0.431393E+00
  0.171884E+03  0.434366E+00  0.370799E+00  0.000000E+00  0.000000E+00  0.178207E-07  0.404901E+00
  0.177710E+03  0.407934E+00  0.346665E+00  0.000000E+00  0.000000E+00  0.152564E-07  0.380001E+00
  0.183734E+03  0.383089E+00  0.323986E+00  0.000000E+00  0.000000E+00  0.103509E-07  0.356595E+00
  0.189961E+03  0.359737E+00  0.302677E+00  0.000000E+00  0.000000E+00  0.737685E-08  0.334599E+00
  0.196400E+03  0.337789E+00  0.282657E+00  0.000000E+00  0.000000E+00  0.944141E-08  0.313926E+00
  0.203057E+03  0.317161E+00  0.263850E+00  0.000000E+00  0.000000E+00  0.109488E-07  0.294497E+00
