7.500000e-01	1.000000e+00	1
1.607143e+00	7.777872e-06	26
2.565789e+00	3.999519e-06	66
3.547297e+00	2.745616e-06	158
4.536885e+00	1.786829e-06	234
5.530220e+00	1.215028e-06	410
6.525590e+00	9.241159e-07	470
7.522189e+00	7.013640e-07	738
8.519586e+00	5.505819e-07	866
9.517528e+00	4.430776e-07	1170
1.051586e+01	3.582796e-07	1358
1.151448e+01	3.035387e-07	1626
1.251333e+01	2.528607e-07	1970
1.351234e+01	2.133964e-07	2366
1.451149e+01	1.847561e-07	2538
1.551075e+01	1.593290e-07	3074
1.651010e+01	1.405481e-07	3306
1.750952e+01	1.239742e-07	3926
1.850901e+01	1.096653e-07	4242
1.950854e+01	9.819314e-08	4826
2.050813e+01	8.784157e-08	5270
2.150775e+01	7.849061e-08	5754
2.250741e+01	7.069527e-08	6338
2.350709e+01	6.392126e-08	7014
2.450680e+01	5.784814e-08	7370
2.550653e+01	5.345240e-08	8330
2.650629e+01	4.937324e-08	8754
2.750606e+01	4.484221e-08	9710
2.850585e+01	4.162572e-08	9858
2.950565e+01	3.851556e-08	11162
3.050546e+01	3.533196e-08	11358
3.150529e+01	3.273690e-08	12770
3.250513e+01	3.044234e-08	13106
3.350497e+01	2.849191e-08	14250
3.450483e+01	2.649315e-08	14894
3.550470e+01	2.505687e-08	15858
3.650457e+01	2.346687e-08	16706
3.750444e+01	2.174134e-08	17550
3.850433e+01	2.044446e-08	18626
3.950422e+01	1.952525e-08	19682
4.050412e+01	1.833649e-08	20382
4.150402e+01	1.714021e-08	21794
4.250392e+01	1.626771e-08	22602
4.350383e+01	1.544355e-08	24050
4.450375e+01	1.458282e-08	24846
4.550366e+01	1.397920e-08	26042
4.650359e+01	1.317572e-08	26810
4.750351e+01	1.255905e-08	28494
4.850344e+01	1.193113e-08	29426
4.950337e+01	1.131864e-08	30978
5.050330e+01	1.083131e-08	31826
5.150323e+01	1.027016e-08	33758
5.250317e+01	9.785767e-09	34386
5.350312e+01	9.323929e-09	36314
5.450306e+01	8.965656e-09	36678
5.550300e+01	8.507439e-09	39146
5.650295e+01	8.200916e-09	39882
5.750290e+01	7.937929e-09	41258
5.850285e+01	7.522693e-09	43310
5.950280e+01	7.246145e-09	44226
6.050275e+01	6.945315e-09	46370
6.150271e+01	6.663150e-09	47334
6.250267e+01	6.421417e-09	48770
6.350262e+01	6.139946e-09	51498
6.450259e+01	5.968718e-09	51350
6.550255e+01	5.700171e-09	54818
6.650250e+01	5.526689e-09	54810
6.750247e+01	5.280308e-09	57434
6.850243e+01	5.125330e-09	59190
6.950240e+01	4.917147e-09	60602
7.050237e+01	4.767916e-09	62202
7.150233e+01	4.591388e-09	64046
7.250230e+01	4.442108e-09	65954
7.350227e+01	4.288729e-09	68898
7.450224e+01	4.119232e-09	69098
7.550220e+01	4.037177e-09	72222
7.650218e+01	3.881774e-09	73082
7.750215e+01	3.751049e-09	75434
7.850212e+01	3.648908e-09	77238
7.950210e+01	3.510111e-09	79322
8.050207e+01	3.423088e-09	81090
8.150204e+01	3.274120e-09	83630
8.250202e+01	3.213918e-09	86250
8.350200e+01	3.114212e-09	87362
8.450198e+01	3.002621e-09	89258
8.550195e+01	2.924548e-09	92454
8.650193e+01	2.838236e-09	93818
8.750191e+01	2.762033e-09	96474
8.850188e+01	2.675779e-09	97166
8.950186e+01	2.619946e-09	101994
9.050184e+01	2.528690e-09	102794
9.150182e+01	2.466501e-09	104978
9.250180e+01	2.388154e-09	107574
9.350179e+01	2.315208e-09	109826
9.450176e+01	2.262900e-09	111954
9.550175e+01	2.193656e-09	114830
9.650172e+01	2.129809e-09	116210
9.750171e+01	2.086419e-09	120066
9.850169e+01	2.033604e-09	121898
9.950168e+01	1.976978e-09	124470
1.005017e+02	1.922288e-09	126458
1.015016e+02	1.886326e-09	130266
1.025016e+02	1.838442e-09	131414
1.035016e+02	1.786745e-09	135122
1.045016e+02	1.732521e-09	137010
1.055016e+02	1.706773e-09	139886
1.065016e+02	1.660650e-09	142194
1.075015e+02	1.615376e-09	146042
1.085015e+02	1.580474e-09	146634
1.095015e+02	1.540688e-09	151598
1.105015e+02	1.505277e-09	152042
1.115015e+02	1.472801e-09	157506
1.125015e+02	1.437806e-09	158582
1.135015e+02	1.404093e-09	162258
1.145015e+02	1.360164e-09	164882
1.155014e+02	1.339768e-09	167898
1.165014e+02	1.303144e-09	170246
1.175014e+02	1.277415e-09	173858
1.185014e+02	1.248867e-09	175578
1.195014e+02	1.222246e-09	179246
1.205014e+02	1.191672e-09	182682
1.215014e+02	1.175939e-09	185690
1.225014e+02	1.152574e-09	188174
1.235014e+02	1.120872e-09	192666
1.245013e+02	1.095805e-09	194498
1.255013e+02	1.068906e-09	199002
1.265013e+02	1.054937e-09	198566
1.275013e+02	1.024805e-09	205074
1.285013e+02	1.002910e-09	206954
1.295013e+02	9.844580e-10	211502
1.305013e+02	9.660127e-10	213738
1.315013e+02	9.434653e-10	217394
1.325013e+02	9.267256e-10	221154
1.335013e+02	9.104261e-10	225110
1.345012e+02	8.862041e-10	225186
1.355012e+02	8.700193e-10	231146
1.365012e+02	8.541151e-10	234566
1.375012e+02	8.352569e-10	237162
1.385012e+02	8.209973e-10	241250
1.395012e+02	8.004324e-10	243870
1.405012e+02	7.901146e-10	248882
1.415012e+02	7.735623e-10	251034
1.425012e+02	7.591689e-10	254714
1.435012e+02	7.447196e-10	259790
1.445012e+02	7.334852e-10	261402
1.455011e+02	7.161378e-10	267842
1.465011e+02	7.049774e-10	268374
1.475011e+02	6.949505e-10	274250
1.485011e+02	6.762044e-10	276914
1.495011e+02	6.650844e-10	281874
1.505011e+02	6.530472e-10	282734
1.515011e+02	6.404933e-10	288762
1.525011e+02	6.334672e-10	291098
1.535011e+02	6.172389e-10	298278
1.545011e+02	6.061642e-10	299282
1.555011e+02	5.942229e-10	303650
1.565011e+02	5.834630e-10	306906
1.575011e+02	5.759885e-10	311774
1.585011e+02	5.665626e-10	316242
1.595010e+02	5.577532e-10	319682
1.605010e+02	5.459387e-10	322350
1.615010e+02	5.356156e-10	329354
1.625010e+02	5.272557e-10	332114
1.635010e+02	5.168068e-10	335406
1.645010e+02	5.106293e-10	340538
1.655010e+02	4.999930e-10	344514
1.665010e+02	4.907912e-10	347306
1.675010e+02	4.850545e-10	353238
1.685010e+02	4.773641e-10	355130
1.695010e+02	4.669032e-10	362570
1.705010e+02	4.607227e-10	365094
1.715010e+02	4.525890e-10	369986
1.725010e+02	4.450495e-10	373554
1.735010e+02	4.381517e-10	378146
1.745010e+02	4.308944e-10	382982
1.755009e+02	4.240607e-10	387690
1.765009e+02	4.169358e-10	390362
1.775009e+02	4.109547e-10	394638
1.785009e+02	4.031012e-10	400466
1.795009e+02	3.964492e-10	406074
1.805009e+02	3.901746e-10	409742
1.815009e+02	3.844000e-10	412442
1.825009e+02	3.768362e-10	419058
1.835009e+02	3.720802e-10	425090
1.845009e+02	3.658537e-10	426414
1.855009e+02	3.605287e-10	433154
1.865009e+02	3.547747e-10	436386
1.875009e+02	3.508063e-10	444302
1.885009e+02	3.439000e-10	443282
1.895009e+02	3.399103e-10	452346
1.905009e+02	3.324685e-10	453962
1.915009e+02	3.287716e-10	463806
1.925009e+02	3.233027e-10	462986
1.935009e+02	3.195779e-10	472082
1.945009e+02	3.138882e-10	474462
1.955009e+02	3.098292e-10	481850
1.965009e+02	3.049335e-10	485538
1.975008e+02	2.991438e-10	487514
1.985008e+02	2.955036e-10	495966
1.995008e+02	2.913151e-10	500546
2.005008e+02	2.864695e-10	504746
2.015008e+02	2.826567e-10	510894
2.025008e+02	2.794123e-10	514178
2.035008e+02	2.742040e-10	522474
2.045008e+02	2.705320e-10	523334
2.055008e+02	2.664618e-10	533778
2.065008e+02	2.629083e-10	534098
2.075008e+02	2.589280e-10	541154
2.085008e+02	2.548827e-10	545286
2.095008e+02	2.516280e-10	552410
2.105008e+02	2.482933e-10	556338
2.115008e+02	2.446723e-10	561638
2.125008e+02	2.415425e-10	567258
2.135008e+02	2.367568e-10	575474
2.145008e+02	2.343893e-10	576458
2.155008e+02	2.311495e-10	583038
2.165008e+02	2.273337e-10	589394
2.175008e+02	2.245619e-10	593634
2.185008e+02	2.215437e-10	601478
2.195008e+02	2.186624e-10	603842
2.205008e+02	2.161017e-10	610914
2.215007e+02	2.118626e-10	617678
2.225007e+02	2.092833e-10	621282
2.235007e+02	2.065182e-10	628970
2.245007e+02	2.034836e-10	632226
2.255007e+02	2.008753e-10	640550
2.265007e+02	1.982745e-10	642218
2.275007e+02	1.948710e-10	652242
2.285007e+02	1.923357e-10	655454
2.295007e+02	1.894502e-10	663642
2.305007e+02	1.869374e-10	664994
2.315007e+02	1.846415e-10	674706
2.325007e+02	1.819512e-10	679118
2.335007e+02	1.792095e-10	686618
2.345007e+02	1.765854e-10	689514
2.355007e+02	1.734304e-10	697406
2.365007e+02	1.710374e-10	702522
2.375007e+02	1.689697e-10	708122
2.385007e+02	1.660143e-10	712230
2.395007e+02	1.633269e-10	723338
2.405007e+02	1.609710e-10	725786
2.415007e+02	1.581257e-10	734202
2.425007e+02	1.557213e-10	738878
2.435007e+02	1.525872e-10	746514
2.445007e+02	1.496829e-10	751898
2.455007e+02	1.468575e-10	756086
2.465007e+02	1.437270e-10	762234
2.475007e+02	1.409308e-10	772898
2.485007e+02	1.376180e-10	772794
2.495007e+02	1.343293e-10	782630
2.505007e+02	1.307256e-10	788610
2.515007e+02	1.276673e-10	796154
2.525007e+02	1.236416e-10	799838
2.535007e+02	1.201646e-10	806226
2.545007e+02	1.167434e-10	816458
2.555007e+02	1.130407e-10	820626
2.565006e+02	1.088302e-10	825374
2.575006e+02	1.050345e-10	833178
2.585006e+02	1.015626e-10	839882
2.595006e+02	9.851897e-11	845990
2.605006e+02	9.535285e-11	852882
2.615006e+02	9.323174e-11	859346
2.625006e+02	9.057920e-11	863934
2.635006e+02	8.814000e-11	875018
2.645006e+02	8.617224e-11	877410
2.655006e+02	8.463534e-11	889106
2.665006e+02	8.269330e-11	888782
2.675006e+02	8.183666e-11	899466
2.685006e+02	8.067800e-11	908258
2.695006e+02	7.975842e-11	913806
2.705006e+02	7.867761e-11	915074
2.715006e+02	7.840453e-11	930434
2.725006e+02	7.823185e-11	931050
2.735006e+02	7.761575e-11	942470
2.745006e+02	7.770749e-11	944250
2.755006e+02	7.714031e-11	953882
2.765006e+02	7.720615e-11	963126
2.775006e+02	7.757842e-11	964082
2.785006e+02	7.769801e-11	975338
2.795006e+02	7.787067e-11	982398
2.805006e+02	7.812179e-11	988178
2.815006e+02	7.864358e-11	996618
2.825006e+02	7.898957e-11	1001474
2.835006e+02	7.991021e-11	1012734
2.845006e+02	8.066485e-11	1014122
2.855006e+02	8.148660e-11	1028114
2.865006e+02	8.259296e-11	1027086
2.875006e+02	8.321799e-11	1041002
2.885006e+02	8.413437e-11	1043058
2.895006e+02	8.527577e-11	1055378
2.905006e+02	8.607518e-11	1060142
2.915006e+02	8.770117e-11	1067826
2.925006e+02	8.893835e-11	1075034
2.935006e+02	9.064631e-11	1085022
2.945006e+02	9.204532e-11	1087778
2.955005e+02	9.356049e-11	1098522
2.965005e+02	9.493218e-11	1102682
2.975005e+02	9.642072e-11	1113926
2.985005e+02	9.826962e-11	1120074
2.995005e+02	1.001694e-10	1126274
3.005005e+02	1.019554e-10	1133814
3.015005e+02	1.042367e-10	1140362
3.025005e+02	1.055816e-10	1154010
3.035005e+02	1.078230e-10	1156022
3.045005e+02	1.102037e-10	1162946
3.055005e+02	1.121010e-10	1175562
3.065005e+02	1.141871e-10	1178354
3.075005e+02	1.168507e-10	1192278
3.085005e+02	1.200043e-10	1189826
3.095005e+02	1.212751e-10	1206786
3.105005e+02	1.240839e-10	1210742
3.115005e+02	1.265149e-10	1221482
3.125005e+02	1.296096e-10	1226226
3.135005e+02	1.332237e-10	1234562
3.145005e+02	1.354571e-10	1245558
3.155005e+02	1.393780e-10	1250714
3.165005e+02	1.417798e-10	1257338
3.175005e+02	1.450593e-10	1266870
3.185005e+02	1.481404e-10	1274018
3.195005e+02	1.519666e-10	1282818
3.205005e+02	1.552829e-10	1288262
3.215005e+02	1.584930e-10	1299930
3.225005e+02	1.624622e-10	1309850
3.235005e+02	1.666787e-10	1315202
3.245005e+02	1.703269e-10	1319286
3.255005e+02	1.739611e-10	1333730
3.265005e+02	1.793059e-10	1340274
3.275005e+02	1.824917e-10	1348526
3.285005e+02	1.876905e-10	1355394
3.295005e+02	1.920993e-10	1366274
3.305005e+02	1.969380e-10	1373162
3.315005e+02	2.022081e-10	1377390
3.325005e+02	2.071020e-10	1386866
3.335005e+02	2.126393e-10	1402314
3.345005e+02	2.179157e-10	1401566
3.355005e+02	2.235238e-10	1416906
3.365005e+02	2.285938e-10	1422074
3.375005e+02	2.342718e-10	1430666
3.385005e+02	2.396034e-10	1440702
3.395005e+02	2.469160e-10	1449050
3.405005e+02	2.512364e-10	1458642
3.415005e+02	2.579539e-10	1465406
3.425005e+02	2.655388e-10	1470482
3.435005e+02	2.716787e-10	1488162
3.445005e+02	2.803071e-10	1487150
3.455005e+02	2.854481e-10	1504770
3.465005e+02	2.940845e-10	1504658
3.475005e+02	3.022834e-10	1516194
3.485005e+02	3.090680e-10	1527902
3.495005e+02	3.165191e-10	1536170
3.505005e+02	3.251226e-10	1542090
3.515005e+02	3.364182e-10	1552310
3.525005e+02	3.426225e-10	1561386
3.535005e+02	3.529099e-10	1573034
3.545005e+02	3.636153e-10	1574922
3.555005e+02	3.736725e-10	1592846
3.565005e+02	3.834017e-10	1594082
3.575005e+02	3.917539e-10	1607538
3.585005e+02	4.038204e-10	1613462
3.595005e+02	4.158434e-10	1622010
3.605005e+02	4.238345e-10	1636442
3.615005e+02	4.389576e-10	1638278
3.625005e+02	4.457414e-10	1654842
3.635005e+02	4.640423e-10	1660034
3.645005e+02	4.726838e-10	1667802
3.655005e+02	4.878844e-10	1683758
3.665005e+02	5.007972e-10	1681314
3.675005e+02	5.183809e-10	1701914
3.685005e+02	5.301182e-10	1703870
3.695005e+02	5.440074e-10	1720770
3.705005e+02	5.615500e-10	1721426
3.715005e+02	5.771075e-10	1732218
3.725005e+02	5.919368e-10	1745318
3.735005e+02	6.083701e-10	1754466
3.745005e+02	6.286882e-10	1763186
3.755005e+02	6.435194e-10	1771598
3.765005e+02	6.627111e-10	1776426
3.775004e+02	6.815904e-10	1796066
3.785004e+02	7.020060e-10	1797030
3.795004e+02	7.213347e-10	1811762
3.805004e+02	7.428548e-10	1817226
3.815004e+02	7.673154e-10	1826930
3.825004e+02	7.852355e-10	1840022
3.835004e+02	8.139854e-10	1850346
3.845004e+02	8.253639e-10	1857578
3.855004e+02	8.559315e-10	1871142
3.865004e+02	8.850875e-10	1871042
3.875004e+02	9.064511e-10	1890098
3.885004e+02	9.373977e-10	1894050
3.895004e+02	9.632176e-10	1911470
3.905004e+02	9.925335e-10	1911042
3.915004e+02	1.024989e-09	1929242
3.925004e+02	1.051042e-09	1935438
3.935004e+02	1.088736e-09	1944962
3.945004e+02	1.118169e-09	1953074
3.955004e+02	1.157818e-09	1967706
3.965004e+02	1.186443e-09	1976582
3.975004e+02	1.232670e-09	1982226
3.985004e+02	1.262670e-09	1998122
3.995004e+02	1.308121e-09	2006046
4.005004e+02	1.346432e-09	2014034
4.015004e+02	1.390490e-09	2030378
4.025004e+02	1.435466e-09	2031318
4.035004e+02	1.473094e-09	2048594
4.045004e+02	1.527011e-09	2055090
4.055004e+02	1.571692e-09	2068346
4.065004e+02	1.627619e-09	2071278
4.075004e+02	1.668619e-09	2086754
4.085004e+02	1.721723e-09	2102210
4.095004e+02	1.783614e-09	2104974
4.105004e+02	1.852753e-09	2116514
4.115004e+02	1.884713e-09	2131266
4.125004e+02	1.977007e-09	2135738
4.135004e+02	2.029040e-09	2148470
4.145004e+02	2.096369e-09	2154786
4.155004e+02	2.151217e-09	2175242
4.165004e+02	2.224546e-09	2175846
4.175004e+02	2.292173e-09	2187890
4.185004e+02	2.388363e-09	2205258
4.195004e+02	2.451682e-09	2209238
4.205004e+02	2.514644e-09	2223338
4.215004e+02	2.632488e-09	2232042
4.225004e+02	2.725420e-09	2245946
4.235004e+02	2.828681e-09	2254350
4.245004e+02	2.924738e-09	2260754
4.255004e+02	3.010708e-09	2281338
4.265004e+02	3.132810e-09	2284046
4.275004e+02	3.212622e-09	2298554
4.285004e+02	3.329592e-09	2304426
4.295004e+02	3.435722e-09	2317562
4.305004e+02	3.574309e-09	2325750
4.315004e+02	3.694412e-09	2339978
4.325004e+02	3.786474e-09	2351154
4.335004e+02	3.951017e-09	2363510
4.345004e+02	4.069963e-09	2376866
4.355004e+02	4.208975e-09	2376594
4.365004e+02	4.389175e-09	2393522
4.375004e+02	4.476525e-09	2409870
4.385004e+02	4.726802e-09	2412122
4.395004e+02	4.852378e-09	2431226
4.405004e+02	5.047129e-09	2436534
4.415004e+02	5.142983e-09	2451002
4.425004e+02	5.387451e-09	2459130
4.435004e+02	5.592035e-09	2470070
4.444996e+02	5.773790e-09	2481378
4.454996e+02	6.023777e-09	2498498
4.464996e+02	6.233567e-09	2502482
4.474996e+02	6.439203e-09	2521446
4.484996e+02	6.683320e-09	2515274
4.494996e+02	6.916263e-09	2548074
4.504996e+02	7.097606e-09	2550950
4.514996e+02	7.433627e-09	2562210
4.524996e+02	7.799138e-09	2571938
4.534996e+02	8.001416e-09	2584922
4.544996e+02	8.302263e-09	2596134
4.554996e+02	8.686741e-09	2605994
4.564996e+02	8.818913e-09	2619210
4.574996e+02	9.242537e-09	2631998
4.584996e+02	9.700737e-09	2639738
4.594996e+02	9.775677e-09	2655282
4.604996e+02	1.016920e-08	2660510
4.614996e+02	1.054002e-08	2676906
4.624996e+02	1.106309e-08	2685698
4.634996e+02	1.144390e-08	2704722
4.644996e+02	1.184482e-08	2708294
4.654996e+02	1.203809e-08	2725226
4.664996e+02	1.256938e-08	2736138
4.674996e+02	1.320282e-08	2744174
4.684996e+02	1.354515e-08	2758962
4.694996e+02	1.397651e-08	2772458
4.704996e+02	1.463940e-08	2777034
4.714996e+02	1.513589e-08	2798534
4.724996e+02	1.560339e-08	2803466
4.734996e+02	1.625375e-08	2816754
4.744996e+02	1.673830e-08	2829710
4.754997e+02	1.738107e-08	2843514
4.764997e+02	1.802018e-08	2850986
4.774997e+02	1.849554e-08	2861718
4.784997e+02	1.902421e-08	2877050
4.794997e+02	1.945418e-08	2890586
4.804997e+02	2.010815e-08	2899122
4.814997e+02	2.101627e-08	2917838
4.824997e+02	2.152559e-08	2922546
4.834997e+02	2.194465e-08	2943290
4.844997e+02	2.272858e-08	2947286
4.854997e+02	2.377809e-08	2961306
4.864997e+02	2.434316e-08	2971802
4.874997e+02	2.463490e-08	2990178
4.884997e+02	2.532163e-08	2996198
4.894997e+02	2.615488e-08	3016746
4.904997e+02	2.693659e-08	3017234
4.914997e+02	2.763145e-08	3039854
4.924997e+02	2.854771e-08	3044250
4.934997e+02	2.916235e-08	3066674
4.944997e+02	3.008383e-08	3067194
4.954997e+02	3.029482e-08	3089006
4.964997e+02	3.131204e-08	3092610
4.974997e+02	3.146716e-08	3115202
4.984997e+02	3.226772e-08	3119918
4.994997e+02	3.297757e-08	3134610
5.004997e+02	3.358690e-08	3150482
5.014997e+02	3.437765e-08	3154734
5.024997e+02	3.410576e-08	3174770
5.034997e+02	3.474659e-08	3187194
5.044997e+02	3.498193e-08	3194954
5.054997e+02	3.612834e-08	3218054
5.064997e+02	3.651546e-08	3216810
5.074997e+02	3.667735e-08	3242162
5.084997e+02	3.718257e-08	3248478
5.094997e+02	3.722314e-08	3263690
5.104997e+02	3.801357e-08	3267458
5.114997e+02	3.811356e-08	3294330
5.124997e+02	2.391143e-08	3289499
5.134997e+02	7.009783e-09	3286680
5.144997e+02	3.834186e-09	3273416
5.154997e+02	2.538349e-09	3274956
5.164997e+02	1.877940e-09	3262364
5.174997e+02	1.492506e-09	3258020
5.184997e+02	1.249782e-09	3251052
5.194997e+02	1.090867e-09	3246332
5.204997e+02	9.630067e-10	3234540
5.214997e+02	8.777856e-10	3235484
5.224997e+02	8.143466e-10	3222660
5.234997e+02	7.630114e-10	3216548
5.244997e+02	7.277222e-10	3209480
5.254997e+02	6.894707e-10	3206580
5.264997e+02	6.701338e-10	3190136
5.274997e+02	6.480421e-10	3191112
5.284997e+02	6.358958e-10	3178940
5.294997e+02	6.261990e-10	3172740
5.304997e+02	6.134104e-10	3170048
5.314997e+02	6.132241e-10	3159968
5.324997e+02	6.058934e-10	3151080
5.334997e+02	6.063949e-10	3145004
5.344997e+02	6.083621e-10	3133908
5.354997e+02	6.042129e-10	3127532
5.364997e+02	6.148506e-10	3125468
5.374997e+02	6.145615e-10	3109092
5.384997e+02	6.225819e-10	3111524
5.394997e+02	6.283122e-10	3097812
5.404997e+02	6.341255e-10	3087776
5.414997e+02	6.488051e-10	3082848
5.424997e+02	6.510240e-10	3070004
5.434997e+02	6.683525e-10	3075008
5.444997e+02	6.749327e-10	3050820
5.454997e+02	6.867006e-10	3055064
5.464997e+02	7.031908e-10	3042540
5.474997e+02	7.107791e-10	3033824
5.484997e+02	7.397257e-10	3024480
5.494997e+02	7.462246e-10	3022280
5.504997e+02	7.668356e-10	3003692
5.514997e+02	7.850266e-10	3004728
5.524997e+02	7.942195e-10	2990660
5.534997e+02	8.288364e-10	2987460
5.544997e+02	8.339862e-10	2973704
5.554997e+02	8.700213e-10	2962580
5.564997e+02	8.847655e-10	2965356
5.574997e+02	9.037660e-10	2943800
5.584997e+02	9.404625e-10	2940336
5.594997e+02	9.529694e-10	2932400
5.604997e+02	9.967400e-10	2922240
5.614997e+02	1.011510e-09	2913512
5.624997e+02	1.043566e-09	2905112
5.634997e+02	1.079961e-09	2900904
5.644997e+02	1.097106e-09	2880632
5.654997e+02	1.148678e-09	2888328
5.664997e+02	1.162961e-09	2863064
5.674997e+02	1.210479e-09	2860680
5.684997e+02	1.240472e-09	2849264
5.694997e+02	1.273855e-09	2843996
5.704997e+02	1.336847e-09	2829396
5.714997e+02	1.355095e-09	2819960
5.724997e+02	1.420149e-09	2813064
5.734997e+02	1.451956e-09	2805896
5.744997e+02	1.491183e-09	2788428
5.754997e+02	1.557387e-09	2789744
5.764997e+02	1.570272e-09	2770928
5.774997e+02	1.663797e-09	2765268
5.784997e+02	1.688126e-09	2756300
5.794997e+02	1.762070e-09	2749896
5.804997e+02	1.808289e-09	2736416
5.814997e+02	1.854015e-09	2721248
5.824997e+02	1.948472e-09	2717940
5.834997e+02	1.969788e-09	2708084
5.844997e+02	2.086417e-09	2691852
5.854997e+02	2.135130e-09	2687396
5.864997e+02	2.186177e-09	2673876
5.874997e+02	2.297528e-09	2664836
5.884997e+02	2.318137e-09	2655464
5.894997e+02	2.469922e-09	2643756
5.904997e+02	2.507331e-09	2635412
5.914997e+02	2.607062e-09	2624172
5.924997e+02	2.707725e-09	2612264
5.934997e+02	2.768575e-09	2603304
5.944997e+02	2.914399e-09	2590520
5.954997e+02	2.958843e-09	2582240
5.964997e+02	3.105298e-09	2570460
5.974997e+02	3.192450e-09	2564408
5.984997e+02	3.277987e-09	2547840
5.994997e+02	3.452511e-09	2536820
6.004997e+02	3.506895e-09	2524548
6.014997e+02	3.700506e-09	2525840
6.024997e+02	3.769384e-09	2500388
6.034997e+02	3.917152e-09	2498448
6.044997e+02	4.072737e-09	2483012
6.054997e+02	4.138814e-09	2473572
6.064997e+02	4.444882e-09	2458760
6.074998e+02	4.467434e-09	2451512
6.084998e+02	4.682359e-09	2440740
6.094998e+02	4.853148e-09	2428856
6.104998e+02	4.959079e-09	2413656
6.114998e+02	5.267168e-09	2409488
6.124998e+02	5.297530e-09	2391024
6.134998e+02	5.633323e-09	2383196
6.144998e+02	5.711644e-09	2369132
6.154998e+02	5.961449e-09	2357388
6.164998e+02	6.245989e-09	2349536
6.174998e+02	6.262781e-09	2333316
6.184998e+02	6.740184e-09	2328404
6.194998e+02	6.834862e-09	2308404
6.204998e+02	7.178367e-09	2303096
6.214998e+02	7.437235e-09	2290124
6.224998e+02	7.539635e-09	2271036
6.234998e+02	8.082791e-09	2267444
6.244998e+02	8.120949e-09	2251140
6.254998e+02	8.677794e-09	2242064
6.264998e+02	8.842339e-09	2223156
6.274998e+02	9.085099e-09	2220740
6.284998e+02	9.622021e-09	2205188
6.294998e+02	9.642655e-09	2190240
6.304998e+02	1.046780e-08	2176364
6.314998e+02	1.049811e-08	2169372
6.324998e+02	1.098588e-08	2151212
6.334998e+02	1.151480e-08	2142740
6.344998e+02	1.157429e-08	2124984
6.354998e+02	1.259309e-08	2121404
6.364998e+02	1.245034e-08	2100348
6.374998e+02	1.329814e-08	2091836
6.384998e+02	1.373806e-08	2078052
6.394998e+02	1.399326e-08	2065724
6.404998e+02	1.501426e-08	2051720
6.414998e+02	1.484484e-08	2037420
6.424998e+02	1.624372e-08	2029136
6.434998e+02	1.636177e-08	2015592
6.444998e+02	1.697823e-08	1998680
6.454998e+02	1.792971e-08	1987560
6.464998e+02	1.780688e-08	1970600
6.474998e+02	1.965727e-08	1966928
6.484998e+02	1.948305e-08	1942428
6.494998e+02	2.056385e-08	1936712
6.504998e+02	2.135783e-08	1924080
6.514998e+02	2.156366e-08	1904924
6.524998e+02	2.328858e-08	1894220
6.534998e+02	2.292356e-08	1881684
6.544998e+02	2.506101e-08	1866152
6.554998e+02	2.534621e-08	1856124
6.564998e+02	2.598768e-08	1834304
6.574998e+02	2.793409e-08	1828248
6.584998e+02	2.735330e-08	1811384
6.594998e+02	3.065802e-08	1799720
6.604998e+02	3.001027e-08	1784496
6.614998e+02	3.191973e-08	1769804
6.624998e+02	3.302596e-08	1758156
6.634998e+02	3.284660e-08	1741772
6.644998e+02	3.634884e-08	1728492
6.654998e+02	3.550324e-08	1716128
6.664998e+02	3.840638e-08	1701632
6.674998e+02	3.902777e-08	1683288
6.684998e+02	4.000475e-08	1669940
6.694998e+02	4.274636e-08	1661436
6.704998e+02	4.158518e-08	1637564
6.714998e+02	4.655492e-08	1630968
6.724998e+02	4.592791e-08	1614920
6.734998e+02	4.826364e-08	1599872
6.744998e+02	5.059066e-08	1582392
6.754998e+02	4.925394e-08	1570256
6.764998e+02	5.587034e-08	1560336
6.774998e+02	5.342435e-08	1538864
6.784998e+02	5.740091e-08	1525796
6.794998e+02	5.907909e-08	1511340
6.804998e+02	5.861280e-08	1496168
6.814998e+02	6.477433e-08	1481604
6.824998e+02	6.164908e-08	1465628
6.834998e+02	6.877065e-08	1453860
6.844998e+02	6.836295e-08	1435976
6.854998e+02	6.994563e-08	1421276
6.864998e+02	7.482042e-08	1406580
6.874998e+02	7.084861e-08	1387340
6.884998e+02	8.018951e-08	1379580
6.894998e+02	7.624097e-08	1359944
6.904998e+02	8.236762e-08	1344264
6.914998e+02	8.295574e-08	1331948
6.924998e+02	8.153895e-08	1309976
6.934998e+02	9.083018e-08	1301568
6.944998e+02	8.439888e-08	1282796
6.954998e+02	9.337853e-08	1268592
6.964998e+02	9.217570e-08	1249472
6.974998e+02	9.042077e-08	1233552
6.984998e+02	9.870664e-08	1223804
6.994998e+02	8.839931e-08	1200764
7.004998e+02	1.038222e-07	1189860
7.014998e+02	9.506057e-08	1171424
7.024998e+02	9.834168e-08	1157556
7.034998e+02	1.028537e-07	1142132
7.044998e+02	8.994004e-08	1119836
7.054998e+02	1.115113e-07	1114104
7.064998e+02	9.033925e-08	1087880
7.074998e+02	1.059244e-07	1078692
7.084998e+02	9.313495e-08	1057592
7.094998e+02	9.049283e-08	1044156
7.104998e+02	1.007210e-07	1028396
7.114998e+02	7.979181e-08	1007420
7.124998e+02	9.970694e-08	995304
7.134998e+02	7.826846e-08	977816
7.144998e+02	8.623893e-08	960576
7.154998e+02	7.417560e-08	943076
7.164998e+02	6.218374e-08	924720
7.174998e+02	7.687019e-08	913952
7.184998e+02	5.363026e-08	892796
7.194998e+02	5.829805e-08	876624
7.204998e+02	4.150377e-08	860312
7.214998e+02	3.616572e-08	844176
7.224998e+02	2.836941e-08	826292
7.234998e+02	1.657103e-08	808112
7.244998e+02	1.076059e-08	793287
7.254998e+02	7.860539e-09	778580
7.264998e+02	7.186161e-09	760554
7.274998e+02	6.914400e-09	748160
7.284998e+02	6.953303e-09	735714
7.294998e+02	6.995735e-09	721196
7.304998e+02	7.075433e-09	708308
7.314998e+02	7.298932e-09	695670
7.324998e+02	7.496169e-09	683174
7.334998e+02	7.723852e-09	672552
7.344998e+02	7.951283e-09	657968
7.354998e+02	8.302967e-09	649194
7.364998e+02	8.610718e-09	636392
7.374998e+02	8.933067e-09	625322
7.384998e+02	9.233661e-09	613002
7.394998e+02	9.761976e-09	604322
7.404998e+02	1.004842e-08	594042
7.414998e+02	1.042028e-08	582122
7.424998e+02	1.079861e-08	572220
7.434998e+02	1.141841e-08	563378
7.444998e+02	1.178951e-08	553532
7.454998e+02	1.225104e-08	541548
7.464998e+02	1.281440e-08	533588
7.474998e+02	1.343153e-08	525324
7.484998e+02	1.395271e-08	513044
7.494998e+02	1.440965e-08	504212
7.504998e+02	1.519376e-08	497820
7.514998e+02	1.591714e-08	487556
7.524998e+02	1.644003e-08	478422
7.534998e+02	1.714308e-08	469724
7.544998e+02	1.816608e-08	463230
7.554998e+02	1.899157e-08	452636
7.564998e+02	1.944262e-08	445526
7.574998e+02	2.039764e-08	437172
7.584998e+02	2.151965e-08	428798
7.594998e+02	2.230091e-08	421830
7.604998e+02	2.318627e-08	413084
7.614998e+02	2.445429e-08	405222
7.624998e+02	2.554845e-08	399998
7.634998e+02	2.645083e-08	390266
7.644998e+02	2.752111e-08	381798
7.654998e+02	2.923290e-08	376910
7.664998e+02	3.043564e-08	369102
7.674998e+02	3.144802e-08	361550
7.684998e+02	3.302019e-08	353502
7.694998e+02	3.451380e-08	350078
7.704998e+02	3.615477e-08	340670
7.714998e+02	3.751365e-08	333366
7.724998e+02	3.925161e-08	327878
7.734998e+02	4.176711e-08	322326
7.744998e+02	4.313884e-08	313958
7.754998e+02	4.464292e-08	308558
7.764998e+02	4.758088e-08	302712
7.774998e+02	4.958300e-08	296702
7.784998e+02	5.154688e-08	289038
7.794998e+02	5.312134e-08	283622
7.804998e+02	5.695787e-08	278808
7.814998e+02	5.909004e-08	272210
7.824998e+02	6.153495e-08	266264
7.834998e+02	6.468370e-08	260502
7.844998e+02	6.814670e-08	255542
7.854998e+02	7.052374e-08	250800
7.864998e+02	7.363112e-08	243326
7.874998e+02	7.742755e-08	238416
7.884998e+02	8.185963e-08	234854
7.894998e+02	8.482110e-08	227984
7.904998e+02	8.891476e-08	221694
7.914998e+02	9.335179e-08	219320
7.924998e+02	9.822741e-08	214158
7.934998e+02	1.022548e-07	207488
7.944998e+02	1.066660e-07	202230
7.954998e+02	1.135102e-07	200276
7.964998e+02	1.184665e-07	194006
7.974998e+02	1.225784e-07	188592
7.984998e+02	1.281519e-07	183584
7.994998e+02	1.354709e-07	181878
8.004998e+02	1.412683e-07	175640
8.014998e+02	1.477279e-07	170792
8.024998e+02	1.570717e-07	167358
8.034998e+02	1.641066e-07	162848
8.044998e+02	1.696939e-07	158928
8.054998e+02	1.781894e-07	152654
8.064998e+02	1.884231e-07	152064
8.074998e+02	1.983556e-07	146636
8.084998e+02	2.062176e-07	141704
8.094998e+02	2.152644e-07	138174
8.104998e+02	2.293657e-07	135536
8.114998e+02	2.398996e-07	131664
8.124998e+02	2.469085e-07	126560
8.134998e+02	2.621322e-07	123456
8.144998e+02	2.762254e-07	121118
8.154998e+02	2.911028e-07	116600
8.164998e+02	2.992995e-07	112800
8.174998e+02	3.213048e-07	110096
8.184998e+02	3.353971e-07	107544
8.194998e+02	3.496129e-07	102524
8.204998e+02	3.629503e-07	98432
8.214998e+02	3.923911e-07	98286
8.224998e+02	4.093901e-07	94280
8.234998e+02	4.213396e-07	90456
8.244998e+02	4.414189e-07	86888
8.254998e+02	4.712739e-07	85920
8.264998e+02	4.895786e-07	81944
8.274998e+02	5.096958e-07	78680
8.284998e+02	5.379114e-07	76392
8.294998e+02	5.704289e-07	74300
8.304998e+02	5.961541e-07	70824
8.314998e+02	6.241303e-07	67184
8.324998e+02	6.669879e-07	66840
8.334998e+02	6.952095e-07	64016
8.344998e+02	7.209794e-07	60128
8.354998e+02	7.526385e-07	57264
8.364998e+02	7.998220e-07	57560
8.374998e+02	8.267318e-07	54600
8.384998e+02	8.772526e-07	50684
8.394998e+02	9.127139e-07	48744
8.404998e+02	9.602624e-07	48392
8.414998e+02	1.002732e-06	45344
8.424998e+02	1.040229e-06	42720
8.434998e+02	1.087447e-06	40928
8.444998e+02	1.179707e-06	39816
8.454998e+02	1.217191e-06	37448
8.464998e+02	1.239679e-06	34664
8.474998e+02	1.340317e-06	34572
8.484998e+02	1.416479e-06	32264
8.494998e+02	1.423594e-06	29808
8.504998e+02	1.465994e-06	27800
8.514998e+02	1.592334e-06	28680
8.524998e+02	1.666584e-06	25394
8.534998e+02	1.690768e-06	23144
8.544998e+02	1.747830e-06	22320
8.554998e+02	1.879710e-06	22664
8.564998e+02	1.964975e-06	19452
8.574998e+02	2.025638e-06	17072
8.584998e+02	2.108507e-06	17808
8.594998e+02	2.231768e-06	17192
8.604998e+02	2.314697e-06	14522
8.614998e+02	2.318199e-06	11976
8.624998e+02	2.443088e-06	13856
8.634998e+02	2.611780e-06	12552
8.644998e+02	2.640522e-06	10244
8.654998e+02	2.749324e-06	8040
8.664998e+02	2.807388e-06	10058
8.674998e+02	3.006277e-06	8648
8.684998e+02	3.157211e-06	6672
8.694998e+02	3.004853e-06	5240
8.704998e+02	3.267786e-06	6504
8.714998e+02	3.275800e-06	5546
8.724998e+02	3.345921e-06	3788
8.734998e+02	3.369387e-06	3216
8.744998e+02	3.479149e-06	3704
8.754998e+02	3.782334e-06	3048
8.764998e+02	3.955952e-06	1394
8.774998e+02	4.085748e-06	2088
8.784998e+02	4.059781e-06	1688
8.794998e+02	4.174944e-06	1256
8.804998e+02	4.018597e-06	486
8.814998e+02	3.937194e-06	728
8.824998e+02	4.250502e-06	456
8.834998e+02	3.692769e-06	248
8.844998e+02	5.642662e-06	66
8.854998e+02	4.585017e-06	56
8.864998e+02	1.783547e-06	7
