0.01 0 0 4.92426e+15 0 0 0 0 0 4.44511e+10 0 0 4.92422e+15 0 0 0 0 0 0 0 0 0 0 2.68842e+07 1.21775e+06 0 0 0
0.0601585 0 0 1.36298e+14 0 0 0 0 0 2.3304e+11 0 0 1.36065e+14 0 0 0 0 0 0 0 0 0 0 2.68842e+07 1.21775e+06 0 0 0
0.110152 0 0 4.10094e+13 0 0 0 0 0 4.22407e+11 0 0 4.0587e+13 0 0 0 0 0 0 0 0 0 0 2.68842e+07 1.21775e+06 0 0 0
0.160173 0 0 1.98211e+13 0 0 0 0 0 6.22047e+11 0 0 1.91991e+13 0 0 0 0 0 0 0 0 0 0 2.68842e+07 1.21775e+06 0 0 0
0.210022 0 0 1.20081e+13 0 0 0 0 0 8.36528e+11 0 0 1.11716e+13 0 0 0 0 0 0 0 0 0 0 2.68842e+07 1.21775e+06 0 0 0
0.260039 0 0 8.35879e+12 0 0 0 0 0 1.0661e+12 0 0 7.2927e+12 0 0 0 0 0 0 0 0 0 0 2.68842e+07 1.21775e+06 0 0 0
0.310067 0 0 6.44292e+12 0 0 0 0 0 1.30777e+12 0 0 5.13515e+12 0 0 0 0 0 0 0 0 0 0 2.68842e+07 1.21775e+06 0 0 0
0.360078 0 0 5.36919e+12 0 0 0 0 0 1.55524e+12 0 0 3.81395e+12 0 0 0 0 0 0 0 0 0 0 2.68842e+07 1.21775e+06 0 0 0
0.410009 0 0 4.74498e+12 0 0 0 0 0 1.797e+12 0 0 2.94798e+12 0 0 0 0 0 0 0 0 0 0 2.68842e+07 1.21775e+06 0 0 0
0.460089 0 0 4.37496e+12 0 0 0 0 0 2.02732e+12 0 0 2.34764e+12 0 0 0 0 0 0 0 0 0 0 2.68842e+07 1.21775e+06 0 0 0
0.510227 0 0 4.15653e+12 0 0 0 0 0 2.24112e+12 0 0 1.91541e+12 0 0 0 0 0 0 0 0 0 0 2.68842e+07 1.21775e+06 0 0 0
0.560133 0 0 4.02646e+12 0 0 0 0 0 2.43079e+12 0 0 1.59566e+12 0 0 0 0 0 0 0 0 0 0 2.68842e+07 1.21775e+06 0 0 0
0.610099 0 0 3.96643e+12 0 0 0 0 0 2.61525e+12 0 0 1.35119e+12 0 0 0 0 0 0 0 0 0 0 2.68842e+07 1.21775e+06 0 0 0
0.660055 0 0 3.95209e+12 0 0 0 0 0 2.79173e+12 0 0 1.16036e+12 0 0 0 0 0 0 0 0 0 0 2.68842e+07 1.21775e+06 0 0 0
0.710098 0 0 3.96103e+12 0 0 0 0 0 2.95275e+12 0 0 1.00828e+12 0 0 0 0 0 0 0 0 0 0 2.68842e+07 1.21775e+06 0 0 0
0.76008 0 0 3.9095e+12 0 0 0 0 0 3.0241e+12 0 0 8.85403e+11 0 0 0 0 0 0 0 0 0 0 2.68842e+07 1.21775e+06 0 0 0
0.810157 0 0 3.8758e+12 0 0 0 0 0 3.09143e+12 0 0 7.84369e+11 0 0 0 0 0 0 0 0 0 0 2.68842e+07 1.21775e+06 0 0 0
0.860142 0 0 3.86122e+12 0 0 0 0 0 3.16068e+12 0 0 7.00541e+11 0 0 0 0 0 0 0 0 0 0 2.68842e+07 1.21775e+06 0 0 0
0.910136 0 0 3.84375e+12 0 0 0 0 0 3.21369e+12 0 0 6.30062e+11 0 0 0 0 0 0 0 0 0 0 2.68842e+07 1.21775e+06 0 0 0
0.960063 0 0 3.84709e+12 0 0 0 0 0 3.27681e+12 0 0 5.70288e+11 0 0 0 0 0 0 0 0 0 0 2.68842e+07 1.21775e+06 0 0 0
