  0.119218E-04  0.100669E+08  0.100669E+08  0.134178E+08  0.134177E+08  0.000000E+00  0.100669E+08
  0.123258E-04  0.100669E+08  0.100669E+08  0.134174E+08  0.134174E+08  0.000000E+00  0.100669E+08
  0.127436E-04  0.100669E+08  0.100669E+08  0.134171E+08  0.134171E+08  0.000000E+00  0.100669E+08
  0.131756E-04  0.100669E+08  0.100669E+08  0.134167E+08  0.134167E+08  0.000000E+00  0.100669E+08
  0.136222E-04  0.100669E+08  0.100669E+08  0.134163E+08  0.134163E+08  0.000000E+00  0.100669E+08
  0.140839E-04  0.100669E+08  0.100669E+08  0.134159E+08  0.134159E+08  0.000000E+00  0.100669E+08
  0.145613E-04  0.100669E+08  0.100669E+08  0.134154E+08  0.134154E+08  0.000000E+00  0.100669E+08
  0.150548E-04  0.100669E+08  0.100669E+08  0.134149E+08  0.134149E+08  0.000000E+00  0.100669E+08
  0.155651E-04  0.100669E+08  0.100669E+08  0.134144E+08  0.134144E+08  0.000000E+00  0.100669E+08
  0.160927E-04  0.100669E+08  0.100669E+08  0.134139E+08  0.134138E+08  0.000000E+00  0.100669E+08
  0.166382E-04  0.100669E+08  0.100669E+08  0.134133E+08  0.134132E+08  0.000000E+00  0.100669E+08
  0.172021E-04  0.100669E+08  0.100669E+08  0.134126E+08  0.134126E+08  0.000000E+00  0.100669E+08
  0.177852E-04  0.100669E+08  0.100669E+08  0.134120E+08  0.134119E+08  0.000000E+00  0.100669E+08
  0.183880E-04  0.100669E+08  0.100669E+08  0.134112E+08  0.134112E+08  0.000000E+00  0.100669E+08
  0.190113E-04  0.100669E+08  0.100669E+08  0.134104E+08  0.134104E+08  0.000000E+00  0.100669E+08
  0.196557E-04  0.100668E+08  0.100668E+08  0.134096E+08  0.134096E+08  0.000000E+00  0.100668E+08
  0.203219E-04  0.100668E+08  0.100668E+08  0.134087E+08  0.134087E+08  0.000000E+00  0.100668E+08
  0.210107E-04  0.100668E+08  0.100668E+08  0.134078E+08  0.134077E+08  0.000000E+00  0.100668E+08
  0.217229E-04  0.100668E+08  0.100668E+08  0.134068E+08  0.134067E+08  0.000000E+00  0.100668E+08
  0.224592E-04  0.100668E+08  0.100668E+08  0.134057E+08  0.134056E+08  0.000000E+00  0.100668E+08
  0.232204E-04  0.100668E+08  0.100668E+08  0.134045E+08  0.134045E+08  0.000000E+00  0.100668E+08
  0.240075E-04  0.100668E+08  0.100668E+08  0.134033E+08  0.134032E+08  0.000000E+00  0.100668E+08
  0.248212E-04  0.100668E+08  0.100668E+08  0.134020E+08  0.134019E+08  0.000000E+00  0.100668E+08
  0.256625E-04  0.100668E+08  0.100668E+08  0.134005E+08  0.134005E+08  0.000000E+00  0.100668E+08
  0.265324E-04  0.100668E+08  0.100668E+08  0.133990E+08  0.133990E+08  0.000000E+00  0.100668E+08
  0.274317E-04  0.100668E+08  0.100668E+08  0.133974E+08  0.133974E+08  0.000000E+00  0.100668E+08
  0.283615E-04  0.100668E+08  0.100668E+08  0.133957E+08  0.133956E+08  0.000000E+00  0.100668E+08
  0.293228E-04  0.100668E+08  0.100668E+08  0.133938E+08  0.133938E+08  0.000000E+00  0.100668E+08
  0.303167E-04  0.100668E+08  0.100668E+08  0.133919E+08  0.133918E+08  0.000000E+00  0.100668E+08
  0.313443E-04  0.100668E+08  0.100668E+08  0.133898E+08  0.133897E+08  0.000000E+00  0.100668E+08
  0.324067E-04  0.100668E+08  0.100668E+08  0.133875E+08  0.133874E+08  0.000000E+00  0.100668E+08
  0.335051E-04  0.100668E+08  0.100668E+08  0.133851E+08  0.133850E+08  0.000000E+00  0.100668E+08
  0.346408E-04  0.100668E+08  0.100668E+08  0.133825E+08  0.133824E+08  0.000000E+00  0.100668E+08
  0.358149E-04  0.100668E+08  0.100668E+08  0.133798E+08  0.133797E+08  0.000000E+00  0.100668E+08
  0.370289E-04  0.100668E+08  0.100668E+08  0.133768E+08  0.133767E+08  0.000000E+00  0.100668E+08
  0.382840E-04  0.100668E+08  0.100668E+08  0.133737E+08  0.133736E+08  0.000000E+00  0.100668E+08
  0.395816E-04  0.100668E+08  0.100668E+08  0.133703E+08  0.133702E+08  0.000000E+00  0.100668E+08
  0.409233E-04  0.100668E+08  0.100668E+08  0.133667E+08  0.133666E+08  0.000000E+00  0.100668E+08
  0.423104E-04  0.100668E+08  0.100668E+08  0.133629E+08  0.133627E+08  0.000000E+00  0.100668E+08
  0.437445E-04  0.100667E+08  0.100667E+08  0.133588E+08  0.133586E+08  0.000000E+00  0.100667E+08
  0.452272E-04  0.100667E+08  0.100667E+08  0.133544E+08  0.133542E+08  0.000000E+00  0.100667E+08
  0.467602E-04  0.100667E+08  0.100667E+08  0.133497E+08  0.133495E+08  0.000000E+00  0.100667E+08
  0.483451E-04  0.100667E+08  0.100667E+08  0.133447E+08  0.133445E+08  0.000000E+00  0.100667E+08
  0.499838E-04  0.100667E+08  0.100667E+08  0.133394E+08  0.133392E+08  0.000000E+00  0.100667E+08
  0.516780E-04  0.100667E+08  0.100667E+08  0.133337E+08  0.133334E+08  0.000000E+00  0.100667E+08
  0.534296E-04  0.100667E+08  0.100667E+08  0.133276E+08  0.133273E+08  0.000000E+00  0.100667E+08
  0.552406E-04  0.100667E+08  0.100667E+08  0.133210E+08  0.133208E+08  0.000000E+00  0.100667E+08
  0.571130E-04  0.100666E+08  0.100666E+08  0.133141E+08  0.133138E+08  0.000000E+00  0.100666E+08
  0.590489E-04  0.100666E+08  0.100666E+08  0.133066E+08  0.133063E+08  0.000000E+00  0.100666E+08
  0.610503E-04  0.100666E+08  0.100666E+08  0.132987E+08  0.132984E+08  0.000000E+00  0.100666E+08
  0.631196E-04  0.100666E+08  0.100666E+08  0.132902E+08  0.132898E+08  0.000000E+00  0.100666E+08
  0.652591E-04  0.100666E+08  0.100666E+08  0.132811E+08  0.132807E+08  0.000000E+00  0.100666E+08
  0.674711E-04  0.100666E+08  0.100666E+08  0.132714E+08  0.132710E+08  0.000000E+00  0.100666E+08
  0.697580E-04  0.100665E+08  0.100665E+08  0.132610E+08  0.132606E+08  0.000000E+00  0.100665E+08
  0.721224E-04  0.100665E+08  0.100665E+08  0.132500E+08  0.132496E+08  0.000000E+00  0.100665E+08
  0.745670E-04  0.100665E+08  0.100665E+08  0.132382E+08  0.132377E+08  0.000000E+00  0.100665E+08
  0.770945E-04  0.100665E+08  0.100665E+08  0.132255E+08  0.132251E+08  0.000000E+00  0.100665E+08
  0.797076E-04  0.100664E+08  0.100664E+08  0.132121E+08  0.132115E+08  0.000000E+00  0.100664E+08
  0.824093E-04  0.100664E+08  0.100664E+08  0.131977E+08  0.131971E+08  0.000000E+00  0.100664E+08
  0.852026E-04  0.100664E+08  0.100664E+08  0.131823E+08  0.131817E+08  0.000000E+00  0.100664E+08
  0.880905E-04  0.100663E+08  0.100663E+08  0.131659E+08  0.131653E+08  0.000000E+00  0.100663E+08
  0.910764E-04  0.100663E+08  0.100663E+08  0.131484E+08  0.131477E+08  0.000000E+00  0.100663E+08
  0.941634E-04  0.100663E+08  0.100663E+08  0.131297E+08  0.131290E+08  0.000000E+00  0.100663E+08
  0.973551E-04  0.100662E+08  0.100662E+08  0.131097E+08  0.131089E+08  0.000000E+00  0.100662E+08
  0.100655E-03  0.100662E+08  0.100662E+08  0.130884E+08  0.130876E+08  0.000000E+00  0.100662E+08
  0.104067E-03  0.100661E+08  0.100661E+08  0.130657E+08  0.130648E+08  0.000000E+00  0.100661E+08
  0.107594E-03  0.100661E+08  0.100661E+08  0.130414E+08  0.130405E+08  0.000000E+00  0.100661E+08
  0.111241E-03  0.100660E+08  0.100660E+08  0.130155E+08  0.130145E+08  0.000000E+00  0.100660E+08
  0.115011E-03  0.100660E+08  0.100660E+08  0.129879E+08  0.129868E+08  0.000000E+00  0.100660E+08
  0.118910E-03  0.100659E+08  0.100659E+08  0.129584E+08  0.129573E+08  0.000000E+00  0.100659E+08
  0.122940E-03  0.100658E+08  0.100658E+08  0.129270E+08  0.129258E+08  0.000000E+00  0.100658E+08
  0.127107E-03  0.100658E+08  0.100657E+08  0.128934E+08  0.128922E+08  0.000000E+00  0.100658E+08
  0.131416E-03  0.100657E+08  0.100657E+08  0.128577E+08  0.128563E+08  0.000000E+00  0.100657E+08
  0.135870E-03  0.100656E+08  0.100656E+08  0.128196E+08  0.128181E+08  0.000000E+00  0.100656E+08
  0.140475E-03  0.100655E+08  0.100655E+08  0.127790E+08  0.127774E+08  0.000000E+00  0.100655E+08
  0.145237E-03  0.100654E+08  0.100654E+08  0.127357E+08  0.127340E+08  0.000000E+00  0.100654E+08
  0.150160E-03  0.100653E+08  0.100653E+08  0.126896E+08  0.126878E+08  0.000000E+00  0.100653E+08
  0.155249E-03  0.100652E+08  0.100652E+08  0.126405E+08  0.126386E+08  0.000000E+00  0.100652E+08
  0.160511E-03  0.100651E+08  0.100651E+08  0.125882E+08  0.125862E+08  0.000000E+00  0.100651E+08
  0.165952E-03  0.100650E+08  0.100650E+08  0.125325E+08  0.125304E+08  0.000000E+00  0.100650E+08
  0.171577E-03  0.100648E+08  0.100648E+08  0.124733E+08  0.124710E+08  0.000000E+00  0.100648E+08
  0.177393E-03  0.100647E+08  0.100647E+08  0.124102E+08  0.124078E+08  0.000000E+00  0.100647E+08
  0.183405E-03  0.100645E+08  0.100645E+08  0.123431E+08  0.123405E+08  0.000000E+00  0.100645E+08
  0.189622E-03  0.100644E+08  0.100644E+08  0.122718E+08  0.122691E+08  0.000000E+00  0.100644E+08
  0.196049E-03  0.100642E+08  0.100642E+08  0.121960E+08  0.121931E+08  0.000000E+00  0.100642E+08
  0.202694E-03  0.100640E+08  0.100640E+08  0.121155E+08  0.121124E+08  0.000000E+00  0.100640E+08
  0.209565E-03  0.100638E+08  0.100638E+08  0.120299E+08  0.120267E+08  0.000000E+00  0.100638E+08
  0.216668E-03  0.100636E+08  0.100636E+08  0.119391E+08  0.119356E+08  0.000000E+00  0.100636E+08
  0.224012E-03  0.100634E+08  0.100634E+08  0.118428E+08  0.118391E+08  0.000000E+00  0.100634E+08
  0.231605E-03  0.100632E+08  0.100632E+08  0.117406E+08  0.117367E+08  0.000000E+00  0.100632E+08
  0.239455E-03  0.100629E+08  0.100629E+08  0.116323E+08  0.116282E+08  0.000000E+00  0.100629E+08
  0.247571E-03  0.100626E+08  0.100626E+08  0.115176E+08  0.115132E+08  0.000000E+00  0.100626E+08
  0.255963E-03  0.100623E+08  0.100623E+08  0.113962E+08  0.113915E+08  0.000000E+00  0.100623E+08
  0.264639E-03  0.100620E+08  0.100620E+08  0.112677E+08  0.112628E+08  0.000000E+00  0.100620E+08
  0.273609E-03  0.100617E+08  0.100617E+08  0.111319E+08  0.111267E+08  0.000000E+00  0.100617E+08
  0.282883E-03  0.100614E+08  0.100614E+08  0.109885E+08  0.109830E+08  0.000000E+00  0.100614E+08
  0.292471E-03  0.100610E+08  0.100610E+08  0.108371E+08  0.108313E+08  0.000000E+00  0.100610E+08
  0.302384E-03  0.100606E+08  0.100606E+08  0.106775E+08  0.106714E+08  0.000000E+00  0.100606E+08
  0.312634E-03  0.100602E+08  0.100601E+08  0.105093E+08  0.105029E+08  0.000000E+00  0.100602E+08
  0.323230E-03  0.100597E+08  0.100597E+08  0.103324E+08  0.103256E+08  0.000000E+00  0.100597E+08
  0.334186E-03  0.100592E+08  0.100592E+08  0.101464E+08  0.101393E+08  0.000000E+00  0.100592E+08
  0.345514E-03  0.100587E+08  0.100587E+08  0.995115E+07  0.994370E+07  0.000000E+00  0.100587E+08
  0.357225E-03  0.100581E+08  0.100581E+08  0.974641E+07  0.973860E+07  0.000000E+00  0.100581E+08
  0.369333E-03  0.100576E+08  0.100575E+08  0.953204E+07  0.952386E+07  0.000000E+00  0.100576E+08
  0.381852E-03  0.100569E+08  0.100569E+08  0.930790E+07  0.929935E+07  0.000000E+00  0.100569E+08
  0.394794E-03  0.100563E+08  0.100562E+08  0.907394E+07  0.906502E+07  0.000000E+00  0.100563E+08
  0.408176E-03  0.100555E+08  0.100555E+08  0.883015E+07  0.882084E+07  0.000000E+00  0.100555E+08
  0.422011E-03  0.100548E+08  0.100548E+08  0.857657E+07  0.856689E+07  0.000000E+00  0.100548E+08
  0.436315E-03  0.100540E+08  0.100540E+08  0.831335E+07  0.830329E+07  0.000000E+00  0.100540E+08
  0.451104E-03  0.100531E+08  0.100531E+08  0.804070E+07  0.803027E+07  0.000000E+00  0.100531E+08
  0.466395E-03  0.100522E+08  0.100522E+08  0.775894E+07  0.774814E+07  0.000000E+00  0.100522E+08
  0.482203E-03  0.100512E+08  0.100512E+08  0.746850E+07  0.745734E+07  0.000000E+00  0.100512E+08
  0.498547E-03  0.100502E+08  0.100502E+08  0.716991E+07  0.715841E+07  0.000000E+00  0.100502E+08
  0.515446E-03  0.100491E+08  0.100491E+08  0.686385E+07  0.685201E+07  0.000000E+00  0.100491E+08
  0.532917E-03  0.100479E+08  0.100479E+08  0.655111E+07  0.653896E+07  0.000000E+00  0.100479E+08
  0.550980E-03  0.100466E+08  0.100466E+08  0.623264E+07  0.622019E+07  0.000000E+00  0.100466E+08
  0.569656E-03  0.100453E+08  0.100453E+08  0.590954E+07  0.589681E+07  0.000000E+00  0.100453E+08
  0.588964E-03  0.100439E+08  0.100439E+08  0.558305E+07  0.557008E+07  0.000000E+00  0.100439E+08
  0.608927E-03  0.100424E+08  0.100424E+08  0.525459E+07  0.524138E+07  0.000000E+00  0.100424E+08
  0.629567E-03  0.100408E+08  0.100408E+08  0.492571E+07  0.491229E+07  0.000000E+00  0.100408E+08
  0.650906E-03  0.100391E+08  0.100391E+08  0.459810E+07  0.458450E+07  0.000000E+00  0.100391E+08
  0.672969E-03  0.100373E+08  0.100373E+08  0.427361E+07  0.425985E+07  0.000000E+00  0.100373E+08
  0.695779E-03  0.100354E+08  0.100354E+08  0.395418E+07  0.394029E+07  0.000000E+00  0.100354E+08
  0.719362E-03  0.100334E+08  0.100334E+08  0.364187E+07  0.362785E+07  0.000000E+00  0.100334E+08
  0.743745E-03  0.100313E+08  0.100313E+08  0.333877E+07  0.332464E+07  0.000000E+00  0.100313E+08
  0.768955E-03  0.100290E+08  0.100290E+08  0.304701E+07  0.303277E+07  0.000000E+00  0.100290E+08
  0.795018E-03  0.100267E+08  0.100266E+08  0.276869E+07  0.275434E+07  0.000000E+00  0.100266E+08
  0.821966E-03  0.100241E+08  0.100241E+08  0.250582E+07  0.249135E+07  0.000000E+00  0.100241E+08
  0.849826E-03  0.100215E+08  0.100214E+08  0.226028E+07  0.224566E+07  0.000000E+00  0.100214E+08
  0.878631E-03  0.100186E+08  0.100186E+08  0.203372E+07  0.201893E+07  0.000000E+00  0.100186E+08
  0.908413E-03  0.100156E+08  0.100156E+08  0.182753E+07  0.181251E+07  0.000000E+00  0.100156E+08
  0.939203E-03  0.100125E+08  0.100124E+08  0.164270E+07  0.162742E+07  0.000000E+00  0.100125E+08
  0.971038E-03  0.100092E+08  0.100091E+08  0.147984E+07  0.146422E+07  0.000000E+00  0.100092E+08
  0.100395E-02  0.100057E+08  0.100056E+08  0.133903E+07  0.132302E+07  0.000000E+00  0.100056E+08
  0.103798E-02  0.100020E+08  0.100019E+08  0.121980E+07  0.120335E+07  0.000000E+00  0.100019E+08
  0.107316E-02  0.999806E+07  0.999797E+07  0.112114E+07  0.110418E+07  0.000000E+00  0.999805E+07
  0.110954E-02  0.999395E+07  0.999386E+07  0.104141E+07  0.102392E+07  0.000000E+00  0.999394E+07
  0.114715E-02  0.998963E+07  0.998953E+07  0.978423E+06  0.960390E+06  0.000000E+00  0.998962E+07
  0.118603E-02  0.998508E+07  0.998498E+07  0.929495E+06  0.910949E+06  0.000000E+00  0.998507E+07
  0.122623E-02  0.998029E+07  0.998018E+07  0.891535E+06  0.872550E+06  0.000000E+00  0.998028E+07
  0.126779E-02  0.997526E+07  0.997514E+07  0.861194E+06  0.841901E+06  0.000000E+00  0.997525E+07
  0.131076E-02  0.996998E+07  0.996985E+07  0.835052E+06  0.815643E+06  0.000000E+00  0.996996E+07
  0.135519E-02  0.996442E+07  0.996429E+07  0.809829E+06  0.790562E+06  0.000000E+00  0.996441E+07
  0.140113E-02  0.995859E+07  0.995845E+07  0.782623E+06  0.763820E+06  0.000000E+00  0.995857E+07
  0.144862E-02  0.995247E+07  0.995232E+07  0.751142E+06  0.733179E+06  0.000000E+00  0.995245E+07
  0.149772E-02  0.994604E+07  0.994588E+07  0.713911E+06  0.697198E+06  0.000000E+00  0.994602E+07
  0.154848E-02  0.993931E+07  0.993913E+07  0.670429E+06  0.655386E+06  0.000000E+00  0.993928E+07
  0.160097E-02  0.993224E+07  0.993205E+07  0.621235E+06  0.608254E+06  0.000000E+00  0.993222E+07
  0.165524E-02  0.992483E+07  0.992463E+07  0.567870E+06  0.557273E+06  0.000000E+00  0.992481E+07
  0.171134E-02  0.991707E+07  0.991686E+07  0.512706E+06  0.504704E+06  0.000000E+00  0.991704E+07
  0.176935E-02  0.990894E+07  0.990871E+07  0.458646E+06  0.453296E+06  0.000000E+00  0.990891E+07
  0.182932E-02  0.990042E+07  0.990017E+07  0.408716E+06  0.405889E+06  0.000000E+00  0.990038E+07
  0.189132E-02  0.989150E+07  0.989124E+07  0.365584E+06  0.364961E+06  0.000000E+00  0.989146E+07
  0.195543E-02  0.988216E+07  0.988188E+07  0.331091E+06  0.332172E+06  0.000000E+00  0.988213E+07
  0.202171E-02  0.987239E+07  0.987210E+07  0.305865E+06  0.308019E+06  0.000000E+00  0.987235E+07
  0.209024E-02  0.986217E+07  0.986186E+07  0.289131E+06  0.291669E+06  0.000000E+00  0.986213E+07
  0.216108E-02  0.985149E+07  0.985115E+07  0.278774E+06  0.281046E+06  0.000000E+00  0.985144E+07
  0.223433E-02  0.984031E+07  0.983995E+07  0.000000E+00  0.000000E+00  0.000000E+00  0.984027E+07
  0.231007E-02  0.982864E+07  0.982825E+07  0.000000E+00  0.000000E+00  0.000000E+00  0.982859E+07
  0.238837E-02  0.981644E+07  0.981603E+07  0.000000E+00  0.000000E+00  0.000000E+00  0.981639E+07
  0.246932E-02  0.980370E+07  0.980326E+07  0.000000E+00  0.000000E+00  0.000000E+00  0.980364E+07
  0.255302E-02  0.979040E+07  0.978993E+07  0.000000E+00  0.000000E+00  0.000000E+00  0.979034E+07
  0.263955E-02  0.977652E+07  0.977602E+07  0.000000E+00  0.000000E+00  0.000000E+00  0.977645E+07
  0.272902E-02  0.976203E+07  0.976150E+07  0.000000E+00  0.000000E+00  0.000000E+00  0.976196E+07
  0.282152E-02  0.974692E+07  0.974635E+07  0.000000E+00  0.000000E+00  0.000000E+00  0.974685E+07
  0.291716E-02  0.973117E+07  0.973056E+07  0.000000E+00  0.000000E+00  0.000000E+00  0.973109E+07
  0.301604E-02  0.971475E+07  0.971410E+07  0.000000E+00  0.000000E+00  0.000000E+00  0.971466E+07
  0.311826E-02  0.969763E+07  0.969694E+07  0.000000E+00  0.000000E+00  0.000000E+00  0.969755E+07
  0.322396E-02  0.967981E+07  0.967906E+07  0.000000E+00  0.000000E+00  0.000000E+00  0.967971E+07
  0.333323E-02  0.966124E+07  0.966045E+07  0.000000E+00  0.000000E+00  0.000000E+00  0.966114E+07
  0.344622E-02  0.964191E+07  0.964107E+07  0.000000E+00  0.000000E+00  0.000000E+00  0.964181E+07
  0.356302E-02  0.962180E+07  0.962090E+07  0.000000E+00  0.000000E+00  0.000000E+00  0.962169E+07
  0.368380E-02  0.960087E+07  0.959991E+07  0.000000E+00  0.000000E+00  0.000000E+00  0.960075E+07
  0.380866E-02  0.957911E+07  0.957809E+07  0.000000E+00  0.000000E+00  0.000000E+00  0.957898E+07
  0.393775E-02  0.955648E+07  0.955539E+07  0.000000E+00  0.000000E+00  0.000000E+00  0.955635E+07
  0.407122E-02  0.953297E+07  0.953180E+07  0.000000E+00  0.000000E+00  0.000000E+00  0.953282E+07
  0.420922E-02  0.950854E+07  0.950729E+07  0.000000E+00  0.000000E+00  0.000000E+00  0.950838E+07
  0.435189E-02  0.948316E+07  0.948184E+07  0.000000E+00  0.000000E+00  0.000000E+00  0.948300E+07
  0.449940E-02  0.945681E+07  0.945540E+07  0.000000E+00  0.000000E+00  0.000000E+00  0.945664E+07
  0.465190E-02  0.942947E+07  0.942796E+07  0.000000E+00  0.000000E+00  0.000000E+00  0.942928E+07
  0.480958E-02  0.940109E+07  0.939948E+07  0.000000E+00  0.000000E+00  0.000000E+00  0.940089E+07
  0.497260E-02  0.937166E+07  0.936995E+07  0.000000E+00  0.000000E+00  0.000000E+00  0.937145E+07
  0.514115E-02  0.934114E+07  0.933932E+07  0.000000E+00  0.000000E+00  0.000000E+00  0.934092E+07
  0.531541E-02  0.930951E+07  0.930756E+07  0.000000E+00  0.000000E+00  0.000000E+00  0.930927E+07
  0.549557E-02  0.927673E+07  0.927466E+07  0.000000E+00  0.000000E+00  0.000000E+00  0.927647E+07
  0.568185E-02  0.924278E+07  0.924057E+07  0.000000E+00  0.000000E+00  0.000000E+00  0.924250E+07
  0.587443E-02  0.920762E+07  0.920526E+07  0.000000E+00  0.000000E+00  0.000000E+00  0.920732E+07
  0.607355E-02  0.917122E+07  0.916871E+07  0.000000E+00  0.000000E+00  0.000000E+00  0.917091E+07
  0.627942E-02  0.913356E+07  0.913088E+07  0.000000E+00  0.000000E+00  0.000000E+00  0.913322E+07
  0.649226E-02  0.909459E+07  0.909174E+07  0.000000E+00  0.000000E+00  0.000000E+00  0.909423E+07
  0.671231E-02  0.905429E+07  0.905126E+07  0.000000E+00  0.000000E+00  0.000000E+00  0.905391E+07
  0.693983E-02  0.901263E+07  0.900940E+07  0.000000E+00  0.000000E+00  0.000000E+00  0.901222E+07
  0.717505E-02  0.896957E+07  0.896613E+07  0.000000E+00  0.000000E+00  0.000000E+00  0.896914E+07
  0.741825E-02  0.892508E+07  0.892142E+07  0.000000E+00  0.000000E+00  0.000000E+00  0.892462E+07
  0.766969E-02  0.887912E+07  0.887523E+07  0.000000E+00  0.000000E+00  0.000000E+00  0.887863E+07
  0.792966E-02  0.883167E+07  0.882753E+07  0.000000E+00  0.000000E+00  0.000000E+00  0.883115E+07
  0.819844E-02  0.878269E+07  0.877828E+07  0.000000E+00  0.000000E+00  0.000000E+00  0.878214E+07
  0.847632E-02  0.873214E+07  0.872745E+07  0.000000E+00  0.000000E+00  0.000000E+00  0.873155E+07
  0.876363E-02  0.867999E+07  0.867501E+07  0.000000E+00  0.000000E+00  0.000000E+00  0.867937E+07
  0.906067E-02  0.862621E+07  0.862092E+07  0.000000E+00  0.000000E+00  0.000000E+00  0.862555E+07
  0.936778E-02  0.857076E+07  0.856513E+07  0.000000E+00  0.000000E+00  0.000000E+00  0.857005E+07
  0.968530E-02  0.851360E+07  0.850762E+07  0.000000E+00  0.000000E+00  0.000000E+00  0.851285E+07
  0.100136E-01  0.845470E+07  0.844836E+07  0.000000E+00  0.000000E+00  0.000000E+00  0.845391E+07
  0.103530E-01  0.839403E+07  0.838729E+07  0.000000E+00  0.000000E+00  0.000000E+00  0.839319E+07
  0.107039E-01  0.833155E+07  0.832440E+07  0.000000E+00  0.000000E+00  0.000000E+00  0.833065E+07
  0.110667E-01  0.826722E+07  0.825963E+07  0.000000E+00  0.000000E+00  0.000000E+00  0.826627E+07
  0.114418E-01  0.820101E+07  0.819296E+07  0.000000E+00  0.000000E+00  0.000000E+00  0.820000E+07
  0.118297E-01  0.813288E+07  0.812434E+07  0.000000E+00  0.000000E+00  0.000000E+00  0.813181E+07
  0.122306E-01  0.806280E+07  0.805375E+07  0.000000E+00  0.000000E+00  0.000000E+00  0.806167E+07
  0.126452E-01  0.799073E+07  0.798115E+07  0.000000E+00  0.000000E+00  0.000000E+00  0.798953E+07
  0.130738E-01  0.791664E+07  0.790650E+07  0.000000E+00  0.000000E+00  0.000000E+00  0.791537E+07
  0.135169E-01  0.784050E+07  0.782977E+07  0.000000E+00  0.000000E+00  0.000000E+00  0.783916E+07
  0.139751E-01  0.776228E+07  0.775093E+07  0.000000E+00  0.000000E+00  0.000000E+00  0.776086E+07
  0.144488E-01  0.768194E+07  0.766994E+07  0.000000E+00  0.000000E+00  0.000000E+00  0.768044E+07
  0.149385E-01  0.759947E+07  0.758679E+07  0.000000E+00  0.000000E+00  0.000000E+00  0.759788E+07
  0.154449E-01  0.751483E+07  0.750144E+07  0.000000E+00  0.000000E+00  0.000000E+00  0.751316E+07
  0.159684E-01  0.742800E+07  0.741388E+07  0.000000E+00  0.000000E+00  0.000000E+00  0.742623E+07
  0.165096E-01  0.733896E+07  0.732407E+07  0.000000E+00  0.000000E+00  0.000000E+00  0.733710E+07
  0.170692E-01  0.724770E+07  0.723202E+07  0.000000E+00  0.000000E+00  0.000000E+00  0.724574E+07
  0.176478E-01  0.715421E+07  0.713770E+07  0.000000E+00  0.000000E+00  0.000000E+00  0.715214E+07
  0.182460E-01  0.705848E+07  0.704112E+07  0.000000E+00  0.000000E+00  0.000000E+00  0.705631E+07
  0.188644E-01  0.696051E+07  0.694228E+07  0.000000E+00  0.000000E+00  0.000000E+00  0.695823E+07
  0.195038E-01  0.686032E+07  0.684119E+07  0.000000E+00  0.000000E+00  0.000000E+00  0.685793E+07
  0.201649E-01  0.675792E+07  0.673786E+07  0.000000E+00  0.000000E+00  0.000000E+00  0.675541E+07
  0.208484E-01  0.665333E+07  0.663233E+07  0.000000E+00  0.000000E+00  0.000000E+00  0.665071E+07
  0.215550E-01  0.654660E+07  0.652464E+07  0.000000E+00  0.000000E+00  0.000000E+00  0.654385E+07
  0.222857E-01  0.643777E+07  0.641483E+07  0.000000E+00  0.000000E+00  0.000000E+00  0.643490E+07
  0.230410E-01  0.632690E+07  0.630298E+07  0.000000E+00  0.000000E+00  0.000000E+00  0.632391E+07
  0.238220E-01  0.621407E+07  0.618916E+07  0.000000E+00  0.000000E+00  0.000000E+00  0.621096E+07
  0.246295E-01  0.609937E+07  0.607348E+07  0.000000E+00  0.000000E+00  0.000000E+00  0.609614E+07
  0.254643E-01  0.598291E+07  0.595604E+07  0.000000E+00  0.000000E+00  0.000000E+00  0.597955E+07
  0.263274E-01  0.586482E+07  0.583698E+07  0.000000E+00  0.000000E+00  0.000000E+00  0.586134E+07
  0.272198E-01  0.574523E+07  0.571646E+07  0.000000E+00  0.000000E+00  0.000000E+00  0.574163E+07
  0.281424E-01  0.562432E+07  0.559465E+07  0.000000E+00  0.000000E+00  0.000000E+00  0.562061E+07
  0.290963E-01  0.550228E+07  0.547174E+07  0.000000E+00  0.000000E+00  0.000000E+00  0.549846E+07
  0.300825E-01  0.537931E+07  0.534796E+07  0.000000E+00  0.000000E+00  0.000000E+00  0.537539E+07
  0.311021E-01  0.525565E+07  0.522356E+07  0.000000E+00  0.000000E+00  0.000000E+00  0.525164E+07
  0.321564E-01  0.513156E+07  0.509880E+07  0.000000E+00  0.000000E+00  0.000000E+00  0.512746E+07
  0.332463E-01  0.500731E+07  0.497397E+07  0.000000E+00  0.000000E+00  0.000000E+00  0.500314E+07
  0.343732E-01  0.489931E+07  0.486548E+07  0.000000E+00  0.000000E+00  0.000000E+00  0.489508E+07
  0.355383E-01  0.477633E+07  0.474214E+07  0.000000E+00  0.000000E+00  0.000000E+00  0.477205E+07
  0.367428E-01  0.465416E+07  0.461973E+07  0.000000E+00  0.000000E+00  0.000000E+00  0.464986E+07
  0.379883E-01  0.453315E+07  0.449861E+07  0.000000E+00  0.000000E+00  0.000000E+00  0.452883E+07
  0.392759E-01  0.441364E+07  0.437916E+07  0.000000E+00  0.000000E+00  0.000000E+00  0.440933E+07
  0.406071E-01  0.429599E+07  0.426171E+07  0.000000E+00  0.000000E+00  0.000000E+00  0.429171E+07
  0.419835E-01  0.417936E+07  0.414545E+07  0.000000E+00  0.000000E+00  0.000000E+00  0.417512E+07
  0.434065E-01  0.405464E+07  0.402128E+07  0.000000E+00  0.000000E+00  0.000000E+00  0.405047E+07
  0.448778E-01  0.394277E+07  0.391013E+07  0.000000E+00  0.000000E+00  0.000000E+00  0.393869E+07
  0.463990E-01  0.383400E+07  0.380226E+07  0.000000E+00  0.000000E+00  0.000000E+00  0.383003E+07
  0.479716E-01  0.372861E+07  0.369794E+07  0.000000E+00  0.000000E+00  0.000000E+00  0.372478E+07
  0.495977E-01  0.362683E+07  0.359738E+07  0.000000E+00  0.000000E+00  0.000000E+00  0.362315E+07
  0.512787E-01  0.352876E+07  0.350069E+07  0.000000E+00  0.000000E+00  0.000000E+00  0.352525E+07
  0.530169E-01  0.344077E+07  0.341420E+07  0.000000E+00  0.000000E+00  0.000000E+00  0.343745E+07
  0.548139E-01  0.334997E+07  0.332500E+07  0.000000E+00  0.000000E+00  0.000000E+00  0.334685E+07
  0.566718E-01  0.326246E+07  0.323917E+07  0.000000E+00  0.000000E+00  0.000000E+00  0.325955E+07
  0.585927E-01  0.317795E+07  0.315636E+07  0.000000E+00  0.000000E+00  0.000000E+00  0.317525E+07
  0.605787E-01  0.309588E+07  0.307599E+07  0.000000E+00  0.000000E+00  0.000000E+00  0.309340E+07
  0.626320E-01  0.301183E+07  0.299359E+07  0.000000E+00  0.000000E+00  0.000000E+00  0.300955E+07
  0.647549E-01  0.293341E+07  0.291672E+07  0.000000E+00  0.000000E+00  0.000000E+00  0.293132E+07
  0.669498E-01  0.285598E+07  0.284070E+07  0.000000E+00  0.000000E+00  0.000000E+00  0.285407E+07
  0.692191E-01  0.277906E+07  0.276501E+07  0.000000E+00  0.000000E+00  0.000000E+00  0.277731E+07
  0.715653E-01  0.270334E+07  0.269029E+07  0.000000E+00  0.000000E+00  0.000000E+00  0.270171E+07
  0.739910E-01  0.262591E+07  0.261362E+07  0.000000E+00  0.000000E+00  0.000000E+00  0.262438E+07
  0.764989E-01  0.254756E+07  0.253577E+07  0.000000E+00  0.000000E+00  0.000000E+00  0.254609E+07
  0.790918E-01  0.246788E+07  0.245632E+07  0.000000E+00  0.000000E+00  0.000000E+00  0.246643E+07
  0.817727E-01  0.238665E+07  0.237506E+07  0.000000E+00  0.000000E+00  0.000000E+00  0.238520E+07
  0.845444E-01  0.230397E+07  0.229214E+07  0.000000E+00  0.000000E+00  0.000000E+00  0.230249E+07
  0.874100E-01  0.222027E+07  0.220804E+07  0.000000E+00  0.000000E+00  0.000000E+00  0.221874E+07
  0.903728E-01  0.213629E+07  0.212355E+07  0.000000E+00  0.000000E+00  0.000000E+00  0.213470E+07
  0.934360E-01  0.205287E+07  0.203960E+07  0.000000E+00  0.000000E+00  0.000000E+00  0.205121E+07
  0.966031E-01  0.197093E+07  0.195719E+07  0.000000E+00  0.000000E+00  0.000000E+00  0.196921E+07
  0.998774E-01  0.189139E+07  0.187733E+07  0.000000E+00  0.000000E+00  0.000000E+00  0.188963E+07
  0.103263E+00  0.181524E+07  0.180107E+07  0.000000E+00  0.000000E+00  0.000000E+00  0.181346E+07
  0.106763E+00  0.174343E+07  0.172943E+07  0.000000E+00  0.000000E+00  0.000000E+00  0.174168E+07
  0.110382E+00  0.167679E+07  0.166326E+07  0.000000E+00  0.000000E+00  0.000000E+00  0.167510E+07
  0.114123E+00  0.161576E+07  0.160298E+07  0.000000E+00  0.000000E+00  0.000000E+00  0.161416E+07
  0.117991E+00  0.156024E+07  0.154846E+07  0.000000E+00  0.000000E+00  0.000000E+00  0.155877E+07
  0.121990E+00  0.150948E+07  0.149884E+07  0.000000E+00  0.000000E+00  0.000000E+00  0.150815E+07
  0.126125E+00  0.146208E+07  0.145263E+07  0.000000E+00  0.000000E+00  0.000000E+00  0.146090E+07
  0.130400E+00  0.141628E+07  0.140795E+07  0.000000E+00  0.000000E+00  0.000000E+00  0.141524E+07
  0.134820E+00  0.137041E+07  0.136299E+07  0.000000E+00  0.000000E+00  0.000000E+00  0.136948E+07
  0.139390E+00  0.132329E+07  0.131649E+07  0.000000E+00  0.000000E+00  0.000000E+00  0.132244E+07
  0.144115E+00  0.127427E+07  0.126776E+07  0.000000E+00  0.000000E+00  0.000000E+00  0.127345E+07
  0.148999E+00  0.122310E+07  0.121658E+07  0.000000E+00  0.000000E+00  0.000000E+00  0.122228E+07
  0.154050E+00  0.117017E+07  0.116341E+07  0.000000E+00  0.000000E+00  0.000000E+00  0.116933E+07
  0.159272E+00  0.111673E+07  0.110962E+07  0.000000E+00  0.000000E+00  0.000000E+00  0.111584E+07
  0.164670E+00  0.106465E+07  0.105725E+07  0.000000E+00  0.000000E+00  0.000000E+00  0.106372E+07
  0.170252E+00  0.101583E+07  0.100832E+07  0.000000E+00  0.000000E+00  0.000000E+00  0.101489E+07
  0.176022E+00  0.971633E+06  0.964300E+06  0.000000E+00  0.000000E+00  0.000000E+00  0.970717E+06
  0.181989E+00  0.932426E+06  0.925545E+06  0.000000E+00  0.000000E+00  0.000000E+00  0.931566E+06
  0.188157E+00  0.897552E+06  0.891328E+06  0.000000E+00  0.000000E+00  0.000000E+00  0.896774E+06
  0.194535E+00  0.865623E+06  0.860121E+06  0.000000E+00  0.000000E+00  0.000000E+00  0.864935E+06
  0.201128E+00  0.834721E+06  0.829845E+06  0.000000E+00  0.000000E+00  0.000000E+00  0.834111E+06
  0.207946E+00  0.802902E+06  0.798428E+06  0.000000E+00  0.000000E+00  0.000000E+00  0.802343E+06
  0.214994E+00  0.769115E+06  0.764776E+06  0.000000E+00  0.000000E+00  0.000000E+00  0.768573E+06
  0.222281E+00  0.733652E+06  0.729241E+06  0.000000E+00  0.000000E+00  0.000000E+00  0.733100E+06
  0.229815E+00  0.698079E+06  0.693527E+06  0.000000E+00  0.000000E+00  0.000000E+00  0.697510E+06
  0.237605E+00  0.664403E+06  0.659797E+06  0.000000E+00  0.000000E+00  0.000000E+00  0.663827E+06
  0.245659E+00  0.634094E+06  0.629623E+06  0.000000E+00  0.000000E+00  0.000000E+00  0.633535E+06
  0.253985E+00  0.607412E+06  0.603265E+06  0.000000E+00  0.000000E+00  0.000000E+00  0.606894E+06
  0.262594E+00  0.583355E+06  0.579619E+06  0.000000E+00  0.000000E+00  0.000000E+00  0.582888E+06
  0.271495E+00  0.560139E+06  0.556757E+06  0.000000E+00  0.000000E+00  0.000000E+00  0.559716E+06
  0.280697E+00  0.536201E+06  0.533016E+06  0.000000E+00  0.000000E+00  0.000000E+00  0.535803E+06
  0.290211E+00  0.511293E+06  0.508151E+06  0.000000E+00  0.000000E+00  0.000000E+00  0.510900E+06
  0.300048E+00  0.486357E+06  0.483201E+06  0.000000E+00  0.000000E+00  0.000000E+00  0.485962E+06
  0.310218E+00  0.462878E+06  0.459770E+06  0.000000E+00  0.000000E+00  0.000000E+00  0.462490E+06
  0.320733E+00  0.441863E+06  0.438920E+06  0.000000E+00  0.000000E+00  0.000000E+00  0.441495E+06
  0.331605E+00  0.422828E+06  0.420119E+06  0.000000E+00  0.000000E+00  0.000000E+00  0.422489E+06
  0.342844E+00  0.404530E+06  0.402026E+06  0.000000E+00  0.000000E+00  0.000000E+00  0.404217E+06
  0.354465E+00  0.386011E+06  0.383620E+06  0.000000E+00  0.000000E+00  0.000000E+00  0.385712E+06
  0.366480E+00  0.367370E+06  0.365026E+06  0.000000E+00  0.000000E+00  0.000000E+00  0.367077E+06
  0.378902E+00  0.349530E+06  0.347246E+06  0.000000E+00  0.000000E+00  0.000000E+00  0.349244E+06
  0.391745E+00  0.333161E+06  0.330993E+06  0.000000E+00  0.000000E+00  0.000000E+00  0.332890E+06
  0.405023E+00  0.318029E+06  0.316007E+06  0.000000E+00  0.000000E+00  0.000000E+00  0.317776E+06
  0.418751E+00  0.303340E+06  0.301434E+06  0.000000E+00  0.000000E+00  0.000000E+00  0.303101E+06
  0.432945E+00  0.288756E+06  0.286922E+06  0.000000E+00  0.000000E+00  0.000000E+00  0.288527E+06
  0.447619E+00  0.274669E+06  0.272899E+06  0.000000E+00  0.000000E+00  0.000000E+00  0.274448E+06
  0.462792E+00  0.261517E+06  0.259834E+06  0.000000E+00  0.000000E+00  0.000000E+00  0.261306E+06
  0.478478E+00  0.249167E+06  0.247583E+06  0.000000E+00  0.000000E+00  0.000000E+00  0.248969E+06
  0.494696E+00  0.237223E+06  0.235718E+06  0.000000E+00  0.000000E+00  0.000000E+00  0.237034E+06
  0.511464E+00  0.225610E+06  0.224167E+06  0.000000E+00  0.000000E+00  0.000000E+00  0.225429E+06
  0.528800E+00  0.214584E+06  0.213209E+06  0.000000E+00  0.000000E+00  0.000000E+00  0.214412E+06
  0.546723E+00  0.204187E+06  0.202885E+06  0.000000E+00  0.000000E+00  0.000000E+00  0.204024E+06
  0.565255E+00  0.194223E+06  0.192986E+06  0.000000E+00  0.000000E+00  0.000000E+00  0.194068E+06
  0.584414E+00  0.184633E+06  0.183453E+06  0.000000E+00  0.000000E+00  0.000000E+00  0.184485E+06
  0.604223E+00  0.175514E+06  0.174392E+06  0.000000E+00  0.000000E+00  0.000000E+00  0.175374E+06
  0.624703E+00  0.166856E+06  0.165792E+06  0.000000E+00  0.000000E+00  0.000000E+00  0.166723E+06
  0.645878E+00  0.158567E+06  0.157555E+06  0.000000E+00  0.000000E+00  0.000000E+00  0.158440E+06
  0.667769E+00  0.150653E+06  0.149691E+06  0.000000E+00  0.000000E+00  0.000000E+00  0.150532E+06
  0.690404E+00  0.143129E+06  0.142216E+06  0.000000E+00  0.000000E+00  0.000000E+00  0.143015E+06
  0.713805E+00  0.135954E+06  0.135087E+06  0.000000E+00  0.000000E+00  0.000000E+00  0.135846E+06
  0.738000E+00  0.129110E+06  0.128287E+06  0.000000E+00  0.000000E+00  0.000000E+00  0.129007E+06
  0.763015E+00  0.122597E+06  0.121815E+06  0.000000E+00  0.000000E+00  0.000000E+00  0.122499E+06
  0.788877E+00  0.116393E+06  0.115651E+06  0.000000E+00  0.000000E+00  0.000000E+00  0.116300E+06
  0.815616E+00  0.110483E+06  0.109778E+06  0.000000E+00  0.000000E+00  0.000000E+00  0.110395E+06
  0.843261E+00  0.104858E+06  0.104190E+06  0.000000E+00  0.000000E+00  0.000000E+00  0.104775E+06
  0.871844E+00  0.995042E+05  0.988696E+05  0.000000E+00  0.000000E+00  0.000000E+00  0.994249E+05
  0.901395E+00  0.944096E+05  0.938075E+05  0.000000E+00  0.000000E+00  0.000000E+00  0.943343E+05
  0.931948E+00  0.895623E+05  0.889912E+05  0.000000E+00  0.000000E+00  0.000000E+00  0.894909E+05
  0.963536E+00  0.849521E+05  0.844104E+05  0.000000E+00  0.000000E+00  0.000000E+00  0.848844E+05
  0.996195E+00  0.805678E+05  0.800541E+05  0.000000E+00  0.000000E+00  0.000000E+00  0.805036E+05
  0.102996E+01  0.763991E+05  0.759120E+05  0.000000E+00  0.000000E+00  0.000000E+00  0.763382E+05
  0.106487E+01  0.724356E+05  0.719738E+05  0.000000E+00  0.000000E+00  0.000000E+00  0.723779E+05
  0.110097E+01  0.686683E+05  0.682304E+05  0.000000E+00  0.000000E+00  0.000000E+00  0.686135E+05
  0.113828E+01  0.650879E+05  0.646729E+05  0.000000E+00  0.000000E+00  0.000000E+00  0.650361E+05
  0.117687E+01  0.616861E+05  0.612928E+05  0.000000E+00  0.000000E+00  0.000000E+00  0.616369E+05
  0.121676E+01  0.584547E+05  0.580820E+05  0.000000E+00  0.000000E+00  0.000000E+00  0.584081E+05
  0.125800E+01  0.553855E+05  0.550324E+05  0.000000E+00  0.000000E+00  0.000000E+00  0.553414E+05
  0.130064E+01  0.524709E+05  0.521363E+05  0.000000E+00  0.000000E+00  0.000000E+00  0.524290E+05
  0.134472E+01  0.497034E+05  0.493865E+05  0.000000E+00  0.000000E+00  0.000000E+00  0.496638E+05
  0.139030E+01  0.470762E+05  0.467761E+05  0.000000E+00  0.000000E+00  0.000000E+00  0.470387E+05
  0.143743E+01  0.445825E+05  0.442983E+05  0.000000E+00  0.000000E+00  0.000000E+00  0.445470E+05
  0.148615E+01  0.422159E+05  0.419468E+05  0.000000E+00  0.000000E+00  0.000000E+00  0.421823E+05
  0.153652E+01  0.399701E+05  0.397153E+05  0.000000E+00  0.000000E+00  0.000000E+00  0.399382E+05
  0.158860E+01  0.378395E+05  0.375982E+05  0.000000E+00  0.000000E+00  0.000000E+00  0.378093E+05
  0.164245E+01  0.358183E+05  0.355899E+05  0.000000E+00  0.000000E+00  0.000000E+00  0.357897E+05
  0.169812E+01  0.339015E+05  0.336853E+05  0.000000E+00  0.000000E+00  0.000000E+00  0.338744E+05
  0.175568E+01  0.320837E+05  0.318792E+05  0.000000E+00  0.000000E+00  0.000000E+00  0.320582E+05
  0.181519E+01  0.303602E+05  0.301666E+05  0.000000E+00  0.000000E+00  0.000000E+00  0.303360E+05
  0.187671E+01  0.287261E+05  0.285430E+05  0.000000E+00  0.000000E+00  0.000000E+00  0.287032E+05
  0.194032E+01  0.271772E+05  0.270039E+05  0.000000E+00  0.000000E+00  0.000000E+00  0.271555E+05
  0.200609E+01  0.257092E+05  0.255453E+05  0.000000E+00  0.000000E+00  0.000000E+00  0.256887E+05
  0.207409E+01  0.243178E+05  0.241628E+05  0.000000E+00  0.000000E+00  0.000000E+00  0.242985E+05
  0.214439E+01  0.229995E+05  0.228529E+05  0.000000E+00  0.000000E+00  0.000000E+00  0.229812E+05
  0.221707E+01  0.217506E+05  0.216119E+05  0.000000E+00  0.000000E+00  0.000000E+00  0.217333E+05
  0.229222E+01  0.205675E+05  0.204364E+05  0.000000E+00  0.000000E+00  0.000000E+00  0.205512E+05
  0.236992E+01  0.194469E+05  0.193230E+05  0.000000E+00  0.000000E+00  0.000000E+00  0.194314E+05
  0.245024E+01  0.183857E+05  0.182685E+05  0.000000E+00  0.000000E+00  0.000000E+00  0.183711E+05
  0.253330E+01  0.173807E+05  0.172699E+05  0.000000E+00  0.000000E+00  0.000000E+00  0.173669E+05
  0.261916E+01  0.164292E+05  0.163244E+05  0.000000E+00  0.000000E+00  0.000000E+00  0.164161E+05
  0.270794E+01  0.155283E+05  0.154293E+05  0.000000E+00  0.000000E+00  0.000000E+00  0.155159E+05
  0.279972E+01  0.146755E+05  0.145819E+05  0.000000E+00  0.000000E+00  0.000000E+00  0.146638E+05
  0.289462E+01  0.138684E+05  0.137800E+05  0.000000E+00  0.000000E+00  0.000000E+00  0.138573E+05
  0.299273E+01  0.131045E+05  0.130210E+05  0.000000E+00  0.000000E+00  0.000000E+00  0.130941E+05
  0.309418E+01  0.123817E+05  0.123027E+05  0.000000E+00  0.000000E+00  0.000000E+00  0.123718E+05
  0.319905E+01  0.116977E+05  0.116231E+05  0.000000E+00  0.000000E+00  0.000000E+00  0.116884E+05
  0.330748E+01  0.110506E+05  0.109801E+05  0.000000E+00  0.000000E+00  0.000000E+00  0.110418E+05
  0.341959E+01  0.104384E+05  0.103718E+05  0.000000E+00  0.000000E+00  0.000000E+00  0.104301E+05
  0.353550E+01  0.985941E+04  0.979653E+04  0.000000E+00  0.000000E+00  0.000000E+00  0.985155E+04
  0.365534E+01  0.931178E+04  0.925239E+04  0.000000E+00  0.000000E+00  0.000000E+00  0.930435E+04
  0.377923E+01  0.879388E+04  0.873779E+04  0.000000E+00  0.000000E+00  0.000000E+00  0.878687E+04
  0.390733E+01  0.830412E+04  0.825115E+04  0.000000E+00  0.000000E+00  0.000000E+00  0.829750E+04
  0.403977E+01  0.784104E+04  0.779102E+04  0.000000E+00  0.000000E+00  0.000000E+00  0.783479E+04
  0.417670E+01  0.740324E+04  0.735601E+04  0.000000E+00  0.000000E+00  0.000000E+00  0.739734E+04
  0.431827E+01  0.698940E+04  0.694480E+04  0.000000E+00  0.000000E+00  0.000000E+00  0.698382E+04
  0.446464E+01  0.659819E+04  0.655609E+04  0.000000E+00  0.000000E+00  0.000000E+00  0.659293E+04
  0.461597E+01  0.622843E+04  0.618868E+04  0.000000E+00  0.000000E+00  0.000000E+00  0.622346E+04
  0.477243E+01  0.587896E+04  0.584144E+04  0.000000E+00  0.000000E+00  0.000000E+00  0.587427E+04
  0.493419E+01  0.554873E+04  0.551331E+04  0.000000E+00  0.000000E+00  0.000000E+00  0.554430E+04
  0.510143E+01  0.523668E+04  0.520325E+04  0.000000E+00  0.000000E+00  0.000000E+00  0.523251E+04
  0.527435E+01  0.494186E+04  0.491030E+04  0.000000E+00  0.000000E+00  0.000000E+00  0.493791E+04
  0.545312E+01  0.466331E+04  0.463353E+04  0.000000E+00  0.000000E+00  0.000000E+00  0.465959E+04
  0.563796E+01  0.440016E+04  0.437206E+04  0.000000E+00  0.000000E+00  0.000000E+00  0.439665E+04
  0.582905E+01  0.415160E+04  0.412509E+04  0.000000E+00  0.000000E+00  0.000000E+00  0.414829E+04
  0.602663E+01  0.391684E+04  0.389181E+04  0.000000E+00  0.000000E+00  0.000000E+00  0.391371E+04
  0.623090E+01  0.369510E+04  0.367149E+04  0.000000E+00  0.000000E+00  0.000000E+00  0.369215E+04
  0.644210E+01  0.348569E+04  0.346342E+04  0.000000E+00  0.000000E+00  0.000000E+00  0.348291E+04
  0.666046E+01  0.328796E+04  0.326694E+04  0.000000E+00  0.000000E+00  0.000000E+00  0.328533E+04
  0.688622E+01  0.310125E+04  0.308143E+04  0.000000E+00  0.000000E+00  0.000000E+00  0.309878E+04
  0.711962E+01  0.292498E+04  0.290627E+04  0.000000E+00  0.000000E+00  0.000000E+00  0.292264E+04
  0.736094E+01  0.275855E+04  0.274090E+04  0.000000E+00  0.000000E+00  0.000000E+00  0.275634E+04
  0.761044E+01  0.260143E+04  0.258479E+04  0.000000E+00  0.000000E+00  0.000000E+00  0.259935E+04
  0.786840E+01  0.245313E+04  0.243743E+04  0.000000E+00  0.000000E+00  0.000000E+00  0.245117E+04
  0.813510E+01  0.231315E+04  0.229834E+04  0.000000E+00  0.000000E+00  0.000000E+00  0.231130E+04
  0.841084E+01  0.218103E+04  0.216706E+04  0.000000E+00  0.000000E+00  0.000000E+00  0.217928E+04
  0.869593E+01  0.205634E+04  0.204316E+04  0.000000E+00  0.000000E+00  0.000000E+00  0.205469E+04
  0.899068E+01  0.193868E+04  0.192625E+04  0.000000E+00  0.000000E+00  0.000000E+00  0.193713E+04
  0.929542E+01  0.182765E+04  0.181593E+04  0.000000E+00  0.000000E+00  0.000000E+00  0.182618E+04
  0.961048E+01  0.172288E+04  0.171182E+04  0.000000E+00  0.000000E+00  0.000000E+00  0.172150E+04
  0.993624E+01  0.162403E+04  0.161361E+04  0.000000E+00  0.000000E+00  0.000000E+00  0.162273E+04
  0.102730E+02  0.153078E+04  0.152095E+04  0.000000E+00  0.000000E+00  0.000000E+00  0.152955E+04
  0.106212E+02  0.144280E+04  0.143353E+04  0.000000E+00  0.000000E+00  0.000000E+00  0.144164E+04
  0.109812E+02  0.135981E+04  0.135106E+04  0.000000E+00  0.000000E+00  0.000000E+00  0.135872E+04
  0.113534E+02  0.128153E+04  0.127328E+04  0.000000E+00  0.000000E+00  0.000000E+00  0.128050E+04
  0.117383E+02  0.120769E+04  0.119992E+04  0.000000E+00  0.000000E+00  0.000000E+00  0.120672E+04
  0.121361E+02  0.113805E+04  0.113072E+04  0.000000E+00  0.000000E+00  0.000000E+00  0.113714E+04
  0.125475E+02  0.107238E+04  0.106546E+04  0.000000E+00  0.000000E+00  0.000000E+00  0.107151E+04
  0.129728E+02  0.101044E+04  0.100392E+04  0.000000E+00  0.000000E+00  0.000000E+00  0.100963E+04
  0.134125E+02  0.952038E+03  0.945889E+03  0.000000E+00  0.000000E+00  0.000000E+00  0.951269E+03
  0.138671E+02  0.896969E+03  0.891170E+03  0.000000E+00  0.000000E+00  0.000000E+00  0.896244E+03
  0.143372E+02  0.845044E+03  0.839575E+03  0.000000E+00  0.000000E+00  0.000000E+00  0.844360E+03
  0.148231E+02  0.796090E+03  0.790932E+03  0.000000E+00  0.000000E+00  0.000000E+00  0.795445E+03
  0.153256E+02  0.749937E+03  0.745073E+03  0.000000E+00  0.000000E+00  0.000000E+00  0.749329E+03
  0.158450E+02  0.706428E+03  0.701840E+03  0.000000E+00  0.000000E+00  0.000000E+00  0.705854E+03
  0.163821E+02  0.665413E+03  0.661086E+03  0.000000E+00  0.000000E+00  0.000000E+00  0.664872E+03
  0.169373E+02  0.626752E+03  0.622671E+03  0.000000E+00  0.000000E+00  0.000000E+00  0.626242E+03
  0.175115E+02  0.590311E+03  0.586461E+03  0.000000E+00  0.000000E+00  0.000000E+00  0.589829E+03
  0.181050E+02  0.555966E+03  0.552334E+03  0.000000E+00  0.000000E+00  0.000000E+00  0.555512E+03
  0.187187E+02  0.523595E+03  0.520169E+03  0.000000E+00  0.000000E+00  0.000000E+00  0.523166E+03
  0.193531E+02  0.493089E+03  0.489856E+03  0.000000E+00  0.000000E+00  0.000000E+00  0.492685E+03
  0.200091E+02  0.464340E+03  0.461290E+03  0.000000E+00  0.000000E+00  0.000000E+00  0.463959E+03
  0.206873E+02  0.437249E+03  0.434371E+03  0.000000E+00  0.000000E+00  0.000000E+00  0.436890E+03
  0.213885E+02  0.411723E+03  0.409007E+03  0.000000E+00  0.000000E+00  0.000000E+00  0.411383E+03
  0.221135E+02  0.387670E+03  0.385107E+03  0.000000E+00  0.000000E+00  0.000000E+00  0.387349E+03
  0.228630E+02  0.365008E+03  0.362588E+03  0.000000E+00  0.000000E+00  0.000000E+00  0.364705E+03
  0.236380E+02  0.343657E+03  0.341372E+03  0.000000E+00  0.000000E+00  0.000000E+00  0.343371E+03
  0.244392E+02  0.323541E+03  0.321384E+03  0.000000E+00  0.000000E+00  0.000000E+00  0.323271E+03
  0.252676E+02  0.304591E+03  0.302554E+03  0.000000E+00  0.000000E+00  0.000000E+00  0.304336E+03
  0.261240E+02  0.286741E+03  0.284817E+03  0.000000E+00  0.000000E+00  0.000000E+00  0.286500E+03
  0.270095E+02  0.269925E+03  0.268108E+03  0.000000E+00  0.000000E+00  0.000000E+00  0.269698E+03
  0.279250E+02  0.254087E+03  0.252370E+03  0.000000E+00  0.000000E+00  0.000000E+00  0.253872E+03
  0.288715E+02  0.239168E+03  0.237546E+03  0.000000E+00  0.000000E+00  0.000000E+00  0.238965E+03
  0.298501E+02  0.225117E+03  0.223584E+03  0.000000E+00  0.000000E+00  0.000000E+00  0.224926E+03
  0.308619E+02  0.211884E+03  0.210434E+03  0.000000E+00  0.000000E+00  0.000000E+00  0.211703E+03
  0.319079E+02  0.199421E+03  0.198050E+03  0.000000E+00  0.000000E+00  0.000000E+00  0.199250E+03
  0.329895E+02  0.187684E+03  0.186387E+03  0.000000E+00  0.000000E+00  0.000000E+00  0.187522E+03
  0.341076E+02  0.176632E+03  0.175405E+03  0.000000E+00  0.000000E+00  0.000000E+00  0.176479E+03
  0.352637E+02  0.166224E+03  0.165063E+03  0.000000E+00  0.000000E+00  0.000000E+00  0.166079E+03
  0.364590E+02  0.156424E+03  0.155325E+03  0.000000E+00  0.000000E+00  0.000000E+00  0.156287E+03
  0.376948E+02  0.147197E+03  0.146155E+03  0.000000E+00  0.000000E+00  0.000000E+00  0.147066E+03
  0.389725E+02  0.138509E+03  0.137522E+03  0.000000E+00  0.000000E+00  0.000000E+00  0.138385E+03
  0.402934E+02  0.130329E+03  0.129394E+03  0.000000E+00  0.000000E+00  0.000000E+00  0.130212E+03
  0.416592E+02  0.122627E+03  0.121741E+03  0.000000E+00  0.000000E+00  0.000000E+00  0.122517E+03
  0.430712E+02  0.115377E+03  0.114536E+03  0.000000E+00  0.000000E+00  0.000000E+00  0.115272E+03
  0.445311E+02  0.108552E+03  0.107754E+03  0.000000E+00  0.000000E+00  0.000000E+00  0.108452E+03
  0.460405E+02  0.102127E+03  0.101369E+03  0.000000E+00  0.000000E+00  0.000000E+00  0.102032E+03
  0.476011E+02  0.960788E+02  0.953590E+02  0.000000E+00  0.000000E+00  0.000000E+00  0.959888E+02
  0.492145E+02  0.903855E+02  0.897013E+02  0.000000E+00  0.000000E+00  0.000000E+00  0.903000E+02
  0.508826E+02  0.850267E+02  0.843761E+02  0.000000E+00  0.000000E+00  0.000000E+00  0.849454E+02
  0.526073E+02  0.799830E+02  0.793639E+02  0.000000E+00  0.000000E+00  0.000000E+00  0.799056E+02
  0.543904E+02  0.752357E+02  0.746462E+02  0.000000E+00  0.000000E+00  0.000000E+00  0.751620E+02
  0.562340E+02  0.707679E+02  0.702063E+02  0.000000E+00  0.000000E+00  0.000000E+00  0.706977E+02
  0.581401E+02  0.665629E+02  0.660276E+02  0.000000E+00  0.000000E+00  0.000000E+00  0.664960E+02
  0.601107E+02  0.626057E+02  0.620950E+02  0.000000E+00  0.000000E+00  0.000000E+00  0.625419E+02
  0.621482E+02  0.588817E+02  0.583941E+02  0.000000E+00  0.000000E+00  0.000000E+00  0.588208E+02
  0.642547E+02  0.553772E+02  0.549114E+02  0.000000E+00  0.000000E+00  0.000000E+00  0.553190E+02
  0.664326E+02  0.520796E+02  0.516342E+02  0.000000E+00  0.000000E+00  0.000000E+00  0.520239E+02
  0.686844E+02  0.489765E+02  0.485503E+02  0.000000E+00  0.000000E+00  0.000000E+00  0.489232E+02
  0.710124E+02  0.460567E+02  0.456486E+02  0.000000E+00  0.000000E+00  0.000000E+00  0.460057E+02
  0.734194E+02  0.433094E+02  0.429182E+02  0.000000E+00  0.000000E+00  0.000000E+00  0.432605E+02
  0.759079E+02  0.407245E+02  0.403493E+02  0.000000E+00  0.000000E+00  0.000000E+00  0.406776E+02
  0.784809E+02  0.382925E+02  0.379322E+02  0.000000E+00  0.000000E+00  0.000000E+00  0.382475E+02
  0.811410E+02  0.360044E+02  0.356581E+02  0.000000E+00  0.000000E+00  0.000000E+00  0.359611E+02
  0.838913E+02  0.338517E+02  0.335186E+02  0.000000E+00  0.000000E+00  0.000000E+00  0.338101E+02
  0.867347E+02  0.318266E+02  0.315059E+02  0.000000E+00  0.000000E+00  0.000000E+00  0.317865E+02
  0.896747E+02  0.299215E+02  0.296124E+02  0.000000E+00  0.000000E+00  0.000000E+00  0.298828E+02
  0.927141E+02  0.281293E+02  0.278311E+02  0.000000E+00  0.000000E+00  0.000000E+00  0.280920E+02
  0.958567E+02  0.264434E+02  0.261554E+02  0.000000E+00  0.000000E+00  0.000000E+00  0.264074E+02
  0.991058E+02  0.248575E+02  0.245791E+02  0.000000E+00  0.000000E+00  0.000000E+00  0.248227E+02
  0.102465E+03  0.233657E+02  0.230964E+02  0.000000E+00  0.000000E+00  0.000000E+00  0.233321E+02
  0.105938E+03  0.219626E+02  0.217018E+02  0.000000E+00  0.000000E+00  0.000000E+00  0.219300E+02
  0.109529E+03  0.206428E+02  0.203899E+02  0.000000E+00  0.000000E+00  0.000000E+00  0.206112E+02
  0.113241E+03  0.194016E+02  0.191561E+02  0.000000E+00  0.000000E+00  0.000000E+00  0.193709E+02
  0.117080E+03  0.182341E+02  0.179956E+02  0.000000E+00  0.000000E+00  0.000000E+00  0.182043E+02
  0.121048E+03  0.171361E+02  0.169042E+02  0.000000E+00  0.000000E+00  0.000000E+00  0.171072E+02
  0.125151E+03  0.161035E+02  0.158777E+02  0.000000E+00  0.000000E+00  0.000000E+00  0.160752E+02
  0.129393E+03  0.151323E+02  0.149123E+02  0.000000E+00  0.000000E+00  0.000000E+00  0.151048E+02
  0.133779E+03  0.142190E+02  0.140045E+02  0.000000E+00  0.000000E+00  0.000000E+00  0.141922E+02
  0.138313E+03  0.133602E+02  0.131507E+02  0.000000E+00  0.000000E+00  0.000000E+00  0.133340E+02
  0.143002E+03  0.125525E+02  0.123478E+02  0.000000E+00  0.000000E+00  0.000000E+00  0.125269E+02
  0.147849E+03  0.117931E+02  0.115929E+02  0.000000E+00  0.000000E+00  0.000000E+00  0.117680E+02
  0.152860E+03  0.110789E+02  0.108830E+02  0.000000E+00  0.000000E+00  0.000000E+00  0.110544E+02
  0.158041E+03  0.104074E+02  0.102155E+02  0.000000E+00  0.000000E+00  0.000000E+00  0.103834E+02
  0.163398E+03  0.977600E+01  0.958781E+01  0.000000E+00  0.000000E+00  0.000000E+00  0.975248E+01
  0.168936E+03  0.918234E+01  0.899768E+01  0.000000E+00  0.000000E+00  0.000000E+00  0.915926E+01
  0.174662E+03  0.862417E+01  0.844284E+01  0.000000E+00  0.000000E+00  0.000000E+00  0.860150E+01
  0.180583E+03  0.809936E+01  0.792118E+01  0.000000E+00  0.000000E+00  0.000000E+00  0.807709E+01
  0.186704E+03  0.760598E+01  0.743078E+01  0.000000E+00  0.000000E+00  0.000000E+00  0.758408E+01
  0.193032E+03  0.714213E+01  0.696975E+01  0.000000E+00  0.000000E+00  0.000000E+00  0.712059E+01
  0.199574E+03  0.670605E+01  0.653634E+01  0.000000E+00  0.000000E+00  0.000000E+00  0.668484E+01
  0.206339E+03  0.629610E+01  0.612893E+01  0.000000E+00  0.000000E+00  0.000000E+00  0.627520E+01
