  0.119218E-04  0.145716E+08  0.145716E+08  0.194184E+08  0.194184E+08  0.000000E+00  0.145716E+08
  0.123258E-04  0.145716E+08  0.145716E+08  0.194177E+08  0.194177E+08  0.000000E+00  0.145716E+08
  0.127436E-04  0.145716E+08  0.145716E+08  0.194169E+08  0.194169E+08  0.000000E+00  0.145716E+08
  0.131756E-04  0.145716E+08  0.145716E+08  0.194161E+08  0.194161E+08  0.000000E+00  0.145716E+08
  0.136222E-04  0.145716E+08  0.145716E+08  0.194152E+08  0.194152E+08  0.000000E+00  0.145716E+08
  0.140839E-04  0.145716E+08  0.145716E+08  0.194143E+08  0.194143E+08  0.000000E+00  0.145716E+08
  0.145613E-04  0.145716E+08  0.145716E+08  0.194133E+08  0.194133E+08  0.000000E+00  0.145716E+08
  0.150548E-04  0.145716E+08  0.145716E+08  0.194122E+08  0.194122E+08  0.000000E+00  0.145716E+08
  0.155651E-04  0.145716E+08  0.145716E+08  0.194111E+08  0.194111E+08  0.000000E+00  0.145716E+08
  0.160927E-04  0.145716E+08  0.145716E+08  0.194099E+08  0.194098E+08  0.000000E+00  0.145716E+08
  0.166382E-04  0.145716E+08  0.145716E+08  0.194086E+08  0.194085E+08  0.000000E+00  0.145716E+08
  0.172021E-04  0.145716E+08  0.145716E+08  0.194072E+08  0.194071E+08  0.000000E+00  0.145716E+08
  0.177852E-04  0.145716E+08  0.145716E+08  0.194057E+08  0.194056E+08  0.000000E+00  0.145716E+08
  0.183880E-04  0.145716E+08  0.145716E+08  0.194041E+08  0.194040E+08  0.000000E+00  0.145716E+08
  0.190113E-04  0.145716E+08  0.145716E+08  0.194024E+08  0.194023E+08  0.000000E+00  0.145716E+08
  0.196557E-04  0.145716E+08  0.145716E+08  0.194006E+08  0.194005E+08  0.000000E+00  0.145716E+08
  0.203219E-04  0.145716E+08  0.145716E+08  0.193986E+08  0.193986E+08  0.000000E+00  0.145716E+08
  0.210107E-04  0.145716E+08  0.145716E+08  0.193965E+08  0.193965E+08  0.000000E+00  0.145716E+08
  0.217229E-04  0.145715E+08  0.145715E+08  0.193943E+08  0.193943E+08  0.000000E+00  0.145715E+08
  0.224592E-04  0.145715E+08  0.145715E+08  0.193919E+08  0.193919E+08  0.000000E+00  0.145715E+08
  0.232204E-04  0.145715E+08  0.145715E+08  0.193894E+08  0.193893E+08  0.000000E+00  0.145715E+08
  0.240075E-04  0.145715E+08  0.145715E+08  0.193867E+08  0.193866E+08  0.000000E+00  0.145715E+08
  0.248212E-04  0.145715E+08  0.145715E+08  0.193838E+08  0.193837E+08  0.000000E+00  0.145715E+08
  0.256625E-04  0.145715E+08  0.145715E+08  0.193807E+08  0.193806E+08  0.000000E+00  0.145715E+08
  0.265324E-04  0.145715E+08  0.145715E+08  0.193774E+08  0.193773E+08  0.000000E+00  0.145715E+08
  0.274317E-04  0.145715E+08  0.145715E+08  0.193738E+08  0.193737E+08  0.000000E+00  0.145715E+08
  0.283615E-04  0.145715E+08  0.145715E+08  0.193701E+08  0.193700E+08  0.000000E+00  0.145715E+08
  0.293228E-04  0.145715E+08  0.145715E+08  0.193660E+08  0.193659E+08  0.000000E+00  0.145715E+08
  0.303167E-04  0.145715E+08  0.145715E+08  0.193617E+08  0.193616E+08  0.000000E+00  0.145715E+08
  0.313443E-04  0.145715E+08  0.145715E+08  0.193571E+08  0.193569E+08  0.000000E+00  0.145715E+08
  0.324067E-04  0.145715E+08  0.145715E+08  0.193521E+08  0.193520E+08  0.000000E+00  0.145715E+08
  0.335051E-04  0.145715E+08  0.145715E+08  0.193469E+08  0.193467E+08  0.000000E+00  0.145715E+08
  0.346408E-04  0.145715E+08  0.145715E+08  0.193412E+08  0.193411E+08  0.000000E+00  0.145715E+08
  0.358149E-04  0.145715E+08  0.145715E+08  0.193352E+08  0.193350E+08  0.000000E+00  0.145715E+08
  0.370289E-04  0.145714E+08  0.145714E+08  0.193288E+08  0.193286E+08  0.000000E+00  0.145714E+08
  0.382840E-04  0.145714E+08  0.145714E+08  0.193219E+08  0.193217E+08  0.000000E+00  0.145714E+08
  0.395816E-04  0.145714E+08  0.145714E+08  0.193145E+08  0.193143E+08  0.000000E+00  0.145714E+08
  0.409233E-04  0.145714E+08  0.145714E+08  0.193067E+08  0.193065E+08  0.000000E+00  0.145714E+08
  0.423104E-04  0.145714E+08  0.145714E+08  0.192983E+08  0.192981E+08  0.000000E+00  0.145714E+08
  0.437445E-04  0.145714E+08  0.145714E+08  0.192893E+08  0.192891E+08  0.000000E+00  0.145714E+08
  0.452272E-04  0.145714E+08  0.145714E+08  0.192797E+08  0.192795E+08  0.000000E+00  0.145714E+08
  0.467602E-04  0.145714E+08  0.145714E+08  0.192695E+08  0.192692E+08  0.000000E+00  0.145714E+08
  0.483451E-04  0.145713E+08  0.145713E+08  0.192586E+08  0.192583E+08  0.000000E+00  0.145713E+08
  0.499838E-04  0.145713E+08  0.145713E+08  0.192469E+08  0.192466E+08  0.000000E+00  0.145713E+08
  0.516780E-04  0.145713E+08  0.145713E+08  0.192344E+08  0.192341E+08  0.000000E+00  0.145713E+08
  0.534296E-04  0.145713E+08  0.145713E+08  0.192210E+08  0.192207E+08  0.000000E+00  0.145713E+08
  0.552406E-04  0.145713E+08  0.145713E+08  0.192068E+08  0.192064E+08  0.000000E+00  0.145713E+08
  0.571130E-04  0.145712E+08  0.145712E+08  0.191916E+08  0.191912E+08  0.000000E+00  0.145712E+08
  0.590489E-04  0.145712E+08  0.145712E+08  0.191753E+08  0.191749E+08  0.000000E+00  0.145712E+08
  0.610503E-04  0.145712E+08  0.145712E+08  0.191580E+08  0.191575E+08  0.000000E+00  0.145712E+08
  0.631196E-04  0.145712E+08  0.145712E+08  0.191394E+08  0.191389E+08  0.000000E+00  0.145712E+08
  0.652591E-04  0.145711E+08  0.145711E+08  0.191196E+08  0.191191E+08  0.000000E+00  0.145711E+08
  0.674711E-04  0.145711E+08  0.145711E+08  0.190985E+08  0.190979E+08  0.000000E+00  0.145711E+08
  0.697580E-04  0.145711E+08  0.145711E+08  0.190759E+08  0.190753E+08  0.000000E+00  0.145711E+08
  0.721224E-04  0.145710E+08  0.145710E+08  0.190518E+08  0.190512E+08  0.000000E+00  0.145710E+08
  0.745670E-04  0.145710E+08  0.145710E+08  0.190261E+08  0.190254E+08  0.000000E+00  0.145710E+08
  0.770945E-04  0.145710E+08  0.145710E+08  0.189986E+08  0.189978E+08  0.000000E+00  0.145710E+08
  0.797076E-04  0.145709E+08  0.145709E+08  0.189692E+08  0.189685E+08  0.000000E+00  0.145709E+08
  0.824093E-04  0.145709E+08  0.145709E+08  0.189379E+08  0.189371E+08  0.000000E+00  0.145709E+08
  0.852026E-04  0.145708E+08  0.145708E+08  0.189045E+08  0.189036E+08  0.000000E+00  0.145708E+08
  0.880905E-04  0.145708E+08  0.145708E+08  0.188689E+08  0.188679E+08  0.000000E+00  0.145708E+08
  0.910764E-04  0.145707E+08  0.145707E+08  0.188308E+08  0.188298E+08  0.000000E+00  0.145707E+08
  0.941634E-04  0.145706E+08  0.145706E+08  0.187902E+08  0.187892E+08  0.000000E+00  0.145706E+08
  0.973551E-04  0.145706E+08  0.145706E+08  0.187469E+08  0.187458E+08  0.000000E+00  0.145706E+08
  0.100655E-03  0.145705E+08  0.145705E+08  0.187008E+08  0.186995E+08  0.000000E+00  0.145705E+08
  0.104067E-03  0.145704E+08  0.145704E+08  0.186515E+08  0.186502E+08  0.000000E+00  0.145704E+08
  0.107594E-03  0.145703E+08  0.145703E+08  0.185990E+08  0.185976E+08  0.000000E+00  0.145703E+08
  0.111241E-03  0.145703E+08  0.145703E+08  0.185430E+08  0.185415E+08  0.000000E+00  0.145703E+08
  0.115011E-03  0.145702E+08  0.145702E+08  0.184833E+08  0.184818E+08  0.000000E+00  0.145702E+08
  0.118910E-03  0.145701E+08  0.145701E+08  0.184198E+08  0.184181E+08  0.000000E+00  0.145701E+08
  0.122940E-03  0.145700E+08  0.145700E+08  0.183520E+08  0.183502E+08  0.000000E+00  0.145700E+08
  0.127107E-03  0.145698E+08  0.145698E+08  0.182799E+08  0.182779E+08  0.000000E+00  0.145698E+08
  0.131416E-03  0.145697E+08  0.145697E+08  0.182030E+08  0.182010E+08  0.000000E+00  0.145697E+08
  0.135870E-03  0.145696E+08  0.145696E+08  0.181212E+08  0.181190E+08  0.000000E+00  0.145696E+08
  0.140475E-03  0.145695E+08  0.145695E+08  0.180341E+08  0.180318E+08  0.000000E+00  0.145695E+08
  0.145237E-03  0.145693E+08  0.145693E+08  0.179415E+08  0.179390E+08  0.000000E+00  0.145693E+08
  0.150160E-03  0.145692E+08  0.145692E+08  0.178430E+08  0.178403E+08  0.000000E+00  0.145692E+08
  0.155249E-03  0.145690E+08  0.145690E+08  0.177382E+08  0.177354E+08  0.000000E+00  0.145690E+08
  0.160511E-03  0.145688E+08  0.145688E+08  0.176268E+08  0.176238E+08  0.000000E+00  0.145688E+08
  0.165952E-03  0.145686E+08  0.145686E+08  0.175085E+08  0.175053E+08  0.000000E+00  0.145686E+08
  0.171577E-03  0.145684E+08  0.145684E+08  0.173828E+08  0.173794E+08  0.000000E+00  0.145684E+08
  0.177393E-03  0.145682E+08  0.145682E+08  0.172494E+08  0.172458E+08  0.000000E+00  0.145682E+08
  0.183405E-03  0.145680E+08  0.145680E+08  0.171078E+08  0.171041E+08  0.000000E+00  0.145680E+08
  0.189622E-03  0.145677E+08  0.145677E+08  0.169577E+08  0.169537E+08  0.000000E+00  0.145677E+08
  0.196049E-03  0.145674E+08  0.145674E+08  0.167986E+08  0.167943E+08  0.000000E+00  0.145674E+08
  0.202694E-03  0.145672E+08  0.145672E+08  0.166301E+08  0.166255E+08  0.000000E+00  0.145672E+08
  0.209565E-03  0.145669E+08  0.145669E+08  0.164516E+08  0.164469E+08  0.000000E+00  0.145669E+08
  0.216668E-03  0.145665E+08  0.145665E+08  0.162629E+08  0.162578E+08  0.000000E+00  0.145665E+08
  0.224012E-03  0.145662E+08  0.145662E+08  0.160634E+08  0.160580E+08  0.000000E+00  0.145662E+08
  0.231605E-03  0.145658E+08  0.145658E+08  0.158526E+08  0.158469E+08  0.000000E+00  0.145658E+08
  0.239455E-03  0.145654E+08  0.145654E+08  0.156302E+08  0.156242E+08  0.000000E+00  0.145654E+08
  0.247571E-03  0.145650E+08  0.145650E+08  0.153956E+08  0.153893E+08  0.000000E+00  0.145650E+08
  0.255963E-03  0.145646E+08  0.145645E+08  0.151486E+08  0.151419E+08  0.000000E+00  0.145646E+08
  0.264639E-03  0.145641E+08  0.145641E+08  0.148886E+08  0.148816E+08  0.000000E+00  0.145641E+08
  0.273609E-03  0.145636E+08  0.145636E+08  0.146153E+08  0.146079E+08  0.000000E+00  0.145636E+08
  0.282883E-03  0.145630E+08  0.145630E+08  0.143284E+08  0.143206E+08  0.000000E+00  0.145630E+08
  0.292471E-03  0.145624E+08  0.145624E+08  0.140276E+08  0.140194E+08  0.000000E+00  0.145624E+08
  0.302384E-03  0.145618E+08  0.145618E+08  0.137126E+08  0.137040E+08  0.000000E+00  0.145618E+08
  0.312634E-03  0.145612E+08  0.145612E+08  0.133833E+08  0.133742E+08  0.000000E+00  0.145612E+08
  0.323230E-03  0.145605E+08  0.145605E+08  0.130395E+08  0.130300E+08  0.000000E+00  0.145605E+08
  0.334186E-03  0.145597E+08  0.145597E+08  0.126813E+08  0.126713E+08  0.000000E+00  0.145597E+08
  0.345514E-03  0.145589E+08  0.145589E+08  0.123087E+08  0.122983E+08  0.000000E+00  0.145589E+08
  0.357225E-03  0.145581E+08  0.145580E+08  0.119219E+08  0.119111E+08  0.000000E+00  0.145581E+08
  0.369333E-03  0.145572E+08  0.145571E+08  0.115213E+08  0.115100E+08  0.000000E+00  0.145572E+08
  0.381852E-03  0.145562E+08  0.145562E+08  0.111073E+08  0.110955E+08  0.000000E+00  0.145562E+08
  0.394794E-03  0.145552E+08  0.145551E+08  0.106805E+08  0.106683E+08  0.000000E+00  0.145552E+08
  0.408176E-03  0.145541E+08  0.145541E+08  0.102418E+08  0.102291E+08  0.000000E+00  0.145541E+08
  0.422011E-03  0.145529E+08  0.145529E+08  0.979205E+07  0.977886E+07  0.000000E+00  0.145529E+08
  0.436315E-03  0.145517E+08  0.145516E+08  0.933253E+07  0.931887E+07  0.000000E+00  0.145517E+08
  0.451104E-03  0.145503E+08  0.145503E+08  0.886460E+07  0.885048E+07  0.000000E+00  0.145503E+08
  0.466395E-03  0.145489E+08  0.145489E+08  0.838987E+07  0.837529E+07  0.000000E+00  0.145489E+08
  0.482203E-03  0.145475E+08  0.145474E+08  0.791019E+07  0.789514E+07  0.000000E+00  0.145475E+08
  0.498547E-03  0.145459E+08  0.145459E+08  0.742761E+07  0.741211E+07  0.000000E+00  0.145459E+08
  0.515446E-03  0.145442E+08  0.145442E+08  0.694444E+07  0.692849E+07  0.000000E+00  0.145442E+08
  0.532917E-03  0.145424E+08  0.145424E+08  0.646318E+07  0.644678E+07  0.000000E+00  0.145424E+08
  0.550980E-03  0.145405E+08  0.145405E+08  0.598652E+07  0.596969E+07  0.000000E+00  0.145405E+08
  0.569656E-03  0.145385E+08  0.145385E+08  0.551736E+07  0.550008E+07  0.000000E+00  0.145385E+08
  0.588964E-03  0.145364E+08  0.145364E+08  0.505871E+07  0.504098E+07  0.000000E+00  0.145364E+08
  0.608927E-03  0.145341E+08  0.145341E+08  0.461366E+07  0.459548E+07  0.000000E+00  0.145341E+08
  0.629567E-03  0.145317E+08  0.145317E+08  0.418537E+07  0.416671E+07  0.000000E+00  0.145317E+08
  0.650906E-03  0.145292E+08  0.145292E+08  0.377692E+07  0.375777E+07  0.000000E+00  0.145292E+08
  0.672969E-03  0.145265E+08  0.145265E+08  0.339130E+07  0.337164E+07  0.000000E+00  0.145265E+08
  0.695779E-03  0.145237E+08  0.145236E+08  0.303129E+07  0.301107E+07  0.000000E+00  0.145236E+08
  0.719362E-03  0.145206E+08  0.145206E+08  0.269935E+07  0.267853E+07  0.000000E+00  0.145206E+08
  0.743745E-03  0.145175E+08  0.145174E+08  0.239753E+07  0.237606E+07  0.000000E+00  0.145175E+08
  0.768955E-03  0.145141E+08  0.145141E+08  0.212734E+07  0.210518E+07  0.000000E+00  0.145141E+08
  0.795018E-03  0.145106E+08  0.145105E+08  0.188969E+07  0.186678E+07  0.000000E+00  0.145105E+08
  0.821966E-03  0.145068E+08  0.145068E+08  0.168473E+07  0.166102E+07  0.000000E+00  0.145068E+08
  0.849826E-03  0.145028E+08  0.145028E+08  0.151184E+07  0.148729E+07  0.000000E+00  0.145028E+08
  0.878631E-03  0.144987E+08  0.144986E+08  0.136953E+07  0.134411E+07  0.000000E+00  0.144987E+08
  0.908413E-03  0.144943E+08  0.144942E+08  0.125546E+07  0.122916E+07  0.000000E+00  0.144943E+08
  0.939203E-03  0.144896E+08  0.144896E+08  0.116643E+07  0.113929E+07  0.000000E+00  0.144896E+08
  0.971038E-03  0.144847E+08  0.144847E+08  0.109853E+07  0.107061E+07  0.000000E+00  0.144847E+08
  0.100395E-02  0.144796E+08  0.144795E+08  0.104723E+07  0.101866E+07  0.000000E+00  0.144796E+08
  0.103798E-02  0.144742E+08  0.144741E+08  0.100763E+07  0.978573E+06  0.000000E+00  0.144741E+08
  0.107316E-02  0.144685E+08  0.144684E+08  0.974705E+06  0.945394E+06  0.000000E+00  0.144684E+08
  0.110954E-02  0.144625E+08  0.144624E+08  0.943611E+06  0.914347E+06  0.000000E+00  0.144624E+08
  0.114715E-02  0.144561E+08  0.144560E+08  0.910054E+06  0.881188E+06  0.000000E+00  0.144561E+08
  0.118603E-02  0.144495E+08  0.144494E+08  0.870615E+06  0.842540E+06  0.000000E+00  0.144495E+08
  0.122623E-02  0.144425E+08  0.144424E+08  0.823059E+06  0.796190E+06  0.000000E+00  0.144425E+08
  0.126779E-02  0.144352E+08  0.144351E+08  0.766565E+06  0.741304E+06  0.000000E+00  0.144352E+08
  0.131076E-02  0.144275E+08  0.144274E+08  0.701825E+06  0.678532E+06  0.000000E+00  0.144275E+08
  0.135519E-02  0.144194E+08  0.144193E+08  0.630997E+06  0.609941E+06  0.000000E+00  0.144194E+08
  0.140113E-02  0.144110E+08  0.144108E+08  0.557461E+06  0.538781E+06  0.000000E+00  0.144109E+08
  0.144862E-02  0.144021E+08  0.144019E+08  0.485382E+06  0.469050E+06  0.000000E+00  0.144021E+08
  0.149772E-02  0.143927E+08  0.143926E+08  0.419125E+06  0.404924E+06  0.000000E+00  0.143927E+08
  0.154848E-02  0.143830E+08  0.143828E+08  0.362560E+06  0.350080E+06  0.000000E+00  0.143829E+08
  0.160097E-02  0.143727E+08  0.143725E+08  0.318374E+06  0.307039E+06  0.000000E+00  0.143727E+08
  0.165524E-02  0.143620E+08  0.143618E+08  0.287515E+06  0.276639E+06  0.000000E+00  0.143619E+08
  0.171134E-02  0.143507E+08  0.143505E+08  0.268906E+06  0.257774E+06  0.000000E+00  0.143507E+08
  0.176935E-02  0.143389E+08  0.143387E+08  0.259533E+06  0.247503E+06  0.000000E+00  0.143389E+08
  0.182932E-02  0.143265E+08  0.143263E+08  0.000000E+00  0.000000E+00  0.000000E+00  0.143265E+08
  0.189132E-02  0.143136E+08  0.143134E+08  0.000000E+00  0.000000E+00  0.000000E+00  0.143136E+08
  0.195543E-02  0.143001E+08  0.142998E+08  0.000000E+00  0.000000E+00  0.000000E+00  0.143000E+08
  0.202171E-02  0.142859E+08  0.142856E+08  0.000000E+00  0.000000E+00  0.000000E+00  0.142859E+08
  0.209024E-02  0.142711E+08  0.142708E+08  0.000000E+00  0.000000E+00  0.000000E+00  0.142711E+08
  0.216108E-02  0.142556E+08  0.142553E+08  0.000000E+00  0.000000E+00  0.000000E+00  0.142556E+08
  0.223433E-02  0.142394E+08  0.142391E+08  0.000000E+00  0.000000E+00  0.000000E+00  0.142394E+08
  0.231007E-02  0.142225E+08  0.142221E+08  0.000000E+00  0.000000E+00  0.000000E+00  0.142225E+08
  0.238837E-02  0.142049E+08  0.142045E+08  0.000000E+00  0.000000E+00  0.000000E+00  0.142048E+08
  0.246932E-02  0.141864E+08  0.141860E+08  0.000000E+00  0.000000E+00  0.000000E+00  0.141864E+08
  0.255302E-02  0.141672E+08  0.141667E+08  0.000000E+00  0.000000E+00  0.000000E+00  0.141671E+08
  0.263955E-02  0.141471E+08  0.141466E+08  0.000000E+00  0.000000E+00  0.000000E+00  0.141470E+08
  0.272902E-02  0.141261E+08  0.141255E+08  0.000000E+00  0.000000E+00  0.000000E+00  0.141260E+08
  0.282152E-02  0.141042E+08  0.141036E+08  0.000000E+00  0.000000E+00  0.000000E+00  0.141041E+08
  0.291716E-02  0.140814E+08  0.140808E+08  0.000000E+00  0.000000E+00  0.000000E+00  0.140813E+08
  0.301604E-02  0.140576E+08  0.140570E+08  0.000000E+00  0.000000E+00  0.000000E+00  0.140575E+08
  0.311826E-02  0.140329E+08  0.140322E+08  0.000000E+00  0.000000E+00  0.000000E+00  0.140328E+08
  0.322396E-02  0.140070E+08  0.140063E+08  0.000000E+00  0.000000E+00  0.000000E+00  0.140070E+08
  0.333323E-02  0.139802E+08  0.139794E+08  0.000000E+00  0.000000E+00  0.000000E+00  0.139801E+08
  0.344622E-02  0.139522E+08  0.139513E+08  0.000000E+00  0.000000E+00  0.000000E+00  0.139521E+08
  0.356302E-02  0.139231E+08  0.139222E+08  0.000000E+00  0.000000E+00  0.000000E+00  0.139230E+08
  0.368380E-02  0.138928E+08  0.138918E+08  0.000000E+00  0.000000E+00  0.000000E+00  0.138927E+08
  0.380866E-02  0.138613E+08  0.138603E+08  0.000000E+00  0.000000E+00  0.000000E+00  0.138612E+08
  0.393775E-02  0.138285E+08  0.138274E+08  0.000000E+00  0.000000E+00  0.000000E+00  0.138284E+08
  0.407122E-02  0.137945E+08  0.137933E+08  0.000000E+00  0.000000E+00  0.000000E+00  0.137944E+08
  0.420922E-02  0.137591E+08  0.137579E+08  0.000000E+00  0.000000E+00  0.000000E+00  0.137590E+08
  0.435189E-02  0.137224E+08  0.137211E+08  0.000000E+00  0.000000E+00  0.000000E+00  0.137222E+08
  0.449940E-02  0.136843E+08  0.136828E+08  0.000000E+00  0.000000E+00  0.000000E+00  0.136841E+08
  0.465190E-02  0.136447E+08  0.136432E+08  0.000000E+00  0.000000E+00  0.000000E+00  0.136445E+08
  0.480958E-02  0.136036E+08  0.136020E+08  0.000000E+00  0.000000E+00  0.000000E+00  0.136034E+08
  0.497260E-02  0.135610E+08  0.135593E+08  0.000000E+00  0.000000E+00  0.000000E+00  0.135608E+08
  0.514115E-02  0.135169E+08  0.135150E+08  0.000000E+00  0.000000E+00  0.000000E+00  0.135166E+08
  0.531541E-02  0.134711E+08  0.134691E+08  0.000000E+00  0.000000E+00  0.000000E+00  0.134708E+08
  0.549557E-02  0.134236E+08  0.134215E+08  0.000000E+00  0.000000E+00  0.000000E+00  0.134234E+08
  0.568185E-02  0.133745E+08  0.133723E+08  0.000000E+00  0.000000E+00  0.000000E+00  0.133742E+08
  0.587443E-02  0.133236E+08  0.133212E+08  0.000000E+00  0.000000E+00  0.000000E+00  0.133233E+08
  0.607355E-02  0.132709E+08  0.132684E+08  0.000000E+00  0.000000E+00  0.000000E+00  0.132706E+08
  0.627942E-02  0.132164E+08  0.132137E+08  0.000000E+00  0.000000E+00  0.000000E+00  0.132161E+08
  0.649226E-02  0.131600E+08  0.131571E+08  0.000000E+00  0.000000E+00  0.000000E+00  0.131596E+08
  0.671231E-02  0.131017E+08  0.130986E+08  0.000000E+00  0.000000E+00  0.000000E+00  0.131013E+08
  0.693983E-02  0.130414E+08  0.130381E+08  0.000000E+00  0.000000E+00  0.000000E+00  0.130410E+08
  0.717505E-02  0.129791E+08  0.129756E+08  0.000000E+00  0.000000E+00  0.000000E+00  0.129786E+08
  0.741825E-02  0.129147E+08  0.129110E+08  0.000000E+00  0.000000E+00  0.000000E+00  0.129142E+08
  0.766969E-02  0.128482E+08  0.128442E+08  0.000000E+00  0.000000E+00  0.000000E+00  0.128477E+08
  0.792966E-02  0.127795E+08  0.127753E+08  0.000000E+00  0.000000E+00  0.000000E+00  0.127790E+08
  0.819844E-02  0.127086E+08  0.127041E+08  0.000000E+00  0.000000E+00  0.000000E+00  0.127080E+08
  0.847632E-02  0.126354E+08  0.126307E+08  0.000000E+00  0.000000E+00  0.000000E+00  0.126348E+08
  0.876363E-02  0.125599E+08  0.125549E+08  0.000000E+00  0.000000E+00  0.000000E+00  0.125593E+08
  0.906067E-02  0.124821E+08  0.124768E+08  0.000000E+00  0.000000E+00  0.000000E+00  0.124814E+08
  0.936778E-02  0.124018E+08  0.123962E+08  0.000000E+00  0.000000E+00  0.000000E+00  0.124011E+08
  0.968530E-02  0.123191E+08  0.123131E+08  0.000000E+00  0.000000E+00  0.000000E+00  0.123184E+08
  0.100136E-01  0.122339E+08  0.122275E+08  0.000000E+00  0.000000E+00  0.000000E+00  0.122331E+08
  0.103530E-01  0.121460E+08  0.121393E+08  0.000000E+00  0.000000E+00  0.000000E+00  0.121452E+08
  0.107039E-01  0.120556E+08  0.120484E+08  0.000000E+00  0.000000E+00  0.000000E+00  0.120547E+08
  0.110667E-01  0.119625E+08  0.119549E+08  0.000000E+00  0.000000E+00  0.000000E+00  0.119615E+08
  0.114418E-01  0.118667E+08  0.118586E+08  0.000000E+00  0.000000E+00  0.000000E+00  0.118656E+08
  0.118297E-01  0.117680E+08  0.117595E+08  0.000000E+00  0.000000E+00  0.000000E+00  0.117670E+08
  0.122306E-01  0.116666E+08  0.116575E+08  0.000000E+00  0.000000E+00  0.000000E+00  0.116655E+08
  0.126452E-01  0.115623E+08  0.115527E+08  0.000000E+00  0.000000E+00  0.000000E+00  0.115611E+08
  0.130738E-01  0.114551E+08  0.114448E+08  0.000000E+00  0.000000E+00  0.000000E+00  0.114538E+08
  0.135169E-01  0.113449E+08  0.113340E+08  0.000000E+00  0.000000E+00  0.000000E+00  0.113435E+08
  0.139751E-01  0.112316E+08  0.112202E+08  0.000000E+00  0.000000E+00  0.000000E+00  0.112302E+08
  0.144488E-01  0.111153E+08  0.111033E+08  0.000000E+00  0.000000E+00  0.000000E+00  0.111138E+08
  0.149385E-01  0.109960E+08  0.109832E+08  0.000000E+00  0.000000E+00  0.000000E+00  0.109944E+08
  0.154449E-01  0.108734E+08  0.108600E+08  0.000000E+00  0.000000E+00  0.000000E+00  0.108718E+08
  0.159684E-01  0.107478E+08  0.107335E+08  0.000000E+00  0.000000E+00  0.000000E+00  0.107460E+08
  0.165096E-01  0.106189E+08  0.106039E+08  0.000000E+00  0.000000E+00  0.000000E+00  0.106170E+08
  0.170692E-01  0.104868E+08  0.104710E+08  0.000000E+00  0.000000E+00  0.000000E+00  0.104848E+08
  0.176478E-01  0.103514E+08  0.103348E+08  0.000000E+00  0.000000E+00  0.000000E+00  0.103494E+08
  0.182460E-01  0.102129E+08  0.101954E+08  0.000000E+00  0.000000E+00  0.000000E+00  0.102107E+08
  0.188644E-01  0.100711E+08  0.100527E+08  0.000000E+00  0.000000E+00  0.000000E+00  0.100688E+08
  0.195038E-01  0.992603E+07  0.990677E+07  0.000000E+00  0.000000E+00  0.000000E+00  0.992362E+07
  0.201649E-01  0.977780E+07  0.975761E+07  0.000000E+00  0.000000E+00  0.000000E+00  0.977528E+07
  0.208484E-01  0.962641E+07  0.960527E+07  0.000000E+00  0.000000E+00  0.000000E+00  0.962377E+07
  0.215550E-01  0.947191E+07  0.944981E+07  0.000000E+00  0.000000E+00  0.000000E+00  0.946915E+07
  0.222857E-01  0.931438E+07  0.929129E+07  0.000000E+00  0.000000E+00  0.000000E+00  0.931149E+07
  0.230410E-01  0.915389E+07  0.912982E+07  0.000000E+00  0.000000E+00  0.000000E+00  0.915088E+07
  0.238220E-01  0.899057E+07  0.896550E+07  0.000000E+00  0.000000E+00  0.000000E+00  0.898744E+07
  0.246295E-01  0.882454E+07  0.879848E+07  0.000000E+00  0.000000E+00  0.000000E+00  0.882129E+07
  0.254643E-01  0.865597E+07  0.862893E+07  0.000000E+00  0.000000E+00  0.000000E+00  0.865259E+07
  0.263274E-01  0.848503E+07  0.845702E+07  0.000000E+00  0.000000E+00  0.000000E+00  0.848153E+07
  0.272198E-01  0.831193E+07  0.828298E+07  0.000000E+00  0.000000E+00  0.000000E+00  0.830831E+07
  0.281424E-01  0.813692E+07  0.810706E+07  0.000000E+00  0.000000E+00  0.000000E+00  0.813319E+07
  0.290963E-01  0.796027E+07  0.792955E+07  0.000000E+00  0.000000E+00  0.000000E+00  0.795643E+07
  0.300825E-01  0.778229E+07  0.775075E+07  0.000000E+00  0.000000E+00  0.000000E+00  0.777835E+07
  0.311021E-01  0.760331E+07  0.757102E+07  0.000000E+00  0.000000E+00  0.000000E+00  0.759928E+07
  0.321564E-01  0.742371E+07  0.739075E+07  0.000000E+00  0.000000E+00  0.000000E+00  0.741959E+07
  0.332463E-01  0.724389E+07  0.721034E+07  0.000000E+00  0.000000E+00  0.000000E+00  0.723969E+07
  0.343732E-01  0.708758E+07  0.705354E+07  0.000000E+00  0.000000E+00  0.000000E+00  0.708332E+07
  0.355383E-01  0.690960E+07  0.687520E+07  0.000000E+00  0.000000E+00  0.000000E+00  0.690530E+07
  0.367428E-01  0.673281E+07  0.669817E+07  0.000000E+00  0.000000E+00  0.000000E+00  0.672848E+07
  0.379883E-01  0.655769E+07  0.652295E+07  0.000000E+00  0.000000E+00  0.000000E+00  0.655335E+07
  0.392759E-01  0.638477E+07  0.635008E+07  0.000000E+00  0.000000E+00  0.000000E+00  0.638043E+07
  0.406071E-01  0.621453E+07  0.618005E+07  0.000000E+00  0.000000E+00  0.000000E+00  0.621022E+07
  0.419835E-01  0.604579E+07  0.601168E+07  0.000000E+00  0.000000E+00  0.000000E+00  0.604153E+07
  0.434065E-01  0.586534E+07  0.583179E+07  0.000000E+00  0.000000E+00  0.000000E+00  0.586115E+07
  0.448778E-01  0.570350E+07  0.567068E+07  0.000000E+00  0.000000E+00  0.000000E+00  0.569940E+07
  0.463990E-01  0.554616E+07  0.551424E+07  0.000000E+00  0.000000E+00  0.000000E+00  0.554217E+07
  0.479716E-01  0.539372E+07  0.536288E+07  0.000000E+00  0.000000E+00  0.000000E+00  0.538987E+07
  0.495977E-01  0.524650E+07  0.521689E+07  0.000000E+00  0.000000E+00  0.000000E+00  0.524280E+07
  0.512787E-01  0.510467E+07  0.507645E+07  0.000000E+00  0.000000E+00  0.000000E+00  0.510114E+07
  0.530169E-01  0.497743E+07  0.495072E+07  0.000000E+00  0.000000E+00  0.000000E+00  0.497409E+07
  0.548139E-01  0.484612E+07  0.482103E+07  0.000000E+00  0.000000E+00  0.000000E+00  0.484298E+07
  0.566718E-01  0.471960E+07  0.469619E+07  0.000000E+00  0.000000E+00  0.000000E+00  0.471667E+07
  0.585927E-01  0.459739E+07  0.457570E+07  0.000000E+00  0.000000E+00  0.000000E+00  0.459468E+07
  0.605787E-01  0.447873E+07  0.445875E+07  0.000000E+00  0.000000E+00  0.000000E+00  0.447624E+07
  0.626320E-01  0.435720E+07  0.433888E+07  0.000000E+00  0.000000E+00  0.000000E+00  0.435491E+07
  0.647549E-01  0.424380E+07  0.422704E+07  0.000000E+00  0.000000E+00  0.000000E+00  0.424171E+07
  0.669498E-01  0.413184E+07  0.411649E+07  0.000000E+00  0.000000E+00  0.000000E+00  0.412992E+07
  0.692191E-01  0.402061E+07  0.400650E+07  0.000000E+00  0.000000E+00  0.000000E+00  0.401884E+07
  0.715653E-01  0.391108E+07  0.389799E+07  0.000000E+00  0.000000E+00  0.000000E+00  0.390945E+07
  0.739910E-01  0.379909E+07  0.378675E+07  0.000000E+00  0.000000E+00  0.000000E+00  0.379755E+07
  0.764989E-01  0.368574E+07  0.367391E+07  0.000000E+00  0.000000E+00  0.000000E+00  0.368426E+07
  0.790918E-01  0.357045E+07  0.355884E+07  0.000000E+00  0.000000E+00  0.000000E+00  0.356900E+07
  0.817727E-01  0.345291E+07  0.344127E+07  0.000000E+00  0.000000E+00  0.000000E+00  0.345145E+07
  0.845444E-01  0.333325E+07  0.332137E+07  0.000000E+00  0.000000E+00  0.000000E+00  0.333177E+07
  0.874100E-01  0.321212E+07  0.319983E+07  0.000000E+00  0.000000E+00  0.000000E+00  0.321059E+07
  0.903728E-01  0.309057E+07  0.307776E+07  0.000000E+00  0.000000E+00  0.000000E+00  0.308897E+07
  0.934360E-01  0.296983E+07  0.295649E+07  0.000000E+00  0.000000E+00  0.000000E+00  0.296816E+07
  0.966031E-01  0.285123E+07  0.283742E+07  0.000000E+00  0.000000E+00  0.000000E+00  0.284950E+07
  0.998774E-01  0.273612E+07  0.272198E+07  0.000000E+00  0.000000E+00  0.000000E+00  0.273436E+07
  0.103263E+00  0.262592E+07  0.261167E+07  0.000000E+00  0.000000E+00  0.000000E+00  0.262414E+07
  0.106763E+00  0.252202E+07  0.250795E+07  0.000000E+00  0.000000E+00  0.000000E+00  0.252026E+07
  0.110382E+00  0.242561E+07  0.241201E+07  0.000000E+00  0.000000E+00  0.000000E+00  0.242391E+07
  0.114123E+00  0.233735E+07  0.232450E+07  0.000000E+00  0.000000E+00  0.000000E+00  0.233574E+07
  0.117991E+00  0.225706E+07  0.224522E+07  0.000000E+00  0.000000E+00  0.000000E+00  0.225558E+07
  0.121990E+00  0.218367E+07  0.217298E+07  0.000000E+00  0.000000E+00  0.000000E+00  0.218234E+07
  0.126125E+00  0.211515E+07  0.210566E+07  0.000000E+00  0.000000E+00  0.000000E+00  0.211396E+07
  0.130400E+00  0.204894E+07  0.204057E+07  0.000000E+00  0.000000E+00  0.000000E+00  0.204789E+07
  0.134820E+00  0.198262E+07  0.197516E+07  0.000000E+00  0.000000E+00  0.000000E+00  0.198168E+07
  0.139390E+00  0.191447E+07  0.190764E+07  0.000000E+00  0.000000E+00  0.000000E+00  0.191361E+07
  0.144115E+00  0.184354E+07  0.183701E+07  0.000000E+00  0.000000E+00  0.000000E+00  0.184272E+07
  0.148999E+00  0.176950E+07  0.176295E+07  0.000000E+00  0.000000E+00  0.000000E+00  0.176868E+07
  0.154050E+00  0.169290E+07  0.168611E+07  0.000000E+00  0.000000E+00  0.000000E+00  0.169205E+07
  0.159272E+00  0.161555E+07  0.160841E+07  0.000000E+00  0.000000E+00  0.000000E+00  0.161465E+07
  0.164670E+00  0.154017E+07  0.153273E+07  0.000000E+00  0.000000E+00  0.000000E+00  0.153924E+07
  0.170252E+00  0.146952E+07  0.146198E+07  0.000000E+00  0.000000E+00  0.000000E+00  0.146858E+07
  0.176022E+00  0.140558E+07  0.139820E+07  0.000000E+00  0.000000E+00  0.000000E+00  0.140466E+07
  0.181989E+00  0.134887E+07  0.134195E+07  0.000000E+00  0.000000E+00  0.000000E+00  0.134800E+07
  0.188157E+00  0.129844E+07  0.129218E+07  0.000000E+00  0.000000E+00  0.000000E+00  0.129766E+07
  0.194535E+00  0.125228E+07  0.124675E+07  0.000000E+00  0.000000E+00  0.000000E+00  0.125159E+07
  0.201128E+00  0.120760E+07  0.120270E+07  0.000000E+00  0.000000E+00  0.000000E+00  0.120698E+07
  0.207946E+00  0.116158E+07  0.115708E+07  0.000000E+00  0.000000E+00  0.000000E+00  0.116101E+07
  0.214994E+00  0.111269E+07  0.110833E+07  0.000000E+00  0.000000E+00  0.000000E+00  0.111215E+07
  0.222281E+00  0.106137E+07  0.105694E+07  0.000000E+00  0.000000E+00  0.000000E+00  0.106082E+07
  0.229815E+00  0.100989E+07  0.100531E+07  0.000000E+00  0.000000E+00  0.000000E+00  0.100932E+07
  0.237605E+00  0.961156E+06  0.956527E+06  0.000000E+00  0.000000E+00  0.000000E+00  0.960578E+06
  0.245659E+00  0.917306E+06  0.912812E+06  0.000000E+00  0.000000E+00  0.000000E+00  0.916744E+06
  0.253985E+00  0.878714E+06  0.874547E+06  0.000000E+00  0.000000E+00  0.000000E+00  0.878193E+06
  0.262594E+00  0.843925E+06  0.840172E+06  0.000000E+00  0.000000E+00  0.000000E+00  0.843456E+06
  0.271495E+00  0.810350E+06  0.806952E+06  0.000000E+00  0.000000E+00  0.000000E+00  0.809925E+06
  0.280697E+00  0.775722E+06  0.772523E+06  0.000000E+00  0.000000E+00  0.000000E+00  0.775322E+06
  0.290211E+00  0.739682E+06  0.736525E+06  0.000000E+00  0.000000E+00  0.000000E+00  0.739288E+06
  0.300048E+00  0.703598E+06  0.700426E+06  0.000000E+00  0.000000E+00  0.000000E+00  0.703202E+06
  0.310218E+00  0.669626E+06  0.666503E+06  0.000000E+00  0.000000E+00  0.000000E+00  0.669236E+06
  0.320733E+00  0.639226E+06  0.636268E+06  0.000000E+00  0.000000E+00  0.000000E+00  0.638856E+06
  0.331605E+00  0.611695E+06  0.608973E+06  0.000000E+00  0.000000E+00  0.000000E+00  0.611354E+06
  0.342844E+00  0.585228E+06  0.582712E+06  0.000000E+00  0.000000E+00  0.000000E+00  0.584914E+06
  0.354465E+00  0.558437E+06  0.556034E+06  0.000000E+00  0.000000E+00  0.000000E+00  0.558136E+06
  0.366480E+00  0.531465E+06  0.529110E+06  0.000000E+00  0.000000E+00  0.000000E+00  0.531171E+06
  0.378902E+00  0.505654E+06  0.503358E+06  0.000000E+00  0.000000E+00  0.000000E+00  0.505367E+06
  0.391745E+00  0.481973E+06  0.479796E+06  0.000000E+00  0.000000E+00  0.000000E+00  0.481701E+06
  0.405023E+00  0.460085E+06  0.458054E+06  0.000000E+00  0.000000E+00  0.000000E+00  0.459831E+06
  0.418751E+00  0.438836E+06  0.436921E+06  0.000000E+00  0.000000E+00  0.000000E+00  0.438597E+06
  0.432945E+00  0.417737E+06  0.415894E+06  0.000000E+00  0.000000E+00  0.000000E+00  0.417506E+06
  0.447619E+00  0.397357E+06  0.395578E+06  0.000000E+00  0.000000E+00  0.000000E+00  0.397134E+06
  0.462792E+00  0.378329E+06  0.376639E+06  0.000000E+00  0.000000E+00  0.000000E+00  0.378118E+06
  0.478478E+00  0.360465E+06  0.358873E+06  0.000000E+00  0.000000E+00  0.000000E+00  0.360266E+06
  0.494696E+00  0.343185E+06  0.341673E+06  0.000000E+00  0.000000E+00  0.000000E+00  0.342996E+06
  0.511464E+00  0.326384E+06  0.324935E+06  0.000000E+00  0.000000E+00  0.000000E+00  0.326203E+06
  0.528800E+00  0.310433E+06  0.309051E+06  0.000000E+00  0.000000E+00  0.000000E+00  0.310260E+06
  0.546723E+00  0.295393E+06  0.294084E+06  0.000000E+00  0.000000E+00  0.000000E+00  0.295229E+06
  0.565255E+00  0.280977E+06  0.279735E+06  0.000000E+00  0.000000E+00  0.000000E+00  0.280822E+06
  0.584414E+00  0.267103E+06  0.265918E+06  0.000000E+00  0.000000E+00  0.000000E+00  0.266955E+06
  0.604223E+00  0.253912E+06  0.252785E+06  0.000000E+00  0.000000E+00  0.000000E+00  0.253771E+06
  0.624703E+00  0.241387E+06  0.240318E+06  0.000000E+00  0.000000E+00  0.000000E+00  0.241253E+06
  0.645878E+00  0.229395E+06  0.228378E+06  0.000000E+00  0.000000E+00  0.000000E+00  0.229268E+06
  0.667769E+00  0.217946E+06  0.216979E+06  0.000000E+00  0.000000E+00  0.000000E+00  0.217825E+06
  0.690404E+00  0.207062E+06  0.206145E+06  0.000000E+00  0.000000E+00  0.000000E+00  0.206947E+06
  0.713805E+00  0.196682E+06  0.195811E+06  0.000000E+00  0.000000E+00  0.000000E+00  0.196573E+06
  0.738000E+00  0.186781E+06  0.185953E+06  0.000000E+00  0.000000E+00  0.000000E+00  0.186678E+06
  0.763015E+00  0.177358E+06  0.176573E+06  0.000000E+00  0.000000E+00  0.000000E+00  0.177260E+06
  0.788877E+00  0.168383E+06  0.167637E+06  0.000000E+00  0.000000E+00  0.000000E+00  0.168290E+06
  0.815616E+00  0.159834E+06  0.159125E+06  0.000000E+00  0.000000E+00  0.000000E+00  0.159745E+06
  0.843261E+00  0.151696E+06  0.151024E+06  0.000000E+00  0.000000E+00  0.000000E+00  0.151612E+06
  0.871844E+00  0.143950E+06  0.143313E+06  0.000000E+00  0.000000E+00  0.000000E+00  0.143871E+06
  0.901395E+00  0.136580E+06  0.135975E+06  0.000000E+00  0.000000E+00  0.000000E+00  0.136505E+06
  0.931948E+00  0.129568E+06  0.128994E+06  0.000000E+00  0.000000E+00  0.000000E+00  0.129496E+06
  0.963536E+00  0.122898E+06  0.122354E+06  0.000000E+00  0.000000E+00  0.000000E+00  0.122830E+06
  0.996195E+00  0.116556E+06  0.116039E+06  0.000000E+00  0.000000E+00  0.000000E+00  0.116491E+06
  0.102996E+01  0.110525E+06  0.110035E+06  0.000000E+00  0.000000E+00  0.000000E+00  0.110464E+06
  0.106487E+01  0.104791E+06  0.104327E+06  0.000000E+00  0.000000E+00  0.000000E+00  0.104733E+06
  0.110097E+01  0.993408E+05  0.989008E+05  0.000000E+00  0.000000E+00  0.000000E+00  0.992858E+05
  0.113828E+01  0.941612E+05  0.937442E+05  0.000000E+00  0.000000E+00  0.000000E+00  0.941091E+05
  0.117687E+01  0.892398E+05  0.888446E+05  0.000000E+00  0.000000E+00  0.000000E+00  0.891904E+05
  0.121676E+01  0.845650E+05  0.841905E+05  0.000000E+00  0.000000E+00  0.000000E+00  0.845182E+05
  0.125800E+01  0.801249E+05  0.797701E+05  0.000000E+00  0.000000E+00  0.000000E+00  0.800806E+05
  0.130064E+01  0.759084E+05  0.755722E+05  0.000000E+00  0.000000E+00  0.000000E+00  0.758664E+05
  0.134472E+01  0.719048E+05  0.715864E+05  0.000000E+00  0.000000E+00  0.000000E+00  0.718650E+05
  0.139030E+01  0.681040E+05  0.678025E+05  0.000000E+00  0.000000E+00  0.000000E+00  0.680663E+05
  0.143743E+01  0.644965E+05  0.642109E+05  0.000000E+00  0.000000E+00  0.000000E+00  0.644608E+05
  0.148615E+01  0.610728E+05  0.608024E+05  0.000000E+00  0.000000E+00  0.000000E+00  0.610390E+05
  0.153652E+01  0.578238E+05  0.575678E+05  0.000000E+00  0.000000E+00  0.000000E+00  0.577918E+05
  0.158860E+01  0.547415E+05  0.544991E+05  0.000000E+00  0.000000E+00  0.000000E+00  0.547112E+05
  0.164245E+01  0.518175E+05  0.515880E+05  0.000000E+00  0.000000E+00  0.000000E+00  0.517888E+05
  0.169812E+01  0.490444E+05  0.488273E+05  0.000000E+00  0.000000E+00  0.000000E+00  0.490173E+05
  0.175568E+01  0.464148E+05  0.462093E+05  0.000000E+00  0.000000E+00  0.000000E+00  0.463891E+05
  0.181519E+01  0.439214E+05  0.437269E+05  0.000000E+00  0.000000E+00  0.000000E+00  0.438970E+05
  0.187671E+01  0.415574E+05  0.413734E+05  0.000000E+00  0.000000E+00  0.000000E+00  0.415344E+05
  0.194032E+01  0.393166E+05  0.391425E+05  0.000000E+00  0.000000E+00  0.000000E+00  0.392948E+05
  0.200609E+01  0.371928E+05  0.370282E+05  0.000000E+00  0.000000E+00  0.000000E+00  0.371723E+05
  0.207409E+01  0.351801E+05  0.350243E+05  0.000000E+00  0.000000E+00  0.000000E+00  0.351606E+05
  0.214439E+01  0.332729E+05  0.331256E+05  0.000000E+00  0.000000E+00  0.000000E+00  0.332545E+05
  0.221707E+01  0.314661E+05  0.313268E+05  0.000000E+00  0.000000E+00  0.000000E+00  0.314487E+05
  0.229222E+01  0.297546E+05  0.296228E+05  0.000000E+00  0.000000E+00  0.000000E+00  0.297381E+05
  0.236992E+01  0.281334E+05  0.280089E+05  0.000000E+00  0.000000E+00  0.000000E+00  0.281179E+05
  0.245024E+01  0.265982E+05  0.264804E+05  0.000000E+00  0.000000E+00  0.000000E+00  0.265835E+05
  0.253330E+01  0.251443E+05  0.250329E+05  0.000000E+00  0.000000E+00  0.000000E+00  0.251304E+05
  0.261916E+01  0.237677E+05  0.236624E+05  0.000000E+00  0.000000E+00  0.000000E+00  0.237545E+05
  0.270794E+01  0.224644E+05  0.223649E+05  0.000000E+00  0.000000E+00  0.000000E+00  0.224519E+05
  0.279972E+01  0.212307E+05  0.211367E+05  0.000000E+00  0.000000E+00  0.000000E+00  0.212190E+05
  0.289462E+01  0.200631E+05  0.199742E+05  0.000000E+00  0.000000E+00  0.000000E+00  0.200520E+05
  0.299273E+01  0.189580E+05  0.188741E+05  0.000000E+00  0.000000E+00  0.000000E+00  0.189475E+05
  0.309418E+01  0.179123E+05  0.178329E+05  0.000000E+00  0.000000E+00  0.000000E+00  0.179024E+05
  0.319905E+01  0.169228E+05  0.168478E+05  0.000000E+00  0.000000E+00  0.000000E+00  0.169134E+05
  0.330748E+01  0.159866E+05  0.159158E+05  0.000000E+00  0.000000E+00  0.000000E+00  0.159778E+05
  0.341959E+01  0.151010E+05  0.150341E+05  0.000000E+00  0.000000E+00  0.000000E+00  0.150927E+05
  0.353550E+01  0.142634E+05  0.142002E+05  0.000000E+00  0.000000E+00  0.000000E+00  0.142555E+05
  0.365534E+01  0.134711E+05  0.134114E+05  0.000000E+00  0.000000E+00  0.000000E+00  0.134637E+05
  0.377923E+01  0.127219E+05  0.126655E+05  0.000000E+00  0.000000E+00  0.000000E+00  0.127149E+05
  0.390733E+01  0.120134E+05  0.119601E+05  0.000000E+00  0.000000E+00  0.000000E+00  0.120067E+05
  0.403977E+01  0.113435E+05  0.112932E+05  0.000000E+00  0.000000E+00  0.000000E+00  0.113372E+05
  0.417670E+01  0.107101E+05  0.106626E+05  0.000000E+00  0.000000E+00  0.000000E+00  0.107042E+05
  0.431827E+01  0.101114E+05  0.100666E+05  0.000000E+00  0.000000E+00  0.000000E+00  0.101058E+05
  0.446464E+01  0.954545E+04  0.950314E+04  0.000000E+00  0.000000E+00  0.000000E+00  0.954016E+04
  0.461597E+01  0.901053E+04  0.897058E+04  0.000000E+00  0.000000E+00  0.000000E+00  0.900553E+04
  0.477243E+01  0.850495E+04  0.846724E+04  0.000000E+00  0.000000E+00  0.000000E+00  0.850024E+04
  0.493419E+01  0.802721E+04  0.799162E+04  0.000000E+00  0.000000E+00  0.000000E+00  0.802276E+04
  0.510143E+01  0.757579E+04  0.754219E+04  0.000000E+00  0.000000E+00  0.000000E+00  0.757159E+04
  0.527435E+01  0.714927E+04  0.711755E+04  0.000000E+00  0.000000E+00  0.000000E+00  0.714530E+04
  0.545312E+01  0.674630E+04  0.671637E+04  0.000000E+00  0.000000E+00  0.000000E+00  0.674256E+04
  0.563796E+01  0.636561E+04  0.633736E+04  0.000000E+00  0.000000E+00  0.000000E+00  0.636208E+04
  0.582905E+01  0.600603E+04  0.597937E+04  0.000000E+00  0.000000E+00  0.000000E+00  0.600269E+04
  0.602663E+01  0.566640E+04  0.564124E+04  0.000000E+00  0.000000E+00  0.000000E+00  0.566325E+04
  0.623090E+01  0.534561E+04  0.532188E+04  0.000000E+00  0.000000E+00  0.000000E+00  0.534265E+04
  0.644210E+01  0.504267E+04  0.502028E+04  0.000000E+00  0.000000E+00  0.000000E+00  0.503987E+04
  0.666046E+01  0.475661E+04  0.473548E+04  0.000000E+00  0.000000E+00  0.000000E+00  0.475397E+04
  0.688622E+01  0.448651E+04  0.446658E+04  0.000000E+00  0.000000E+00  0.000000E+00  0.448402E+04
  0.711962E+01  0.423149E+04  0.421269E+04  0.000000E+00  0.000000E+00  0.000000E+00  0.422914E+04
  0.736094E+01  0.399072E+04  0.397298E+04  0.000000E+00  0.000000E+00  0.000000E+00  0.398850E+04
  0.761044E+01  0.376343E+04  0.374670E+04  0.000000E+00  0.000000E+00  0.000000E+00  0.376134E+04
  0.786840E+01  0.354889E+04  0.353310E+04  0.000000E+00  0.000000E+00  0.000000E+00  0.354691E+04
  0.813510E+01  0.334638E+04  0.333149E+04  0.000000E+00  0.000000E+00  0.000000E+00  0.334452E+04
  0.841084E+01  0.315524E+04  0.314120E+04  0.000000E+00  0.000000E+00  0.000000E+00  0.315349E+04
  0.869593E+01  0.297486E+04  0.296161E+04  0.000000E+00  0.000000E+00  0.000000E+00  0.297320E+04
  0.899068E+01  0.280464E+04  0.279214E+04  0.000000E+00  0.000000E+00  0.000000E+00  0.280308E+04
  0.929542E+01  0.264401E+04  0.263222E+04  0.000000E+00  0.000000E+00  0.000000E+00  0.264254E+04
  0.961048E+01  0.249245E+04  0.248133E+04  0.000000E+00  0.000000E+00  0.000000E+00  0.249106E+04
  0.993624E+01  0.234945E+04  0.233896E+04  0.000000E+00  0.000000E+00  0.000000E+00  0.234813E+04
  0.102730E+02  0.221454E+04  0.220465E+04  0.000000E+00  0.000000E+00  0.000000E+00  0.221330E+04
  0.106212E+02  0.208726E+04  0.207793E+04  0.000000E+00  0.000000E+00  0.000000E+00  0.208609E+04
  0.109812E+02  0.196720E+04  0.195840E+04  0.000000E+00  0.000000E+00  0.000000E+00  0.196610E+04
  0.113534E+02  0.185395E+04  0.184566E+04  0.000000E+00  0.000000E+00  0.000000E+00  0.185292E+04
  0.117383E+02  0.174714E+04  0.173931E+04  0.000000E+00  0.000000E+00  0.000000E+00  0.174616E+04
  0.121361E+02  0.164639E+04  0.163901E+04  0.000000E+00  0.000000E+00  0.000000E+00  0.164547E+04
  0.125475E+02  0.155138E+04  0.154442E+04  0.000000E+00  0.000000E+00  0.000000E+00  0.155051E+04
  0.129728E+02  0.146178E+04  0.145521E+04  0.000000E+00  0.000000E+00  0.000000E+00  0.146096E+04
  0.134125E+02  0.137729E+04  0.137110E+04  0.000000E+00  0.000000E+00  0.000000E+00  0.137651E+04
  0.138671E+02  0.129762E+04  0.129178E+04  0.000000E+00  0.000000E+00  0.000000E+00  0.129689E+04
  0.143372E+02  0.122250E+04  0.121700E+04  0.000000E+00  0.000000E+00  0.000000E+00  0.122181E+04
  0.148231E+02  0.115168E+04  0.114649E+04  0.000000E+00  0.000000E+00  0.000000E+00  0.115103E+04
  0.153256E+02  0.108491E+04  0.108001E+04  0.000000E+00  0.000000E+00  0.000000E+00  0.108430E+04
  0.158450E+02  0.102197E+04  0.101735E+04  0.000000E+00  0.000000E+00  0.000000E+00  0.102139E+04
  0.163821E+02  0.962633E+03  0.958274E+03  0.000000E+00  0.000000E+00  0.000000E+00  0.962089E+03
  0.169373E+02  0.906704E+03  0.902592E+03  0.000000E+00  0.000000E+00  0.000000E+00  0.906190E+03
  0.175115E+02  0.853985E+03  0.850105E+03  0.000000E+00  0.000000E+00  0.000000E+00  0.853500E+03
  0.181050E+02  0.804299E+03  0.800638E+03  0.000000E+00  0.000000E+00  0.000000E+00  0.803841E+03
  0.187187E+02  0.757468E+03  0.754014E+03  0.000000E+00  0.000000E+00  0.000000E+00  0.757036E+03
  0.193531E+02  0.713336E+03  0.710076E+03  0.000000E+00  0.000000E+00  0.000000E+00  0.712928E+03
  0.200091E+02  0.671746E+03  0.668669E+03  0.000000E+00  0.000000E+00  0.000000E+00  0.671361E+03
  0.206873E+02  0.632554E+03  0.629651E+03  0.000000E+00  0.000000E+00  0.000000E+00  0.632191E+03
  0.213885E+02  0.595625E+03  0.592884E+03  0.000000E+00  0.000000E+00  0.000000E+00  0.595283E+03
  0.221135E+02  0.560829E+03  0.558241E+03  0.000000E+00  0.000000E+00  0.000000E+00  0.560505E+03
  0.228630E+02  0.528044E+03  0.525601E+03  0.000000E+00  0.000000E+00  0.000000E+00  0.527739E+03
  0.236380E+02  0.497156E+03  0.494848E+03  0.000000E+00  0.000000E+00  0.000000E+00  0.496867E+03
  0.244392E+02  0.468055E+03  0.465876E+03  0.000000E+00  0.000000E+00  0.000000E+00  0.467782E+03
  0.252676E+02  0.440640E+03  0.438582E+03  0.000000E+00  0.000000E+00  0.000000E+00  0.440383E+03
  0.261240E+02  0.414816E+03  0.412871E+03  0.000000E+00  0.000000E+00  0.000000E+00  0.414573E+03
  0.270095E+02  0.390490E+03  0.388652E+03  0.000000E+00  0.000000E+00  0.000000E+00  0.390260E+03
  0.279250E+02  0.367577E+03  0.365839E+03  0.000000E+00  0.000000E+00  0.000000E+00  0.367359E+03
  0.288715E+02  0.345994E+03  0.344352E+03  0.000000E+00  0.000000E+00  0.000000E+00  0.345789E+03
  0.298501E+02  0.325667E+03  0.324114E+03  0.000000E+00  0.000000E+00  0.000000E+00  0.325473E+03
  0.308619E+02  0.306523E+03  0.305053E+03  0.000000E+00  0.000000E+00  0.000000E+00  0.306339E+03
  0.319079E+02  0.288493E+03  0.287103E+03  0.000000E+00  0.000000E+00  0.000000E+00  0.288319E+03
  0.329895E+02  0.271514E+03  0.270198E+03  0.000000E+00  0.000000E+00  0.000000E+00  0.271349E+03
  0.341076E+02  0.255525E+03  0.254279E+03  0.000000E+00  0.000000E+00  0.000000E+00  0.255369E+03
  0.352637E+02  0.240468E+03  0.239288E+03  0.000000E+00  0.000000E+00  0.000000E+00  0.240320E+03
  0.364590E+02  0.226291E+03  0.225173E+03  0.000000E+00  0.000000E+00  0.000000E+00  0.226151E+03
  0.376948E+02  0.212941E+03  0.211882E+03  0.000000E+00  0.000000E+00  0.000000E+00  0.212809E+03
  0.389725E+02  0.200372E+03  0.199368E+03  0.000000E+00  0.000000E+00  0.000000E+00  0.200247E+03
  0.402934E+02  0.188539E+03  0.187586E+03  0.000000E+00  0.000000E+00  0.000000E+00  0.188420E+03
  0.416592E+02  0.177397E+03  0.176493E+03  0.000000E+00  0.000000E+00  0.000000E+00  0.177284E+03
  0.430712E+02  0.166909E+03  0.166050E+03  0.000000E+00  0.000000E+00  0.000000E+00  0.166802E+03
  0.445311E+02  0.157035E+03  0.156219E+03  0.000000E+00  0.000000E+00  0.000000E+00  0.156933E+03
  0.460405E+02  0.147740E+03  0.146965E+03  0.000000E+00  0.000000E+00  0.000000E+00  0.147643E+03
  0.476011E+02  0.138990E+03  0.138253E+03  0.000000E+00  0.000000E+00  0.000000E+00  0.138898E+03
  0.492145E+02  0.130754E+03  0.130052E+03  0.000000E+00  0.000000E+00  0.000000E+00  0.130666E+03
  0.508826E+02  0.123001E+03  0.122333E+03  0.000000E+00  0.000000E+00  0.000000E+00  0.122918E+03
  0.526073E+02  0.115704E+03  0.115068E+03  0.000000E+00  0.000000E+00  0.000000E+00  0.115625E+03
  0.543904E+02  0.108837E+03  0.108230E+03  0.000000E+00  0.000000E+00  0.000000E+00  0.108761E+03
  0.562340E+02  0.102373E+03  0.101795E+03  0.000000E+00  0.000000E+00  0.000000E+00  0.102301E+03
  0.581401E+02  0.962898E+02  0.957377E+02  0.000000E+00  0.000000E+00  0.000000E+00  0.962208E+02
  0.601107E+02  0.905650E+02  0.900375E+02  0.000000E+00  0.000000E+00  0.000000E+00  0.904991E+02
  0.621482E+02  0.851775E+02  0.846732E+02  0.000000E+00  0.000000E+00  0.000000E+00  0.851145E+02
  0.642547E+02  0.801077E+02  0.796251E+02  0.000000E+00  0.000000E+00  0.000000E+00  0.800473E+02
  0.664326E+02  0.753370E+02  0.748749E+02  0.000000E+00  0.000000E+00  0.000000E+00  0.752792E+02
  0.686844E+02  0.708478E+02  0.704049E+02  0.000000E+00  0.000000E+00  0.000000E+00  0.707924E+02
  0.710124E+02  0.666238E+02  0.661990E+02  0.000000E+00  0.000000E+00  0.000000E+00  0.665707E+02
  0.734194E+02  0.626493E+02  0.622415E+02  0.000000E+00  0.000000E+00  0.000000E+00  0.625983E+02
  0.759079E+02  0.589098E+02  0.585179E+02  0.000000E+00  0.000000E+00  0.000000E+00  0.588608E+02
  0.784809E+02  0.553914E+02  0.550145E+02  0.000000E+00  0.000000E+00  0.000000E+00  0.553443E+02
  0.811410E+02  0.520813E+02  0.517184E+02  0.000000E+00  0.000000E+00  0.000000E+00  0.520359E+02
  0.838913E+02  0.489670E+02  0.486173E+02  0.000000E+00  0.000000E+00  0.000000E+00  0.489233E+02
  0.867347E+02  0.460373E+02  0.456999E+02  0.000000E+00  0.000000E+00  0.000000E+00  0.459951E+02
  0.896747E+02  0.432811E+02  0.429554E+02  0.000000E+00  0.000000E+00  0.000000E+00  0.432404E+02
  0.927141E+02  0.406884E+02  0.403735E+02  0.000000E+00  0.000000E+00  0.000000E+00  0.406490E+02
  0.958567E+02  0.382494E+02  0.379448E+02  0.000000E+00  0.000000E+00  0.000000E+00  0.382113E+02
  0.991058E+02  0.359551E+02  0.356600E+02  0.000000E+00  0.000000E+00  0.000000E+00  0.359182E+02
  0.102465E+03  0.337970E+02  0.335109E+02  0.000000E+00  0.000000E+00  0.000000E+00  0.337613E+02
  0.105938E+03  0.317672E+02  0.314895E+02  0.000000E+00  0.000000E+00  0.000000E+00  0.317325E+02
  0.109529E+03  0.298578E+02  0.295881E+02  0.000000E+00  0.000000E+00  0.000000E+00  0.298241E+02
  0.113241E+03  0.280621E+02  0.277998E+02  0.000000E+00  0.000000E+00  0.000000E+00  0.280293E+02
  0.117080E+03  0.263732E+02  0.261178E+02  0.000000E+00  0.000000E+00  0.000000E+00  0.263412E+02
  0.121048E+03  0.247847E+02  0.245359E+02  0.000000E+00  0.000000E+00  0.000000E+00  0.247536E+02
  0.125151E+03  0.232907E+02  0.230481E+02  0.000000E+00  0.000000E+00  0.000000E+00  0.232604E+02
  0.129393E+03  0.218858E+02  0.216489E+02  0.000000E+00  0.000000E+00  0.000000E+00  0.218562E+02
  0.133779E+03  0.205645E+02  0.203330E+02  0.000000E+00  0.000000E+00  0.000000E+00  0.205356E+02
  0.138313E+03  0.193220E+02  0.190956E+02  0.000000E+00  0.000000E+00  0.000000E+00  0.192937E+02
  0.143002E+03  0.181536E+02  0.179319E+02  0.000000E+00  0.000000E+00  0.000000E+00  0.181259E+02
  0.147849E+03  0.170549E+02  0.168377E+02  0.000000E+00  0.000000E+00  0.000000E+00  0.170277E+02
  0.152860E+03  0.160217E+02  0.158087E+02  0.000000E+00  0.000000E+00  0.000000E+00  0.159951E+02
  0.158041E+03  0.150503E+02  0.148412E+02  0.000000E+00  0.000000E+00  0.000000E+00  0.150241E+02
  0.163398E+03  0.141368E+02  0.139315E+02  0.000000E+00  0.000000E+00  0.000000E+00  0.141111E+02
  0.168936E+03  0.132780E+02  0.130762E+02  0.000000E+00  0.000000E+00  0.000000E+00  0.132527E+02
  0.174662E+03  0.124705E+02  0.122720E+02  0.000000E+00  0.000000E+00  0.000000E+00  0.124456E+02
  0.180583E+03  0.117112E+02  0.115159E+02  0.000000E+00  0.000000E+00  0.000000E+00  0.116868E+02
  0.186704E+03  0.109974E+02  0.108050E+02  0.000000E+00  0.000000E+00  0.000000E+00  0.109734E+02
  0.193032E+03  0.103264E+02  0.101368E+02  0.000000E+00  0.000000E+00  0.000000E+00  0.103027E+02
  0.199574E+03  0.969553E+01  0.950859E+01  0.000000E+00  0.000000E+00  0.000000E+00  0.967216E+01
  0.206339E+03  0.910246E+01  0.891805E+01  0.000000E+00  0.000000E+00  0.000000E+00  0.907940E+01
