    0.11922E-04    0.20557E+02
    0.12326E-04    0.21254E+02
    0.12744E-04    0.21974E+02
    0.13176E-04    0.22719E+02
    0.13622E-04    0.23489E+02
    0.14084E-04    0.24285E+02
    0.14561E-04    0.25109E+02
    0.15055E-04    0.25960E+02
    0.15565E-04    0.26840E+02
    0.16093E-04    0.27749E+02
    0.16638E-04    0.28690E+02
    0.17202E-04    0.29662E+02
    0.17785E-04    0.30668E+02
    0.18388E-04    0.31707E+02
    0.19011E-04    0.32782E+02
    0.19656E-04    0.33893E+02
    0.20322E-04    0.35042E+02
    0.21011E-04    0.36230E+02
    0.21723E-04    0.37458E+02
    0.22459E-04    0.38727E+02
    0.23220E-04    0.40040E+02
    0.24007E-04    0.41397E+02
    0.24821E-04    0.42800E+02
    0.25663E-04    0.44251E+02
    0.26532E-04    0.45751E+02
    0.27432E-04    0.47301E+02
    0.28361E-04    0.48905E+02
    0.29323E-04    0.50562E+02
    0.30317E-04    0.52276E+02
    0.31344E-04    0.54048E+02
    0.32407E-04    0.55880E+02
    0.33505E-04    0.57774E+02
    0.34641E-04    0.59732E+02
    0.35815E-04    0.61756E+02
    0.37029E-04    0.63849E+02
    0.38284E-04    0.66014E+02
    0.39582E-04    0.68251E+02
    0.40923E-04    0.70564E+02
    0.42310E-04    0.72956E+02
    0.43744E-04    0.75429E+02
    0.45227E-04    0.77985E+02
    0.46760E-04    0.80628E+02
    0.48345E-04    0.83361E+02
    0.49984E-04    0.86186E+02
    0.51678E-04    0.89107E+02
    0.53430E-04    0.92127E+02
    0.55241E-04    0.95250E+02
    0.57113E-04    0.98478E+02
    0.59049E-04    0.10182E+03
    0.61050E-04    0.10527E+03
    0.63120E-04    0.10883E+03
    0.65259E-04    0.11252E+03
    0.67471E-04    0.11634E+03
    0.69758E-04    0.12028E+03
    0.72122E-04    0.12435E+03
    0.74567E-04    0.12857E+03
    0.77095E-04    0.13293E+03
    0.79708E-04    0.13743E+03
    0.82409E-04    0.14209E+03
    0.85203E-04    0.14690E+03
    0.88091E-04    0.15188E+03
    0.91076E-04    0.15703E+03
    0.94163E-04    0.16235E+03
    0.97355E-04    0.16785E+03
    0.10065E-03    0.17354E+03
    0.10407E-03    0.17942E+03
    0.10759E-03    0.18550E+03
    0.11124E-03    0.19178E+03
    0.11501E-03    0.19828E+03
    0.11891E-03    0.20500E+03
    0.12294E-03    0.21195E+03
    0.12711E-03    0.21913E+03
    0.13142E-03    0.22655E+03
    0.13587E-03    0.23422E+03
    0.14048E-03    0.24216E+03
    0.14524E-03    0.25036E+03
    0.15016E-03    0.25884E+03
    0.15525E-03    0.26761E+03
    0.16051E-03    0.27667E+03
    0.16595E-03    0.28605E+03
    0.17158E-03    0.29573E+03
    0.17739E-03    0.30575E+03
    0.18341E-03    0.31610E+03
    0.18962E-03    0.32680E+03
    0.19605E-03    0.33787E+03
    0.20269E-03    0.34931E+03
    0.20956E-03    0.36113E+03
    0.21667E-03    0.37336E+03
    0.22401E-03    0.38600E+03
    0.23160E-03    0.39906E+03
    0.23945E-03    0.41256E+03
    0.24757E-03    0.42652E+03
    0.25596E-03    0.44095E+03
    0.26464E-03    0.45587E+03
    0.27361E-03    0.47129E+03
    0.28288E-03    0.48723E+03
    0.29247E-03    0.50370E+03
    0.30238E-03    0.52073E+03
    0.31263E-03    0.53834E+03
    0.32323E-03    0.55653E+03
    0.33419E-03    0.57534E+03
    0.34551E-03    0.59477E+03
    0.35722E-03    0.61486E+03
    0.36933E-03    0.63563E+03
    0.38185E-03    0.65709E+03
    0.39479E-03    0.67927E+03
    0.40818E-03    0.70219E+03
    0.42201E-03    0.72587E+03
    0.43632E-03    0.75035E+03
    0.45110E-03    0.77565E+03
    0.46639E-03    0.80179E+03
    0.48220E-03    0.82880E+03
    0.49855E-03    0.85670E+03
    0.51545E-03    0.88554E+03
    0.53292E-03    0.91534E+03
    0.55098E-03    0.94612E+03
    0.56966E-03    0.97792E+03
    0.58896E-03    0.10108E+04
    0.60893E-03    0.10447E+04
    0.62957E-03    0.10798E+04
    0.65091E-03    0.11160E+04
    0.67297E-03    0.11534E+04
    0.69578E-03    0.11920E+04
    0.71936E-03    0.12319E+04
    0.74375E-03    0.12731E+04
    0.76895E-03    0.13157E+04
    0.79502E-03    0.13596E+04
    0.82197E-03    0.14050E+04
    0.84983E-03    0.14518E+04
    0.87863E-03    0.15002E+04
    0.90841E-03    0.15501E+04
    0.93920E-03    0.16016E+04
    0.97104E-03    0.16548E+04
    0.10040E-02    0.17096E+04
    0.10380E-02    0.17663E+04
    0.10732E-02    0.18247E+04
    0.11095E-02    0.18850E+04
    0.11471E-02    0.19472E+04
    0.11860E-02    0.20113E+04
    0.12262E-02    0.20775E+04
    0.12678E-02    0.21458E+04
    0.13108E-02    0.22161E+04
    0.13552E-02    0.22887E+04
    0.14011E-02    0.23635E+04
    0.14486E-02    0.24406E+04
    0.14977E-02    0.25200E+04
    0.15485E-02    0.26019E+04
    0.16010E-02    0.26863E+04
    0.16552E-02    0.27732E+04
    0.17113E-02    0.28627E+04
    0.17693E-02    0.29549E+04
    0.18293E-02    0.30498E+04
    0.18913E-02    0.31474E+04
    0.19554E-02    0.32480E+04
    0.20217E-02    0.33514E+04
    0.20902E-02    0.34578E+04
    0.21611E-02    0.35673E+04
    0.22343E-02    0.36798E+04
    0.23101E-02    0.37955E+04
    0.23884E-02    0.39144E+04
    0.24693E-02    0.40366E+04
    0.25530E-02    0.41621E+04
    0.26396E-02    0.42910E+04
    0.27290E-02    0.44233E+04
    0.28215E-02    0.45591E+04
    0.29172E-02    0.46983E+04
    0.30160E-02    0.48412E+04
    0.31183E-02    0.49877E+04
    0.32240E-02    0.51378E+04
    0.33332E-02    0.52916E+04
    0.34462E-02    0.54490E+04
    0.35630E-02    0.56102E+04
    0.36838E-02    0.57752E+04
    0.38087E-02    0.59439E+04
    0.39378E-02    0.61163E+04
    0.40712E-02    0.62926E+04
    0.42092E-02    0.64725E+04
    0.43519E-02    0.66562E+04
    0.44994E-02    0.68436E+04
    0.46519E-02    0.70347E+04
    0.48096E-02    0.72294E+04
    0.49726E-02    0.74277E+04
    0.51411E-02    0.76295E+04
    0.53154E-02    0.78348E+04
    0.54956E-02    0.80433E+04
    0.56818E-02    0.82552E+04
    0.58744E-02    0.84701E+04
    0.60736E-02    0.86881E+04
    0.62794E-02    0.89089E+04
    0.64923E-02    0.91324E+04
    0.67123E-02    0.93584E+04
    0.69398E-02    0.95867E+04
    0.71751E-02    0.98171E+04
    0.74183E-02    0.10049E+05
    0.76697E-02    0.10283E+05
    0.79297E-02    0.10518E+05
    0.81984E-02    0.10754E+05
    0.84763E-02    0.10991E+05
    0.87636E-02    0.11228E+05
    0.90607E-02    0.11465E+05
    0.93678E-02    0.11702E+05
    0.96853E-02    0.11938E+05
    0.10014E-01    0.12172E+05
    0.10353E-01    0.12404E+05
    0.10704E-01    0.12634E+05
    0.11067E-01    0.12862E+05
    0.11442E-01    0.13085E+05
    0.11830E-01    0.13305E+05
    0.12231E-01    0.13519E+05
    0.12645E-01    0.13729E+05
    0.13074E-01    0.13932E+05
    0.13517E-01    0.14128E+05
    0.13975E-01    0.14316E+05
    0.14449E-01    0.14496E+05
    0.14939E-01    0.14667E+05
    0.15445E-01    0.14828E+05
    0.15968E-01    0.14978E+05
    0.16510E-01    0.15116E+05
    0.17069E-01    0.15242E+05
    0.17648E-01    0.15354E+05
    0.18246E-01    0.15452E+05
    0.18864E-01    0.15534E+05
    0.19504E-01    0.15601E+05
    0.20165E-01    0.15651E+05
    0.20848E-01    0.15684E+05
    0.21555E-01    0.15699E+05
    0.22286E-01    0.15695E+05
    0.23041E-01    0.15672E+05
    0.23822E-01    0.15630E+05
    0.24629E-01    0.15568E+05
    0.25464E-01    0.15485E+05
    0.26327E-01    0.15384E+05
    0.27220E-01    0.15262E+05
    0.28142E-01    0.15121E+05
    0.29096E-01    0.14962E+05
    0.30082E-01    0.14784E+05
    0.31102E-01    0.14589E+05
    0.32156E-01    0.14379E+05
    0.33246E-01    0.14154E+05
    0.34373E-01    0.14009E+05
    0.35538E-01    0.13765E+05
    0.36743E-01    0.13512E+05
    0.37988E-01    0.13252E+05
    0.39276E-01    0.12988E+05
    0.40607E-01    0.12721E+05
    0.41983E-01    0.12447E+05
    0.43407E-01    0.12112E+05
    0.44878E-01    0.11841E+05
    0.46399E-01    0.11576E+05
    0.47972E-01    0.11320E+05
    0.49598E-01    0.11074E+05
    0.51279E-01    0.10839E+05
    0.53017E-01    0.10655E+05
    0.54814E-01    0.10443E+05
    0.56672E-01    0.10241E+05
    0.58593E-01    0.10047E+05
    0.60579E-01    0.98593E+04
    0.62632E-01    0.96484E+04
    0.64755E-01    0.94636E+04
    0.66950E-01    0.92754E+04
    0.69219E-01    0.90809E+04
    0.71565E-01    0.88845E+04
    0.73991E-01    0.86674E+04
    0.76499E-01    0.84345E+04
    0.79092E-01    0.81833E+04
    0.81773E-01    0.79125E+04
    0.84544E-01    0.76232E+04
    0.87410E-01    0.73187E+04
    0.90373E-01    0.70043E+04
    0.93436E-01    0.66864E+04
    0.96603E-01    0.63713E+04
    0.99877E-01    0.60657E+04
    0.10326E+00    0.57759E+04
    0.10676E+00    0.55082E+04
    0.11038E+00    0.52678E+04
    0.11412E+00    0.50574E+04
    0.11799E+00    0.48761E+04
    0.12199E+00    0.47192E+04
    0.12613E+00    0.45782E+04
    0.13040E+00    0.44422E+04
    0.13482E+00    0.43006E+04
    0.13939E+00    0.41461E+04
    0.14411E+00    0.39749E+04
    0.14900E+00    0.37860E+04
    0.15405E+00    0.35825E+04
    0.15927E+00    0.33729E+04
    0.16467E+00    0.31690E+04
    0.17025E+00    0.29825E+04
    0.17602E+00    0.28210E+04
    0.18199E+00    0.26861E+04
    0.18816E+00    0.25736E+04
    0.19453E+00    0.24753E+04
    0.20113E+00    0.23800E+04
    0.20795E+00    0.22768E+04
    0.21499E+00    0.21600E+04
    0.22228E+00    0.20318E+04
    0.22982E+00    0.19017E+04
    0.23761E+00    0.17808E+04
    0.24566E+00    0.16770E+04
    0.25399E+00    0.15911E+04
    0.26259E+00    0.15174E+04
    0.27149E+00    0.14466E+04
    0.28070E+00    0.13706E+04
    0.29021E+00    0.12884E+04
    0.30005E+00    0.12052E+04
    0.31022E+00    0.11286E+04
    0.32073E+00    0.10633E+04
    0.33160E+00    0.10067E+04
    0.34284E+00    0.95276E+03
    0.35447E+00    0.89692E+03
    0.36648E+00    0.83988E+03
    0.37890E+00    0.78603E+03
    0.39174E+00    0.73834E+03
    0.40502E+00    0.69563E+03
    0.41875E+00    0.65432E+03
    0.43294E+00    0.61300E+03
    0.44762E+00    0.57344E+03
    0.46279E+00    0.53745E+03
    0.47848E+00    0.50444E+03
    0.49470E+00    0.47273E+03
    0.51146E+00    0.44207E+03
    0.52880E+00    0.41347E+03
    0.54672E+00    0.38707E+03
    0.56525E+00    0.36208E+03
    0.58441E+00    0.33830E+03
    0.60422E+00    0.31607E+03
    0.62470E+00    0.29534E+03
    0.64588E+00    0.27576E+03
    0.66777E+00    0.25736E+03
    0.69040E+00    0.24017E+03
    0.71381E+00    0.22404E+03
    0.73800E+00    0.20890E+03
    0.76301E+00    0.19474E+03
    0.78888E+00    0.18148E+03
    0.81562E+00    0.16906E+03
    0.84326E+00    0.15745E+03
    0.87184E+00    0.14658E+03
    0.90139E+00    0.13643E+03
    0.93195E+00    0.12694E+03
    0.96354E+00    0.11808E+03
    0.99620E+00    0.10981E+03
    0.10300E+01    0.10208E+03
    0.10649E+01    0.94878E+02
    0.11010E+01    0.88155E+02
    0.11383E+01    0.81887E+02
    0.11769E+01    0.76044E+02
    0.12168E+01    0.70600E+02
    0.12580E+01    0.65529E+02
    0.13006E+01    0.60807E+02
    0.13447E+01    0.56412E+02
    0.13903E+01    0.52321E+02
    0.14374E+01    0.48515E+02
    0.14861E+01    0.44976E+02
    0.15365E+01    0.41684E+02
    0.15886E+01    0.38625E+02
    0.16424E+01    0.35782E+02
    0.16981E+01    0.33141E+02
    0.17557E+01    0.30689E+02
    0.18152E+01    0.28411E+02
    0.18767E+01    0.26298E+02
    0.19403E+01    0.24336E+02
    0.20061E+01    0.22516E+02
    0.20741E+01    0.20828E+02
    0.21444E+01    0.19262E+02
    0.22171E+01    0.17811E+02
    0.22922E+01    0.16466E+02
    0.23699E+01    0.15219E+02
    0.24502E+01    0.14065E+02
    0.25333E+01    0.12995E+02
    0.26192E+01    0.12005E+02
    0.27079E+01    0.11088E+02
    0.27997E+01    0.10239E+02
    0.28946E+01    0.94538E+01
    0.29927E+01    0.87272E+01
    0.30942E+01    0.80550E+01
    0.31991E+01    0.74333E+01
    0.33075E+01    0.68585E+01
    0.34196E+01    0.63271E+01
    0.35355E+01    0.58360E+01
    0.36553E+01    0.53821E+01
    0.37792E+01    0.49628E+01
    0.39073E+01    0.45754E+01
    0.40398E+01    0.42176E+01
    0.41767E+01    0.38872E+01
    0.43183E+01    0.35822E+01
    0.44646E+01    0.33006E+01
    0.46160E+01    0.30408E+01
    0.47724E+01    0.28009E+01
    0.49342E+01    0.25797E+01
    0.51014E+01    0.23756E+01
    0.52743E+01    0.21873E+01
    0.54531E+01    0.20137E+01
    0.56380E+01    0.18536E+01
    0.58291E+01    0.17060E+01
    0.60266E+01    0.15700E+01
    0.62309E+01    0.14447E+01
    0.64421E+01    0.13291E+01
    0.66605E+01    0.12227E+01
    0.68862E+01    0.11246E+01
    0.71196E+01    0.10343E+01
    0.73609E+01    0.95116E+00
    0.76104E+01    0.87457E+00
    0.78684E+01    0.80406E+00
    0.81351E+01    0.73915E+00
    0.84108E+01    0.67940E+00
    0.86959E+01    0.62440E+00
    0.89907E+01    0.57380E+00
    0.92954E+01    0.52724E+00
    0.96105E+01    0.48441E+00
    0.99362E+01    0.44501E+00
    0.10273E+02    0.40877E+00
    0.10621E+02    0.37544E+00
    0.10981E+02    0.34480E+00
    0.11353E+02    0.31662E+00
    0.11738E+02    0.29072E+00
    0.12136E+02    0.26691E+00
    0.12547E+02    0.24502E+00
    0.12973E+02    0.22491E+00
    0.13413E+02    0.20643E+00
    0.13867E+02    0.18945E+00
    0.14337E+02    0.17385E+00
    0.14823E+02    0.15952E+00
    0.15326E+02    0.14636E+00
    0.15845E+02    0.13427E+00
    0.16382E+02    0.12317E+00
    0.16937E+02    0.11298E+00
    0.17511E+02    0.10362E+00
    0.18105E+02    0.95025E-01
    0.18719E+02    0.87138E-01
    0.19353E+02    0.79900E-01
    0.20009E+02    0.73256E-01
    0.20687E+02    0.67159E-01
    0.21389E+02    0.61564E-01
    0.22113E+02    0.56431E-01
    0.22863E+02    0.51722E-01
    0.23638E+02    0.47402E-01
    0.24439E+02    0.43439E-01
    0.25268E+02    0.39804E-01
    0.26124E+02    0.36471E-01
    0.27009E+02    0.33414E-01
    0.27925E+02    0.30611E-01
    0.28872E+02    0.28041E-01
    0.29850E+02    0.25685E-01
    0.30862E+02    0.23525E-01
    0.31908E+02    0.21545E-01
    0.32989E+02    0.19730E-01
    0.34108E+02    0.18067E-01
    0.35264E+02    0.16543E-01
    0.36459E+02    0.15146E-01
    0.37695E+02    0.13866E-01
    0.38972E+02    0.12694E-01
    0.40293E+02    0.11620E-01
    0.41659E+02    0.10635E-01
    0.43071E+02    0.97340E-02
    0.44531E+02    0.89083E-02
    0.46040E+02    0.81521E-02
    0.47601E+02    0.74595E-02
    0.49214E+02    0.68253E-02
    0.50883E+02    0.62445E-02
    0.52607E+02    0.57128E-02
    0.54390E+02    0.52260E-02
    0.56234E+02    0.47804E-02
    0.58140E+02    0.43724E-02
    0.60111E+02    0.39989E-02
    0.62148E+02    0.36571E-02
    0.64255E+02    0.33443E-02
    0.66433E+02    0.30580E-02
    0.68684E+02    0.27960E-02
    0.71012E+02    0.25563E-02
    0.73419E+02    0.23369E-02
    0.75908E+02    0.21362E-02
    0.78481E+02    0.19526E-02
    0.81141E+02    0.17846E-02
    0.83891E+02    0.16310E-02
    0.86735E+02    0.14905E-02
    0.89675E+02    0.13619E-02
    0.92714E+02    0.12444E-02
    0.95857E+02    0.11369E-02
    0.99106E+02    0.10386E-02
    0.10247E+03    0.94868E-03
    0.10594E+03    0.86650E-03
    0.10953E+03    0.79136E-03
    0.11324E+03    0.72267E-03
    0.11708E+03    0.65988E-03
    0.12105E+03    0.60249E-03
    0.12515E+03    0.55002E-03
    0.12939E+03    0.50208E-03
    0.13378E+03    0.45826E-03
    0.13831E+03    0.41823E-03
    0.14300E+03    0.38164E-03
    0.14785E+03    0.34821E-03
    0.15286E+03    0.31768E-03
    0.15804E+03    0.28978E-03
    0.16340E+03    0.26430E-03
    0.16894E+03    0.24102E-03
    0.17466E+03    0.21976E-03
    0.18058E+03    0.20035E-03
    0.18670E+03    0.18263E-03
    0.19303E+03    0.16644E-03
    0.19957E+03    0.15166E-03
    0.20634E+03    0.13818E-03
