  0.119218E-04  0.173756E+07  0.173756E+07  0.231661E+07  0.231661E+07  0.000000E+00  0.173756E+07
  0.123258E-04  0.173756E+07  0.173756E+07  0.231660E+07  0.231660E+07  0.000000E+00  0.173756E+07
  0.127436E-04  0.173756E+07  0.173756E+07  0.231659E+07  0.231659E+07  0.000000E+00  0.173756E+07
  0.131756E-04  0.173756E+07  0.173756E+07  0.231658E+07  0.231658E+07  0.000000E+00  0.173756E+07
  0.136222E-04  0.173756E+07  0.173756E+07  0.231657E+07  0.231657E+07  0.000000E+00  0.173756E+07
  0.140839E-04  0.173756E+07  0.173756E+07  0.231656E+07  0.231655E+07  0.000000E+00  0.173756E+07
  0.145613E-04  0.173756E+07  0.173756E+07  0.231654E+07  0.231654E+07  0.000000E+00  0.173756E+07
  0.150548E-04  0.173756E+07  0.173756E+07  0.231653E+07  0.231653E+07  0.000000E+00  0.173756E+07
  0.155651E-04  0.173756E+07  0.173756E+07  0.231651E+07  0.231651E+07  0.000000E+00  0.173756E+07
  0.160927E-04  0.173756E+07  0.173756E+07  0.231650E+07  0.231650E+07  0.000000E+00  0.173756E+07
  0.166382E-04  0.173755E+07  0.173755E+07  0.231648E+07  0.231648E+07  0.000000E+00  0.173755E+07
  0.172021E-04  0.173755E+07  0.173755E+07  0.231646E+07  0.231646E+07  0.000000E+00  0.173755E+07
  0.177852E-04  0.173755E+07  0.173755E+07  0.231644E+07  0.231644E+07  0.000000E+00  0.173755E+07
  0.183880E-04  0.173755E+07  0.173755E+07  0.231642E+07  0.231642E+07  0.000000E+00  0.173755E+07
  0.190113E-04  0.173755E+07  0.173755E+07  0.231640E+07  0.231640E+07  0.000000E+00  0.173755E+07
  0.196557E-04  0.173755E+07  0.173755E+07  0.231638E+07  0.231637E+07  0.000000E+00  0.173755E+07
  0.203219E-04  0.173755E+07  0.173755E+07  0.231635E+07  0.231635E+07  0.000000E+00  0.173755E+07
  0.210107E-04  0.173755E+07  0.173755E+07  0.231633E+07  0.231632E+07  0.000000E+00  0.173755E+07
  0.217229E-04  0.173755E+07  0.173755E+07  0.231630E+07  0.231629E+07  0.000000E+00  0.173755E+07
  0.224592E-04  0.173755E+07  0.173755E+07  0.231627E+07  0.231626E+07  0.000000E+00  0.173755E+07
  0.232204E-04  0.173755E+07  0.173755E+07  0.231623E+07  0.231623E+07  0.000000E+00  0.173755E+07
  0.240075E-04  0.173755E+07  0.173755E+07  0.231620E+07  0.231619E+07  0.000000E+00  0.173755E+07
  0.248212E-04  0.173755E+07  0.173755E+07  0.231616E+07  0.231615E+07  0.000000E+00  0.173755E+07
  0.256625E-04  0.173755E+07  0.173755E+07  0.231612E+07  0.231611E+07  0.000000E+00  0.173755E+07
  0.265324E-04  0.173755E+07  0.173755E+07  0.231608E+07  0.231607E+07  0.000000E+00  0.173755E+07
  0.274317E-04  0.173755E+07  0.173755E+07  0.231603E+07  0.231602E+07  0.000000E+00  0.173755E+07
  0.283615E-04  0.173755E+07  0.173755E+07  0.231598E+07  0.231597E+07  0.000000E+00  0.173755E+07
  0.293228E-04  0.173755E+07  0.173755E+07  0.231593E+07  0.231592E+07  0.000000E+00  0.173755E+07
  0.303167E-04  0.173755E+07  0.173755E+07  0.231588E+07  0.231586E+07  0.000000E+00  0.173755E+07
  0.313443E-04  0.173755E+07  0.173755E+07  0.231582E+07  0.231580E+07  0.000000E+00  0.173755E+07
  0.324067E-04  0.173755E+07  0.173755E+07  0.231575E+07  0.231574E+07  0.000000E+00  0.173755E+07
  0.335051E-04  0.173755E+07  0.173755E+07  0.231568E+07  0.231567E+07  0.000000E+00  0.173755E+07
  0.346408E-04  0.173755E+07  0.173755E+07  0.231561E+07  0.231560E+07  0.000000E+00  0.173755E+07
  0.358149E-04  0.173755E+07  0.173755E+07  0.231553E+07  0.231552E+07  0.000000E+00  0.173755E+07
  0.370289E-04  0.173755E+07  0.173755E+07  0.231545E+07  0.231543E+07  0.000000E+00  0.173755E+07
  0.382840E-04  0.173755E+07  0.173755E+07  0.231536E+07  0.231534E+07  0.000000E+00  0.173755E+07
  0.395816E-04  0.173754E+07  0.173754E+07  0.231527E+07  0.231525E+07  0.000000E+00  0.173754E+07
  0.409233E-04  0.173754E+07  0.173754E+07  0.231517E+07  0.231514E+07  0.000000E+00  0.173754E+07
  0.423104E-04  0.173754E+07  0.173754E+07  0.231506E+07  0.231503E+07  0.000000E+00  0.173754E+07
  0.437445E-04  0.173754E+07  0.173754E+07  0.231494E+07  0.231492E+07  0.000000E+00  0.173754E+07
  0.452272E-04  0.173754E+07  0.173754E+07  0.231482E+07  0.231479E+07  0.000000E+00  0.173754E+07
  0.467602E-04  0.173754E+07  0.173754E+07  0.231468E+07  0.231465E+07  0.000000E+00  0.173754E+07
  0.483451E-04  0.173754E+07  0.173754E+07  0.231454E+07  0.231451E+07  0.000000E+00  0.173754E+07
  0.499838E-04  0.173754E+07  0.173754E+07  0.231439E+07  0.231436E+07  0.000000E+00  0.173754E+07
  0.516780E-04  0.173754E+07  0.173754E+07  0.231423E+07  0.231419E+07  0.000000E+00  0.173754E+07
  0.534296E-04  0.173754E+07  0.173754E+07  0.231405E+07  0.231402E+07  0.000000E+00  0.173754E+07
  0.552406E-04  0.173753E+07  0.173753E+07  0.231387E+07  0.231383E+07  0.000000E+00  0.173753E+07
  0.571130E-04  0.173753E+07  0.173753E+07  0.231367E+07  0.231363E+07  0.000000E+00  0.173753E+07
  0.590489E-04  0.173753E+07  0.173753E+07  0.231346E+07  0.231341E+07  0.000000E+00  0.173753E+07
  0.610503E-04  0.173753E+07  0.173753E+07  0.231323E+07  0.231318E+07  0.000000E+00  0.173753E+07
  0.631196E-04  0.173753E+07  0.173753E+07  0.231299E+07  0.231294E+07  0.000000E+00  0.173753E+07
  0.652591E-04  0.173752E+07  0.173752E+07  0.231273E+07  0.231268E+07  0.000000E+00  0.173752E+07
  0.674711E-04  0.173752E+07  0.173752E+07  0.231246E+07  0.231240E+07  0.000000E+00  0.173752E+07
  0.697580E-04  0.173752E+07  0.173752E+07  0.231216E+07  0.231210E+07  0.000000E+00  0.173752E+07
  0.721224E-04  0.173752E+07  0.173752E+07  0.231185E+07  0.231178E+07  0.000000E+00  0.173752E+07
  0.745670E-04  0.173751E+07  0.173751E+07  0.231151E+07  0.231144E+07  0.000000E+00  0.173751E+07
  0.770945E-04  0.173751E+07  0.173751E+07  0.231115E+07  0.231107E+07  0.000000E+00  0.173751E+07
  0.797076E-04  0.173751E+07  0.173751E+07  0.231076E+07  0.231068E+07  0.000000E+00  0.173751E+07
  0.824093E-04  0.173751E+07  0.173750E+07  0.231035E+07  0.231026E+07  0.000000E+00  0.173751E+07
  0.852026E-04  0.173750E+07  0.173750E+07  0.230991E+07  0.230982E+07  0.000000E+00  0.173750E+07
  0.880905E-04  0.173750E+07  0.173750E+07  0.230944E+07  0.230934E+07  0.000000E+00  0.173750E+07
  0.910764E-04  0.173749E+07  0.173749E+07  0.230894E+07  0.230883E+07  0.000000E+00  0.173749E+07
  0.941634E-04  0.173749E+07  0.173749E+07  0.230840E+07  0.230829E+07  0.000000E+00  0.173749E+07
  0.973551E-04  0.173748E+07  0.173748E+07  0.230783E+07  0.230770E+07  0.000000E+00  0.173748E+07
  0.100655E-03  0.173748E+07  0.173748E+07  0.230721E+07  0.230708E+07  0.000000E+00  0.173748E+07
  0.104067E-03  0.173747E+07  0.173747E+07  0.230656E+07  0.230642E+07  0.000000E+00  0.173747E+07
  0.107594E-03  0.173747E+07  0.173747E+07  0.230586E+07  0.230571E+07  0.000000E+00  0.173747E+07
  0.111241E-03  0.173746E+07  0.173746E+07  0.230511E+07  0.230495E+07  0.000000E+00  0.173746E+07
  0.115011E-03  0.173746E+07  0.173746E+07  0.230431E+07  0.230414E+07  0.000000E+00  0.173746E+07
  0.118910E-03  0.173745E+07  0.173745E+07  0.230346E+07  0.230327E+07  0.000000E+00  0.173745E+07
  0.122940E-03  0.173744E+07  0.173744E+07  0.230254E+07  0.230235E+07  0.000000E+00  0.173744E+07
  0.127107E-03  0.173743E+07  0.173743E+07  0.230157E+07  0.230136E+07  0.000000E+00  0.173743E+07
  0.131416E-03  0.173743E+07  0.173742E+07  0.230052E+07  0.230030E+07  0.000000E+00  0.173743E+07
  0.135870E-03  0.173742E+07  0.173742E+07  0.229941E+07  0.229917E+07  0.000000E+00  0.173742E+07
  0.140475E-03  0.173741E+07  0.173741E+07  0.229822E+07  0.229796E+07  0.000000E+00  0.173741E+07
  0.145237E-03  0.173740E+07  0.173740E+07  0.229695E+07  0.229667E+07  0.000000E+00  0.173740E+07
  0.150160E-03  0.173739E+07  0.173738E+07  0.229559E+07  0.229530E+07  0.000000E+00  0.173739E+07
  0.155249E-03  0.173737E+07  0.173737E+07  0.229414E+07  0.229382E+07  0.000000E+00  0.173737E+07
  0.160511E-03  0.173736E+07  0.173736E+07  0.229259E+07  0.229225E+07  0.000000E+00  0.173736E+07
  0.165952E-03  0.173735E+07  0.173735E+07  0.229093E+07  0.229057E+07  0.000000E+00  0.173735E+07
  0.171577E-03  0.173733E+07  0.173733E+07  0.228916E+07  0.228878E+07  0.000000E+00  0.173733E+07
  0.177393E-03  0.173732E+07  0.173732E+07  0.228727E+07  0.228686E+07  0.000000E+00  0.173732E+07
  0.183405E-03  0.173730E+07  0.173730E+07  0.228525E+07  0.228482E+07  0.000000E+00  0.173730E+07
  0.189622E-03  0.173728E+07  0.173728E+07  0.228309E+07  0.228263E+07  0.000000E+00  0.173728E+07
  0.196049E-03  0.173726E+07  0.173726E+07  0.228079E+07  0.228030E+07  0.000000E+00  0.173726E+07
  0.202694E-03  0.173724E+07  0.173724E+07  0.227833E+07  0.227780E+07  0.000000E+00  0.173724E+07
  0.209565E-03  0.173722E+07  0.173722E+07  0.227570E+07  0.227514E+07  0.000000E+00  0.173722E+07
  0.216668E-03  0.173720E+07  0.173720E+07  0.227290E+07  0.227230E+07  0.000000E+00  0.173720E+07
  0.224012E-03  0.173718E+07  0.173717E+07  0.226991E+07  0.226927E+07  0.000000E+00  0.173718E+07
  0.231605E-03  0.173715E+07  0.173715E+07  0.226671E+07  0.226603E+07  0.000000E+00  0.173715E+07
  0.239455E-03  0.173712E+07  0.173712E+07  0.226330E+07  0.226257E+07  0.000000E+00  0.173712E+07
  0.247571E-03  0.173709E+07  0.173709E+07  0.225966E+07  0.225888E+07  0.000000E+00  0.173709E+07
  0.255963E-03  0.173706E+07  0.173706E+07  0.225577E+07  0.225494E+07  0.000000E+00  0.173706E+07
  0.264639E-03  0.173703E+07  0.173702E+07  0.225162E+07  0.225074E+07  0.000000E+00  0.173702E+07
  0.273609E-03  0.173699E+07  0.173698E+07  0.224720E+07  0.224625E+07  0.000000E+00  0.173699E+07
  0.282883E-03  0.173695E+07  0.173694E+07  0.224247E+07  0.224147E+07  0.000000E+00  0.173695E+07
  0.292471E-03  0.173691E+07  0.173690E+07  0.223744E+07  0.223636E+07  0.000000E+00  0.173691E+07
  0.302384E-03  0.173686E+07  0.173686E+07  0.223206E+07  0.223092E+07  0.000000E+00  0.173686E+07
  0.312634E-03  0.173682E+07  0.173681E+07  0.222633E+07  0.222511E+07  0.000000E+00  0.173682E+07
  0.323230E-03  0.173676E+07  0.173676E+07  0.222022E+07  0.221892E+07  0.000000E+00  0.173676E+07
  0.334186E-03  0.173671E+07  0.173670E+07  0.221371E+07  0.221232E+07  0.000000E+00  0.173671E+07
  0.345514E-03  0.173665E+07  0.173664E+07  0.220676E+07  0.220529E+07  0.000000E+00  0.173665E+07
  0.357225E-03  0.173659E+07  0.173658E+07  0.219936E+07  0.219780E+07  0.000000E+00  0.173659E+07
  0.369333E-03  0.173652E+07  0.173652E+07  0.219148E+07  0.218981E+07  0.000000E+00  0.173652E+07
  0.381852E-03  0.173645E+07  0.173644E+07  0.218308E+07  0.218130E+07  0.000000E+00  0.173645E+07
  0.394794E-03  0.173638E+07  0.173637E+07  0.217414E+07  0.217225E+07  0.000000E+00  0.173638E+07
  0.408176E-03  0.173630E+07  0.173629E+07  0.216461E+07  0.216260E+07  0.000000E+00  0.173630E+07
  0.422011E-03  0.173621E+07  0.173620E+07  0.215448E+07  0.215234E+07  0.000000E+00  0.173621E+07
  0.436315E-03  0.173612E+07  0.173611E+07  0.214369E+07  0.214142E+07  0.000000E+00  0.173612E+07
  0.451104E-03  0.173602E+07  0.173601E+07  0.213221E+07  0.212980E+07  0.000000E+00  0.173602E+07
  0.466395E-03  0.173591E+07  0.173590E+07  0.212001E+07  0.211745E+07  0.000000E+00  0.173591E+07
  0.482203E-03  0.173580E+07  0.173579E+07  0.210704E+07  0.210432E+07  0.000000E+00  0.173580E+07
  0.498547E-03  0.173568E+07  0.173567E+07  0.209325E+07  0.209037E+07  0.000000E+00  0.173568E+07
  0.515446E-03  0.173555E+07  0.173554E+07  0.207861E+07  0.207556E+07  0.000000E+00  0.173555E+07
  0.532917E-03  0.173542E+07  0.173540E+07  0.206307E+07  0.205983E+07  0.000000E+00  0.173542E+07
  0.550980E-03  0.173527E+07  0.173525E+07  0.204657E+07  0.204315E+07  0.000000E+00  0.173527E+07
  0.569656E-03  0.173512E+07  0.173509E+07  0.202908E+07  0.202545E+07  0.000000E+00  0.173511E+07
  0.588964E-03  0.173495E+07  0.173493E+07  0.201053E+07  0.200670E+07  0.000000E+00  0.173495E+07
  0.608927E-03  0.173477E+07  0.173475E+07  0.199088E+07  0.198683E+07  0.000000E+00  0.173477E+07
  0.629567E-03  0.173458E+07  0.173456E+07  0.197007E+07  0.196580E+07  0.000000E+00  0.173458E+07
  0.650906E-03  0.173438E+07  0.173435E+07  0.194805E+07  0.194355E+07  0.000000E+00  0.173438E+07
  0.672969E-03  0.173417E+07  0.173414E+07  0.192478E+07  0.192003E+07  0.000000E+00  0.173416E+07
  0.695779E-03  0.173394E+07  0.173390E+07  0.190018E+07  0.189518E+07  0.000000E+00  0.173393E+07
  0.719362E-03  0.173369E+07  0.173366E+07  0.187422E+07  0.186897E+07  0.000000E+00  0.173369E+07
  0.743745E-03  0.173343E+07  0.173339E+07  0.184684E+07  0.184132E+07  0.000000E+00  0.173343E+07
  0.768955E-03  0.173315E+07  0.173311E+07  0.181799E+07  0.181220E+07  0.000000E+00  0.173315E+07
  0.795018E-03  0.173285E+07  0.173281E+07  0.178761E+07  0.178155E+07  0.000000E+00  0.173285E+07
  0.821966E-03  0.173254E+07  0.173249E+07  0.175568E+07  0.174934E+07  0.000000E+00  0.173253E+07
  0.849826E-03  0.173220E+07  0.173215E+07  0.172214E+07  0.171552E+07  0.000000E+00  0.173219E+07
  0.878631E-03  0.173184E+07  0.173179E+07  0.168696E+07  0.168006E+07  0.000000E+00  0.173183E+07
  0.908413E-03  0.173146E+07  0.173140E+07  0.165011E+07  0.164293E+07  0.000000E+00  0.173145E+07
  0.939203E-03  0.173105E+07  0.173099E+07  0.161157E+07  0.160411E+07  0.000000E+00  0.173104E+07
  0.971038E-03  0.173062E+07  0.173055E+07  0.157132E+07  0.156359E+07  0.000000E+00  0.173061E+07
  0.100395E-02  0.173015E+07  0.173009E+07  0.152935E+07  0.152136E+07  0.000000E+00  0.173015E+07
  0.103798E-02  0.172966E+07  0.172959E+07  0.148568E+07  0.147744E+07  0.000000E+00  0.172965E+07
  0.107316E-02  0.172914E+07  0.172906E+07  0.144033E+07  0.143185E+07  0.000000E+00  0.172913E+07
  0.110954E-02  0.172858E+07  0.172850E+07  0.139332E+07  0.138463E+07  0.000000E+00  0.172857E+07
  0.114715E-02  0.172799E+07  0.172790E+07  0.134472E+07  0.133583E+07  0.000000E+00  0.172798E+07
  0.118603E-02  0.172736E+07  0.172727E+07  0.129458E+07  0.128553E+07  0.000000E+00  0.172735E+07
  0.122623E-02  0.172670E+07  0.172659E+07  0.124301E+07  0.123381E+07  0.000000E+00  0.172668E+07
  0.126779E-02  0.172599E+07  0.172588E+07  0.119010E+07  0.118080E+07  0.000000E+00  0.172597E+07
  0.131076E-02  0.172523E+07  0.172512E+07  0.113600E+07  0.112664E+07  0.000000E+00  0.172522E+07
  0.135519E-02  0.172443E+07  0.172431E+07  0.108087E+07  0.107148E+07  0.000000E+00  0.172442E+07
  0.140113E-02  0.172359E+07  0.172345E+07  0.102488E+07  0.101553E+07  0.000000E+00  0.172357E+07
  0.144862E-02  0.172269E+07  0.172255E+07  0.968266E+06  0.958984E+06  0.000000E+00  0.172267E+07
  0.149772E-02  0.172174E+07  0.172159E+07  0.911252E+06  0.902101E+06  0.000000E+00  0.172172E+07
  0.154848E-02  0.172073E+07  0.172057E+07  0.854111E+06  0.845147E+06  0.000000E+00  0.172071E+07
  0.160097E-02  0.171966E+07  0.171949E+07  0.797137E+06  0.788416E+06  0.000000E+00  0.171964E+07
  0.165524E-02  0.171853E+07  0.171835E+07  0.740649E+06  0.732228E+06  0.000000E+00  0.171851E+07
  0.171134E-02  0.171734E+07  0.171714E+07  0.684987E+06  0.676922E+06  0.000000E+00  0.171731E+07
  0.176935E-02  0.171608E+07  0.171587E+07  0.630510E+06  0.622851E+06  0.000000E+00  0.171605E+07
  0.182932E-02  0.171474E+07  0.171452E+07  0.577589E+06  0.570382E+06  0.000000E+00  0.171472E+07
  0.189132E-02  0.171334E+07  0.171310E+07  0.526602E+06  0.519883E+06  0.000000E+00  0.171331E+07
  0.195543E-02  0.171185E+07  0.171160E+07  0.477924E+06  0.471719E+06  0.000000E+00  0.171182E+07
  0.202171E-02  0.171029E+07  0.171002E+07  0.431918E+06  0.426241E+06  0.000000E+00  0.171026E+07
  0.209024E-02  0.170864E+07  0.170835E+07  0.388928E+06  0.383774E+06  0.000000E+00  0.170861E+07
  0.216108E-02  0.170691E+07  0.170660E+07  0.349260E+06  0.344608E+06  0.000000E+00  0.170687E+07
  0.223433E-02  0.170509E+07  0.170475E+07  0.313176E+06  0.308981E+06  0.000000E+00  0.170505E+07
  0.231007E-02  0.170317E+07  0.170281E+07  0.280875E+06  0.277073E+06  0.000000E+00  0.170313E+07
  0.238837E-02  0.170116E+07  0.170078E+07  0.252484E+06  0.248986E+06  0.000000E+00  0.170111E+07
  0.246932E-02  0.169905E+07  0.169864E+07  0.228041E+06  0.224739E+06  0.000000E+00  0.169900E+07
  0.255302E-02  0.169683E+07  0.169640E+07  0.207491E+06  0.204254E+06  0.000000E+00  0.169678E+07
  0.263955E-02  0.169451E+07  0.169404E+07  0.190671E+06  0.187356E+06  0.000000E+00  0.169445E+07
  0.272902E-02  0.169208E+07  0.169158E+07  0.177311E+06  0.173765E+06  0.000000E+00  0.169202E+07
  0.282152E-02  0.168953E+07  0.168900E+07  0.167036E+06  0.163105E+06  0.000000E+00  0.168947E+07
  0.291716E-02  0.168687E+07  0.168631E+07  0.159372E+06  0.154913E+06  0.000000E+00  0.168680E+07
  0.301604E-02  0.168409E+07  0.168349E+07  0.153763E+06  0.148656E+06  0.000000E+00  0.168402E+07
  0.311826E-02  0.168119E+07  0.168054E+07  0.149596E+06  0.143755E+06  0.000000E+00  0.168111E+07
  0.322396E-02  0.167816E+07  0.167747E+07  0.146228E+06  0.139620E+06  0.000000E+00  0.167807E+07
  0.333323E-02  0.167499E+07  0.167426E+07  0.143031E+06  0.135684E+06  0.000000E+00  0.167490E+07
  0.344622E-02  0.167169E+07  0.167091E+07  0.139429E+06  0.131443E+06  0.000000E+00  0.167160E+07
  0.356302E-02  0.166826E+07  0.166742E+07  0.134947E+06  0.126501E+06  0.000000E+00  0.166815E+07
  0.368380E-02  0.166468E+07  0.166378E+07  0.129253E+06  0.120602E+06  0.000000E+00  0.166457E+07
  0.380866E-02  0.166095E+07  0.166000E+07  0.122190E+06  0.113655E+06  0.000000E+00  0.166083E+07
  0.393775E-02  0.165707E+07  0.165605E+07  0.113804E+06  0.105751E+06  0.000000E+00  0.165695E+07
  0.407122E-02  0.165304E+07  0.165195E+07  0.104340E+06  0.971521E+05  0.000000E+00  0.165290E+07
  0.420922E-02  0.164885E+07  0.164768E+07  0.942272E+05  0.882639E+05  0.000000E+00  0.164870E+07
  0.435189E-02  0.164449E+07  0.164325E+07  0.840260E+05  0.795817E+05  0.000000E+00  0.164433E+07
  0.449940E-02  0.163996E+07  0.163864E+07  0.743612E+05  0.716200E+05  0.000000E+00  0.163979E+07
  0.465190E-02  0.163525E+07  0.163384E+07  0.658301E+05  0.648299E+05  0.000000E+00  0.163508E+07
  0.480958E-02  0.163037E+07  0.162887E+07  0.589047E+05  0.595160E+05  0.000000E+00  0.163018E+07
  0.497260E-02  0.162530E+07  0.162370E+07  0.538425E+05  0.557710E+05  0.000000E+00  0.162510E+07
  0.514115E-02  0.162004E+07  0.161833E+07  0.506240E+05  0.534412E+05  0.000000E+00  0.161983E+07
  0.531541E-02  0.161459E+07  0.161277E+07  0.489354E+05  0.521388E+05  0.000000E+00  0.161436E+07
  0.549557E-02  0.160894E+07  0.160700E+07  0.000000E+00  0.000000E+00  0.000000E+00  0.160870E+07
  0.568185E-02  0.160308E+07  0.160101E+07  0.000000E+00  0.000000E+00  0.000000E+00  0.160282E+07
  0.587443E-02  0.159702E+07  0.159481E+07  0.000000E+00  0.000000E+00  0.000000E+00  0.159674E+07
  0.607355E-02  0.159073E+07  0.158838E+07  0.000000E+00  0.000000E+00  0.000000E+00  0.159044E+07
  0.627942E-02  0.158423E+07  0.158173E+07  0.000000E+00  0.000000E+00  0.000000E+00  0.158392E+07
  0.649226E-02  0.157751E+07  0.157484E+07  0.000000E+00  0.000000E+00  0.000000E+00  0.157717E+07
  0.671231E-02  0.157055E+07  0.156771E+07  0.000000E+00  0.000000E+00  0.000000E+00  0.157019E+07
  0.693983E-02  0.156336E+07  0.156033E+07  0.000000E+00  0.000000E+00  0.000000E+00  0.156298E+07
  0.717505E-02  0.155592E+07  0.155270E+07  0.000000E+00  0.000000E+00  0.000000E+00  0.155552E+07
  0.741825E-02  0.154824E+07  0.154480E+07  0.000000E+00  0.000000E+00  0.000000E+00  0.154781E+07
  0.766969E-02  0.154030E+07  0.153665E+07  0.000000E+00  0.000000E+00  0.000000E+00  0.153984E+07
  0.792966E-02  0.153210E+07  0.152822E+07  0.000000E+00  0.000000E+00  0.000000E+00  0.153162E+07
  0.819844E-02  0.152364E+07  0.151951E+07  0.000000E+00  0.000000E+00  0.000000E+00  0.152312E+07
  0.847632E-02  0.151491E+07  0.151051E+07  0.000000E+00  0.000000E+00  0.000000E+00  0.151436E+07
  0.876363E-02  0.150590E+07  0.150122E+07  0.000000E+00  0.000000E+00  0.000000E+00  0.150532E+07
  0.906067E-02  0.149661E+07  0.149164E+07  0.000000E+00  0.000000E+00  0.000000E+00  0.149599E+07
  0.936778E-02  0.148703E+07  0.148175E+07  0.000000E+00  0.000000E+00  0.000000E+00  0.148637E+07
  0.968530E-02  0.147716E+07  0.147154E+07  0.000000E+00  0.000000E+00  0.000000E+00  0.147646E+07
  0.100136E-01  0.146699E+07  0.146102E+07  0.000000E+00  0.000000E+00  0.000000E+00  0.146624E+07
  0.103530E-01  0.145651E+07  0.145017E+07  0.000000E+00  0.000000E+00  0.000000E+00  0.145572E+07
  0.107039E-01  0.144572E+07  0.143899E+07  0.000000E+00  0.000000E+00  0.000000E+00  0.144487E+07
  0.110667E-01  0.143460E+07  0.142747E+07  0.000000E+00  0.000000E+00  0.000000E+00  0.143371E+07
  0.114418E-01  0.142317E+07  0.141560E+07  0.000000E+00  0.000000E+00  0.000000E+00  0.142222E+07
  0.118297E-01  0.141140E+07  0.140337E+07  0.000000E+00  0.000000E+00  0.000000E+00  0.141040E+07
  0.122306E-01  0.139930E+07  0.139079E+07  0.000000E+00  0.000000E+00  0.000000E+00  0.139824E+07
  0.126452E-01  0.138686E+07  0.137784E+07  0.000000E+00  0.000000E+00  0.000000E+00  0.138573E+07
  0.130738E-01  0.137407E+07  0.136451E+07  0.000000E+00  0.000000E+00  0.000000E+00  0.137287E+07
  0.135169E-01  0.136092E+07  0.135081E+07  0.000000E+00  0.000000E+00  0.000000E+00  0.135966E+07
  0.139751E-01  0.134742E+07  0.133672E+07  0.000000E+00  0.000000E+00  0.000000E+00  0.134608E+07
  0.144488E-01  0.133355E+07  0.132224E+07  0.000000E+00  0.000000E+00  0.000000E+00  0.133213E+07
  0.149385E-01  0.131931E+07  0.130736E+07  0.000000E+00  0.000000E+00  0.000000E+00  0.131782E+07
  0.154449E-01  0.130470E+07  0.129208E+07  0.000000E+00  0.000000E+00  0.000000E+00  0.130312E+07
  0.159684E-01  0.128971E+07  0.127640E+07  0.000000E+00  0.000000E+00  0.000000E+00  0.128805E+07
  0.165096E-01  0.127434E+07  0.126031E+07  0.000000E+00  0.000000E+00  0.000000E+00  0.127259E+07
  0.170692E-01  0.125860E+07  0.124381E+07  0.000000E+00  0.000000E+00  0.000000E+00  0.125675E+07
  0.176478E-01  0.124246E+07  0.122689E+07  0.000000E+00  0.000000E+00  0.000000E+00  0.124051E+07
  0.182460E-01  0.122594E+07  0.120957E+07  0.000000E+00  0.000000E+00  0.000000E+00  0.122389E+07
  0.188644E-01  0.120903E+07  0.119183E+07  0.000000E+00  0.000000E+00  0.000000E+00  0.120688E+07
  0.195038E-01  0.119175E+07  0.117368E+07  0.000000E+00  0.000000E+00  0.000000E+00  0.118949E+07
  0.201649E-01  0.117407E+07  0.115514E+07  0.000000E+00  0.000000E+00  0.000000E+00  0.117171E+07
  0.208484E-01  0.115603E+07  0.113619E+07  0.000000E+00  0.000000E+00  0.000000E+00  0.115355E+07
  0.215550E-01  0.113761E+07  0.111686E+07  0.000000E+00  0.000000E+00  0.000000E+00  0.113502E+07
  0.222857E-01  0.111883E+07  0.109716E+07  0.000000E+00  0.000000E+00  0.000000E+00  0.111612E+07
  0.230410E-01  0.109969E+07  0.107709E+07  0.000000E+00  0.000000E+00  0.000000E+00  0.109687E+07
  0.238220E-01  0.108022E+07  0.105668E+07  0.000000E+00  0.000000E+00  0.000000E+00  0.107728E+07
  0.246295E-01  0.106042E+07  0.103594E+07  0.000000E+00  0.000000E+00  0.000000E+00  0.105736E+07
  0.254643E-01  0.104032E+07  0.101491E+07  0.000000E+00  0.000000E+00  0.000000E+00  0.103714E+07
  0.263274E-01  0.101993E+07  0.993605E+06  0.000000E+00  0.000000E+00  0.000000E+00  0.101664E+07
  0.272198E-01  0.999280E+06  0.972062E+06  0.000000E+00  0.000000E+00  0.000000E+00  0.995878E+06
  0.281424E-01  0.978397E+06  0.950316E+06  0.000000E+00  0.000000E+00  0.000000E+00  0.974887E+06
  0.290963E-01  0.957314E+06  0.928408E+06  0.000000E+00  0.000000E+00  0.000000E+00  0.953701E+06
  0.300825E-01  0.936065E+06  0.906385E+06  0.000000E+00  0.000000E+00  0.000000E+00  0.932355E+06
  0.311021E-01  0.914690E+06  0.884295E+06  0.000000E+00  0.000000E+00  0.000000E+00  0.910891E+06
  0.321564E-01  0.893233E+06  0.862194E+06  0.000000E+00  0.000000E+00  0.000000E+00  0.889353E+06
  0.332463E-01  0.871740E+06  0.840140E+06  0.000000E+00  0.000000E+00  0.000000E+00  0.867790E+06
  0.343732E-01  0.853055E+06  0.820985E+06  0.000000E+00  0.000000E+00  0.000000E+00  0.849046E+06
  0.355383E-01  0.831762E+06  0.799332E+06  0.000000E+00  0.000000E+00  0.000000E+00  0.827708E+06
  0.367428E-01  0.810598E+06  0.777926E+06  0.000000E+00  0.000000E+00  0.000000E+00  0.806514E+06
  0.379883E-01  0.789620E+06  0.756837E+06  0.000000E+00  0.000000E+00  0.000000E+00  0.785522E+06
  0.392759E-01  0.768889E+06  0.736136E+06  0.000000E+00  0.000000E+00  0.000000E+00  0.764795E+06
  0.406071E-01  0.748465E+06  0.715892E+06  0.000000E+00  0.000000E+00  0.000000E+00  0.744393E+06
  0.419835E-01  0.728202E+06  0.695966E+06  0.000000E+00  0.000000E+00  0.000000E+00  0.724172E+06
  0.434065E-01  0.706518E+06  0.674784E+06  0.000000E+00  0.000000E+00  0.000000E+00  0.702551E+06
  0.448778E-01  0.687047E+06  0.655980E+06  0.000000E+00  0.000000E+00  0.000000E+00  0.683164E+06
  0.463990E-01  0.668097E+06  0.637863E+06  0.000000E+00  0.000000E+00  0.000000E+00  0.664318E+06
  0.479716E-01  0.649716E+06  0.620477E+06  0.000000E+00  0.000000E+00  0.000000E+00  0.646062E+06
  0.495977E-01  0.631944E+06  0.603853E+06  0.000000E+00  0.000000E+00  0.000000E+00  0.628433E+06
  0.512787E-01  0.614804E+06  0.588000E+06  0.000000E+00  0.000000E+00  0.000000E+00  0.611453E+06
  0.530169E-01  0.599399E+06  0.574003E+06  0.000000E+00  0.000000E+00  0.000000E+00  0.596224E+06
  0.548139E-01  0.583496E+06  0.559605E+06  0.000000E+00  0.000000E+00  0.000000E+00  0.580509E+06
  0.566718E-01  0.568158E+06  0.545841E+06  0.000000E+00  0.000000E+00  0.000000E+00  0.565369E+06
  0.585927E-01  0.553335E+06  0.532624E+06  0.000000E+00  0.000000E+00  0.000000E+00  0.550746E+06
  0.605787E-01  0.538937E+06  0.519830E+06  0.000000E+00  0.000000E+00  0.000000E+00  0.536549E+06
  0.626320E-01  0.524200E+06  0.506652E+06  0.000000E+00  0.000000E+00  0.000000E+00  0.522007E+06
  0.647549E-01  0.510447E+06  0.494368E+06  0.000000E+00  0.000000E+00  0.000000E+00  0.508437E+06
  0.669498E-01  0.496880E+06  0.482141E+06  0.000000E+00  0.000000E+00  0.000000E+00  0.495038E+06
  0.692191E-01  0.483420E+06  0.469850E+06  0.000000E+00  0.000000E+00  0.000000E+00  0.481724E+06
  0.715653E-01  0.470186E+06  0.457580E+06  0.000000E+00  0.000000E+00  0.000000E+00  0.468611E+06
  0.739910E-01  0.456682E+06  0.444808E+06  0.000000E+00  0.000000E+00  0.000000E+00  0.455198E+06
  0.764989E-01  0.443043E+06  0.431653E+06  0.000000E+00  0.000000E+00  0.000000E+00  0.441619E+06
  0.790918E-01  0.429197E+06  0.418043E+06  0.000000E+00  0.000000E+00  0.000000E+00  0.427803E+06
  0.817727E-01  0.415107E+06  0.403952E+06  0.000000E+00  0.000000E+00  0.000000E+00  0.413713E+06
  0.845444E-01  0.400787E+06  0.389424E+06  0.000000E+00  0.000000E+00  0.000000E+00  0.399367E+06
  0.874100E-01  0.386307E+06  0.374578E+06  0.000000E+00  0.000000E+00  0.000000E+00  0.384841E+06
  0.903728E-01  0.371788E+06  0.359593E+06  0.000000E+00  0.000000E+00  0.000000E+00  0.370263E+06
  0.934360E-01  0.357368E+06  0.344685E+06  0.000000E+00  0.000000E+00  0.000000E+00  0.355783E+06
  0.966031E-01  0.343199E+06  0.330082E+06  0.000000E+00  0.000000E+00  0.000000E+00  0.341559E+06
  0.998774E-01  0.329434E+06  0.316018E+06  0.000000E+00  0.000000E+00  0.000000E+00  0.327757E+06
  0.103263E+00  0.316234E+06  0.302723E+06  0.000000E+00  0.000000E+00  0.000000E+00  0.314545E+06
  0.106763E+00  0.303763E+06  0.290411E+06  0.000000E+00  0.000000E+00  0.000000E+00  0.302094E+06
  0.110382E+00  0.292160E+06  0.279246E+06  0.000000E+00  0.000000E+00  0.000000E+00  0.290546E+06
  0.114123E+00  0.281503E+06  0.269296E+06  0.000000E+00  0.000000E+00  0.000000E+00  0.279977E+06
  0.117991E+00  0.271778E+06  0.260504E+06  0.000000E+00  0.000000E+00  0.000000E+00  0.270368E+06
  0.121990E+00  0.262863E+06  0.252670E+06  0.000000E+00  0.000000E+00  0.000000E+00  0.261588E+06
  0.126125E+00  0.254527E+06  0.245457E+06  0.000000E+00  0.000000E+00  0.000000E+00  0.253393E+06
  0.130400E+00  0.246476E+06  0.238455E+06  0.000000E+00  0.000000E+00  0.000000E+00  0.245473E+06
  0.134820E+00  0.238432E+06  0.231276E+06  0.000000E+00  0.000000E+00  0.000000E+00  0.237537E+06
  0.139390E+00  0.230198E+06  0.223639E+06  0.000000E+00  0.000000E+00  0.000000E+00  0.229378E+06
  0.144115E+00  0.221664E+06  0.215394E+06  0.000000E+00  0.000000E+00  0.000000E+00  0.220880E+06
  0.148999E+00  0.212789E+06  0.206518E+06  0.000000E+00  0.000000E+00  0.000000E+00  0.212005E+06
  0.154050E+00  0.203631E+06  0.197141E+06  0.000000E+00  0.000000E+00  0.000000E+00  0.202820E+06
  0.159272E+00  0.194393E+06  0.187589E+06  0.000000E+00  0.000000E+00  0.000000E+00  0.193543E+06
  0.164670E+00  0.185387E+06  0.178313E+06  0.000000E+00  0.000000E+00  0.000000E+00  0.184503E+06
  0.170252E+00  0.176929E+06  0.169760E+06  0.000000E+00  0.000000E+00  0.000000E+00  0.176033E+06
  0.176022E+00  0.169247E+06  0.162239E+06  0.000000E+00  0.000000E+00  0.000000E+00  0.168371E+06
  0.181989E+00  0.162403E+06  0.155820E+06  0.000000E+00  0.000000E+00  0.000000E+00  0.161580E+06
  0.188157E+00  0.156291E+06  0.150327E+06  0.000000E+00  0.000000E+00  0.000000E+00  0.155545E+06
  0.194535E+00  0.150683E+06  0.145401E+06  0.000000E+00  0.000000E+00  0.000000E+00  0.150023E+06
  0.201128E+00  0.145263E+06  0.140573E+06  0.000000E+00  0.000000E+00  0.000000E+00  0.144677E+06
  0.207946E+00  0.139705E+06  0.135398E+06  0.000000E+00  0.000000E+00  0.000000E+00  0.139166E+06
  0.214994E+00  0.133831E+06  0.129658E+06  0.000000E+00  0.000000E+00  0.000000E+00  0.133309E+06
  0.222281E+00  0.127686E+06  0.123452E+06  0.000000E+00  0.000000E+00  0.000000E+00  0.127156E+06
  0.229815E+00  0.121528E+06  0.117168E+06  0.000000E+00  0.000000E+00  0.000000E+00  0.120983E+06
  0.237605E+00  0.115692E+06  0.111284E+06  0.000000E+00  0.000000E+00  0.000000E+00  0.115141E+06
  0.245659E+00  0.110422E+06  0.106143E+06  0.000000E+00  0.000000E+00  0.000000E+00  0.109887E+06
  0.253985E+00  0.105762E+06  0.101789E+06  0.000000E+00  0.000000E+00  0.000000E+00  0.105266E+06
  0.262594E+00  0.101550E+06  0.979650E+05  0.000000E+00  0.000000E+00  0.000000E+00  0.101102E+06
  0.271495E+00  0.974889E+05  0.942399E+05  0.000000E+00  0.000000E+00  0.000000E+00  0.970828E+05
  0.280697E+00  0.933175E+05  0.902581E+05  0.000000E+00  0.000000E+00  0.000000E+00  0.929351E+05
  0.290211E+00  0.889926E+05  0.859777E+05  0.000000E+00  0.000000E+00  0.000000E+00  0.886157E+05
  0.300048E+00  0.846683E+05  0.816434E+05  0.000000E+00  0.000000E+00  0.000000E+00  0.842902E+05
  0.310218E+00  0.805910E+05  0.776137E+05  0.000000E+00  0.000000E+00  0.000000E+00  0.802189E+05
  0.320733E+00  0.769300E+05  0.741091E+05  0.000000E+00  0.000000E+00  0.000000E+00  0.765774E+05
  0.331605E+00  0.736057E+05  0.710068E+05  0.000000E+00  0.000000E+00  0.000000E+00  0.732808E+05
  0.342844E+00  0.704120E+05  0.680078E+05  0.000000E+00  0.000000E+00  0.000000E+00  0.701115E+05
  0.354465E+00  0.671887E+05  0.648936E+05  0.000000E+00  0.000000E+00  0.000000E+00  0.669018E+05
  0.366480E+00  0.639505E+05  0.617028E+05  0.000000E+00  0.000000E+00  0.000000E+00  0.636695E+05
  0.378902E+00  0.608502E+05  0.586606E+05  0.000000E+00  0.000000E+00  0.000000E+00  0.605765E+05
  0.391745E+00  0.579995E+05  0.559215E+05  0.000000E+00  0.000000E+00  0.000000E+00  0.577398E+05
  0.405023E+00  0.553608E+05  0.534212E+05  0.000000E+00  0.000000E+00  0.000000E+00  0.551183E+05
  0.418751E+00  0.528016E+05  0.509730E+05  0.000000E+00  0.000000E+00  0.000000E+00  0.525730E+05
  0.432945E+00  0.502649E+05  0.485054E+05  0.000000E+00  0.000000E+00  0.000000E+00  0.500450E+05
  0.447619E+00  0.478153E+05  0.461176E+05  0.000000E+00  0.000000E+00  0.000000E+00  0.476031E+05
  0.462792E+00  0.455253E+05  0.439117E+05  0.000000E+00  0.000000E+00  0.000000E+00  0.453236E+05
  0.478478E+00  0.433738E+05  0.418537E+05  0.000000E+00  0.000000E+00  0.000000E+00  0.431838E+05
  0.494696E+00  0.412942E+05  0.398503E+05  0.000000E+00  0.000000E+00  0.000000E+00  0.411137E+05
  0.511464E+00  0.392737E+05  0.378902E+05  0.000000E+00  0.000000E+00  0.000000E+00  0.391008E+05
  0.528800E+00  0.373547E+05  0.360355E+05  0.000000E+00  0.000000E+00  0.000000E+00  0.371898E+05
  0.546723E+00  0.355442E+05  0.342952E+05  0.000000E+00  0.000000E+00  0.000000E+00  0.353881E+05
  0.565255E+00  0.338094E+05  0.326233E+05  0.000000E+00  0.000000E+00  0.000000E+00  0.336611E+05
  0.584414E+00  0.321404E+05  0.310092E+05  0.000000E+00  0.000000E+00  0.000000E+00  0.319990E+05
  0.604223E+00  0.305531E+05  0.294774E+05  0.000000E+00  0.000000E+00  0.000000E+00  0.304186E+05
  0.624703E+00  0.290457E+05  0.280253E+05  0.000000E+00  0.000000E+00  0.000000E+00  0.289181E+05
  0.645878E+00  0.276028E+05  0.266326E+05  0.000000E+00  0.000000E+00  0.000000E+00  0.274815E+05
  0.667769E+00  0.262252E+05  0.253026E+05  0.000000E+00  0.000000E+00  0.000000E+00  0.261099E+05
  0.690404E+00  0.249155E+05  0.240397E+05  0.000000E+00  0.000000E+00  0.000000E+00  0.248060E+05
  0.713805E+00  0.236665E+05  0.228347E+05  0.000000E+00  0.000000E+00  0.000000E+00  0.235625E+05
  0.738000E+00  0.224751E+05  0.216849E+05  0.000000E+00  0.000000E+00  0.000000E+00  0.223764E+05
  0.763015E+00  0.213413E+05  0.205912E+05  0.000000E+00  0.000000E+00  0.000000E+00  0.212475E+05
  0.788877E+00  0.202613E+05  0.195492E+05  0.000000E+00  0.000000E+00  0.000000E+00  0.201723E+05
  0.815616E+00  0.192326E+05  0.185565E+05  0.000000E+00  0.000000E+00  0.000000E+00  0.191481E+05
  0.843261E+00  0.182534E+05  0.176119E+05  0.000000E+00  0.000000E+00  0.000000E+00  0.181732E+05
  0.871844E+00  0.173214E+05  0.167126E+05  0.000000E+00  0.000000E+00  0.000000E+00  0.172453E+05
  0.901395E+00  0.164345E+05  0.158569E+05  0.000000E+00  0.000000E+00  0.000000E+00  0.163623E+05
  0.931948E+00  0.155907E+05  0.150428E+05  0.000000E+00  0.000000E+00  0.000000E+00  0.155222E+05
  0.963536E+00  0.147882E+05  0.142685E+05  0.000000E+00  0.000000E+00  0.000000E+00  0.147232E+05
  0.996195E+00  0.140250E+05  0.135321E+05  0.000000E+00  0.000000E+00  0.000000E+00  0.139634E+05
  0.102996E+01  0.132993E+05  0.128320E+05  0.000000E+00  0.000000E+00  0.000000E+00  0.132409E+05
  0.106487E+01  0.126093E+05  0.121663E+05  0.000000E+00  0.000000E+00  0.000000E+00  0.125540E+05
  0.110097E+01  0.119535E+05  0.115335E+05  0.000000E+00  0.000000E+00  0.000000E+00  0.119010E+05
  0.113828E+01  0.113303E+05  0.109322E+05  0.000000E+00  0.000000E+00  0.000000E+00  0.112805E+05
  0.117687E+01  0.107381E+05  0.103608E+05  0.000000E+00  0.000000E+00  0.000000E+00  0.106909E+05
  0.121676E+01  0.101756E+05  0.981808E+04  0.000000E+00  0.000000E+00  0.000000E+00  0.101309E+05
  0.125800E+01  0.964131E+04  0.930258E+04  0.000000E+00  0.000000E+00  0.000000E+00  0.959897E+04
  0.130064E+01  0.913394E+04  0.881304E+04  0.000000E+00  0.000000E+00  0.000000E+00  0.909383E+04
  0.134472E+01  0.865219E+04  0.834823E+04  0.000000E+00  0.000000E+00  0.000000E+00  0.861420E+04
  0.139030E+01  0.819485E+04  0.790696E+04  0.000000E+00  0.000000E+00  0.000000E+00  0.815887E+04
  0.143743E+01  0.776076E+04  0.748813E+04  0.000000E+00  0.000000E+00  0.000000E+00  0.772668E+04
  0.148615E+01  0.734879E+04  0.709063E+04  0.000000E+00  0.000000E+00  0.000000E+00  0.731652E+04
  0.153652E+01  0.695785E+04  0.671342E+04  0.000000E+00  0.000000E+00  0.000000E+00  0.692730E+04
  0.158860E+01  0.658696E+04  0.635557E+04  0.000000E+00  0.000000E+00  0.000000E+00  0.655803E+04
  0.164245E+01  0.623511E+04  0.601608E+04  0.000000E+00  0.000000E+00  0.000000E+00  0.620773E+04
  0.169812E+01  0.590144E+04  0.569414E+04  0.000000E+00  0.000000E+00  0.000000E+00  0.587553E+04
  0.175568E+01  0.558502E+04  0.538883E+04  0.000000E+00  0.000000E+00  0.000000E+00  0.556050E+04
  0.181519E+01  0.528499E+04  0.509934E+04  0.000000E+00  0.000000E+00  0.000000E+00  0.526178E+04
  0.187671E+01  0.500054E+04  0.482488E+04  0.000000E+00  0.000000E+00  0.000000E+00  0.497858E+04
  0.194032E+01  0.473090E+04  0.456472E+04  0.000000E+00  0.000000E+00  0.000000E+00  0.471013E+04
  0.200609E+01  0.447536E+04  0.431815E+04  0.000000E+00  0.000000E+00  0.000000E+00  0.445571E+04
  0.207409E+01  0.423316E+04  0.408447E+04  0.000000E+00  0.000000E+00  0.000000E+00  0.421457E+04
  0.214439E+01  0.400368E+04  0.386304E+04  0.000000E+00  0.000000E+00  0.000000E+00  0.398610E+04
  0.221707E+01  0.378626E+04  0.365327E+04  0.000000E+00  0.000000E+00  0.000000E+00  0.376964E+04
  0.229222E+01  0.358032E+04  0.345456E+04  0.000000E+00  0.000000E+00  0.000000E+00  0.356460E+04
  0.236992E+01  0.338525E+04  0.326634E+04  0.000000E+00  0.000000E+00  0.000000E+00  0.337039E+04
  0.245024E+01  0.320052E+04  0.308810E+04  0.000000E+00  0.000000E+00  0.000000E+00  0.318647E+04
  0.253330E+01  0.302557E+04  0.291930E+04  0.000000E+00  0.000000E+00  0.000000E+00  0.301229E+04
  0.261916E+01  0.285993E+04  0.275947E+04  0.000000E+00  0.000000E+00  0.000000E+00  0.284737E+04
  0.270794E+01  0.270310E+04  0.260815E+04  0.000000E+00  0.000000E+00  0.000000E+00  0.269123E+04
  0.279972E+01  0.255466E+04  0.246492E+04  0.000000E+00  0.000000E+00  0.000000E+00  0.254344E+04
  0.289462E+01  0.241416E+04  0.232936E+04  0.000000E+00  0.000000E+00  0.000000E+00  0.240356E+04
  0.299273E+01  0.228119E+04  0.220106E+04  0.000000E+00  0.000000E+00  0.000000E+00  0.227118E+04
  0.309418E+01  0.215536E+04  0.207964E+04  0.000000E+00  0.000000E+00  0.000000E+00  0.214589E+04
  0.319905E+01  0.203629E+04  0.196476E+04  0.000000E+00  0.000000E+00  0.000000E+00  0.202735E+04
  0.330748E+01  0.192364E+04  0.185607E+04  0.000000E+00  0.000000E+00  0.000000E+00  0.191520E+04
  0.341959E+01  0.181708E+04  0.175325E+04  0.000000E+00  0.000000E+00  0.000000E+00  0.180910E+04
  0.353550E+01  0.171629E+04  0.165600E+04  0.000000E+00  0.000000E+00  0.000000E+00  0.170875E+04
  0.365534E+01  0.162096E+04  0.156402E+04  0.000000E+00  0.000000E+00  0.000000E+00  0.161384E+04
  0.377923E+01  0.153081E+04  0.147703E+04  0.000000E+00  0.000000E+00  0.000000E+00  0.152408E+04
  0.390733E+01  0.144555E+04  0.139477E+04  0.000000E+00  0.000000E+00  0.000000E+00  0.143920E+04
  0.403977E+01  0.136494E+04  0.131699E+04  0.000000E+00  0.000000E+00  0.000000E+00  0.135895E+04
  0.417670E+01  0.128873E+04  0.124345E+04  0.000000E+00  0.000000E+00  0.000000E+00  0.128307E+04
  0.431827E+01  0.121669E+04  0.117394E+04  0.000000E+00  0.000000E+00  0.000000E+00  0.121135E+04
  0.446464E+01  0.114859E+04  0.110823E+04  0.000000E+00  0.000000E+00  0.000000E+00  0.114355E+04
  0.461597E+01  0.108422E+04  0.104613E+04  0.000000E+00  0.000000E+00  0.000000E+00  0.107946E+04
  0.477243E+01  0.102339E+04  0.987428E+03  0.000000E+00  0.000000E+00  0.000000E+00  0.101889E+04
  0.493419E+01  0.965904E+03  0.931961E+03  0.000000E+00  0.000000E+00  0.000000E+00  0.961661E+03
  0.510143E+01  0.911584E+03  0.879549E+03  0.000000E+00  0.000000E+00  0.000000E+00  0.907580E+03
  0.527435E+01  0.860262E+03  0.830028E+03  0.000000E+00  0.000000E+00  0.000000E+00  0.856483E+03
  0.545312E+01  0.811773E+03  0.783242E+03  0.000000E+00  0.000000E+00  0.000000E+00  0.808207E+03
  0.563796E+01  0.765966E+03  0.739043E+03  0.000000E+00  0.000000E+00  0.000000E+00  0.762600E+03
  0.582905E+01  0.722698E+03  0.697294E+03  0.000000E+00  0.000000E+00  0.000000E+00  0.719522E+03
  0.602663E+01  0.681831E+03  0.657862E+03  0.000000E+00  0.000000E+00  0.000000E+00  0.678835E+03
  0.623090E+01  0.643231E+03  0.620617E+03  0.000000E+00  0.000000E+00  0.000000E+00  0.640405E+03
  0.644210E+01  0.606779E+03  0.585445E+03  0.000000E+00  0.000000E+00  0.000000E+00  0.604112E+03
  0.666046E+01  0.572358E+03  0.552232E+03  0.000000E+00  0.000000E+00  0.000000E+00  0.569842E+03
  0.688622E+01  0.539857E+03  0.520872E+03  0.000000E+00  0.000000E+00  0.000000E+00  0.537484E+03
  0.711962E+01  0.509172E+03  0.491264E+03  0.000000E+00  0.000000E+00  0.000000E+00  0.506933E+03
  0.736094E+01  0.480200E+03  0.463309E+03  0.000000E+00  0.000000E+00  0.000000E+00  0.478089E+03
  0.761044E+01  0.452851E+03  0.436920E+03  0.000000E+00  0.000000E+00  0.000000E+00  0.450859E+03
  0.786840E+01  0.427035E+03  0.412010E+03  0.000000E+00  0.000000E+00  0.000000E+00  0.425157E+03
  0.813510E+01  0.402668E+03  0.388499E+03  0.000000E+00  0.000000E+00  0.000000E+00  0.400897E+03
  0.841084E+01  0.379669E+03  0.366306E+03  0.000000E+00  0.000000E+00  0.000000E+00  0.377998E+03
  0.869593E+01  0.357963E+03  0.345363E+03  0.000000E+00  0.000000E+00  0.000000E+00  0.356388E+03
  0.899068E+01  0.337481E+03  0.325600E+03  0.000000E+00  0.000000E+00  0.000000E+00  0.335996E+03
  0.929542E+01  0.318153E+03  0.306950E+03  0.000000E+00  0.000000E+00  0.000000E+00  0.316752E+03
  0.961048E+01  0.299915E+03  0.289352E+03  0.000000E+00  0.000000E+00  0.000000E+00  0.298595E+03
  0.993624E+01  0.282708E+03  0.272749E+03  0.000000E+00  0.000000E+00  0.000000E+00  0.281464E+03
  0.102730E+02  0.266475E+03  0.257086E+03  0.000000E+00  0.000000E+00  0.000000E+00  0.265302E+03
  0.106212E+02  0.251160E+03  0.242308E+03  0.000000E+00  0.000000E+00  0.000000E+00  0.250054E+03
  0.109812E+02  0.236714E+03  0.228368E+03  0.000000E+00  0.000000E+00  0.000000E+00  0.235671E+03
  0.113534E+02  0.223087E+03  0.215220E+03  0.000000E+00  0.000000E+00  0.000000E+00  0.222104E+03
  0.117383E+02  0.210234E+03  0.202818E+03  0.000000E+00  0.000000E+00  0.000000E+00  0.209307E+03
  0.121361E+02  0.198111E+03  0.191120E+03  0.000000E+00  0.000000E+00  0.000000E+00  0.197237E+03
  0.125475E+02  0.186679E+03  0.180089E+03  0.000000E+00  0.000000E+00  0.000000E+00  0.185855E+03
  0.129728E+02  0.175897E+03  0.169686E+03  0.000000E+00  0.000000E+00  0.000000E+00  0.175121E+03
  0.134125E+02  0.165731E+03  0.159876E+03  0.000000E+00  0.000000E+00  0.000000E+00  0.164999E+03
  0.138671E+02  0.156145E+03  0.150626E+03  0.000000E+00  0.000000E+00  0.000000E+00  0.155455E+03
  0.143372E+02  0.147106E+03  0.141904E+03  0.000000E+00  0.000000E+00  0.000000E+00  0.146456E+03
  0.148231E+02  0.138584E+03  0.133682E+03  0.000000E+00  0.000000E+00  0.000000E+00  0.137971E+03
  0.153256E+02  0.130550E+03  0.125929E+03  0.000000E+00  0.000000E+00  0.000000E+00  0.129972E+03
  0.158450E+02  0.122976E+03  0.118621E+03  0.000000E+00  0.000000E+00  0.000000E+00  0.122432E+03
  0.163821E+02  0.115836E+03  0.111732E+03  0.000000E+00  0.000000E+00  0.000000E+00  0.115323E+03
  0.169373E+02  0.109107E+03  0.105238E+03  0.000000E+00  0.000000E+00  0.000000E+00  0.108623E+03
  0.175115E+02  0.102763E+03  0.991167E+02  0.000000E+00  0.000000E+00  0.000000E+00  0.102307E+03
  0.181050E+02  0.967845E+02  0.933477E+02  0.000000E+00  0.000000E+00  0.000000E+00  0.963549E+02
  0.187187E+02  0.911495E+02  0.879103E+02  0.000000E+00  0.000000E+00  0.000000E+00  0.907446E+02
  0.193531E+02  0.858391E+02  0.827861E+02  0.000000E+00  0.000000E+00  0.000000E+00  0.854575E+02
  0.200091E+02  0.808347E+02  0.779571E+02  0.000000E+00  0.000000E+00  0.000000E+00  0.804750E+02
  0.206873E+02  0.761189E+02  0.734066E+02  0.000000E+00  0.000000E+00  0.000000E+00  0.757799E+02
  0.213885E+02  0.716754E+02  0.691187E+02  0.000000E+00  0.000000E+00  0.000000E+00  0.713558E+02
  0.221135E+02  0.674884E+02  0.650785E+02  0.000000E+00  0.000000E+00  0.000000E+00  0.671871E+02
  0.228630E+02  0.635435E+02  0.612718E+02  0.000000E+00  0.000000E+00  0.000000E+00  0.632595E+02
  0.236380E+02  0.598268E+02  0.576853E+02  0.000000E+00  0.000000E+00  0.000000E+00  0.595591E+02
  0.244392E+02  0.563252E+02  0.543063E+02  0.000000E+00  0.000000E+00  0.000000E+00  0.560728E+02
  0.252676E+02  0.530265E+02  0.511232E+02  0.000000E+00  0.000000E+00  0.000000E+00  0.527886E+02
  0.261240E+02  0.499191E+02  0.481247E+02  0.000000E+00  0.000000E+00  0.000000E+00  0.496948E+02
  0.270095E+02  0.469920E+02  0.453000E+02  0.000000E+00  0.000000E+00  0.000000E+00  0.467805E+02
  0.279250E+02  0.442349E+02  0.426395E+02  0.000000E+00  0.000000E+00  0.000000E+00  0.440355E+02
  0.288715E+02  0.416380E+02  0.401334E+02  0.000000E+00  0.000000E+00  0.000000E+00  0.414499E+02
  0.298501E+02  0.391921E+02  0.377731E+02  0.000000E+00  0.000000E+00  0.000000E+00  0.390148E+02
  0.308619E+02  0.368885E+02  0.355501E+02  0.000000E+00  0.000000E+00  0.000000E+00  0.367212E+02
  0.319079E+02  0.347191E+02  0.334566E+02  0.000000E+00  0.000000E+00  0.000000E+00  0.345613E+02
  0.329895E+02  0.326760E+02  0.314850E+02  0.000000E+00  0.000000E+00  0.000000E+00  0.325271E+02
  0.341076E+02  0.307521E+02  0.296284E+02  0.000000E+00  0.000000E+00  0.000000E+00  0.306116E+02
  0.352637E+02  0.289404E+02  0.278800E+02  0.000000E+00  0.000000E+00  0.000000E+00  0.288078E+02
  0.364590E+02  0.272345E+02  0.262337E+02  0.000000E+00  0.000000E+00  0.000000E+00  0.271094E+02
  0.376948E+02  0.256282E+02  0.246835E+02  0.000000E+00  0.000000E+00  0.000000E+00  0.255101E+02
  0.389725E+02  0.241159E+02  0.232240E+02  0.000000E+00  0.000000E+00  0.000000E+00  0.240044E+02
  0.402934E+02  0.226920E+02  0.218498E+02  0.000000E+00  0.000000E+00  0.000000E+00  0.225867E+02
  0.416592E+02  0.213514E+02  0.205561E+02  0.000000E+00  0.000000E+00  0.000000E+00  0.212520E+02
  0.430712E+02  0.200894E+02  0.193381E+02  0.000000E+00  0.000000E+00  0.000000E+00  0.199955E+02
  0.445311E+02  0.189013E+02  0.181914E+02  0.000000E+00  0.000000E+00  0.000000E+00  0.188125E+02
  0.460405E+02  0.177829E+02  0.171120E+02  0.000000E+00  0.000000E+00  0.000000E+00  0.176990E+02
  0.476011E+02  0.167300E+02  0.160959E+02  0.000000E+00  0.000000E+00  0.000000E+00  0.166508E+02
  0.492145E+02  0.157390E+02  0.151394E+02  0.000000E+00  0.000000E+00  0.000000E+00  0.156640E+02
  0.508826E+02  0.148062E+02  0.142391E+02  0.000000E+00  0.000000E+00  0.000000E+00  0.147353E+02
  0.526073E+02  0.139282E+02  0.133917E+02  0.000000E+00  0.000000E+00  0.000000E+00  0.138612E+02
  0.543904E+02  0.131019E+02  0.125941E+02  0.000000E+00  0.000000E+00  0.000000E+00  0.130384E+02
  0.562340E+02  0.123242E+02  0.118434E+02  0.000000E+00  0.000000E+00  0.000000E+00  0.122641E+02
  0.581401E+02  0.115922E+02  0.111369E+02  0.000000E+00  0.000000E+00  0.000000E+00  0.115353E+02
  0.601107E+02  0.109034E+02  0.104720E+02  0.000000E+00  0.000000E+00  0.000000E+00  0.108495E+02
  0.621482E+02  0.102551E+02  0.984625E+01  0.000000E+00  0.000000E+00  0.000000E+00  0.102040E+02
  0.642547E+02  0.964512E+01  0.925740E+01  0.000000E+00  0.000000E+00  0.000000E+00  0.959666E+01
  0.664326E+02  0.907110E+01  0.870329E+01  0.000000E+00  0.000000E+00  0.000000E+00  0.902513E+01
  0.686844E+02  0.853096E+01  0.818186E+01  0.000000E+00  0.000000E+00  0.000000E+00  0.848732E+01
  0.710124E+02  0.802272E+01  0.769122E+01  0.000000E+00  0.000000E+00  0.000000E+00  0.798128E+01
  0.734194E+02  0.754451E+01  0.722955E+01  0.000000E+00  0.000000E+00  0.000000E+00  0.750514E+01
  0.759079E+02  0.709457E+01  0.679517E+01  0.000000E+00  0.000000E+00  0.000000E+00  0.705715E+01
  0.784809E+02  0.667124E+01  0.638646E+01  0.000000E+00  0.000000E+00  0.000000E+00  0.663564E+01
  0.811410E+02  0.627296E+01  0.600193E+01  0.000000E+00  0.000000E+00  0.000000E+00  0.623908E+01
  0.838913E+02  0.589826E+01  0.564015E+01  0.000000E+00  0.000000E+00  0.000000E+00  0.586599E+01
  0.867347E+02  0.554576E+01  0.529980E+01  0.000000E+00  0.000000E+00  0.000000E+00  0.551501E+01
  0.896747E+02  0.521414E+01  0.497960E+01  0.000000E+00  0.000000E+00  0.000000E+00  0.518482E+01
  0.927141E+02  0.490219E+01  0.467837E+01  0.000000E+00  0.000000E+00  0.000000E+00  0.487421E+01
  0.958567E+02  0.460874E+01  0.439500E+01  0.000000E+00  0.000000E+00  0.000000E+00  0.458202E+01
  0.991058E+02  0.433269E+01  0.412843E+01  0.000000E+00  0.000000E+00  0.000000E+00  0.430716E+01
  0.102465E+03  0.407304E+01  0.387768E+01  0.000000E+00  0.000000E+00  0.000000E+00  0.404862E+01
  0.105938E+03  0.382882E+01  0.364183E+01  0.000000E+00  0.000000E+00  0.000000E+00  0.380544E+01
  0.109529E+03  0.359909E+01  0.341997E+01  0.000000E+00  0.000000E+00  0.000000E+00  0.357670E+01
  0.113241E+03  0.338304E+01  0.321130E+01  0.000000E+00  0.000000E+00  0.000000E+00  0.336157E+01
  0.117080E+03  0.317984E+01  0.301504E+01  0.000000E+00  0.000000E+00  0.000000E+00  0.315924E+01
  0.121048E+03  0.298872E+01  0.283045E+01  0.000000E+00  0.000000E+00  0.000000E+00  0.296894E+01
  0.125151E+03  0.280898E+01  0.265683E+01  0.000000E+00  0.000000E+00  0.000000E+00  0.278996E+01
  0.129393E+03  0.263994E+01  0.249356E+01  0.000000E+00  0.000000E+00  0.000000E+00  0.262164E+01
  0.133779E+03  0.248098E+01  0.234001E+01  0.000000E+00  0.000000E+00  0.000000E+00  0.246336E+01
  0.138313E+03  0.233149E+01  0.219561E+01  0.000000E+00  0.000000E+00  0.000000E+00  0.231451E+01
  0.143002E+03  0.219091E+01  0.205981E+01  0.000000E+00  0.000000E+00  0.000000E+00  0.217452E+01
  0.147849E+03  0.205873E+01  0.193211E+01  0.000000E+00  0.000000E+00  0.000000E+00  0.204290E+01
  0.152860E+03  0.193443E+01  0.181204E+01  0.000000E+00  0.000000E+00  0.000000E+00  0.191913E+01
  0.158041E+03  0.181755E+01  0.169914E+01  0.000000E+00  0.000000E+00  0.000000E+00  0.180275E+01
  0.163398E+03  0.170765E+01  0.159298E+01  0.000000E+00  0.000000E+00  0.000000E+00  0.169331E+01
  0.168936E+03  0.160432E+01  0.149317E+01  0.000000E+00  0.000000E+00  0.000000E+00  0.159042E+01
  0.174662E+03  0.150716E+01  0.139933E+01  0.000000E+00  0.000000E+00  0.000000E+00  0.149368E+01
  0.180583E+03  0.141581E+01  0.131111E+01  0.000000E+00  0.000000E+00  0.000000E+00  0.140273E+01
  0.186704E+03  0.132994E+01  0.122818E+01  0.000000E+00  0.000000E+00  0.000000E+00  0.131722E+01
  0.193032E+03  0.124920E+01  0.115022E+01  0.000000E+00  0.000000E+00  0.000000E+00  0.123683E+01
  0.199574E+03  0.117329E+01  0.107694E+01  0.000000E+00  0.000000E+00  0.000000E+00  0.116125E+01
  0.206339E+03  0.110193E+01  0.100805E+01  0.000000E+00  0.000000E+00  0.000000E+00  0.109020E+01
