  0.119218E-04  0.530701E+07  0.530701E+07  0.707474E+07  0.707473E+07  0.000000E+00  0.530701E+07
  0.123258E-04  0.530701E+07  0.530701E+07  0.707465E+07  0.707464E+07  0.000000E+00  0.530701E+07
  0.127436E-04  0.530701E+07  0.530701E+07  0.707455E+07  0.707455E+07  0.000000E+00  0.530701E+07
  0.131756E-04  0.530701E+07  0.530701E+07  0.707445E+07  0.707445E+07  0.000000E+00  0.530701E+07
  0.136222E-04  0.530701E+07  0.530701E+07  0.707434E+07  0.707434E+07  0.000000E+00  0.530701E+07
  0.140839E-04  0.530701E+07  0.530701E+07  0.707423E+07  0.707422E+07  0.000000E+00  0.530701E+07
  0.145613E-04  0.530701E+07  0.530701E+07  0.707410E+07  0.707410E+07  0.000000E+00  0.530701E+07
  0.150548E-04  0.530701E+07  0.530701E+07  0.707397E+07  0.707396E+07  0.000000E+00  0.530701E+07
  0.155651E-04  0.530701E+07  0.530701E+07  0.707383E+07  0.707382E+07  0.000000E+00  0.530701E+07
  0.160927E-04  0.530701E+07  0.530701E+07  0.707368E+07  0.707367E+07  0.000000E+00  0.530701E+07
  0.166382E-04  0.530701E+07  0.530701E+07  0.707352E+07  0.707351E+07  0.000000E+00  0.530701E+07
  0.172021E-04  0.530701E+07  0.530701E+07  0.707335E+07  0.707333E+07  0.000000E+00  0.530701E+07
  0.177852E-04  0.530701E+07  0.530701E+07  0.707316E+07  0.707315E+07  0.000000E+00  0.530701E+07
  0.183880E-04  0.530701E+07  0.530701E+07  0.707296E+07  0.707295E+07  0.000000E+00  0.530701E+07
  0.190113E-04  0.530701E+07  0.530701E+07  0.707275E+07  0.707274E+07  0.000000E+00  0.530701E+07
  0.196557E-04  0.530701E+07  0.530701E+07  0.707253E+07  0.707251E+07  0.000000E+00  0.530701E+07
  0.203219E-04  0.530701E+07  0.530701E+07  0.707229E+07  0.707227E+07  0.000000E+00  0.530701E+07
  0.210107E-04  0.530700E+07  0.530700E+07  0.707203E+07  0.707201E+07  0.000000E+00  0.530700E+07
  0.217229E-04  0.530700E+07  0.530700E+07  0.707175E+07  0.707173E+07  0.000000E+00  0.530700E+07
  0.224592E-04  0.530700E+07  0.530700E+07  0.707146E+07  0.707144E+07  0.000000E+00  0.530700E+07
  0.232204E-04  0.530700E+07  0.530700E+07  0.707114E+07  0.707112E+07  0.000000E+00  0.530700E+07
  0.240075E-04  0.530700E+07  0.530700E+07  0.707081E+07  0.707078E+07  0.000000E+00  0.530700E+07
  0.248212E-04  0.530700E+07  0.530700E+07  0.707045E+07  0.707042E+07  0.000000E+00  0.530700E+07
  0.256625E-04  0.530700E+07  0.530700E+07  0.707006E+07  0.707004E+07  0.000000E+00  0.530700E+07
  0.265324E-04  0.530700E+07  0.530700E+07  0.706965E+07  0.706962E+07  0.000000E+00  0.530700E+07
  0.274317E-04  0.530699E+07  0.530699E+07  0.706921E+07  0.706918E+07  0.000000E+00  0.530699E+07
  0.283615E-04  0.530699E+07  0.530699E+07  0.706874E+07  0.706871E+07  0.000000E+00  0.530699E+07
  0.293228E-04  0.530699E+07  0.530699E+07  0.706824E+07  0.706820E+07  0.000000E+00  0.530699E+07
  0.303167E-04  0.530699E+07  0.530699E+07  0.706771E+07  0.706767E+07  0.000000E+00  0.530699E+07
  0.313443E-04  0.530699E+07  0.530699E+07  0.706713E+07  0.706709E+07  0.000000E+00  0.530699E+07
  0.324067E-04  0.530698E+07  0.530698E+07  0.706652E+07  0.706648E+07  0.000000E+00  0.530698E+07
  0.335051E-04  0.530698E+07  0.530698E+07  0.706586E+07  0.706582E+07  0.000000E+00  0.530698E+07
  0.346408E-04  0.530698E+07  0.530698E+07  0.706516E+07  0.706511E+07  0.000000E+00  0.530698E+07
  0.358149E-04  0.530698E+07  0.530698E+07  0.706442E+07  0.706436E+07  0.000000E+00  0.530698E+07
  0.370289E-04  0.530698E+07  0.530698E+07  0.706362E+07  0.706356E+07  0.000000E+00  0.530698E+07
  0.382840E-04  0.530697E+07  0.530697E+07  0.706276E+07  0.706270E+07  0.000000E+00  0.530697E+07
  0.395816E-04  0.530697E+07  0.530697E+07  0.706185E+07  0.706178E+07  0.000000E+00  0.530697E+07
  0.409233E-04  0.530697E+07  0.530697E+07  0.706087E+07  0.706080E+07  0.000000E+00  0.530697E+07
  0.423104E-04  0.530696E+07  0.530696E+07  0.705983E+07  0.705975E+07  0.000000E+00  0.530696E+07
  0.437445E-04  0.530696E+07  0.530696E+07  0.705871E+07  0.705863E+07  0.000000E+00  0.530696E+07
  0.452272E-04  0.530695E+07  0.530695E+07  0.705752E+07  0.705744E+07  0.000000E+00  0.530695E+07
  0.467602E-04  0.530695E+07  0.530695E+07  0.705625E+07  0.705616E+07  0.000000E+00  0.530695E+07
  0.483451E-04  0.530694E+07  0.530694E+07  0.705489E+07  0.705479E+07  0.000000E+00  0.530694E+07
  0.499838E-04  0.530694E+07  0.530694E+07  0.705343E+07  0.705333E+07  0.000000E+00  0.530694E+07
  0.516780E-04  0.530693E+07  0.530693E+07  0.705188E+07  0.705176E+07  0.000000E+00  0.530693E+07
  0.534296E-04  0.530693E+07  0.530693E+07  0.705022E+07  0.705009E+07  0.000000E+00  0.530693E+07
  0.552406E-04  0.530692E+07  0.530692E+07  0.704844E+07  0.704831E+07  0.000000E+00  0.530692E+07
  0.571130E-04  0.530692E+07  0.530691E+07  0.704654E+07  0.704640E+07  0.000000E+00  0.530692E+07
  0.590489E-04  0.530691E+07  0.530691E+07  0.704451E+07  0.704436E+07  0.000000E+00  0.530691E+07
  0.610503E-04  0.530690E+07  0.530690E+07  0.704234E+07  0.704219E+07  0.000000E+00  0.530690E+07
  0.631196E-04  0.530689E+07  0.530689E+07  0.704003E+07  0.703986E+07  0.000000E+00  0.530689E+07
  0.652591E-04  0.530688E+07  0.530688E+07  0.703755E+07  0.703737E+07  0.000000E+00  0.530688E+07
  0.674711E-04  0.530687E+07  0.530687E+07  0.703491E+07  0.703472E+07  0.000000E+00  0.530687E+07
  0.697580E-04  0.530686E+07  0.530686E+07  0.703208E+07  0.703188E+07  0.000000E+00  0.530686E+07
  0.721224E-04  0.530685E+07  0.530685E+07  0.702906E+07  0.702884E+07  0.000000E+00  0.530685E+07
  0.745670E-04  0.530684E+07  0.530684E+07  0.702584E+07  0.702560E+07  0.000000E+00  0.530684E+07
  0.770945E-04  0.530683E+07  0.530683E+07  0.702239E+07  0.702214E+07  0.000000E+00  0.530683E+07
  0.797076E-04  0.530682E+07  0.530682E+07  0.701870E+07  0.701844E+07  0.000000E+00  0.530682E+07
  0.824093E-04  0.530680E+07  0.530680E+07  0.701477E+07  0.701448E+07  0.000000E+00  0.530680E+07
  0.852026E-04  0.530679E+07  0.530679E+07  0.701056E+07  0.701026E+07  0.000000E+00  0.530679E+07
  0.880905E-04  0.530677E+07  0.530677E+07  0.700607E+07  0.700575E+07  0.000000E+00  0.530677E+07
  0.910764E-04  0.530676E+07  0.530675E+07  0.700128E+07  0.700093E+07  0.000000E+00  0.530676E+07
  0.941634E-04  0.530674E+07  0.530674E+07  0.699615E+07  0.699578E+07  0.000000E+00  0.530674E+07
  0.973551E-04  0.530672E+07  0.530672E+07  0.699067E+07  0.699028E+07  0.000000E+00  0.530672E+07
  0.100655E-03  0.530670E+07  0.530670E+07  0.698483E+07  0.698440E+07  0.000000E+00  0.530670E+07
  0.104067E-03  0.530667E+07  0.530667E+07  0.697858E+07  0.697813E+07  0.000000E+00  0.530667E+07
  0.107594E-03  0.530665E+07  0.530665E+07  0.697191E+07  0.697142E+07  0.000000E+00  0.530665E+07
  0.111241E-03  0.530663E+07  0.530662E+07  0.696478E+07  0.696427E+07  0.000000E+00  0.530663E+07
  0.115011E-03  0.530660E+07  0.530660E+07  0.695718E+07  0.695662E+07  0.000000E+00  0.530660E+07
  0.118910E-03  0.530657E+07  0.530657E+07  0.694905E+07  0.694846E+07  0.000000E+00  0.530657E+07
  0.122940E-03  0.530654E+07  0.530654E+07  0.694038E+07  0.693975E+07  0.000000E+00  0.530654E+07
  0.127107E-03  0.530651E+07  0.530650E+07  0.693112E+07  0.693045E+07  0.000000E+00  0.530651E+07
  0.131416E-03  0.530647E+07  0.530647E+07  0.692123E+07  0.692051E+07  0.000000E+00  0.530647E+07
  0.135870E-03  0.530643E+07  0.530643E+07  0.691068E+07  0.690991E+07  0.000000E+00  0.530643E+07
  0.140475E-03  0.530639E+07  0.530639E+07  0.689942E+07  0.689860E+07  0.000000E+00  0.530639E+07
  0.145237E-03  0.530635E+07  0.530635E+07  0.688739E+07  0.688652E+07  0.000000E+00  0.530635E+07
  0.150160E-03  0.530630E+07  0.530630E+07  0.687457E+07  0.687364E+07  0.000000E+00  0.530630E+07
  0.155249E-03  0.530625E+07  0.530625E+07  0.686088E+07  0.685989E+07  0.000000E+00  0.530625E+07
  0.160511E-03  0.530620E+07  0.530620E+07  0.684628E+07  0.684522E+07  0.000000E+00  0.530620E+07
  0.165952E-03  0.530615E+07  0.530614E+07  0.683070E+07  0.682957E+07  0.000000E+00  0.530614E+07
  0.171577E-03  0.530609E+07  0.530608E+07  0.681408E+07  0.681288E+07  0.000000E+00  0.530608E+07
  0.177393E-03  0.530602E+07  0.530602E+07  0.679637E+07  0.679509E+07  0.000000E+00  0.530602E+07
  0.183405E-03  0.530595E+07  0.530595E+07  0.677748E+07  0.677611E+07  0.000000E+00  0.530595E+07
  0.189622E-03  0.530588E+07  0.530588E+07  0.675734E+07  0.675588E+07  0.000000E+00  0.530588E+07
  0.196049E-03  0.530580E+07  0.530580E+07  0.673588E+07  0.673433E+07  0.000000E+00  0.530580E+07
  0.202694E-03  0.530572E+07  0.530571E+07  0.671300E+07  0.671135E+07  0.000000E+00  0.530572E+07
  0.209565E-03  0.530563E+07  0.530562E+07  0.668863E+07  0.668688E+07  0.000000E+00  0.530563E+07
  0.216668E-03  0.530553E+07  0.530553E+07  0.666268E+07  0.666081E+07  0.000000E+00  0.530553E+07
  0.224012E-03  0.530543E+07  0.530543E+07  0.663504E+07  0.663305E+07  0.000000E+00  0.530543E+07
  0.231605E-03  0.530532E+07  0.530532E+07  0.660561E+07  0.660350E+07  0.000000E+00  0.530532E+07
  0.239455E-03  0.530521E+07  0.530520E+07  0.657429E+07  0.657204E+07  0.000000E+00  0.530520E+07
  0.247571E-03  0.530508E+07  0.530508E+07  0.654097E+07  0.653858E+07  0.000000E+00  0.530508E+07
  0.255963E-03  0.530495E+07  0.530494E+07  0.650553E+07  0.650299E+07  0.000000E+00  0.530495E+07
  0.264639E-03  0.530481E+07  0.530480E+07  0.646784E+07  0.646514E+07  0.000000E+00  0.530481E+07
  0.273609E-03  0.530466E+07  0.530465E+07  0.642779E+07  0.642492E+07  0.000000E+00  0.530465E+07
  0.282883E-03  0.530449E+07  0.530449E+07  0.638523E+07  0.638219E+07  0.000000E+00  0.530449E+07
  0.292471E-03  0.530432E+07  0.530431E+07  0.634004E+07  0.633681E+07  0.000000E+00  0.530432E+07
  0.302384E-03  0.530414E+07  0.530413E+07  0.629206E+07  0.628864E+07  0.000000E+00  0.530414E+07
  0.312634E-03  0.530394E+07  0.530393E+07  0.624116E+07  0.623754E+07  0.000000E+00  0.530394E+07
  0.323230E-03  0.530373E+07  0.530372E+07  0.618718E+07  0.618334E+07  0.000000E+00  0.530373E+07
  0.334186E-03  0.530350E+07  0.530350E+07  0.612997E+07  0.612591E+07  0.000000E+00  0.530350E+07
  0.345514E-03  0.530327E+07  0.530326E+07  0.606937E+07  0.606508E+07  0.000000E+00  0.530326E+07
  0.357225E-03  0.530301E+07  0.530300E+07  0.600522E+07  0.600069E+07  0.000000E+00  0.530301E+07
  0.369333E-03  0.530274E+07  0.530273E+07  0.593737E+07  0.593258E+07  0.000000E+00  0.530274E+07
  0.381852E-03  0.530245E+07  0.530244E+07  0.586564E+07  0.586059E+07  0.000000E+00  0.530244E+07
  0.394794E-03  0.530214E+07  0.530212E+07  0.578988E+07  0.578457E+07  0.000000E+00  0.530213E+07
  0.408176E-03  0.530180E+07  0.530179E+07  0.570993E+07  0.570434E+07  0.000000E+00  0.530180E+07
  0.422011E-03  0.530145E+07  0.530144E+07  0.562564E+07  0.561976E+07  0.000000E+00  0.530145E+07
  0.436315E-03  0.530107E+07  0.530106E+07  0.553685E+07  0.553067E+07  0.000000E+00  0.530107E+07
  0.451104E-03  0.530067E+07  0.530066E+07  0.544343E+07  0.543695E+07  0.000000E+00  0.530067E+07
  0.466395E-03  0.530024E+07  0.530023E+07  0.534524E+07  0.533845E+07  0.000000E+00  0.530024E+07
  0.482203E-03  0.529978E+07  0.529977E+07  0.524216E+07  0.523505E+07  0.000000E+00  0.529978E+07
  0.498547E-03  0.529930E+07  0.529928E+07  0.513409E+07  0.512667E+07  0.000000E+00  0.529930E+07
  0.515446E-03  0.529878E+07  0.529876E+07  0.502095E+07  0.501321E+07  0.000000E+00  0.529878E+07
  0.532917E-03  0.529822E+07  0.529820E+07  0.490267E+07  0.489461E+07  0.000000E+00  0.529822E+07
  0.550980E-03  0.529764E+07  0.529761E+07  0.477922E+07  0.477085E+07  0.000000E+00  0.529763E+07
  0.569656E-03  0.529701E+07  0.529698E+07  0.465060E+07  0.464192E+07  0.000000E+00  0.529700E+07
  0.588964E-03  0.529634E+07  0.529631E+07  0.451685E+07  0.450786E+07  0.000000E+00  0.529634E+07
  0.608927E-03  0.529563E+07  0.529560E+07  0.437803E+07  0.436874E+07  0.000000E+00  0.529562E+07
  0.629567E-03  0.529487E+07  0.529484E+07  0.423426E+07  0.422469E+07  0.000000E+00  0.529486E+07
  0.650906E-03  0.529406E+07  0.529403E+07  0.408573E+07  0.407589E+07  0.000000E+00  0.529406E+07
  0.672969E-03  0.529320E+07  0.529317E+07  0.393265E+07  0.392256E+07  0.000000E+00  0.529320E+07
  0.695779E-03  0.529229E+07  0.529226E+07  0.377531E+07  0.376500E+07  0.000000E+00  0.529229E+07
  0.719362E-03  0.529132E+07  0.529129E+07  0.361408E+07  0.360357E+07  0.000000E+00  0.529132E+07
  0.743745E-03  0.529029E+07  0.529025E+07  0.344938E+07  0.343871E+07  0.000000E+00  0.529029E+07
  0.768955E-03  0.528920E+07  0.528916E+07  0.328172E+07  0.327091E+07  0.000000E+00  0.528919E+07
  0.795018E-03  0.528804E+07  0.528799E+07  0.311168E+07  0.310077E+07  0.000000E+00  0.528803E+07
  0.821966E-03  0.528680E+07  0.528675E+07  0.293992E+07  0.292895E+07  0.000000E+00  0.528680E+07
  0.849826E-03  0.528549E+07  0.528544E+07  0.276720E+07  0.275621E+07  0.000000E+00  0.528549E+07
  0.878631E-03  0.528410E+07  0.528405E+07  0.259435E+07  0.258338E+07  0.000000E+00  0.528410E+07
  0.908413E-03  0.528263E+07  0.528257E+07  0.242225E+07  0.241134E+07  0.000000E+00  0.528262E+07
  0.939203E-03  0.528107E+07  0.528101E+07  0.225190E+07  0.224109E+07  0.000000E+00  0.528106E+07
  0.971038E-03  0.527942E+07  0.527935E+07  0.208432E+07  0.207364E+07  0.000000E+00  0.527941E+07
  0.100395E-02  0.527767E+07  0.527760E+07  0.192059E+07  0.191008E+07  0.000000E+00  0.527766E+07
  0.103798E-02  0.527582E+07  0.527574E+07  0.176183E+07  0.175151E+07  0.000000E+00  0.527581E+07
  0.107316E-02  0.527386E+07  0.527377E+07  0.160915E+07  0.159905E+07  0.000000E+00  0.527385E+07
  0.110954E-02  0.527179E+07  0.527170E+07  0.146367E+07  0.145378E+07  0.000000E+00  0.527178E+07
  0.114715E-02  0.526960E+07  0.526950E+07  0.132643E+07  0.131676E+07  0.000000E+00  0.526959E+07
  0.118603E-02  0.526729E+07  0.526719E+07  0.119843E+07  0.118894E+07  0.000000E+00  0.526728E+07
  0.122623E-02  0.526485E+07  0.526474E+07  0.108051E+07  0.107119E+07  0.000000E+00  0.526484E+07
  0.126779E-02  0.526228E+07  0.526216E+07  0.973405E+06  0.964182E+06  0.000000E+00  0.526226E+07
  0.131076E-02  0.525957E+07  0.525944E+07  0.877615E+06  0.868429E+06  0.000000E+00  0.525955E+07
  0.135519E-02  0.525671E+07  0.525658E+07  0.793427E+06  0.784196E+06  0.000000E+00  0.525670E+07
  0.140113E-02  0.525370E+07  0.525356E+07  0.720864E+06  0.711493E+06  0.000000E+00  0.525369E+07
  0.144862E-02  0.525054E+07  0.525039E+07  0.659651E+06  0.650041E+06  0.000000E+00  0.525052E+07
  0.149772E-02  0.524721E+07  0.524705E+07  0.609206E+06  0.599255E+06  0.000000E+00  0.524719E+07
  0.154848E-02  0.524371E+07  0.524354E+07  0.568637E+06  0.558248E+06  0.000000E+00  0.524369E+07
  0.160097E-02  0.524004E+07  0.523986E+07  0.536749E+06  0.525847E+06  0.000000E+00  0.524002E+07
  0.165524E-02  0.523618E+07  0.523598E+07  0.512086E+06  0.500620E+06  0.000000E+00  0.523616E+07
  0.171134E-02  0.523213E+07  0.523192E+07  0.492981E+06  0.480942E+06  0.000000E+00  0.523210E+07
  0.176935E-02  0.522788E+07  0.522766E+07  0.477637E+06  0.465067E+06  0.000000E+00  0.522785E+07
  0.182932E-02  0.522343E+07  0.522319E+07  0.464225E+06  0.451231E+06  0.000000E+00  0.522340E+07
  0.189132E-02  0.521876E+07  0.521850E+07  0.451004E+06  0.437760E+06  0.000000E+00  0.521873E+07
  0.195543E-02  0.521387E+07  0.521360E+07  0.436441E+06  0.423196E+06  0.000000E+00  0.521384E+07
  0.202171E-02  0.520875E+07  0.520846E+07  0.419342E+06  0.406412E+06  0.000000E+00  0.520871E+07
  0.209024E-02  0.520339E+07  0.520308E+07  0.398962E+06  0.386717E+06  0.000000E+00  0.520335E+07
  0.216108E-02  0.519778E+07  0.519745E+07  0.375084E+06  0.363928E+06  0.000000E+00  0.519774E+07
  0.223433E-02  0.519192E+07  0.519156E+07  0.348057E+06  0.338393E+06  0.000000E+00  0.519187E+07
  0.231007E-02  0.518579E+07  0.518541E+07  0.318767E+06  0.310962E+06  0.000000E+00  0.518574E+07
  0.238837E-02  0.517938E+07  0.517898E+07  0.288546E+06  0.282881E+06  0.000000E+00  0.517933E+07
  0.246932E-02  0.517268E+07  0.517225E+07  0.259004E+06  0.255632E+06  0.000000E+00  0.517263E+07
  0.255302E-02  0.516569E+07  0.516523E+07  0.231801E+06  0.230714E+06  0.000000E+00  0.516563E+07
  0.263955E-02  0.515839E+07  0.515790E+07  0.208391E+06  0.209396E+06  0.000000E+00  0.515833E+07
  0.272902E-02  0.515077E+07  0.515024E+07  0.189758E+06  0.192482E+06  0.000000E+00  0.515070E+07
  0.282152E-02  0.514282E+07  0.514226E+07  0.176215E+06  0.180139E+06  0.000000E+00  0.514275E+07
  0.291716E-02  0.513453E+07  0.513393E+07  0.167294E+06  0.171816E+06  0.000000E+00  0.513445E+07
  0.301604E-02  0.512588E+07  0.512524E+07  0.161794E+06  0.166317E+06  0.000000E+00  0.512580E+07
  0.311826E-02  0.511687E+07  0.511619E+07  0.000000E+00  0.000000E+00  0.000000E+00  0.511678E+07
  0.322396E-02  0.510748E+07  0.510675E+07  0.000000E+00  0.000000E+00  0.000000E+00  0.510739E+07
  0.333323E-02  0.509770E+07  0.509692E+07  0.000000E+00  0.000000E+00  0.000000E+00  0.509760E+07
  0.344622E-02  0.508752E+07  0.508669E+07  0.000000E+00  0.000000E+00  0.000000E+00  0.508741E+07
  0.356302E-02  0.507692E+07  0.507604E+07  0.000000E+00  0.000000E+00  0.000000E+00  0.507681E+07
  0.368380E-02  0.506589E+07  0.506495E+07  0.000000E+00  0.000000E+00  0.000000E+00  0.506578E+07
  0.380866E-02  0.505442E+07  0.505342E+07  0.000000E+00  0.000000E+00  0.000000E+00  0.505430E+07
  0.393775E-02  0.504250E+07  0.504143E+07  0.000000E+00  0.000000E+00  0.000000E+00  0.504236E+07
  0.407122E-02  0.503010E+07  0.502896E+07  0.000000E+00  0.000000E+00  0.000000E+00  0.502996E+07
  0.420922E-02  0.501723E+07  0.501600E+07  0.000000E+00  0.000000E+00  0.000000E+00  0.501707E+07
  0.435189E-02  0.500385E+07  0.500255E+07  0.000000E+00  0.000000E+00  0.000000E+00  0.500369E+07
  0.449940E-02  0.498996E+07  0.498857E+07  0.000000E+00  0.000000E+00  0.000000E+00  0.498979E+07
  0.465190E-02  0.497554E+07  0.497406E+07  0.000000E+00  0.000000E+00  0.000000E+00  0.497536E+07
  0.480958E-02  0.496058E+07  0.495900E+07  0.000000E+00  0.000000E+00  0.000000E+00  0.496039E+07
  0.497260E-02  0.494507E+07  0.494338E+07  0.000000E+00  0.000000E+00  0.000000E+00  0.494486E+07
  0.514115E-02  0.492898E+07  0.492718E+07  0.000000E+00  0.000000E+00  0.000000E+00  0.492875E+07
  0.531541E-02  0.491230E+07  0.491038E+07  0.000000E+00  0.000000E+00  0.000000E+00  0.491206E+07
  0.549557E-02  0.489501E+07  0.489297E+07  0.000000E+00  0.000000E+00  0.000000E+00  0.489476E+07
  0.568185E-02  0.487711E+07  0.487494E+07  0.000000E+00  0.000000E+00  0.000000E+00  0.487684E+07
  0.587443E-02  0.485857E+07  0.485625E+07  0.000000E+00  0.000000E+00  0.000000E+00  0.485828E+07
  0.607355E-02  0.483938E+07  0.483691E+07  0.000000E+00  0.000000E+00  0.000000E+00  0.483907E+07
  0.627942E-02  0.481952E+07  0.481689E+07  0.000000E+00  0.000000E+00  0.000000E+00  0.481919E+07
  0.649226E-02  0.479897E+07  0.479617E+07  0.000000E+00  0.000000E+00  0.000000E+00  0.479862E+07
  0.671231E-02  0.477772E+07  0.477474E+07  0.000000E+00  0.000000E+00  0.000000E+00  0.477735E+07
  0.693983E-02  0.475575E+07  0.475258E+07  0.000000E+00  0.000000E+00  0.000000E+00  0.475535E+07
  0.717505E-02  0.473304E+07  0.472966E+07  0.000000E+00  0.000000E+00  0.000000E+00  0.473262E+07
  0.741825E-02  0.470958E+07  0.470599E+07  0.000000E+00  0.000000E+00  0.000000E+00  0.470913E+07
  0.766969E-02  0.468535E+07  0.468152E+07  0.000000E+00  0.000000E+00  0.000000E+00  0.468487E+07
  0.792966E-02  0.466033E+07  0.465626E+07  0.000000E+00  0.000000E+00  0.000000E+00  0.465982E+07
  0.819844E-02  0.463450E+07  0.463017E+07  0.000000E+00  0.000000E+00  0.000000E+00  0.463396E+07
  0.847632E-02  0.460785E+07  0.460324E+07  0.000000E+00  0.000000E+00  0.000000E+00  0.460727E+07
  0.876363E-02  0.458035E+07  0.457545E+07  0.000000E+00  0.000000E+00  0.000000E+00  0.457974E+07
  0.906067E-02  0.455199E+07  0.454678E+07  0.000000E+00  0.000000E+00  0.000000E+00  0.455134E+07
  0.936778E-02  0.452275E+07  0.451722E+07  0.000000E+00  0.000000E+00  0.000000E+00  0.452206E+07
  0.968530E-02  0.449262E+07  0.448673E+07  0.000000E+00  0.000000E+00  0.000000E+00  0.449188E+07
  0.100136E-01  0.446156E+07  0.445531E+07  0.000000E+00  0.000000E+00  0.000000E+00  0.446078E+07
  0.103530E-01  0.442957E+07  0.442294E+07  0.000000E+00  0.000000E+00  0.000000E+00  0.442874E+07
  0.107039E-01  0.439662E+07  0.438959E+07  0.000000E+00  0.000000E+00  0.000000E+00  0.439574E+07
  0.110667E-01  0.436271E+07  0.435524E+07  0.000000E+00  0.000000E+00  0.000000E+00  0.436177E+07
  0.114418E-01  0.432780E+07  0.431988E+07  0.000000E+00  0.000000E+00  0.000000E+00  0.432681E+07
  0.118297E-01  0.429188E+07  0.428348E+07  0.000000E+00  0.000000E+00  0.000000E+00  0.429083E+07
  0.122306E-01  0.425493E+07  0.424603E+07  0.000000E+00  0.000000E+00  0.000000E+00  0.425382E+07
  0.126452E-01  0.421693E+07  0.420750E+07  0.000000E+00  0.000000E+00  0.000000E+00  0.421575E+07
  0.130738E-01  0.417787E+07  0.416789E+07  0.000000E+00  0.000000E+00  0.000000E+00  0.417662E+07
  0.135169E-01  0.413773E+07  0.412717E+07  0.000000E+00  0.000000E+00  0.000000E+00  0.413641E+07
  0.139751E-01  0.409649E+07  0.408532E+07  0.000000E+00  0.000000E+00  0.000000E+00  0.409510E+07
  0.144488E-01  0.405414E+07  0.404233E+07  0.000000E+00  0.000000E+00  0.000000E+00  0.405266E+07
  0.149385E-01  0.401066E+07  0.399818E+07  0.000000E+00  0.000000E+00  0.000000E+00  0.400910E+07
  0.154449E-01  0.396604E+07  0.395286E+07  0.000000E+00  0.000000E+00  0.000000E+00  0.396439E+07
  0.159684E-01  0.392027E+07  0.390636E+07  0.000000E+00  0.000000E+00  0.000000E+00  0.391853E+07
  0.165096E-01  0.387333E+07  0.385867E+07  0.000000E+00  0.000000E+00  0.000000E+00  0.387150E+07
  0.170692E-01  0.382522E+07  0.380978E+07  0.000000E+00  0.000000E+00  0.000000E+00  0.382329E+07
  0.176478E-01  0.377594E+07  0.375968E+07  0.000000E+00  0.000000E+00  0.000000E+00  0.377390E+07
  0.182460E-01  0.372547E+07  0.370838E+07  0.000000E+00  0.000000E+00  0.000000E+00  0.372334E+07
  0.188644E-01  0.367383E+07  0.365587E+07  0.000000E+00  0.000000E+00  0.000000E+00  0.367158E+07
  0.195038E-01  0.362101E+07  0.360217E+07  0.000000E+00  0.000000E+00  0.000000E+00  0.361866E+07
  0.201649E-01  0.356703E+07  0.354728E+07  0.000000E+00  0.000000E+00  0.000000E+00  0.356456E+07
  0.208484E-01  0.351190E+07  0.349121E+07  0.000000E+00  0.000000E+00  0.000000E+00  0.350932E+07
  0.215550E-01  0.345564E+07  0.343400E+07  0.000000E+00  0.000000E+00  0.000000E+00  0.345293E+07
  0.222857E-01  0.339827E+07  0.337567E+07  0.000000E+00  0.000000E+00  0.000000E+00  0.339544E+07
  0.230410E-01  0.333982E+07  0.331626E+07  0.000000E+00  0.000000E+00  0.000000E+00  0.333688E+07
  0.238220E-01  0.328035E+07  0.325580E+07  0.000000E+00  0.000000E+00  0.000000E+00  0.327728E+07
  0.246295E-01  0.321988E+07  0.319437E+07  0.000000E+00  0.000000E+00  0.000000E+00  0.321669E+07
  0.254643E-01  0.315849E+07  0.313201E+07  0.000000E+00  0.000000E+00  0.000000E+00  0.315518E+07
  0.263274E-01  0.309623E+07  0.306880E+07  0.000000E+00  0.000000E+00  0.000000E+00  0.309280E+07
  0.272198E-01  0.303318E+07  0.300483E+07  0.000000E+00  0.000000E+00  0.000000E+00  0.302964E+07
  0.281424E-01  0.296943E+07  0.294019E+07  0.000000E+00  0.000000E+00  0.000000E+00  0.296578E+07
  0.290963E-01  0.290508E+07  0.287499E+07  0.000000E+00  0.000000E+00  0.000000E+00  0.290132E+07
  0.300825E-01  0.284025E+07  0.280935E+07  0.000000E+00  0.000000E+00  0.000000E+00  0.283638E+07
  0.311021E-01  0.277504E+07  0.274340E+07  0.000000E+00  0.000000E+00  0.000000E+00  0.277108E+07
  0.321564E-01  0.270960E+07  0.267730E+07  0.000000E+00  0.000000E+00  0.000000E+00  0.270556E+07
  0.332463E-01  0.264407E+07  0.261120E+07  0.000000E+00  0.000000E+00  0.000000E+00  0.263996E+07
  0.343732E-01  0.258711E+07  0.255376E+07  0.000000E+00  0.000000E+00  0.000000E+00  0.258294E+07
  0.355383E-01  0.252224E+07  0.248852E+07  0.000000E+00  0.000000E+00  0.000000E+00  0.251803E+07
  0.367428E-01  0.245779E+07  0.242383E+07  0.000000E+00  0.000000E+00  0.000000E+00  0.245355E+07
  0.379883E-01  0.239395E+07  0.235988E+07  0.000000E+00  0.000000E+00  0.000000E+00  0.238969E+07
  0.392759E-01  0.233089E+07  0.229686E+07  0.000000E+00  0.000000E+00  0.000000E+00  0.232663E+07
  0.406071E-01  0.226879E+07  0.223497E+07  0.000000E+00  0.000000E+00  0.000000E+00  0.226457E+07
  0.419835E-01  0.220723E+07  0.217377E+07  0.000000E+00  0.000000E+00  0.000000E+00  0.220305E+07
  0.434065E-01  0.214139E+07  0.210847E+07  0.000000E+00  0.000000E+00  0.000000E+00  0.213727E+07
  0.448778E-01  0.208232E+07  0.205010E+07  0.000000E+00  0.000000E+00  0.000000E+00  0.207829E+07
  0.463990E-01  0.202488E+07  0.199354E+07  0.000000E+00  0.000000E+00  0.000000E+00  0.202096E+07
  0.479716E-01  0.196921E+07  0.193892E+07  0.000000E+00  0.000000E+00  0.000000E+00  0.196542E+07
  0.495977E-01  0.191543E+07  0.188635E+07  0.000000E+00  0.000000E+00  0.000000E+00  0.191179E+07
  0.512787E-01  0.186360E+07  0.183587E+07  0.000000E+00  0.000000E+00  0.000000E+00  0.186014E+07
  0.530169E-01  0.181709E+07  0.179084E+07  0.000000E+00  0.000000E+00  0.000000E+00  0.181381E+07
  0.548139E-01  0.176908E+07  0.174441E+07  0.000000E+00  0.000000E+00  0.000000E+00  0.176600E+07
  0.566718E-01  0.172282E+07  0.169979E+07  0.000000E+00  0.000000E+00  0.000000E+00  0.171994E+07
  0.585927E-01  0.167812E+07  0.165677E+07  0.000000E+00  0.000000E+00  0.000000E+00  0.167545E+07
  0.605787E-01  0.163473E+07  0.161505E+07  0.000000E+00  0.000000E+00  0.000000E+00  0.163227E+07
  0.626320E-01  0.159028E+07  0.157223E+07  0.000000E+00  0.000000E+00  0.000000E+00  0.158803E+07
  0.647549E-01  0.154881E+07  0.153228E+07  0.000000E+00  0.000000E+00  0.000000E+00  0.154674E+07
  0.669498E-01  0.150787E+07  0.149274E+07  0.000000E+00  0.000000E+00  0.000000E+00  0.150598E+07
  0.692191E-01  0.146722E+07  0.145329E+07  0.000000E+00  0.000000E+00  0.000000E+00  0.146548E+07
  0.715653E-01  0.142720E+07  0.141427E+07  0.000000E+00  0.000000E+00  0.000000E+00  0.142559E+07
  0.739910E-01  0.138630E+07  0.137413E+07  0.000000E+00  0.000000E+00  0.000000E+00  0.138478E+07
  0.764989E-01  0.134493E+07  0.133325E+07  0.000000E+00  0.000000E+00  0.000000E+00  0.134347E+07
  0.790918E-01  0.130287E+07  0.129142E+07  0.000000E+00  0.000000E+00  0.000000E+00  0.130144E+07
  0.817727E-01  0.126001E+07  0.124854E+07  0.000000E+00  0.000000E+00  0.000000E+00  0.125858E+07
  0.845444E-01  0.121640E+07  0.120470E+07  0.000000E+00  0.000000E+00  0.000000E+00  0.121493E+07
  0.874100E-01  0.117226E+07  0.116016E+07  0.000000E+00  0.000000E+00  0.000000E+00  0.117075E+07
  0.903728E-01  0.112797E+07  0.111538E+07  0.000000E+00  0.000000E+00  0.000000E+00  0.112640E+07
  0.934360E-01  0.108398E+07  0.107087E+07  0.000000E+00  0.000000E+00  0.000000E+00  0.108234E+07
  0.966031E-01  0.104077E+07  0.102720E+07  0.000000E+00  0.000000E+00  0.000000E+00  0.103908E+07
  0.998774E-01  0.998823E+06  0.984933E+06  0.000000E+00  0.000000E+00  0.000000E+00  0.997087E+06
  0.103263E+00  0.958644E+06  0.944652E+06  0.000000E+00  0.000000E+00  0.000000E+00  0.956895E+06
  0.106763E+00  0.920746E+06  0.906919E+06  0.000000E+00  0.000000E+00  0.000000E+00  0.919017E+06
  0.110382E+00  0.885555E+06  0.872187E+06  0.000000E+00  0.000000E+00  0.000000E+00  0.883884E+06
  0.114123E+00  0.853310E+06  0.840684E+06  0.000000E+00  0.000000E+00  0.000000E+00  0.851732E+06
  0.117991E+00  0.823958E+06  0.812310E+06  0.000000E+00  0.000000E+00  0.000000E+00  0.822502E+06
  0.121990E+00  0.797106E+06  0.786589E+06  0.000000E+00  0.000000E+00  0.000000E+00  0.795792E+06
  0.126125E+00  0.772028E+06  0.762683E+06  0.000000E+00  0.000000E+00  0.000000E+00  0.770860E+06
  0.130400E+00  0.747798E+06  0.739548E+06  0.000000E+00  0.000000E+00  0.000000E+00  0.746767E+06
  0.134820E+00  0.723543E+06  0.716191E+06  0.000000E+00  0.000000E+00  0.000000E+00  0.722624E+06
  0.139390E+00  0.698644E+06  0.691909E+06  0.000000E+00  0.000000E+00  0.000000E+00  0.697802E+06
  0.144115E+00  0.672757E+06  0.666316E+06  0.000000E+00  0.000000E+00  0.000000E+00  0.671952E+06
  0.148999E+00  0.645758E+06  0.639306E+06  0.000000E+00  0.000000E+00  0.000000E+00  0.644952E+06
  0.154050E+00  0.617844E+06  0.611156E+06  0.000000E+00  0.000000E+00  0.000000E+00  0.617008E+06
  0.159272E+00  0.589664E+06  0.582639E+06  0.000000E+00  0.000000E+00  0.000000E+00  0.588786E+06
  0.164670E+00  0.562198E+06  0.554887E+06  0.000000E+00  0.000000E+00  0.000000E+00  0.561284E+06
  0.170252E+00  0.536445E+06  0.529031E+06  0.000000E+00  0.000000E+00  0.000000E+00  0.535518E+06
  0.176022E+00  0.513115E+06  0.505869E+06  0.000000E+00  0.000000E+00  0.000000E+00  0.512210E+06
  0.181989E+00  0.492401E+06  0.485600E+06  0.000000E+00  0.000000E+00  0.000000E+00  0.491551E+06
  0.188157E+00  0.473962E+06  0.467808E+06  0.000000E+00  0.000000E+00  0.000000E+00  0.473193E+06
  0.194535E+00  0.457073E+06  0.451630E+06  0.000000E+00  0.000000E+00  0.000000E+00  0.456393E+06
  0.201128E+00  0.440732E+06  0.435905E+06  0.000000E+00  0.000000E+00  0.000000E+00  0.440128E+06
  0.207946E+00  0.423919E+06  0.419489E+06  0.000000E+00  0.000000E+00  0.000000E+00  0.423365E+06
  0.214994E+00  0.406083E+06  0.401789E+06  0.000000E+00  0.000000E+00  0.000000E+00  0.405546E+06
  0.222281E+00  0.387374E+06  0.383011E+06  0.000000E+00  0.000000E+00  0.000000E+00  0.386829E+06
  0.229815E+00  0.368611E+06  0.364111E+06  0.000000E+00  0.000000E+00  0.000000E+00  0.368049E+06
  0.237605E+00  0.350845E+06  0.346292E+06  0.000000E+00  0.000000E+00  0.000000E+00  0.350276E+06
  0.245659E+00  0.334844E+06  0.330425E+06  0.000000E+00  0.000000E+00  0.000000E+00  0.334292E+06
  0.253985E+00  0.320747E+06  0.316647E+06  0.000000E+00  0.000000E+00  0.000000E+00  0.320234E+06
  0.262594E+00  0.308029E+06  0.304334E+06  0.000000E+00  0.000000E+00  0.000000E+00  0.307567E+06
  0.271495E+00  0.295759E+06  0.292412E+06  0.000000E+00  0.000000E+00  0.000000E+00  0.295340E+06
  0.280697E+00  0.283116E+06  0.279965E+06  0.000000E+00  0.000000E+00  0.000000E+00  0.282722E+06
  0.290211E+00  0.269971E+06  0.266863E+06  0.000000E+00  0.000000E+00  0.000000E+00  0.269582E+06
  0.300048E+00  0.256814E+06  0.253693E+06  0.000000E+00  0.000000E+00  0.000000E+00  0.256423E+06
  0.310218E+00  0.244422E+06  0.241349E+06  0.000000E+00  0.000000E+00  0.000000E+00  0.244038E+06
  0.320733E+00  0.233324E+06  0.230413E+06  0.000000E+00  0.000000E+00  0.000000E+00  0.232960E+06
  0.331605E+00  0.223266E+06  0.220587E+06  0.000000E+00  0.000000E+00  0.000000E+00  0.222931E+06
  0.342844E+00  0.213599E+06  0.211122E+06  0.000000E+00  0.000000E+00  0.000000E+00  0.213290E+06
  0.354465E+00  0.203821E+06  0.201455E+06  0.000000E+00  0.000000E+00  0.000000E+00  0.203525E+06
  0.366480E+00  0.193982E+06  0.191664E+06  0.000000E+00  0.000000E+00  0.000000E+00  0.193692E+06
  0.378902E+00  0.184565E+06  0.182306E+06  0.000000E+00  0.000000E+00  0.000000E+00  0.184283E+06
  0.391745E+00  0.175921E+06  0.173778E+06  0.000000E+00  0.000000E+00  0.000000E+00  0.175653E+06
  0.405023E+00  0.167928E+06  0.165928E+06  0.000000E+00  0.000000E+00  0.000000E+00  0.167678E+06
  0.418751E+00  0.160171E+06  0.158286E+06  0.000000E+00  0.000000E+00  0.000000E+00  0.159935E+06
  0.432945E+00  0.152471E+06  0.150657E+06  0.000000E+00  0.000000E+00  0.000000E+00  0.152244E+06
  0.447619E+00  0.145034E+06  0.143284E+06  0.000000E+00  0.000000E+00  0.000000E+00  0.144816E+06
  0.462792E+00  0.138089E+06  0.136425E+06  0.000000E+00  0.000000E+00  0.000000E+00  0.137881E+06
  0.478478E+00  0.131567E+06  0.130000E+06  0.000000E+00  0.000000E+00  0.000000E+00  0.131371E+06
  0.494696E+00  0.125260E+06  0.123771E+06  0.000000E+00  0.000000E+00  0.000000E+00  0.125074E+06
  0.511464E+00  0.119129E+06  0.117702E+06  0.000000E+00  0.000000E+00  0.000000E+00  0.118950E+06
  0.528800E+00  0.113307E+06  0.111947E+06  0.000000E+00  0.000000E+00  0.000000E+00  0.113137E+06
  0.546723E+00  0.107817E+06  0.106529E+06  0.000000E+00  0.000000E+00  0.000000E+00  0.107656E+06
  0.565255E+00  0.102555E+06  0.101332E+06  0.000000E+00  0.000000E+00  0.000000E+00  0.102402E+06
  0.584414E+00  0.974914E+05  0.963250E+05  0.000000E+00  0.000000E+00  0.000000E+00  0.973456E+05
  0.604223E+00  0.926766E+05  0.915674E+05  0.000000E+00  0.000000E+00  0.000000E+00  0.925379E+05
  0.624703E+00  0.881048E+05  0.870527E+05  0.000000E+00  0.000000E+00  0.000000E+00  0.879732E+05
  0.645878E+00  0.837278E+05  0.827275E+05  0.000000E+00  0.000000E+00  0.000000E+00  0.836028E+05
  0.667769E+00  0.795490E+05  0.785978E+05  0.000000E+00  0.000000E+00  0.000000E+00  0.794301E+05
  0.690404E+00  0.755765E+05  0.746735E+05  0.000000E+00  0.000000E+00  0.000000E+00  0.754636E+05
  0.713805E+00  0.717879E+05  0.709302E+05  0.000000E+00  0.000000E+00  0.000000E+00  0.716806E+05
  0.738000E+00  0.681741E+05  0.673593E+05  0.000000E+00  0.000000E+00  0.000000E+00  0.680722E+05
  0.763015E+00  0.647348E+05  0.639614E+05  0.000000E+00  0.000000E+00  0.000000E+00  0.646382E+05
  0.788877E+00  0.614589E+05  0.607247E+05  0.000000E+00  0.000000E+00  0.000000E+00  0.613671E+05
  0.815616E+00  0.583384E+05  0.576413E+05  0.000000E+00  0.000000E+00  0.000000E+00  0.582512E+05
  0.843261E+00  0.553683E+05  0.547069E+05  0.000000E+00  0.000000E+00  0.000000E+00  0.552856E+05
  0.871844E+00  0.525411E+05  0.519134E+05  0.000000E+00  0.000000E+00  0.000000E+00  0.524627E+05
  0.901395E+00  0.498510E+05  0.492555E+05  0.000000E+00  0.000000E+00  0.000000E+00  0.497766E+05
  0.931948E+00  0.472915E+05  0.467266E+05  0.000000E+00  0.000000E+00  0.000000E+00  0.472209E+05
  0.963536E+00  0.448572E+05  0.443214E+05  0.000000E+00  0.000000E+00  0.000000E+00  0.447902E+05
  0.996195E+00  0.425421E+05  0.420340E+05  0.000000E+00  0.000000E+00  0.000000E+00  0.424786E+05
  0.102996E+01  0.403410E+05  0.398591E+05  0.000000E+00  0.000000E+00  0.000000E+00  0.402807E+05
  0.106487E+01  0.382481E+05  0.377913E+05  0.000000E+00  0.000000E+00  0.000000E+00  0.381910E+05
  0.110097E+01  0.362588E+05  0.358258E+05  0.000000E+00  0.000000E+00  0.000000E+00  0.362047E+05
  0.113828E+01  0.343683E+05  0.339579E+05  0.000000E+00  0.000000E+00  0.000000E+00  0.343170E+05
  0.117687E+01  0.325720E+05  0.321830E+05  0.000000E+00  0.000000E+00  0.000000E+00  0.325234E+05
  0.121676E+01  0.308658E+05  0.304971E+05  0.000000E+00  0.000000E+00  0.000000E+00  0.308197E+05
  0.125800E+01  0.292452E+05  0.288959E+05  0.000000E+00  0.000000E+00  0.000000E+00  0.292015E+05
  0.130064E+01  0.277061E+05  0.273753E+05  0.000000E+00  0.000000E+00  0.000000E+00  0.276648E+05
  0.134472E+01  0.262448E+05  0.259314E+05  0.000000E+00  0.000000E+00  0.000000E+00  0.262057E+05
  0.139030E+01  0.248576E+05  0.245608E+05  0.000000E+00  0.000000E+00  0.000000E+00  0.248205E+05
  0.143743E+01  0.235409E+05  0.232597E+05  0.000000E+00  0.000000E+00  0.000000E+00  0.235057E+05
  0.148615E+01  0.222912E+05  0.220250E+05  0.000000E+00  0.000000E+00  0.000000E+00  0.222580E+05
  0.153652E+01  0.211054E+05  0.208533E+05  0.000000E+00  0.000000E+00  0.000000E+00  0.210739E+05
  0.158860E+01  0.199803E+05  0.197418E+05  0.000000E+00  0.000000E+00  0.000000E+00  0.199505E+05
  0.164245E+01  0.189131E+05  0.186872E+05  0.000000E+00  0.000000E+00  0.000000E+00  0.188849E+05
  0.169812E+01  0.179009E+05  0.176872E+05  0.000000E+00  0.000000E+00  0.000000E+00  0.178742E+05
  0.175568E+01  0.169411E+05  0.167389E+05  0.000000E+00  0.000000E+00  0.000000E+00  0.169159E+05
  0.181519E+01  0.160310E+05  0.158396E+05  0.000000E+00  0.000000E+00  0.000000E+00  0.160071E+05
  0.187671E+01  0.151682E+05  0.149871E+05  0.000000E+00  0.000000E+00  0.000000E+00  0.151456E+05
  0.194032E+01  0.143503E+05  0.141790E+05  0.000000E+00  0.000000E+00  0.000000E+00  0.143289E+05
  0.200609E+01  0.135752E+05  0.134131E+05  0.000000E+00  0.000000E+00  0.000000E+00  0.135549E+05
  0.207409E+01  0.128405E+05  0.126872E+05  0.000000E+00  0.000000E+00  0.000000E+00  0.128214E+05
  0.214439E+01  0.121444E+05  0.119994E+05  0.000000E+00  0.000000E+00  0.000000E+00  0.121263E+05
  0.221707E+01  0.114849E+05  0.113478E+05  0.000000E+00  0.000000E+00  0.000000E+00  0.114678E+05
  0.229222E+01  0.108603E+05  0.107306E+05  0.000000E+00  0.000000E+00  0.000000E+00  0.108440E+05
  0.236992E+01  0.102685E+05  0.101459E+05  0.000000E+00  0.000000E+00  0.000000E+00  0.102532E+05
  0.245024E+01  0.970819E+04  0.959227E+04  0.000000E+00  0.000000E+00  0.000000E+00  0.969370E+04
  0.253330E+01  0.917753E+04  0.906793E+04  0.000000E+00  0.000000E+00  0.000000E+00  0.916383E+04
  0.261916E+01  0.867507E+04  0.857148E+04  0.000000E+00  0.000000E+00  0.000000E+00  0.866212E+04
  0.270794E+01  0.819937E+04  0.810146E+04  0.000000E+00  0.000000E+00  0.000000E+00  0.818713E+04
  0.279972E+01  0.774910E+04  0.765656E+04  0.000000E+00  0.000000E+00  0.000000E+00  0.773753E+04
  0.289462E+01  0.732291E+04  0.723546E+04  0.000000E+00  0.000000E+00  0.000000E+00  0.731198E+04
  0.299273E+01  0.691958E+04  0.683694E+04  0.000000E+00  0.000000E+00  0.000000E+00  0.690925E+04
  0.309418E+01  0.653788E+04  0.645980E+04  0.000000E+00  0.000000E+00  0.000000E+00  0.652812E+04
  0.319905E+01  0.617671E+04  0.610294E+04  0.000000E+00  0.000000E+00  0.000000E+00  0.616749E+04
  0.330748E+01  0.583502E+04  0.576533E+04  0.000000E+00  0.000000E+00  0.000000E+00  0.582631E+04
  0.341959E+01  0.551179E+04  0.544596E+04  0.000000E+00  0.000000E+00  0.000000E+00  0.550356E+04
  0.353550E+01  0.520605E+04  0.514387E+04  0.000000E+00  0.000000E+00  0.000000E+00  0.519828E+04
  0.365534E+01  0.491689E+04  0.485816E+04  0.000000E+00  0.000000E+00  0.000000E+00  0.490955E+04
  0.377923E+01  0.464342E+04  0.458796E+04  0.000000E+00  0.000000E+00  0.000000E+00  0.463649E+04
  0.390733E+01  0.438482E+04  0.433244E+04  0.000000E+00  0.000000E+00  0.000000E+00  0.437827E+04
  0.403977E+01  0.414030E+04  0.409084E+04  0.000000E+00  0.000000E+00  0.000000E+00  0.413412E+04
  0.417670E+01  0.390913E+04  0.386242E+04  0.000000E+00  0.000000E+00  0.000000E+00  0.390329E+04
  0.431827E+01  0.369061E+04  0.364651E+04  0.000000E+00  0.000000E+00  0.000000E+00  0.368509E+04
  0.446464E+01  0.348404E+04  0.344241E+04  0.000000E+00  0.000000E+00  0.000000E+00  0.347883E+04
  0.461597E+01  0.328879E+04  0.324949E+04  0.000000E+00  0.000000E+00  0.000000E+00  0.328388E+04
  0.477243E+01  0.310426E+04  0.306716E+04  0.000000E+00  0.000000E+00  0.000000E+00  0.309963E+04
  0.493419E+01  0.292989E+04  0.289487E+04  0.000000E+00  0.000000E+00  0.000000E+00  0.292551E+04
  0.510143E+01  0.276512E+04  0.273207E+04  0.000000E+00  0.000000E+00  0.000000E+00  0.276099E+04
  0.527435E+01  0.260944E+04  0.257825E+04  0.000000E+00  0.000000E+00  0.000000E+00  0.260555E+04
  0.545312E+01  0.246236E+04  0.243292E+04  0.000000E+00  0.000000E+00  0.000000E+00  0.245868E+04
  0.563796E+01  0.232341E+04  0.229563E+04  0.000000E+00  0.000000E+00  0.000000E+00  0.231994E+04
  0.582905E+01  0.219217E+04  0.216595E+04  0.000000E+00  0.000000E+00  0.000000E+00  0.218889E+04
  0.602663E+01  0.206821E+04  0.204347E+04  0.000000E+00  0.000000E+00  0.000000E+00  0.206511E+04
  0.623090E+01  0.195112E+04  0.192778E+04  0.000000E+00  0.000000E+00  0.000000E+00  0.194820E+04
  0.644210E+01  0.184055E+04  0.181853E+04  0.000000E+00  0.000000E+00  0.000000E+00  0.183780E+04
  0.666046E+01  0.173614E+04  0.171537E+04  0.000000E+00  0.000000E+00  0.000000E+00  0.173354E+04
  0.688622E+01  0.163755E+04  0.161796E+04  0.000000E+00  0.000000E+00  0.000000E+00  0.163510E+04
  0.711962E+01  0.154447E+04  0.152599E+04  0.000000E+00  0.000000E+00  0.000000E+00  0.154216E+04
  0.736094E+01  0.145659E+04  0.143916E+04  0.000000E+00  0.000000E+00  0.000000E+00  0.145441E+04
  0.761044E+01  0.137364E+04  0.135719E+04  0.000000E+00  0.000000E+00  0.000000E+00  0.137158E+04
  0.786840E+01  0.129533E+04  0.127981E+04  0.000000E+00  0.000000E+00  0.000000E+00  0.129339E+04
  0.813510E+01  0.122141E+04  0.120678E+04  0.000000E+00  0.000000E+00  0.000000E+00  0.121959E+04
  0.841084E+01  0.115165E+04  0.113785E+04  0.000000E+00  0.000000E+00  0.000000E+00  0.114992E+04
  0.869593E+01  0.108581E+04  0.107279E+04  0.000000E+00  0.000000E+00  0.000000E+00  0.108418E+04
  0.899068E+01  0.102368E+04  0.101141E+04  0.000000E+00  0.000000E+00  0.000000E+00  0.102215E+04
  0.929542E+01  0.965053E+03  0.953476E+03  0.000000E+00  0.000000E+00  0.000000E+00  0.963606E+03
  0.961048E+01  0.909732E+03  0.898816E+03  0.000000E+00  0.000000E+00  0.000000E+00  0.908368E+03
  0.993624E+01  0.857538E+03  0.847244E+03  0.000000E+00  0.000000E+00  0.000000E+00  0.856251E+03
  0.102730E+02  0.808298E+03  0.798591E+03  0.000000E+00  0.000000E+00  0.000000E+00  0.807084E+03
  0.106212E+02  0.761842E+03  0.752688E+03  0.000000E+00  0.000000E+00  0.000000E+00  0.760697E+03
  0.109812E+02  0.718021E+03  0.709390E+03  0.000000E+00  0.000000E+00  0.000000E+00  0.716942E+03
  0.113534E+02  0.676686E+03  0.668548E+03  0.000000E+00  0.000000E+00  0.000000E+00  0.675669E+03
  0.117383E+02  0.637699E+03  0.630026E+03  0.000000E+00  0.000000E+00  0.000000E+00  0.636740E+03
  0.121361E+02  0.600927E+03  0.593692E+03  0.000000E+00  0.000000E+00  0.000000E+00  0.600023E+03
  0.125475E+02  0.566249E+03  0.559427E+03  0.000000E+00  0.000000E+00  0.000000E+00  0.565396E+03
  0.129728E+02  0.533545E+03  0.527113E+03  0.000000E+00  0.000000E+00  0.000000E+00  0.532741E+03
  0.134125E+02  0.502707E+03  0.496642E+03  0.000000E+00  0.000000E+00  0.000000E+00  0.501949E+03
  0.138671E+02  0.473629E+03  0.467911E+03  0.000000E+00  0.000000E+00  0.000000E+00  0.472914E+03
  0.143372E+02  0.446211E+03  0.440820E+03  0.000000E+00  0.000000E+00  0.000000E+00  0.445537E+03
  0.148231E+02  0.420362E+03  0.415279E+03  0.000000E+00  0.000000E+00  0.000000E+00  0.419726E+03
  0.153256E+02  0.395992E+03  0.391199E+03  0.000000E+00  0.000000E+00  0.000000E+00  0.395393E+03
  0.158450E+02  0.373018E+03  0.368499E+03  0.000000E+00  0.000000E+00  0.000000E+00  0.372453E+03
  0.163821E+02  0.351361E+03  0.347099E+03  0.000000E+00  0.000000E+00  0.000000E+00  0.350828E+03
  0.169373E+02  0.330947E+03  0.326929E+03  0.000000E+00  0.000000E+00  0.000000E+00  0.330445E+03
  0.175115E+02  0.311704E+03  0.307916E+03  0.000000E+00  0.000000E+00  0.000000E+00  0.311231E+03
  0.181050E+02  0.293569E+03  0.289996E+03  0.000000E+00  0.000000E+00  0.000000E+00  0.293123E+03
  0.187187E+02  0.276477E+03  0.273107E+03  0.000000E+00  0.000000E+00  0.000000E+00  0.276055E+03
  0.193531E+02  0.260369E+03  0.257191E+03  0.000000E+00  0.000000E+00  0.000000E+00  0.259971E+03
  0.200091E+02  0.245189E+03  0.242191E+03  0.000000E+00  0.000000E+00  0.000000E+00  0.244814E+03
  0.206873E+02  0.230884E+03  0.228057E+03  0.000000E+00  0.000000E+00  0.000000E+00  0.230530E+03
  0.213885E+02  0.217405E+03  0.214738E+03  0.000000E+00  0.000000E+00  0.000000E+00  0.217072E+03
  0.221135E+02  0.204705E+03  0.202189E+03  0.000000E+00  0.000000E+00  0.000000E+00  0.204390E+03
  0.228630E+02  0.192738E+03  0.190365E+03  0.000000E+00  0.000000E+00  0.000000E+00  0.192442E+03
  0.236380E+02  0.181464E+03  0.179225E+03  0.000000E+00  0.000000E+00  0.000000E+00  0.181184E+03
  0.244392E+02  0.170843E+03  0.168730E+03  0.000000E+00  0.000000E+00  0.000000E+00  0.170579E+03
  0.252676E+02  0.160837E+03  0.158843E+03  0.000000E+00  0.000000E+00  0.000000E+00  0.160587E+03
  0.261240E+02  0.151411E+03  0.149529E+03  0.000000E+00  0.000000E+00  0.000000E+00  0.151176E+03
  0.270095E+02  0.142532E+03  0.140756E+03  0.000000E+00  0.000000E+00  0.000000E+00  0.142310E+03
  0.279250E+02  0.134169E+03  0.132492E+03  0.000000E+00  0.000000E+00  0.000000E+00  0.133959E+03
  0.288715E+02  0.126291E+03  0.124708E+03  0.000000E+00  0.000000E+00  0.000000E+00  0.126094E+03
  0.298501E+02  0.118872E+03  0.117377E+03  0.000000E+00  0.000000E+00  0.000000E+00  0.118685E+03
  0.308619E+02  0.111885E+03  0.110472E+03  0.000000E+00  0.000000E+00  0.000000E+00  0.111708E+03
  0.319079E+02  0.105304E+03  0.103969E+03  0.000000E+00  0.000000E+00  0.000000E+00  0.105137E+03
  0.329895E+02  0.991066E+02  0.978454E+02  0.000000E+00  0.000000E+00  0.000000E+00  0.989490E+02
  0.341076E+02  0.932707E+02  0.920787E+02  0.000000E+00  0.000000E+00  0.000000E+00  0.931217E+02
  0.352637E+02  0.877751E+02  0.866482E+02  0.000000E+00  0.000000E+00  0.000000E+00  0.876343E+02
  0.364590E+02  0.826006E+02  0.815350E+02  0.000000E+00  0.000000E+00  0.000000E+00  0.824674E+02
  0.376948E+02  0.777281E+02  0.767202E+02  0.000000E+00  0.000000E+00  0.000000E+00  0.776021E+02
  0.389725E+02  0.731406E+02  0.721869E+02  0.000000E+00  0.000000E+00  0.000000E+00  0.730214E+02
  0.402934E+02  0.688214E+02  0.679188E+02  0.000000E+00  0.000000E+00  0.000000E+00  0.687086E+02
  0.416592E+02  0.647550E+02  0.639004E+02  0.000000E+00  0.000000E+00  0.000000E+00  0.646482E+02
  0.430712E+02  0.609268E+02  0.601174E+02  0.000000E+00  0.000000E+00  0.000000E+00  0.608256E+02
  0.445311E+02  0.573228E+02  0.565559E+02  0.000000E+00  0.000000E+00  0.000000E+00  0.572269E+02
  0.460405E+02  0.539302E+02  0.532034E+02  0.000000E+00  0.000000E+00  0.000000E+00  0.538394E+02
  0.476011E+02  0.507366E+02  0.500474E+02  0.000000E+00  0.000000E+00  0.000000E+00  0.506505E+02
  0.492145E+02  0.477304E+02  0.470766E+02  0.000000E+00  0.000000E+00  0.000000E+00  0.476487E+02
  0.508826E+02  0.449008E+02  0.442804E+02  0.000000E+00  0.000000E+00  0.000000E+00  0.448233E+02
  0.526073E+02  0.422376E+02  0.416485E+02  0.000000E+00  0.000000E+00  0.000000E+00  0.421640E+02
  0.543904E+02  0.397309E+02  0.391713E+02  0.000000E+00  0.000000E+00  0.000000E+00  0.396610E+02
  0.562340E+02  0.373718E+02  0.368399E+02  0.000000E+00  0.000000E+00  0.000000E+00  0.373053E+02
  0.581401E+02  0.351515E+02  0.346456E+02  0.000000E+00  0.000000E+00  0.000000E+00  0.350883E+02
  0.601107E+02  0.330620E+02  0.325806E+02  0.000000E+00  0.000000E+00  0.000000E+00  0.330019E+02
  0.621482E+02  0.310957E+02  0.306372E+02  0.000000E+00  0.000000E+00  0.000000E+00  0.310384E+02
  0.642547E+02  0.292452E+02  0.288084E+02  0.000000E+00  0.000000E+00  0.000000E+00  0.291906E+02
  0.664326E+02  0.275040E+02  0.270875E+02  0.000000E+00  0.000000E+00  0.000000E+00  0.274519E+02
  0.686844E+02  0.258655E+02  0.254681E+02  0.000000E+00  0.000000E+00  0.000000E+00  0.258158E+02
  0.710124E+02  0.243238E+02  0.239444E+02  0.000000E+00  0.000000E+00  0.000000E+00  0.242764E+02
  0.734194E+02  0.228732E+02  0.225106E+02  0.000000E+00  0.000000E+00  0.000000E+00  0.228278E+02
  0.759079E+02  0.215083E+02  0.211617E+02  0.000000E+00  0.000000E+00  0.000000E+00  0.214650E+02
  0.784809E+02  0.202241E+02  0.198924E+02  0.000000E+00  0.000000E+00  0.000000E+00  0.201827E+02
  0.811410E+02  0.190160E+02  0.186982E+02  0.000000E+00  0.000000E+00  0.000000E+00  0.189763E+02
  0.838913E+02  0.178793E+02  0.175747E+02  0.000000E+00  0.000000E+00  0.000000E+00  0.178412E+02
  0.867347E+02  0.168100E+02  0.165178E+02  0.000000E+00  0.000000E+00  0.000000E+00  0.167735E+02
  0.896747E+02  0.158041E+02  0.155234E+02  0.000000E+00  0.000000E+00  0.000000E+00  0.157690E+02
  0.927141E+02  0.148578E+02  0.145880E+02  0.000000E+00  0.000000E+00  0.000000E+00  0.148240E+02
  0.958567E+02  0.139676E+02  0.137081E+02  0.000000E+00  0.000000E+00  0.000000E+00  0.139351E+02
  0.991058E+02  0.131302E+02  0.128803E+02  0.000000E+00  0.000000E+00  0.000000E+00  0.130990E+02
  0.102465E+03  0.123425E+02  0.121017E+02  0.000000E+00  0.000000E+00  0.000000E+00  0.123124E+02
  0.105938E+03  0.116017E+02  0.113693E+02  0.000000E+00  0.000000E+00  0.000000E+00  0.115726E+02
  0.109529E+03  0.109048E+02  0.106804E+02  0.000000E+00  0.000000E+00  0.000000E+00  0.108767E+02
  0.113241E+03  0.102494E+02  0.100324E+02  0.000000E+00  0.000000E+00  0.000000E+00  0.102223E+02
  0.117080E+03  0.963297E+01  0.942301E+01  0.000000E+00  0.000000E+00  0.000000E+00  0.960673E+01
  0.121048E+03  0.905322E+01  0.884984E+01  0.000000E+00  0.000000E+00  0.000000E+00  0.902779E+01
  0.125151E+03  0.850794E+01  0.831075E+01  0.000000E+00  0.000000E+00  0.000000E+00  0.848330E+01
  0.129393E+03  0.799517E+01  0.780379E+01  0.000000E+00  0.000000E+00  0.000000E+00  0.797125E+01
  0.133779E+03  0.751295E+01  0.732702E+01  0.000000E+00  0.000000E+00  0.000000E+00  0.748971E+01
  0.138313E+03  0.705946E+01  0.687867E+01  0.000000E+00  0.000000E+00  0.000000E+00  0.703687E+01
  0.143002E+03  0.663300E+01  0.645702E+01  0.000000E+00  0.000000E+00  0.000000E+00  0.661100E+01
  0.147849E+03  0.623200E+01  0.606055E+01  0.000000E+00  0.000000E+00  0.000000E+00  0.621057E+01
  0.152860E+03  0.585493E+01  0.568774E+01  0.000000E+00  0.000000E+00  0.000000E+00  0.583403E+01
  0.158041E+03  0.550037E+01  0.533719E+01  0.000000E+00  0.000000E+00  0.000000E+00  0.547997E+01
  0.163398E+03  0.516697E+01  0.500757E+01  0.000000E+00  0.000000E+00  0.000000E+00  0.514705E+01
  0.168936E+03  0.485351E+01  0.469766E+01  0.000000E+00  0.000000E+00  0.000000E+00  0.483403E+01
  0.174662E+03  0.455879E+01  0.440629E+01  0.000000E+00  0.000000E+00  0.000000E+00  0.453973E+01
  0.180583E+03  0.428168E+01  0.413234E+01  0.000000E+00  0.000000E+00  0.000000E+00  0.426302E+01
  0.186704E+03  0.402117E+01  0.387482E+01  0.000000E+00  0.000000E+00  0.000000E+00  0.400288E+01
  0.193032E+03  0.377625E+01  0.363273E+01  0.000000E+00  0.000000E+00  0.000000E+00  0.375831E+01
  0.199574E+03  0.354599E+01  0.340514E+01  0.000000E+00  0.000000E+00  0.000000E+00  0.352839E+01
  0.206339E+03  0.332953E+01  0.319122E+01  0.000000E+00  0.000000E+00  0.000000E+00  0.331224E+01
