  0.119218E-04  0.381960E+06  0.381960E+06  0.509275E+06  0.509275E+06  0.000000E+00  0.381960E+06
  0.123258E-04  0.381960E+06  0.381960E+06  0.509274E+06  0.509274E+06  0.000000E+00  0.381960E+06
  0.127436E-04  0.381960E+06  0.381960E+06  0.509274E+06  0.509274E+06  0.000000E+00  0.381960E+06
  0.131756E-04  0.381960E+06  0.381960E+06  0.509274E+06  0.509273E+06  0.000000E+00  0.381960E+06
  0.136222E-04  0.381960E+06  0.381960E+06  0.509273E+06  0.509273E+06  0.000000E+00  0.381960E+06
  0.140839E-04  0.381960E+06  0.381960E+06  0.509273E+06  0.509272E+06  0.000000E+00  0.381960E+06
  0.145613E-04  0.381960E+06  0.381960E+06  0.509272E+06  0.509272E+06  0.000000E+00  0.381960E+06
  0.150548E-04  0.381960E+06  0.381960E+06  0.509271E+06  0.509271E+06  0.000000E+00  0.381960E+06
  0.155651E-04  0.381960E+06  0.381960E+06  0.509271E+06  0.509270E+06  0.000000E+00  0.381960E+06
  0.160927E-04  0.381960E+06  0.381960E+06  0.509270E+06  0.509269E+06  0.000000E+00  0.381960E+06
  0.166382E-04  0.381960E+06  0.381960E+06  0.509269E+06  0.509269E+06  0.000000E+00  0.381960E+06
  0.172021E-04  0.381960E+06  0.381960E+06  0.509269E+06  0.509268E+06  0.000000E+00  0.381960E+06
  0.177852E-04  0.381960E+06  0.381960E+06  0.509268E+06  0.509267E+06  0.000000E+00  0.381960E+06
  0.183880E-04  0.381960E+06  0.381960E+06  0.509267E+06  0.509266E+06  0.000000E+00  0.381960E+06
  0.190113E-04  0.381960E+06  0.381960E+06  0.509266E+06  0.509265E+06  0.000000E+00  0.381960E+06
  0.196557E-04  0.381960E+06  0.381960E+06  0.509265E+06  0.509264E+06  0.000000E+00  0.381960E+06
  0.203219E-04  0.381960E+06  0.381960E+06  0.509264E+06  0.509263E+06  0.000000E+00  0.381960E+06
  0.210107E-04  0.381960E+06  0.381960E+06  0.509263E+06  0.509262E+06  0.000000E+00  0.381960E+06
  0.217229E-04  0.381960E+06  0.381960E+06  0.509261E+06  0.509260E+06  0.000000E+00  0.381960E+06
  0.224592E-04  0.381960E+06  0.381960E+06  0.509260E+06  0.509259E+06  0.000000E+00  0.381960E+06
  0.232204E-04  0.381960E+06  0.381960E+06  0.509259E+06  0.509257E+06  0.000000E+00  0.381960E+06
  0.240075E-04  0.381960E+06  0.381960E+06  0.509257E+06  0.509256E+06  0.000000E+00  0.381960E+06
  0.248212E-04  0.381960E+06  0.381960E+06  0.509255E+06  0.509254E+06  0.000000E+00  0.381960E+06
  0.256625E-04  0.381960E+06  0.381960E+06  0.509254E+06  0.509252E+06  0.000000E+00  0.381960E+06
  0.265324E-04  0.381960E+06  0.381960E+06  0.509252E+06  0.509250E+06  0.000000E+00  0.381960E+06
  0.274317E-04  0.381960E+06  0.381960E+06  0.509250E+06  0.509248E+06  0.000000E+00  0.381960E+06
  0.283615E-04  0.381960E+06  0.381960E+06  0.509248E+06  0.509246E+06  0.000000E+00  0.381960E+06
  0.293228E-04  0.381960E+06  0.381960E+06  0.509245E+06  0.509243E+06  0.000000E+00  0.381960E+06
  0.303167E-04  0.381960E+06  0.381960E+06  0.509243E+06  0.509241E+06  0.000000E+00  0.381960E+06
  0.313443E-04  0.381960E+06  0.381960E+06  0.509240E+06  0.509238E+06  0.000000E+00  0.381960E+06
  0.324067E-04  0.381960E+06  0.381960E+06  0.509238E+06  0.509235E+06  0.000000E+00  0.381960E+06
  0.335051E-04  0.381960E+06  0.381959E+06  0.509235E+06  0.509232E+06  0.000000E+00  0.381960E+06
  0.346408E-04  0.381959E+06  0.381959E+06  0.509231E+06  0.509229E+06  0.000000E+00  0.381959E+06
  0.358149E-04  0.381959E+06  0.381959E+06  0.509228E+06  0.509225E+06  0.000000E+00  0.381959E+06
  0.370289E-04  0.381959E+06  0.381959E+06  0.509224E+06  0.509221E+06  0.000000E+00  0.381959E+06
  0.382840E-04  0.381959E+06  0.381959E+06  0.509221E+06  0.509217E+06  0.000000E+00  0.381959E+06
  0.395816E-04  0.381959E+06  0.381959E+06  0.509216E+06  0.509213E+06  0.000000E+00  0.381959E+06
  0.409233E-04  0.381959E+06  0.381959E+06  0.509212E+06  0.509208E+06  0.000000E+00  0.381959E+06
  0.423104E-04  0.381959E+06  0.381959E+06  0.509207E+06  0.509203E+06  0.000000E+00  0.381959E+06
  0.437445E-04  0.381959E+06  0.381959E+06  0.509202E+06  0.509198E+06  0.000000E+00  0.381959E+06
  0.452272E-04  0.381959E+06  0.381959E+06  0.509197E+06  0.509192E+06  0.000000E+00  0.381959E+06
  0.467602E-04  0.381959E+06  0.381958E+06  0.509191E+06  0.509186E+06  0.000000E+00  0.381959E+06
  0.483451E-04  0.381958E+06  0.381958E+06  0.509185E+06  0.509179E+06  0.000000E+00  0.381958E+06
  0.499838E-04  0.381958E+06  0.381958E+06  0.509178E+06  0.509172E+06  0.000000E+00  0.381958E+06
  0.516780E-04  0.381958E+06  0.381958E+06  0.509171E+06  0.509165E+06  0.000000E+00  0.381958E+06
  0.534296E-04  0.381958E+06  0.381958E+06  0.509164E+06  0.509157E+06  0.000000E+00  0.381958E+06
  0.552406E-04  0.381958E+06  0.381958E+06  0.509156E+06  0.509148E+06  0.000000E+00  0.381958E+06
  0.571130E-04  0.381958E+06  0.381957E+06  0.509147E+06  0.509139E+06  0.000000E+00  0.381958E+06
  0.590489E-04  0.381957E+06  0.381957E+06  0.509138E+06  0.509129E+06  0.000000E+00  0.381957E+06
  0.610503E-04  0.381957E+06  0.381957E+06  0.509128E+06  0.509119E+06  0.000000E+00  0.381957E+06
  0.631196E-04  0.381957E+06  0.381957E+06  0.509117E+06  0.509108E+06  0.000000E+00  0.381957E+06
  0.652591E-04  0.381957E+06  0.381956E+06  0.509106E+06  0.509096E+06  0.000000E+00  0.381957E+06
  0.674711E-04  0.381956E+06  0.381956E+06  0.509094E+06  0.509083E+06  0.000000E+00  0.381956E+06
  0.697580E-04  0.381956E+06  0.381956E+06  0.509081E+06  0.509069E+06  0.000000E+00  0.381956E+06
  0.721224E-04  0.381956E+06  0.381955E+06  0.509067E+06  0.509055E+06  0.000000E+00  0.381956E+06
  0.745670E-04  0.381955E+06  0.381955E+06  0.509053E+06  0.509039E+06  0.000000E+00  0.381955E+06
  0.770945E-04  0.381955E+06  0.381955E+06  0.509037E+06  0.509022E+06  0.000000E+00  0.381955E+06
  0.797076E-04  0.381955E+06  0.381954E+06  0.509020E+06  0.509005E+06  0.000000E+00  0.381955E+06
  0.824093E-04  0.381954E+06  0.381954E+06  0.509002E+06  0.508986E+06  0.000000E+00  0.381954E+06
  0.852026E-04  0.381954E+06  0.381953E+06  0.508983E+06  0.508965E+06  0.000000E+00  0.381954E+06
  0.880905E-04  0.381953E+06  0.381953E+06  0.508962E+06  0.508943E+06  0.000000E+00  0.381953E+06
  0.910764E-04  0.381953E+06  0.381952E+06  0.508940E+06  0.508920E+06  0.000000E+00  0.381953E+06
  0.941634E-04  0.381952E+06  0.381952E+06  0.508917E+06  0.508895E+06  0.000000E+00  0.381952E+06
  0.973551E-04  0.381952E+06  0.381951E+06  0.508892E+06  0.508869E+06  0.000000E+00  0.381952E+06
  0.100655E-03  0.381951E+06  0.381951E+06  0.508865E+06  0.508840E+06  0.000000E+00  0.381951E+06
  0.104067E-03  0.381951E+06  0.381950E+06  0.508836E+06  0.508810E+06  0.000000E+00  0.381950E+06
  0.107594E-03  0.381950E+06  0.381949E+06  0.508806E+06  0.508778E+06  0.000000E+00  0.381950E+06
  0.111241E-03  0.381949E+06  0.381948E+06  0.508773E+06  0.508743E+06  0.000000E+00  0.381949E+06
  0.115011E-03  0.381948E+06  0.381948E+06  0.508738E+06  0.508706E+06  0.000000E+00  0.381948E+06
  0.118910E-03  0.381948E+06  0.381947E+06  0.508701E+06  0.508666E+06  0.000000E+00  0.381947E+06
  0.122940E-03  0.381947E+06  0.381946E+06  0.508661E+06  0.508624E+06  0.000000E+00  0.381946E+06
  0.127107E-03  0.381946E+06  0.381945E+06  0.508618E+06  0.508579E+06  0.000000E+00  0.381946E+06
  0.131416E-03  0.381945E+06  0.381944E+06  0.508572E+06  0.508530E+06  0.000000E+00  0.381944E+06
  0.135870E-03  0.381944E+06  0.381942E+06  0.508523E+06  0.508479E+06  0.000000E+00  0.381943E+06
  0.140475E-03  0.381942E+06  0.381941E+06  0.508471E+06  0.508423E+06  0.000000E+00  0.381942E+06
  0.145237E-03  0.381941E+06  0.381940E+06  0.508416E+06  0.508364E+06  0.000000E+00  0.381941E+06
  0.150160E-03  0.381940E+06  0.381938E+06  0.508356E+06  0.508301E+06  0.000000E+00  0.381940E+06
  0.155249E-03  0.381938E+06  0.381937E+06  0.508292E+06  0.508234E+06  0.000000E+00  0.381938E+06
  0.160511E-03  0.381937E+06  0.381935E+06  0.508224E+06  0.508162E+06  0.000000E+00  0.381937E+06
  0.165952E-03  0.381935E+06  0.381934E+06  0.508151E+06  0.508085E+06  0.000000E+00  0.381935E+06
  0.171577E-03  0.381933E+06  0.381932E+06  0.508074E+06  0.508002E+06  0.000000E+00  0.381933E+06
  0.177393E-03  0.381932E+06  0.381930E+06  0.507990E+06  0.507914E+06  0.000000E+00  0.381931E+06
  0.183405E-03  0.381930E+06  0.381928E+06  0.507902E+06  0.507820E+06  0.000000E+00  0.381929E+06
  0.189622E-03  0.381927E+06  0.381925E+06  0.507807E+06  0.507720E+06  0.000000E+00  0.381927E+06
  0.196049E-03  0.381925E+06  0.381923E+06  0.507705E+06  0.507612E+06  0.000000E+00  0.381925E+06
  0.202694E-03  0.381923E+06  0.381920E+06  0.507597E+06  0.507497E+06  0.000000E+00  0.381922E+06
  0.209565E-03  0.381920E+06  0.381918E+06  0.507481E+06  0.507374E+06  0.000000E+00  0.381920E+06
  0.216668E-03  0.381917E+06  0.381915E+06  0.507357E+06  0.507243E+06  0.000000E+00  0.381917E+06
  0.224012E-03  0.381914E+06  0.381911E+06  0.507225E+06  0.507103E+06  0.000000E+00  0.381914E+06
  0.231605E-03  0.381911E+06  0.381908E+06  0.507083E+06  0.506953E+06  0.000000E+00  0.381911E+06
  0.239455E-03  0.381908E+06  0.381904E+06  0.506932E+06  0.506793E+06  0.000000E+00  0.381907E+06
  0.247571E-03  0.381904E+06  0.381901E+06  0.506770E+06  0.506622E+06  0.000000E+00  0.381904E+06
  0.255963E-03  0.381900E+06  0.381896E+06  0.506598E+06  0.506439E+06  0.000000E+00  0.381900E+06
  0.264639E-03  0.381896E+06  0.381892E+06  0.506413E+06  0.506244E+06  0.000000E+00  0.381896E+06
  0.273609E-03  0.381892E+06  0.381887E+06  0.506216E+06  0.506035E+06  0.000000E+00  0.381891E+06
  0.282883E-03  0.381887E+06  0.381882E+06  0.506005E+06  0.505812E+06  0.000000E+00  0.381886E+06
  0.292471E-03  0.381882E+06  0.381877E+06  0.505780E+06  0.505574E+06  0.000000E+00  0.381881E+06
  0.302384E-03  0.381876E+06  0.381871E+06  0.505540E+06  0.505319E+06  0.000000E+00  0.381876E+06
  0.312634E-03  0.381871E+06  0.381865E+06  0.505283E+06  0.505047E+06  0.000000E+00  0.381870E+06
  0.323230E-03  0.381864E+06  0.381858E+06  0.505008E+06  0.504756E+06  0.000000E+00  0.381864E+06
  0.334186E-03  0.381858E+06  0.381851E+06  0.504715E+06  0.504446E+06  0.000000E+00  0.381857E+06
  0.345514E-03  0.381851E+06  0.381844E+06  0.504401E+06  0.504114E+06  0.000000E+00  0.381850E+06
  0.357225E-03  0.381843E+06  0.381836E+06  0.504067E+06  0.503760E+06  0.000000E+00  0.381842E+06
  0.369333E-03  0.381835E+06  0.381827E+06  0.503709E+06  0.503381E+06  0.000000E+00  0.381834E+06
  0.381852E-03  0.381826E+06  0.381818E+06  0.503327E+06  0.502977E+06  0.000000E+00  0.381825E+06
  0.394794E-03  0.381817E+06  0.381808E+06  0.502919E+06  0.502545E+06  0.000000E+00  0.381816E+06
  0.408176E-03  0.381807E+06  0.381798E+06  0.502483E+06  0.502084E+06  0.000000E+00  0.381806E+06
  0.422011E-03  0.381797E+06  0.381786E+06  0.502017E+06  0.501591E+06  0.000000E+00  0.381795E+06
  0.436315E-03  0.381785E+06  0.381774E+06  0.501520E+06  0.501065E+06  0.000000E+00  0.381784E+06
  0.451104E-03  0.381773E+06  0.381762E+06  0.500989E+06  0.500503E+06  0.000000E+00  0.381772E+06
  0.466395E-03  0.381760E+06  0.381748E+06  0.500421E+06  0.499903E+06  0.000000E+00  0.381759E+06
  0.482203E-03  0.381747E+06  0.381733E+06  0.499816E+06  0.499262E+06  0.000000E+00  0.381745E+06
  0.498547E-03  0.381732E+06  0.381718E+06  0.499169E+06  0.498578E+06  0.000000E+00  0.381730E+06
  0.515446E-03  0.381716E+06  0.381701E+06  0.498479E+06  0.497848E+06  0.000000E+00  0.381714E+06
  0.532917E-03  0.381699E+06  0.381683E+06  0.497742E+06  0.497069E+06  0.000000E+00  0.381697E+06
  0.550980E-03  0.381682E+06  0.381664E+06  0.496955E+06  0.496237E+06  0.000000E+00  0.381679E+06
  0.569656E-03  0.381662E+06  0.381644E+06  0.496115E+06  0.495349E+06  0.000000E+00  0.381660E+06
  0.588964E-03  0.381642E+06  0.381622E+06  0.495219E+06  0.494401E+06  0.000000E+00  0.381639E+06
  0.608927E-03  0.381620E+06  0.381598E+06  0.494262E+06  0.493390E+06  0.000000E+00  0.381617E+06
  0.629567E-03  0.381596E+06  0.381574E+06  0.493241E+06  0.492312E+06  0.000000E+00  0.381594E+06
  0.650906E-03  0.381572E+06  0.381547E+06  0.492153E+06  0.491162E+06  0.000000E+00  0.381568E+06
  0.672969E-03  0.381545E+06  0.381519E+06  0.490991E+06  0.489934E+06  0.000000E+00  0.381542E+06
  0.695779E-03  0.381516E+06  0.381488E+06  0.489752E+06  0.488626E+06  0.000000E+00  0.381513E+06
  0.719362E-03  0.381486E+06  0.381456E+06  0.488431E+06  0.487231E+06  0.000000E+00  0.381482E+06
  0.743745E-03  0.381453E+06  0.381421E+06  0.487022E+06  0.485743E+06  0.000000E+00  0.381449E+06
  0.768955E-03  0.381418E+06  0.381384E+06  0.485520E+06  0.484158E+06  0.000000E+00  0.381414E+06
  0.795018E-03  0.381381E+06  0.381345E+06  0.483919E+06  0.482469E+06  0.000000E+00  0.381377E+06
  0.821966E-03  0.381341E+06  0.381302E+06  0.482213E+06  0.480669E+06  0.000000E+00  0.381337E+06
  0.849826E-03  0.381299E+06  0.381257E+06  0.480395E+06  0.478752E+06  0.000000E+00  0.381294E+06
  0.878631E-03  0.381254E+06  0.381209E+06  0.478459E+06  0.476711E+06  0.000000E+00  0.381248E+06
  0.908413E-03  0.381205E+06  0.381158E+06  0.476397E+06  0.474538E+06  0.000000E+00  0.381199E+06
  0.939203E-03  0.381154E+06  0.381103E+06  0.474202E+06  0.472225E+06  0.000000E+00  0.381147E+06
  0.971038E-03  0.381099E+06  0.381044E+06  0.471865E+06  0.469764E+06  0.000000E+00  0.381092E+06
  0.100395E-02  0.381040E+06  0.380981E+06  0.469379E+06  0.467146E+06  0.000000E+00  0.381032E+06
  0.103798E-02  0.380977E+06  0.380914E+06  0.466734E+06  0.464363E+06  0.000000E+00  0.380969E+06
  0.107316E-02  0.380910E+06  0.380843E+06  0.463922E+06  0.461405E+06  0.000000E+00  0.380901E+06
  0.110954E-02  0.380838E+06  0.380767E+06  0.460933E+06  0.458262E+06  0.000000E+00  0.380829E+06
  0.114715E-02  0.380761E+06  0.380685E+06  0.457756E+06  0.454925E+06  0.000000E+00  0.380752E+06
  0.118603E-02  0.380680E+06  0.380598E+06  0.454383E+06  0.451382E+06  0.000000E+00  0.380670E+06
  0.122623E-02  0.380593E+06  0.380506E+06  0.450802E+06  0.447623E+06  0.000000E+00  0.380582E+06
  0.126779E-02  0.380500E+06  0.380407E+06  0.447001E+06  0.443636E+06  0.000000E+00  0.380488E+06
  0.131076E-02  0.380400E+06  0.380301E+06  0.442971E+06  0.439411E+06  0.000000E+00  0.380388E+06
  0.135519E-02  0.380294E+06  0.380188E+06  0.438698E+06  0.434936E+06  0.000000E+00  0.380281E+06
  0.140113E-02  0.380182E+06  0.380068E+06  0.434173E+06  0.430199E+06  0.000000E+00  0.380167E+06
  0.144862E-02  0.380061E+06  0.379940E+06  0.429381E+06  0.425189E+06  0.000000E+00  0.380046E+06
  0.149772E-02  0.379933E+06  0.379803E+06  0.424312E+06  0.419892E+06  0.000000E+00  0.379916E+06
  0.154848E-02  0.379796E+06  0.379657E+06  0.418953E+06  0.414298E+06  0.000000E+00  0.379778E+06
  0.160097E-02  0.379650E+06  0.379502E+06  0.413292E+06  0.408395E+06  0.000000E+00  0.379631E+06
  0.165524E-02  0.379494E+06  0.379336E+06  0.407317E+06  0.402171E+06  0.000000E+00  0.379474E+06
  0.171134E-02  0.379328E+06  0.379159E+06  0.401017E+06  0.395615E+06  0.000000E+00  0.379307E+06
  0.176935E-02  0.379152E+06  0.378971E+06  0.394379E+06  0.388717E+06  0.000000E+00  0.379129E+06
  0.182932E-02  0.378964E+06  0.378770E+06  0.387393E+06  0.381468E+06  0.000000E+00  0.378939E+06
  0.189132E-02  0.378763E+06  0.378557E+06  0.380049E+06  0.373857E+06  0.000000E+00  0.378737E+06
  0.195543E-02  0.378550E+06  0.378329E+06  0.372339E+06  0.365879E+06  0.000000E+00  0.378522E+06
  0.202171E-02  0.378323E+06  0.378087E+06  0.364254E+06  0.357526E+06  0.000000E+00  0.378293E+06
  0.209024E-02  0.378081E+06  0.377829E+06  0.355787E+06  0.348795E+06  0.000000E+00  0.378050E+06
  0.216108E-02  0.377824E+06  0.377555E+06  0.346934E+06  0.339683E+06  0.000000E+00  0.377790E+06
  0.223433E-02  0.377551E+06  0.377263E+06  0.337693E+06  0.330189E+06  0.000000E+00  0.377515E+06
  0.231007E-02  0.377260E+06  0.376953E+06  0.328062E+06  0.320317E+06  0.000000E+00  0.377222E+06
  0.238837E-02  0.376951E+06  0.376623E+06  0.318044E+06  0.310071E+06  0.000000E+00  0.376910E+06
  0.246932E-02  0.376623E+06  0.376273E+06  0.307646E+06  0.299462E+06  0.000000E+00  0.376579E+06
  0.255302E-02  0.376275E+06  0.375900E+06  0.296874E+06  0.288502E+06  0.000000E+00  0.376228E+06
  0.263955E-02  0.375905E+06  0.375505E+06  0.285744E+06  0.277207E+06  0.000000E+00  0.375855E+06
  0.272902E-02  0.375513E+06  0.375085E+06  0.274271E+06  0.265599E+06  0.000000E+00  0.375459E+06
  0.282152E-02  0.375097E+06  0.374640E+06  0.262477E+06  0.253706E+06  0.000000E+00  0.375040E+06
  0.291716E-02  0.374656E+06  0.374168E+06  0.250390E+06  0.241559E+06  0.000000E+00  0.374595E+06
  0.301604E-02  0.374189E+06  0.373668E+06  0.238043E+06  0.229195E+06  0.000000E+00  0.374123E+06
  0.311826E-02  0.373694E+06  0.373137E+06  0.225474E+06  0.216658E+06  0.000000E+00  0.373624E+06
  0.322396E-02  0.373170E+06  0.372576E+06  0.212728E+06  0.203998E+06  0.000000E+00  0.373096E+06
  0.333323E-02  0.372617E+06  0.371982E+06  0.199856E+06  0.191270E+06  0.000000E+00  0.372538E+06
  0.344622E-02  0.372032E+06  0.371354E+06  0.186916E+06  0.178536E+06  0.000000E+00  0.371947E+06
  0.356302E-02  0.371414E+06  0.370690E+06  0.173972E+06  0.165862E+06  0.000000E+00  0.371324E+06
  0.368380E-02  0.370762E+06  0.369989E+06  0.161094E+06  0.153321E+06  0.000000E+00  0.370665E+06
  0.380866E-02  0.370074E+06  0.369249E+06  0.148360E+06  0.140991E+06  0.000000E+00  0.369971E+06
  0.393775E-02  0.369349E+06  0.368468E+06  0.135850E+06  0.128952E+06  0.000000E+00  0.369239E+06
  0.407122E-02  0.368586E+06  0.367645E+06  0.123649E+06  0.117286E+06  0.000000E+00  0.368468E+06
  0.420922E-02  0.367783E+06  0.366778E+06  0.111847E+06  0.106077E+06  0.000000E+00  0.367657E+06
  0.435189E-02  0.366939E+06  0.365866E+06  0.100533E+06  0.954083E+05  0.000000E+00  0.366805E+06
  0.449940E-02  0.366052E+06  0.364907E+06  0.897970E+05  0.853577E+05  0.000000E+00  0.365909E+06
  0.465190E-02  0.365121E+06  0.363900E+06  0.797248E+05  0.759989E+05  0.000000E+00  0.364969E+06
  0.480958E-02  0.364146E+06  0.362842E+06  0.703977E+05  0.673966E+05  0.000000E+00  0.363983E+06
  0.497260E-02  0.363124E+06  0.361733E+06  0.618880E+05  0.596041E+05  0.000000E+00  0.362950E+06
  0.514115E-02  0.362054E+06  0.360570E+06  0.542567E+05  0.526607E+05  0.000000E+00  0.361868E+06
  0.531541E-02  0.360936E+06  0.359353E+06  0.475498E+05  0.465882E+05  0.000000E+00  0.360738E+06
  0.549557E-02  0.359768E+06  0.358079E+06  0.417948E+05  0.413890E+05  0.000000E+00  0.359557E+06
  0.568185E-02  0.358549E+06  0.356748E+06  0.369983E+05  0.370440E+05  0.000000E+00  0.358324E+06
  0.587443E-02  0.357279E+06  0.355358E+06  0.331426E+05  0.335111E+05  0.000000E+00  0.357038E+06
  0.607355E-02  0.355955E+06  0.353908E+06  0.301839E+05  0.307250E+05  0.000000E+00  0.355699E+06
  0.627942E-02  0.354579E+06  0.352395E+06  0.280517E+05  0.285984E+05  0.000000E+00  0.354306E+06
  0.649226E-02  0.353147E+06  0.350820E+06  0.266486E+05  0.270242E+05  0.000000E+00  0.352856E+06
  0.671231E-02  0.351661E+06  0.349181E+06  0.258524E+05  0.258799E+05  0.000000E+00  0.351351E+06
  0.693983E-02  0.350118E+06  0.347475E+06  0.255197E+05  0.250332E+05  0.000000E+00  0.349788E+06
  0.717505E-02  0.348519E+06  0.345703E+06  0.254920E+05  0.243493E+05  0.000000E+00  0.348167E+06
  0.741825E-02  0.346861E+06  0.343862E+06  0.256030E+05  0.236998E+05  0.000000E+00  0.346486E+06
  0.766969E-02  0.345145E+06  0.341951E+06  0.256885E+05  0.229718E+05  0.000000E+00  0.344746E+06
  0.792966E-02  0.343369E+06  0.339968E+06  0.255976E+05  0.220775E+05  0.000000E+00  0.342944E+06
  0.819844E-02  0.341533E+06  0.337912E+06  0.252037E+05  0.209621E+05  0.000000E+00  0.341080E+06
  0.847632E-02  0.339635E+06  0.335782E+06  0.244168E+05  0.196098E+05  0.000000E+00  0.339153E+06
  0.876363E-02  0.337674E+06  0.333574E+06  0.231927E+05  0.180469E+05  0.000000E+00  0.337162E+06
  0.906067E-02  0.335650E+06  0.331288E+06  0.215399E+05  0.163391E+05  0.000000E+00  0.335104E+06
  0.936778E-02  0.333560E+06  0.328922E+06  0.195216E+05  0.145848E+05  0.000000E+00  0.332980E+06
  0.968530E-02  0.331404E+06  0.326473E+06  0.172516E+05  0.129024E+05  0.000000E+00  0.330788E+06
  0.100136E-01  0.329180E+06  0.323940E+06  0.148840E+05  0.114132E+05  0.000000E+00  0.328525E+06
  0.103530E-01  0.326888E+06  0.321320E+06  0.125955E+05  0.102217E+05  0.000000E+00  0.326192E+06
  0.107039E-01  0.324526E+06  0.318611E+06  0.105620E+05  0.939590E+04  0.000000E+00  0.323787E+06
  0.110667E-01  0.322092E+06  0.315812E+06  0.893283E+04  0.895140E+04  0.000000E+00  0.321307E+06
  0.114418E-01  0.319586E+06  0.312921E+06  0.780413E+04  0.884342E+04  0.000000E+00  0.318753E+06
  0.118297E-01  0.317006E+06  0.309935E+06  0.719916E+04  0.896971E+04  0.000000E+00  0.316122E+06
  0.122306E-01  0.314351E+06  0.306852E+06  0.000000E+00  0.000000E+00  0.000000E+00  0.313413E+06
  0.126452E-01  0.311619E+06  0.303670E+06  0.000000E+00  0.000000E+00  0.000000E+00  0.310625E+06
  0.130738E-01  0.308810E+06  0.300388E+06  0.000000E+00  0.000000E+00  0.000000E+00  0.307757E+06
  0.135169E-01  0.305923E+06  0.297005E+06  0.000000E+00  0.000000E+00  0.000000E+00  0.304808E+06
  0.139751E-01  0.302957E+06  0.293518E+06  0.000000E+00  0.000000E+00  0.000000E+00  0.301777E+06
  0.144488E-01  0.299910E+06  0.289926E+06  0.000000E+00  0.000000E+00  0.000000E+00  0.298662E+06
  0.149385E-01  0.296783E+06  0.286228E+06  0.000000E+00  0.000000E+00  0.000000E+00  0.295463E+06
  0.154449E-01  0.293573E+06  0.282423E+06  0.000000E+00  0.000000E+00  0.000000E+00  0.292179E+06
  0.159684E-01  0.290280E+06  0.278509E+06  0.000000E+00  0.000000E+00  0.000000E+00  0.288809E+06
  0.165096E-01  0.286904E+06  0.274487E+06  0.000000E+00  0.000000E+00  0.000000E+00  0.285352E+06
  0.170692E-01  0.283443E+06  0.270355E+06  0.000000E+00  0.000000E+00  0.000000E+00  0.281807E+06
  0.176478E-01  0.279898E+06  0.266113E+06  0.000000E+00  0.000000E+00  0.000000E+00  0.278175E+06
  0.182460E-01  0.276268E+06  0.261763E+06  0.000000E+00  0.000000E+00  0.000000E+00  0.274455E+06
  0.188644E-01  0.272553E+06  0.257305E+06  0.000000E+00  0.000000E+00  0.000000E+00  0.270647E+06
  0.195038E-01  0.268754E+06  0.252741E+06  0.000000E+00  0.000000E+00  0.000000E+00  0.266752E+06
  0.201649E-01  0.264870E+06  0.248072E+06  0.000000E+00  0.000000E+00  0.000000E+00  0.262770E+06
  0.208484E-01  0.260903E+06  0.243302E+06  0.000000E+00  0.000000E+00  0.000000E+00  0.258703E+06
  0.215550E-01  0.256854E+06  0.238435E+06  0.000000E+00  0.000000E+00  0.000000E+00  0.254552E+06
  0.222857E-01  0.252724E+06  0.233474E+06  0.000000E+00  0.000000E+00  0.000000E+00  0.250318E+06
  0.230410E-01  0.248516E+06  0.228427E+06  0.000000E+00  0.000000E+00  0.000000E+00  0.246005E+06
  0.238220E-01  0.244232E+06  0.223298E+06  0.000000E+00  0.000000E+00  0.000000E+00  0.241615E+06
  0.246295E-01  0.239874E+06  0.218096E+06  0.000000E+00  0.000000E+00  0.000000E+00  0.237152E+06
  0.254643E-01  0.235447E+06  0.212830E+06  0.000000E+00  0.000000E+00  0.000000E+00  0.232620E+06
  0.263274E-01  0.230955E+06  0.207510E+06  0.000000E+00  0.000000E+00  0.000000E+00  0.228024E+06
  0.272198E-01  0.226402E+06  0.202148E+06  0.000000E+00  0.000000E+00  0.000000E+00  0.223370E+06
  0.281424E-01  0.221795E+06  0.196756E+06  0.000000E+00  0.000000E+00  0.000000E+00  0.218665E+06
  0.290963E-01  0.217139E+06  0.191350E+06  0.000000E+00  0.000000E+00  0.000000E+00  0.213915E+06
  0.300825E-01  0.212442E+06  0.185944E+06  0.000000E+00  0.000000E+00  0.000000E+00  0.209130E+06
  0.311021E-01  0.207711E+06  0.180558E+06  0.000000E+00  0.000000E+00  0.000000E+00  0.204317E+06
  0.321564E-01  0.202957E+06  0.175208E+06  0.000000E+00  0.000000E+00  0.000000E+00  0.199488E+06
  0.332463E-01  0.198187E+06  0.169916E+06  0.000000E+00  0.000000E+00  0.000000E+00  0.194653E+06
  0.343732E-01  0.194037E+06  0.165322E+06  0.000000E+00  0.000000E+00  0.000000E+00  0.190448E+06
  0.355383E-01  0.189296E+06  0.160234E+06  0.000000E+00  0.000000E+00  0.000000E+00  0.185663E+06
  0.367428E-01  0.184573E+06  0.155269E+06  0.000000E+00  0.000000E+00  0.000000E+00  0.180910E+06
  0.379883E-01  0.179882E+06  0.150450E+06  0.000000E+00  0.000000E+00  0.000000E+00  0.176203E+06
  0.392759E-01  0.175234E+06  0.145798E+06  0.000000E+00  0.000000E+00  0.000000E+00  0.171555E+06
  0.406071E-01  0.170643E+06  0.141336E+06  0.000000E+00  0.000000E+00  0.000000E+00  0.166979E+06
  0.419835E-01  0.166075E+06  0.137036E+06  0.000000E+00  0.000000E+00  0.000000E+00  0.162445E+06
  0.434065E-01  0.161175E+06  0.132552E+06  0.000000E+00  0.000000E+00  0.000000E+00  0.157597E+06
  0.448778E-01  0.156757E+06  0.128695E+06  0.000000E+00  0.000000E+00  0.000000E+00  0.153249E+06
  0.463990E-01  0.152442E+06  0.125090E+06  0.000000E+00  0.000000E+00  0.000000E+00  0.149023E+06
  0.479716E-01  0.148240E+06  0.121744E+06  0.000000E+00  0.000000E+00  0.000000E+00  0.144928E+06
  0.495977E-01  0.144163E+06  0.118658E+06  0.000000E+00  0.000000E+00  0.000000E+00  0.140975E+06
  0.512787E-01  0.140214E+06  0.115830E+06  0.000000E+00  0.000000E+00  0.000000E+00  0.137166E+06
  0.530169E-01  0.136644E+06  0.113488E+06  0.000000E+00  0.000000E+00  0.000000E+00  0.133750E+06
  0.548139E-01  0.132954E+06  0.111118E+06  0.000000E+00  0.000000E+00  0.000000E+00  0.130225E+06
  0.566718E-01  0.129385E+06  0.108933E+06  0.000000E+00  0.000000E+00  0.000000E+00  0.126829E+06
  0.585927E-01  0.125928E+06  0.106895E+06  0.000000E+00  0.000000E+00  0.000000E+00  0.123549E+06
  0.605787E-01  0.122566E+06  0.104954E+06  0.000000E+00  0.000000E+00  0.000000E+00  0.120365E+06
  0.626320E-01  0.119131E+06  0.102906E+06  0.000000E+00  0.000000E+00  0.000000E+00  0.117103E+06
  0.647549E-01  0.115923E+06  0.101012E+06  0.000000E+00  0.000000E+00  0.000000E+00  0.114059E+06
  0.669498E-01  0.112767E+06  0.990598E+05  0.000000E+00  0.000000E+00  0.000000E+00  0.111054E+06
  0.692191E-01  0.109649E+06  0.969999E+05  0.000000E+00  0.000000E+00  0.000000E+00  0.108068E+06
  0.715653E-01  0.106597E+06  0.948299E+05  0.000000E+00  0.000000E+00  0.000000E+00  0.105126E+06
  0.739910E-01  0.103503E+06  0.924173E+05  0.000000E+00  0.000000E+00  0.000000E+00  0.102117E+06
  0.764989E-01  0.100399E+06  0.897786E+05  0.000000E+00  0.000000E+00  0.000000E+00  0.990714E+05
  0.790918E-01  0.972689E+05  0.868949E+05  0.000000E+00  0.000000E+00  0.000000E+00  0.959721E+05
  0.817727E-01  0.941034E+05  0.837670E+05  0.000000E+00  0.000000E+00  0.000000E+00  0.928113E+05
  0.845444E-01  0.909034E+05  0.804209E+05  0.000000E+00  0.000000E+00  0.000000E+00  0.895931E+05
  0.874100E-01  0.876812E+05  0.769087E+05  0.000000E+00  0.000000E+00  0.000000E+00  0.863346E+05
  0.903728E-01  0.844584E+05  0.733055E+05  0.000000E+00  0.000000E+00  0.000000E+00  0.830643E+05
  0.934360E-01  0.812608E+05  0.697008E+05  0.000000E+00  0.000000E+00  0.000000E+00  0.798158E+05
  0.966031E-01  0.781155E+05  0.661914E+05  0.000000E+00  0.000000E+00  0.000000E+00  0.766250E+05
  0.998774E-01  0.750506E+05  0.628744E+05  0.000000E+00  0.000000E+00  0.000000E+00  0.735286E+05
  0.103263E+00  0.720966E+05  0.598418E+05  0.000000E+00  0.000000E+00  0.000000E+00  0.705648E+05
  0.106763E+00  0.692860E+05  0.571715E+05  0.000000E+00  0.000000E+00  0.000000E+00  0.677717E+05
  0.110382E+00  0.666474E+05  0.549155E+05  0.000000E+00  0.000000E+00  0.000000E+00  0.651809E+05
  0.114123E+00  0.641992E+05  0.530859E+05  0.000000E+00  0.000000E+00  0.000000E+00  0.628100E+05
  0.117991E+00  0.619415E+05  0.516461E+05  0.000000E+00  0.000000E+00  0.000000E+00  0.606546E+05
  0.121990E+00  0.598530E+05  0.505075E+05  0.000000E+00  0.000000E+00  0.000000E+00  0.586848E+05
  0.126125E+00  0.578904E+05  0.495367E+05  0.000000E+00  0.000000E+00  0.000000E+00  0.568462E+05
  0.130400E+00  0.559972E+05  0.485758E+05  0.000000E+00  0.000000E+00  0.000000E+00  0.550695E+05
  0.134820E+00  0.541199E+05  0.474744E+05  0.000000E+00  0.000000E+00  0.000000E+00  0.532892E+05
  0.139390E+00  0.522215E+05  0.461208E+05  0.000000E+00  0.000000E+00  0.000000E+00  0.514589E+05
  0.144115E+00  0.502806E+05  0.444572E+05  0.000000E+00  0.000000E+00  0.000000E+00  0.495527E+05
  0.148999E+00  0.482867E+05  0.424857E+05  0.000000E+00  0.000000E+00  0.000000E+00  0.475616E+05
  0.154050E+00  0.462473E+05  0.402765E+05  0.000000E+00  0.000000E+00  0.000000E+00  0.455010E+05
  0.159272E+00  0.441985E+05  0.379689E+05  0.000000E+00  0.000000E+00  0.000000E+00  0.434198E+05
  0.164670E+00  0.421984E+05  0.357446E+05  0.000000E+00  0.000000E+00  0.000000E+00  0.413917E+05
  0.170252E+00  0.403079E+05  0.337776E+05  0.000000E+00  0.000000E+00  0.000000E+00  0.394916E+05
  0.176022E+00  0.385709E+05  0.321848E+05  0.000000E+00  0.000000E+00  0.000000E+00  0.377727E+05
  0.181989E+00  0.370007E+05  0.309890E+05  0.000000E+00  0.000000E+00  0.000000E+00  0.362492E+05
  0.188157E+00  0.355787E+05  0.301124E+05  0.000000E+00  0.000000E+00  0.000000E+00  0.348954E+05
  0.194535E+00  0.342644E+05  0.294012E+05  0.000000E+00  0.000000E+00  0.000000E+00  0.336565E+05
  0.201128E+00  0.329989E+05  0.286643E+05  0.000000E+00  0.000000E+00  0.000000E+00  0.324571E+05
  0.207946E+00  0.317191E+05  0.277339E+05  0.000000E+00  0.000000E+00  0.000000E+00  0.312209E+05
  0.214994E+00  0.303885E+05  0.265354E+05  0.000000E+00  0.000000E+00  0.000000E+00  0.299069E+05
  0.222281E+00  0.290133E+05  0.251200E+05  0.000000E+00  0.000000E+00  0.000000E+00  0.285266E+05
  0.229815E+00  0.276411E+05  0.236462E+05  0.000000E+00  0.000000E+00  0.000000E+00  0.271417E+05
  0.237605E+00  0.263348E+05  0.223048E+05  0.000000E+00  0.000000E+00  0.000000E+00  0.258311E+05
  0.245659E+00  0.251414E+05  0.212284E+05  0.000000E+00  0.000000E+00  0.000000E+00  0.246523E+05
  0.253985E+00  0.240708E+05  0.204291E+05  0.000000E+00  0.000000E+00  0.000000E+00  0.236156E+05
  0.262594E+00  0.230936E+05  0.197967E+05  0.000000E+00  0.000000E+00  0.000000E+00  0.226815E+05
  0.271495E+00  0.221542E+05  0.191590E+05  0.000000E+00  0.000000E+00  0.000000E+00  0.217798E+05
  0.280697E+00  0.212019E+05  0.183816E+05  0.000000E+00  0.000000E+00  0.000000E+00  0.208493E+05
  0.290211E+00  0.202269E+05  0.174543E+05  0.000000E+00  0.000000E+00  0.000000E+00  0.198803E+05
  0.300048E+00  0.192568E+05  0.164823E+05  0.000000E+00  0.000000E+00  0.000000E+00  0.189099E+05
  0.310218E+00  0.183376E+05  0.156096E+05  0.000000E+00  0.000000E+00  0.000000E+00  0.179966E+05
  0.320733E+00  0.175030E+05  0.149157E+05  0.000000E+00  0.000000E+00  0.000000E+00  0.171796E+05
  0.331605E+00  0.167386E+05  0.143500E+05  0.000000E+00  0.000000E+00  0.000000E+00  0.164401E+05
  0.342844E+00  0.160056E+05  0.137929E+05  0.000000E+00  0.000000E+00  0.000000E+00  0.157290E+05
  0.354465E+00  0.152729E+05  0.131617E+05  0.000000E+00  0.000000E+00  0.000000E+00  0.150090E+05
  0.366480E+00  0.145419E+05  0.124776E+05  0.000000E+00  0.000000E+00  0.000000E+00  0.142838E+05
  0.378902E+00  0.138411E+05  0.118320E+05  0.000000E+00  0.000000E+00  0.000000E+00  0.135899E+05
  0.391745E+00  0.131920E+05  0.112842E+05  0.000000E+00  0.000000E+00  0.000000E+00  0.129535E+05
  0.405023E+00  0.125883E+05  0.108054E+05  0.000000E+00  0.000000E+00  0.000000E+00  0.123654E+05
  0.418751E+00  0.120046E+05  0.103232E+05  0.000000E+00  0.000000E+00  0.000000E+00  0.117944E+05
  0.432945E+00  0.114294E+05  0.981271E+04  0.000000E+00  0.000000E+00  0.000000E+00  0.112273E+05
  0.447619E+00  0.108743E+05  0.931533E+04  0.000000E+00  0.000000E+00  0.000000E+00  0.106794E+05
  0.462792E+00  0.103533E+05  0.887114E+04  0.000000E+00  0.000000E+00  0.000000E+00  0.101681E+05
  0.478478E+00  0.986263E+04  0.846559E+04  0.000000E+00  0.000000E+00  0.000000E+00  0.968800E+04
  0.494696E+00  0.938946E+04  0.806247E+04  0.000000E+00  0.000000E+00  0.000000E+00  0.922359E+04
  0.511464E+00  0.893089E+04  0.765987E+04  0.000000E+00  0.000000E+00  0.000000E+00  0.877201E+04
  0.528800E+00  0.849478E+04  0.728287E+04  0.000000E+00  0.000000E+00  0.000000E+00  0.834329E+04
  0.546723E+00  0.808255E+04  0.693482E+04  0.000000E+00  0.000000E+00  0.000000E+00  0.793908E+04
  0.565255E+00  0.768790E+04  0.659800E+04  0.000000E+00  0.000000E+00  0.000000E+00  0.755167E+04
  0.584414E+00  0.730869E+04  0.626935E+04  0.000000E+00  0.000000E+00  0.000000E+00  0.717877E+04
  0.604223E+00  0.694777E+04  0.595940E+04  0.000000E+00  0.000000E+00  0.000000E+00  0.682422E+04
  0.624703E+00  0.660480E+04  0.566718E+04  0.000000E+00  0.000000E+00  0.000000E+00  0.648760E+04
  0.645878E+00  0.627673E+04  0.538531E+04  0.000000E+00  0.000000E+00  0.000000E+00  0.616530E+04
  0.667769E+00  0.596355E+04  0.511583E+04  0.000000E+00  0.000000E+00  0.000000E+00  0.585759E+04
  0.690404E+00  0.566567E+04  0.486092E+04  0.000000E+00  0.000000E+00  0.000000E+00  0.556508E+04
  0.713805E+00  0.538164E+04  0.461735E+04  0.000000E+00  0.000000E+00  0.000000E+00  0.528610E+04
  0.738000E+00  0.511076E+04  0.438465E+04  0.000000E+00  0.000000E+00  0.000000E+00  0.502000E+04
  0.763015E+00  0.485291E+04  0.416364E+04  0.000000E+00  0.000000E+00  0.000000E+00  0.476675E+04
  0.788877E+00  0.460732E+04  0.395297E+04  0.000000E+00  0.000000E+00  0.000000E+00  0.452553E+04
  0.815616E+00  0.437340E+04  0.375221E+04  0.000000E+00  0.000000E+00  0.000000E+00  0.429575E+04
  0.843261E+00  0.415073E+04  0.356125E+04  0.000000E+00  0.000000E+00  0.000000E+00  0.407705E+04
  0.871844E+00  0.393879E+04  0.337940E+04  0.000000E+00  0.000000E+00  0.000000E+00  0.386887E+04
  0.901395E+00  0.373712E+04  0.320640E+04  0.000000E+00  0.000000E+00  0.000000E+00  0.367078E+04
  0.931948E+00  0.354525E+04  0.304179E+04  0.000000E+00  0.000000E+00  0.000000E+00  0.348231E+04
  0.963536E+00  0.336275E+04  0.288522E+04  0.000000E+00  0.000000E+00  0.000000E+00  0.330306E+04
  0.996195E+00  0.318920E+04  0.273633E+04  0.000000E+00  0.000000E+00  0.000000E+00  0.313260E+04
  0.102996E+01  0.302419E+04  0.259476E+04  0.000000E+00  0.000000E+00  0.000000E+00  0.297051E+04
  0.106487E+01  0.286730E+04  0.246016E+04  0.000000E+00  0.000000E+00  0.000000E+00  0.281641E+04
  0.110097E+01  0.271817E+04  0.233221E+04  0.000000E+00  0.000000E+00  0.000000E+00  0.266992E+04
  0.113828E+01  0.257644E+04  0.221062E+04  0.000000E+00  0.000000E+00  0.000000E+00  0.253072E+04
  0.117687E+01  0.244178E+04  0.209509E+04  0.000000E+00  0.000000E+00  0.000000E+00  0.239845E+04
  0.121676E+01  0.231387E+04  0.198535E+04  0.000000E+00  0.000000E+00  0.000000E+00  0.227280E+04
  0.125800E+01  0.219238E+04  0.188111E+04  0.000000E+00  0.000000E+00  0.000000E+00  0.215347E+04
  0.130064E+01  0.207701E+04  0.178212E+04  0.000000E+00  0.000000E+00  0.000000E+00  0.204015E+04
  0.134472E+01  0.196746E+04  0.168813E+04  0.000000E+00  0.000000E+00  0.000000E+00  0.193254E+04
  0.139030E+01  0.186346E+04  0.159891E+04  0.000000E+00  0.000000E+00  0.000000E+00  0.183039E+04
  0.143743E+01  0.176475E+04  0.151422E+04  0.000000E+00  0.000000E+00  0.000000E+00  0.173344E+04
  0.148615E+01  0.167107E+04  0.143384E+04  0.000000E+00  0.000000E+00  0.000000E+00  0.164142E+04
  0.153652E+01  0.158217E+04  0.135756E+04  0.000000E+00  0.000000E+00  0.000000E+00  0.155410E+04
  0.158860E+01  0.149784E+04  0.128520E+04  0.000000E+00  0.000000E+00  0.000000E+00  0.147126E+04
  0.164245E+01  0.141783E+04  0.121656E+04  0.000000E+00  0.000000E+00  0.000000E+00  0.139267E+04
  0.169812E+01  0.134195E+04  0.115145E+04  0.000000E+00  0.000000E+00  0.000000E+00  0.131814E+04
  0.175568E+01  0.127000E+04  0.108972E+04  0.000000E+00  0.000000E+00  0.000000E+00  0.124746E+04
  0.181519E+01  0.120177E+04  0.103118E+04  0.000000E+00  0.000000E+00  0.000000E+00  0.118045E+04
  0.187671E+01  0.113709E+04  0.975681E+03  0.000000E+00  0.000000E+00  0.000000E+00  0.111692E+04
  0.194032E+01  0.107578E+04  0.923073E+03  0.000000E+00  0.000000E+00  0.000000E+00  0.105669E+04
  0.200609E+01  0.101767E+04  0.873213E+03  0.000000E+00  0.000000E+00  0.000000E+00  0.999611E+03
  0.207409E+01  0.962594E+03  0.825958E+03  0.000000E+00  0.000000E+00  0.000000E+00  0.945515E+03
  0.214439E+01  0.910411E+03  0.781183E+03  0.000000E+00  0.000000E+00  0.000000E+00  0.894257E+03
  0.221707E+01  0.860973E+03  0.738763E+03  0.000000E+00  0.000000E+00  0.000000E+00  0.845696E+03
  0.229222E+01  0.814143E+03  0.698582E+03  0.000000E+00  0.000000E+00  0.000000E+00  0.799698E+03
  0.236992E+01  0.769785E+03  0.660521E+03  0.000000E+00  0.000000E+00  0.000000E+00  0.756127E+03
  0.245024E+01  0.727778E+03  0.624477E+03  0.000000E+00  0.000000E+00  0.000000E+00  0.714865E+03
  0.253330E+01  0.687996E+03  0.590343E+03  0.000000E+00  0.000000E+00  0.000000E+00  0.675789E+03
  0.261916E+01  0.650329E+03  0.558023E+03  0.000000E+00  0.000000E+00  0.000000E+00  0.638791E+03
  0.270794E+01  0.614668E+03  0.527424E+03  0.000000E+00  0.000000E+00  0.000000E+00  0.603763E+03
  0.279972E+01  0.580913E+03  0.498461E+03  0.000000E+00  0.000000E+00  0.000000E+00  0.570607E+03
  0.289462E+01  0.548964E+03  0.471046E+03  0.000000E+00  0.000000E+00  0.000000E+00  0.539224E+03
  0.299273E+01  0.518728E+03  0.445103E+03  0.000000E+00  0.000000E+00  0.000000E+00  0.509525E+03
  0.309418E+01  0.490114E+03  0.420550E+03  0.000000E+00  0.000000E+00  0.000000E+00  0.481419E+03
  0.319905E+01  0.463039E+03  0.397318E+03  0.000000E+00  0.000000E+00  0.000000E+00  0.454824E+03
  0.330748E+01  0.437424E+03  0.375339E+03  0.000000E+00  0.000000E+00  0.000000E+00  0.429664E+03
  0.341959E+01  0.413193E+03  0.354547E+03  0.000000E+00  0.000000E+00  0.000000E+00  0.405862E+03
  0.353550E+01  0.390273E+03  0.334880E+03  0.000000E+00  0.000000E+00  0.000000E+00  0.383349E+03
  0.365534E+01  0.368596E+03  0.316280E+03  0.000000E+00  0.000000E+00  0.000000E+00  0.362057E+03
  0.377923E+01  0.348096E+03  0.298689E+03  0.000000E+00  0.000000E+00  0.000000E+00  0.341920E+03
  0.390733E+01  0.328709E+03  0.282054E+03  0.000000E+00  0.000000E+00  0.000000E+00  0.322877E+03
  0.403977E+01  0.310379E+03  0.266325E+03  0.000000E+00  0.000000E+00  0.000000E+00  0.304872E+03
  0.417670E+01  0.293049E+03  0.251455E+03  0.000000E+00  0.000000E+00  0.000000E+00  0.287850E+03
  0.431827E+01  0.276668E+03  0.237398E+03  0.000000E+00  0.000000E+00  0.000000E+00  0.271759E+03
  0.446464E+01  0.261182E+03  0.224111E+03  0.000000E+00  0.000000E+00  0.000000E+00  0.256548E+03
  0.461597E+01  0.246546E+03  0.211551E+03  0.000000E+00  0.000000E+00  0.000000E+00  0.242171E+03
  0.477243E+01  0.232712E+03  0.199681E+03  0.000000E+00  0.000000E+00  0.000000E+00  0.228583E+03
  0.493419E+01  0.219641E+03  0.188465E+03  0.000000E+00  0.000000E+00  0.000000E+00  0.215744E+03
  0.510143E+01  0.207289E+03  0.177866E+03  0.000000E+00  0.000000E+00  0.000000E+00  0.203611E+03
  0.527435E+01  0.195618E+03  0.167851E+03  0.000000E+00  0.000000E+00  0.000000E+00  0.192147E+03
  0.545312E+01  0.184592E+03  0.158390E+03  0.000000E+00  0.000000E+00  0.000000E+00  0.181317E+03
  0.563796E+01  0.174176E+03  0.149452E+03  0.000000E+00  0.000000E+00  0.000000E+00  0.171086E+03
  0.582905E+01  0.164337E+03  0.141009E+03  0.000000E+00  0.000000E+00  0.000000E+00  0.161421E+03
  0.602663E+01  0.155044E+03  0.133035E+03  0.000000E+00  0.000000E+00  0.000000E+00  0.152293E+03
  0.623090E+01  0.146267E+03  0.125504E+03  0.000000E+00  0.000000E+00  0.000000E+00  0.143672E+03
  0.644210E+01  0.137978E+03  0.118391E+03  0.000000E+00  0.000000E+00  0.000000E+00  0.135530E+03
  0.666046E+01  0.130151E+03  0.111674E+03  0.000000E+00  0.000000E+00  0.000000E+00  0.127841E+03
  0.688622E+01  0.122761E+03  0.105333E+03  0.000000E+00  0.000000E+00  0.000000E+00  0.120582E+03
  0.711962E+01  0.115783E+03  0.993452E+02  0.000000E+00  0.000000E+00  0.000000E+00  0.113728E+03
  0.736094E+01  0.109195E+03  0.936920E+02  0.000000E+00  0.000000E+00  0.000000E+00  0.107257E+03
  0.761044E+01  0.102976E+03  0.883554E+02  0.000000E+00  0.000000E+00  0.000000E+00  0.101148E+03
  0.786840E+01  0.971057E+02  0.833181E+02  0.000000E+00  0.000000E+00  0.000000E+00  0.953822E+02
  0.813510E+01  0.915648E+02  0.785634E+02  0.000000E+00  0.000000E+00  0.000000E+00  0.899396E+02
  0.841084E+01  0.863348E+02  0.740756E+02  0.000000E+00  0.000000E+00  0.000000E+00  0.848024E+02
  0.869593E+01  0.813992E+02  0.698402E+02  0.000000E+00  0.000000E+00  0.000000E+00  0.799543E+02
  0.899068E+01  0.767418E+02  0.658436E+02  0.000000E+00  0.000000E+00  0.000000E+00  0.753795E+02
  0.929542E+01  0.723466E+02  0.620721E+02  0.000000E+00  0.000000E+00  0.000000E+00  0.710623E+02
  0.961048E+01  0.681996E+02  0.585134E+02  0.000000E+00  0.000000E+00  0.000000E+00  0.669888E+02
  0.993624E+01  0.642869E+02  0.551559E+02  0.000000E+00  0.000000E+00  0.000000E+00  0.631455E+02
  0.102730E+02  0.605956E+02  0.519883E+02  0.000000E+00  0.000000E+00  0.000000E+00  0.595197E+02
  0.106212E+02  0.571130E+02  0.489998E+02  0.000000E+00  0.000000E+00  0.000000E+00  0.560989E+02
  0.109812E+02  0.538280E+02  0.461809E+02  0.000000E+00  0.000000E+00  0.000000E+00  0.528721E+02
  0.113534E+02  0.507294E+02  0.435218E+02  0.000000E+00  0.000000E+00  0.000000E+00  0.498284E+02
  0.117383E+02  0.478067E+02  0.410138E+02  0.000000E+00  0.000000E+00  0.000000E+00  0.469576E+02
  0.121361E+02  0.450501E+02  0.386483E+02  0.000000E+00  0.000000E+00  0.000000E+00  0.442499E+02
  0.125475E+02  0.424505E+02  0.364174E+02  0.000000E+00  0.000000E+00  0.000000E+00  0.416963E+02
  0.129728E+02  0.399988E+02  0.343136E+02  0.000000E+00  0.000000E+00  0.000000E+00  0.392882E+02
  0.134125E+02  0.376871E+02  0.323298E+02  0.000000E+00  0.000000E+00  0.000000E+00  0.370174E+02
  0.138671E+02  0.355073E+02  0.304592E+02  0.000000E+00  0.000000E+00  0.000000E+00  0.348763E+02
  0.143372E+02  0.334519E+02  0.286954E+02  0.000000E+00  0.000000E+00  0.000000E+00  0.328573E+02
  0.148231E+02  0.315141E+02  0.270325E+02  0.000000E+00  0.000000E+00  0.000000E+00  0.309539E+02
  0.153256E+02  0.296872E+02  0.254648E+02  0.000000E+00  0.000000E+00  0.000000E+00  0.291594E+02
  0.158450E+02  0.279650E+02  0.239868E+02  0.000000E+00  0.000000E+00  0.000000E+00  0.274677E+02
  0.163821E+02  0.263415E+02  0.225936E+02  0.000000E+00  0.000000E+00  0.000000E+00  0.258730E+02
  0.169373E+02  0.248112E+02  0.212804E+02  0.000000E+00  0.000000E+00  0.000000E+00  0.243698E+02
  0.175115E+02  0.233687E+02  0.200425E+02  0.000000E+00  0.000000E+00  0.000000E+00  0.229529E+02
  0.181050E+02  0.220092E+02  0.188758E+02  0.000000E+00  0.000000E+00  0.000000E+00  0.216175E+02
  0.187187E+02  0.207279E+02  0.177762E+02  0.000000E+00  0.000000E+00  0.000000E+00  0.203589E+02
  0.193531E+02  0.195204E+02  0.167399E+02  0.000000E+00  0.000000E+00  0.000000E+00  0.191728E+02
  0.200091E+02  0.183824E+02  0.157634E+02  0.000000E+00  0.000000E+00  0.000000E+00  0.180550E+02
  0.206873E+02  0.173101E+02  0.148431E+02  0.000000E+00  0.000000E+00  0.000000E+00  0.170017E+02
  0.213885E+02  0.162996E+02  0.139760E+02  0.000000E+00  0.000000E+00  0.000000E+00  0.160092E+02
  0.221135E+02  0.153476E+02  0.131589E+02  0.000000E+00  0.000000E+00  0.000000E+00  0.150740E+02
  0.228630E+02  0.144505E+02  0.123891E+02  0.000000E+00  0.000000E+00  0.000000E+00  0.141929E+02
  0.236380E+02  0.136054E+02  0.116638E+02  0.000000E+00  0.000000E+00  0.000000E+00  0.133627E+02
  0.244392E+02  0.128092E+02  0.109804E+02  0.000000E+00  0.000000E+00  0.000000E+00  0.125806E+02
  0.252676E+02  0.120591E+02  0.103367E+02  0.000000E+00  0.000000E+00  0.000000E+00  0.118438E+02
  0.261240E+02  0.113525E+02  0.973028E+01  0.000000E+00  0.000000E+00  0.000000E+00  0.111497E+02
  0.270095E+02  0.106869E+02  0.915905E+01  0.000000E+00  0.000000E+00  0.000000E+00  0.104959E+02
  0.279250E+02  0.100600E+02  0.862099E+01  0.000000E+00  0.000000E+00  0.000000E+00  0.988009E+01
  0.288715E+02  0.946945E+01  0.811418E+01  0.000000E+00  0.000000E+00  0.000000E+00  0.930004E+01
  0.298501E+02  0.891328E+01  0.763685E+01  0.000000E+00  0.000000E+00  0.000000E+00  0.875373E+01
  0.308619E+02  0.838946E+01  0.718728E+01  0.000000E+00  0.000000E+00  0.000000E+00  0.823919E+01
  0.319079E+02  0.789616E+01  0.676389E+01  0.000000E+00  0.000000E+00  0.000000E+00  0.775462E+01
  0.329895E+02  0.743159E+01  0.636516E+01  0.000000E+00  0.000000E+00  0.000000E+00  0.729828E+01
  0.341076E+02  0.699411E+01  0.598968E+01  0.000000E+00  0.000000E+00  0.000000E+00  0.686856E+01
  0.352637E+02  0.658215E+01  0.563610E+01  0.000000E+00  0.000000E+00  0.000000E+00  0.646389E+01
  0.364590E+02  0.619426E+01  0.530316E+01  0.000000E+00  0.000000E+00  0.000000E+00  0.608287E+01
  0.376948E+02  0.582900E+01  0.498966E+01  0.000000E+00  0.000000E+00  0.000000E+00  0.572409E+01
  0.389725E+02  0.548511E+01  0.469448E+01  0.000000E+00  0.000000E+00  0.000000E+00  0.538628E+01
  0.402934E+02  0.516134E+01  0.441657E+01  0.000000E+00  0.000000E+00  0.000000E+00  0.506824E+01
  0.416592E+02  0.485651E+01  0.415492E+01  0.000000E+00  0.000000E+00  0.000000E+00  0.476881E+01
  0.430712E+02  0.456954E+01  0.390860E+01  0.000000E+00  0.000000E+00  0.000000E+00  0.448693E+01
  0.445311E+02  0.429938E+01  0.367669E+01  0.000000E+00  0.000000E+00  0.000000E+00  0.422155E+01
  0.460405E+02  0.404507E+01  0.345839E+01  0.000000E+00  0.000000E+00  0.000000E+00  0.397174E+01
  0.476011E+02  0.380568E+01  0.325289E+01  0.000000E+00  0.000000E+00  0.000000E+00  0.373658E+01
  0.492145E+02  0.358033E+01  0.305944E+01  0.000000E+00  0.000000E+00  0.000000E+00  0.351522E+01
  0.508826E+02  0.336822E+01  0.287735E+01  0.000000E+00  0.000000E+00  0.000000E+00  0.330687E+01
  0.526073E+02  0.316859E+01  0.270597E+01  0.000000E+00  0.000000E+00  0.000000E+00  0.311076E+01
  0.543904E+02  0.298069E+01  0.254466E+01  0.000000E+00  0.000000E+00  0.000000E+00  0.292618E+01
  0.562340E+02  0.280385E+01  0.239284E+01  0.000000E+00  0.000000E+00  0.000000E+00  0.275248E+01
  0.581401E+02  0.263742E+01  0.224995E+01  0.000000E+00  0.000000E+00  0.000000E+00  0.258898E+01
  0.601107E+02  0.248079E+01  0.211547E+01  0.000000E+00  0.000000E+00  0.000000E+00  0.243513E+01
  0.621482E+02  0.233340E+01  0.198892E+01  0.000000E+00  0.000000E+00  0.000000E+00  0.229034E+01
  0.642547E+02  0.219469E+01  0.186982E+01  0.000000E+00  0.000000E+00  0.000000E+00  0.215408E+01
  0.664326E+02  0.206417E+01  0.175775E+01  0.000000E+00  0.000000E+00  0.000000E+00  0.202587E+01
  0.686844E+02  0.194135E+01  0.165228E+01  0.000000E+00  0.000000E+00  0.000000E+00  0.190522E+01
  0.710124E+02  0.182579E+01  0.155305E+01  0.000000E+00  0.000000E+00  0.000000E+00  0.179170E+01
  0.734194E+02  0.171706E+01  0.145967E+01  0.000000E+00  0.000000E+00  0.000000E+00  0.168488E+01
  0.759079E+02  0.161475E+01  0.137181E+01  0.000000E+00  0.000000E+00  0.000000E+00  0.158438E+01
  0.784809E+02  0.151850E+01  0.128915E+01  0.000000E+00  0.000000E+00  0.000000E+00  0.148983E+01
  0.811410E+02  0.142794E+01  0.121137E+01  0.000000E+00  0.000000E+00  0.000000E+00  0.140087E+01
  0.838913E+02  0.134274E+01  0.113819E+01  0.000000E+00  0.000000E+00  0.000000E+00  0.131717E+01
  0.867347E+02  0.126259E+01  0.106935E+01  0.000000E+00  0.000000E+00  0.000000E+00  0.123844E+01
  0.896747E+02  0.118719E+01  0.100458E+01  0.000000E+00  0.000000E+00  0.000000E+00  0.116436E+01
  0.927141E+02  0.111626E+01  0.943653E+00  0.000000E+00  0.000000E+00  0.000000E+00  0.109469E+01
  0.958567E+02  0.104954E+01  0.886333E+00  0.000000E+00  0.000000E+00  0.000000E+00  0.102914E+01
  0.991058E+02  0.986776E+00  0.832411E+00  0.000000E+00  0.000000E+00  0.000000E+00  0.967480E+00
  0.102465E+03  0.927739E+00  0.781688E+00  0.000000E+00  0.000000E+00  0.000000E+00  0.909483E+00
  0.105938E+03  0.872211E+00  0.733977E+00  0.000000E+00  0.000000E+00  0.000000E+00  0.854932E+00
  0.109529E+03  0.819980E+00  0.689096E+00  0.000000E+00  0.000000E+00  0.000000E+00  0.803620E+00
  0.113241E+03  0.770857E+00  0.646883E+00  0.000000E+00  0.000000E+00  0.000000E+00  0.755361E+00
  0.117080E+03  0.724657E+00  0.607180E+00  0.000000E+00  0.000000E+00  0.000000E+00  0.709972E+00
  0.121048E+03  0.681205E+00  0.569836E+00  0.000000E+00  0.000000E+00  0.000000E+00  0.667284E+00
  0.125151E+03  0.640338E+00  0.534711E+00  0.000000E+00  0.000000E+00  0.000000E+00  0.627135E+00
  0.129393E+03  0.601907E+00  0.501678E+00  0.000000E+00  0.000000E+00  0.000000E+00  0.589378E+00
  0.133779E+03  0.565765E+00  0.470612E+00  0.000000E+00  0.000000E+00  0.000000E+00  0.553871E+00
  0.138313E+03  0.531778E+00  0.441395E+00  0.000000E+00  0.000000E+00  0.000000E+00  0.520480E+00
  0.143002E+03  0.499816E+00  0.413918E+00  0.000000E+00  0.000000E+00  0.000000E+00  0.489079E+00
  0.147849E+03  0.469763E+00  0.388081E+00  0.000000E+00  0.000000E+00  0.000000E+00  0.459553E+00
  0.152860E+03  0.441503E+00  0.363784E+00  0.000000E+00  0.000000E+00  0.000000E+00  0.431788E+00
  0.158041E+03  0.414930E+00  0.340938E+00  0.000000E+00  0.000000E+00  0.000000E+00  0.405681E+00
  0.163398E+03  0.389943E+00  0.319455E+00  0.000000E+00  0.000000E+00  0.000000E+00  0.381132E+00
  0.168936E+03  0.366451E+00  0.299256E+00  0.000000E+00  0.000000E+00  0.000000E+00  0.358052E+00
  0.174662E+03  0.344363E+00  0.280264E+00  0.000000E+00  0.000000E+00  0.000000E+00  0.336350E+00
  0.180583E+03  0.323594E+00  0.262408E+00  0.000000E+00  0.000000E+00  0.000000E+00  0.315946E+00
  0.186704E+03  0.304069E+00  0.245622E+00  0.000000E+00  0.000000E+00  0.000000E+00  0.296763E+00
  0.193032E+03  0.285712E+00  0.229841E+00  0.000000E+00  0.000000E+00  0.000000E+00  0.278728E+00
  0.199574E+03  0.268454E+00  0.215006E+00  0.000000E+00  0.000000E+00  0.000000E+00  0.261773E+00
  0.206339E+03  0.252229E+00  0.201061E+00  0.000000E+00  0.000000E+00  0.000000E+00  0.245833E+00
