  0.119218E-04  0.731034E+06  0.731034E+06  0.974690E+06  0.974689E+06  0.000000E+00  0.731034E+06
  0.123258E-04  0.731034E+06  0.731034E+06  0.974688E+06  0.974688E+06  0.000000E+00  0.731034E+06
  0.127436E-04  0.731034E+06  0.731034E+06  0.974687E+06  0.974686E+06  0.000000E+00  0.731034E+06
  0.131756E-04  0.731034E+06  0.731034E+06  0.974685E+06  0.974684E+06  0.000000E+00  0.731034E+06
  0.136222E-04  0.731034E+06  0.731034E+06  0.974683E+06  0.974682E+06  0.000000E+00  0.731034E+06
  0.140839E-04  0.731034E+06  0.731034E+06  0.974681E+06  0.974680E+06  0.000000E+00  0.731034E+06
  0.145613E-04  0.731034E+06  0.731034E+06  0.974679E+06  0.974678E+06  0.000000E+00  0.731034E+06
  0.150548E-04  0.731034E+06  0.731034E+06  0.974676E+06  0.974675E+06  0.000000E+00  0.731034E+06
  0.155651E-04  0.731034E+06  0.731034E+06  0.974674E+06  0.974673E+06  0.000000E+00  0.731034E+06
  0.160927E-04  0.731034E+06  0.731034E+06  0.974671E+06  0.974670E+06  0.000000E+00  0.731034E+06
  0.166382E-04  0.731034E+06  0.731034E+06  0.974668E+06  0.974667E+06  0.000000E+00  0.731034E+06
  0.172021E-04  0.731034E+06  0.731034E+06  0.974665E+06  0.974664E+06  0.000000E+00  0.731034E+06
  0.177852E-04  0.731034E+06  0.731034E+06  0.974662E+06  0.974661E+06  0.000000E+00  0.731034E+06
  0.183880E-04  0.731034E+06  0.731034E+06  0.974659E+06  0.974657E+06  0.000000E+00  0.731034E+06
  0.190113E-04  0.731034E+06  0.731034E+06  0.974655E+06  0.974653E+06  0.000000E+00  0.731034E+06
  0.196557E-04  0.731034E+06  0.731034E+06  0.974651E+06  0.974649E+06  0.000000E+00  0.731034E+06
  0.203219E-04  0.731034E+06  0.731033E+06  0.974647E+06  0.974645E+06  0.000000E+00  0.731034E+06
  0.210107E-04  0.731033E+06  0.731033E+06  0.974642E+06  0.974640E+06  0.000000E+00  0.731033E+06
  0.217229E-04  0.731033E+06  0.731033E+06  0.974637E+06  0.974635E+06  0.000000E+00  0.731033E+06
  0.224592E-04  0.731033E+06  0.731033E+06  0.974632E+06  0.974630E+06  0.000000E+00  0.731033E+06
  0.232204E-04  0.731033E+06  0.731033E+06  0.974627E+06  0.974624E+06  0.000000E+00  0.731033E+06
  0.240075E-04  0.731033E+06  0.731033E+06  0.974621E+06  0.974618E+06  0.000000E+00  0.731033E+06
  0.248212E-04  0.731033E+06  0.731033E+06  0.974614E+06  0.974611E+06  0.000000E+00  0.731033E+06
  0.256625E-04  0.731033E+06  0.731033E+06  0.974608E+06  0.974604E+06  0.000000E+00  0.731033E+06
  0.265324E-04  0.731033E+06  0.731033E+06  0.974600E+06  0.974597E+06  0.000000E+00  0.731033E+06
  0.274317E-04  0.731033E+06  0.731033E+06  0.974593E+06  0.974589E+06  0.000000E+00  0.731033E+06
  0.283615E-04  0.731033E+06  0.731032E+06  0.974584E+06  0.974580E+06  0.000000E+00  0.731033E+06
  0.293228E-04  0.731032E+06  0.731032E+06  0.974576E+06  0.974571E+06  0.000000E+00  0.731032E+06
  0.303167E-04  0.731032E+06  0.731032E+06  0.974566E+06  0.974561E+06  0.000000E+00  0.731032E+06
  0.313443E-04  0.731032E+06  0.731032E+06  0.974556E+06  0.974551E+06  0.000000E+00  0.731032E+06
  0.324067E-04  0.731032E+06  0.731032E+06  0.974545E+06  0.974540E+06  0.000000E+00  0.731032E+06
  0.335051E-04  0.731032E+06  0.731032E+06  0.974534E+06  0.974528E+06  0.000000E+00  0.731032E+06
  0.346408E-04  0.731032E+06  0.731032E+06  0.974521E+06  0.974515E+06  0.000000E+00  0.731032E+06
  0.358149E-04  0.731031E+06  0.731031E+06  0.974508E+06  0.974502E+06  0.000000E+00  0.731031E+06
  0.370289E-04  0.731031E+06  0.731031E+06  0.974494E+06  0.974487E+06  0.000000E+00  0.731031E+06
  0.382840E-04  0.731031E+06  0.731031E+06  0.974479E+06  0.974472E+06  0.000000E+00  0.731031E+06
  0.395816E-04  0.731031E+06  0.731031E+06  0.974463E+06  0.974455E+06  0.000000E+00  0.731031E+06
  0.409233E-04  0.731031E+06  0.731030E+06  0.974446E+06  0.974437E+06  0.000000E+00  0.731030E+06
  0.423104E-04  0.731030E+06  0.731030E+06  0.974427E+06  0.974418E+06  0.000000E+00  0.731030E+06
  0.437445E-04  0.731030E+06  0.731030E+06  0.974408E+06  0.974398E+06  0.000000E+00  0.731030E+06
  0.452272E-04  0.731030E+06  0.731030E+06  0.974386E+06  0.974376E+06  0.000000E+00  0.731030E+06
  0.467602E-04  0.731029E+06  0.731029E+06  0.974364E+06  0.974353E+06  0.000000E+00  0.731029E+06
  0.483451E-04  0.731029E+06  0.731029E+06  0.974340E+06  0.974328E+06  0.000000E+00  0.731029E+06
  0.499838E-04  0.731029E+06  0.731028E+06  0.974314E+06  0.974302E+06  0.000000E+00  0.731029E+06
  0.516780E-04  0.731028E+06  0.731028E+06  0.974287E+06  0.974273E+06  0.000000E+00  0.731028E+06
  0.534296E-04  0.731028E+06  0.731028E+06  0.974258E+06  0.974243E+06  0.000000E+00  0.731028E+06
  0.552406E-04  0.731027E+06  0.731027E+06  0.974226E+06  0.974211E+06  0.000000E+00  0.731027E+06
  0.571130E-04  0.731027E+06  0.731027E+06  0.974193E+06  0.974176E+06  0.000000E+00  0.731027E+06
  0.590489E-04  0.731026E+06  0.731026E+06  0.974157E+06  0.974139E+06  0.000000E+00  0.731026E+06
  0.610503E-04  0.731026E+06  0.731026E+06  0.974118E+06  0.974100E+06  0.000000E+00  0.731026E+06
  0.631196E-04  0.731025E+06  0.731025E+06  0.974078E+06  0.974057E+06  0.000000E+00  0.731025E+06
  0.652591E-04  0.731024E+06  0.731024E+06  0.974034E+06  0.974012E+06  0.000000E+00  0.731024E+06
  0.674711E-04  0.731024E+06  0.731024E+06  0.973987E+06  0.973964E+06  0.000000E+00  0.731024E+06
  0.697580E-04  0.731023E+06  0.731023E+06  0.973937E+06  0.973912E+06  0.000000E+00  0.731023E+06
  0.721224E-04  0.731022E+06  0.731022E+06  0.973884E+06  0.973857E+06  0.000000E+00  0.731022E+06
  0.745670E-04  0.731021E+06  0.731021E+06  0.973826E+06  0.973798E+06  0.000000E+00  0.731021E+06
  0.770945E-04  0.731020E+06  0.731020E+06  0.973765E+06  0.973735E+06  0.000000E+00  0.731020E+06
  0.797076E-04  0.731020E+06  0.731019E+06  0.973700E+06  0.973668E+06  0.000000E+00  0.731020E+06
  0.824093E-04  0.731019E+06  0.731018E+06  0.973630E+06  0.973596E+06  0.000000E+00  0.731018E+06
  0.852026E-04  0.731017E+06  0.731017E+06  0.973556E+06  0.973519E+06  0.000000E+00  0.731017E+06
  0.880905E-04  0.731016E+06  0.731016E+06  0.973476E+06  0.973437E+06  0.000000E+00  0.731016E+06
  0.910764E-04  0.731015E+06  0.731014E+06  0.973391E+06  0.973349E+06  0.000000E+00  0.731015E+06
  0.941634E-04  0.731014E+06  0.731013E+06  0.973300E+06  0.973255E+06  0.000000E+00  0.731014E+06
  0.973551E-04  0.731012E+06  0.731012E+06  0.973202E+06  0.973154E+06  0.000000E+00  0.731012E+06
  0.100655E-03  0.731011E+06  0.731010E+06  0.973098E+06  0.973047E+06  0.000000E+00  0.731011E+06
  0.104067E-03  0.731009E+06  0.731008E+06  0.972987E+06  0.972932E+06  0.000000E+00  0.731009E+06
  0.107594E-03  0.731007E+06  0.731007E+06  0.972868E+06  0.972810E+06  0.000000E+00  0.731007E+06
  0.111241E-03  0.731005E+06  0.731005E+06  0.972741E+06  0.972679E+06  0.000000E+00  0.731005E+06
  0.115011E-03  0.731003E+06  0.731003E+06  0.972606E+06  0.972539E+06  0.000000E+00  0.731003E+06
  0.118910E-03  0.731001E+06  0.731000E+06  0.972460E+06  0.972389E+06  0.000000E+00  0.731001E+06
  0.122940E-03  0.730999E+06  0.730998E+06  0.972305E+06  0.972229E+06  0.000000E+00  0.730999E+06
  0.127107E-03  0.730997E+06  0.730996E+06  0.972140E+06  0.972058E+06  0.000000E+00  0.730996E+06
  0.131416E-03  0.730994E+06  0.730993E+06  0.971963E+06  0.971875E+06  0.000000E+00  0.730994E+06
  0.135870E-03  0.730991E+06  0.730990E+06  0.971773E+06  0.971680E+06  0.000000E+00  0.730991E+06
  0.140475E-03  0.730988E+06  0.730987E+06  0.971571E+06  0.971471E+06  0.000000E+00  0.730988E+06
  0.145237E-03  0.730985E+06  0.730984E+06  0.971355E+06  0.971248E+06  0.000000E+00  0.730985E+06
  0.150160E-03  0.730982E+06  0.730980E+06  0.971124E+06  0.971010E+06  0.000000E+00  0.730981E+06
  0.155249E-03  0.730978E+06  0.730976E+06  0.970877E+06  0.970755E+06  0.000000E+00  0.730978E+06
  0.160511E-03  0.730974E+06  0.730972E+06  0.970613E+06  0.970482E+06  0.000000E+00  0.730974E+06
  0.165952E-03  0.730970E+06  0.730968E+06  0.970330E+06  0.970192E+06  0.000000E+00  0.730970E+06
  0.171577E-03  0.730965E+06  0.730964E+06  0.970029E+06  0.969880E+06  0.000000E+00  0.730965E+06
  0.177393E-03  0.730961E+06  0.730959E+06  0.969707E+06  0.969548E+06  0.000000E+00  0.730960E+06
  0.183405E-03  0.730956E+06  0.730954E+06  0.969363E+06  0.969193E+06  0.000000E+00  0.730955E+06
  0.189622E-03  0.730950E+06  0.730948E+06  0.968995E+06  0.968814E+06  0.000000E+00  0.730950E+06
  0.196049E-03  0.730944E+06  0.730942E+06  0.968602E+06  0.968408E+06  0.000000E+00  0.730944E+06
  0.202694E-03  0.730938E+06  0.730936E+06  0.968182E+06  0.967975E+06  0.000000E+00  0.730938E+06
  0.209565E-03  0.730932E+06  0.730929E+06  0.967733E+06  0.967512E+06  0.000000E+00  0.730931E+06
  0.216668E-03  0.730924E+06  0.730921E+06  0.967254E+06  0.967018E+06  0.000000E+00  0.730924E+06
  0.224012E-03  0.730917E+06  0.730914E+06  0.966741E+06  0.966489E+06  0.000000E+00  0.730916E+06
  0.231605E-03  0.730909E+06  0.730905E+06  0.966194E+06  0.965925E+06  0.000000E+00  0.730908E+06
  0.239455E-03  0.730900E+06  0.730896E+06  0.965609E+06  0.965322E+06  0.000000E+00  0.730900E+06
  0.247571E-03  0.730891E+06  0.730887E+06  0.964985E+06  0.964677E+06  0.000000E+00  0.730890E+06
  0.255963E-03  0.730881E+06  0.730877E+06  0.964317E+06  0.963989E+06  0.000000E+00  0.730880E+06
  0.264639E-03  0.730870E+06  0.730866E+06  0.963604E+06  0.963254E+06  0.000000E+00  0.730870E+06
  0.273609E-03  0.730859E+06  0.730854E+06  0.962843E+06  0.962468E+06  0.000000E+00  0.730858E+06
  0.282883E-03  0.730847E+06  0.730842E+06  0.962029E+06  0.961629E+06  0.000000E+00  0.730846E+06
  0.292471E-03  0.730834E+06  0.730829E+06  0.961161E+06  0.960734E+06  0.000000E+00  0.730833E+06
  0.302384E-03  0.730820E+06  0.730814E+06  0.960233E+06  0.959777E+06  0.000000E+00  0.730820E+06
  0.312634E-03  0.730806E+06  0.730799E+06  0.959242E+06  0.958755E+06  0.000000E+00  0.730805E+06
  0.323230E-03  0.730790E+06  0.730783E+06  0.958183E+06  0.957664E+06  0.000000E+00  0.730789E+06
  0.334186E-03  0.730773E+06  0.730766E+06  0.957053E+06  0.956499E+06  0.000000E+00  0.730772E+06
  0.345514E-03  0.730755E+06  0.730747E+06  0.955847E+06  0.955255E+06  0.000000E+00  0.730754E+06
  0.357225E-03  0.730736E+06  0.730728E+06  0.954559E+06  0.953927E+06  0.000000E+00  0.730735E+06
  0.369333E-03  0.730715E+06  0.730707E+06  0.953183E+06  0.952509E+06  0.000000E+00  0.730714E+06
  0.381852E-03  0.730693E+06  0.730684E+06  0.951715E+06  0.950996E+06  0.000000E+00  0.730692E+06
  0.394794E-03  0.730670E+06  0.730660E+06  0.950148E+06  0.949380E+06  0.000000E+00  0.730668E+06
  0.408176E-03  0.730645E+06  0.730634E+06  0.948476E+06  0.947657E+06  0.000000E+00  0.730643E+06
  0.422011E-03  0.730618E+06  0.730607E+06  0.946691E+06  0.945817E+06  0.000000E+00  0.730616E+06
  0.436315E-03  0.730589E+06  0.730577E+06  0.944786E+06  0.943855E+06  0.000000E+00  0.730588E+06
  0.451104E-03  0.730559E+06  0.730546E+06  0.942754E+06  0.941761E+06  0.000000E+00  0.730557E+06
  0.466395E-03  0.730526E+06  0.730512E+06  0.940587E+06  0.939528E+06  0.000000E+00  0.730524E+06
  0.482203E-03  0.730491E+06  0.730476E+06  0.938275E+06  0.937146E+06  0.000000E+00  0.730489E+06
  0.498547E-03  0.730454E+06  0.730438E+06  0.935810E+06  0.934607E+06  0.000000E+00  0.730452E+06
  0.515446E-03  0.730414E+06  0.730397E+06  0.933180E+06  0.931899E+06  0.000000E+00  0.730412E+06
  0.532917E-03  0.730371E+06  0.730353E+06  0.930378E+06  0.929013E+06  0.000000E+00  0.730369E+06
  0.550980E-03  0.730326E+06  0.730307E+06  0.927390E+06  0.925937E+06  0.000000E+00  0.730323E+06
  0.569656E-03  0.730277E+06  0.730257E+06  0.924206E+06  0.922659E+06  0.000000E+00  0.730275E+06
  0.588964E-03  0.730225E+06  0.730203E+06  0.920814E+06  0.919167E+06  0.000000E+00  0.730222E+06
  0.608927E-03  0.730170E+06  0.730146E+06  0.917201E+06  0.915448E+06  0.000000E+00  0.730167E+06
  0.629567E-03  0.730111E+06  0.730086E+06  0.913352E+06  0.911488E+06  0.000000E+00  0.730107E+06
  0.650906E-03  0.730047E+06  0.730021E+06  0.909255E+06  0.907273E+06  0.000000E+00  0.730044E+06
  0.672969E-03  0.729980E+06  0.729951E+06  0.904894E+06  0.902788E+06  0.000000E+00  0.729976E+06
  0.695779E-03  0.729908E+06  0.729877E+06  0.900254E+06  0.898015E+06  0.000000E+00  0.729904E+06
  0.719362E-03  0.729831E+06  0.729798E+06  0.895317E+06  0.892940E+06  0.000000E+00  0.729826E+06
  0.743745E-03  0.729748E+06  0.729714E+06  0.890068E+06  0.887544E+06  0.000000E+00  0.729744E+06
  0.768955E-03  0.729660E+06  0.729623E+06  0.884488E+06  0.881810E+06  0.000000E+00  0.729656E+06
  0.795018E-03  0.729567E+06  0.729527E+06  0.878559E+06  0.875719E+06  0.000000E+00  0.729562E+06
  0.821966E-03  0.729467E+06  0.729424E+06  0.872261E+06  0.869251E+06  0.000000E+00  0.729461E+06
  0.849826E-03  0.729360E+06  0.729314E+06  0.865575E+06  0.862387E+06  0.000000E+00  0.729354E+06
  0.878631E-03  0.729246E+06  0.729197E+06  0.858480E+06  0.855105E+06  0.000000E+00  0.729240E+06
  0.908413E-03  0.729124E+06  0.729072E+06  0.850954E+06  0.847384E+06  0.000000E+00  0.729118E+06
  0.939203E-03  0.728994E+06  0.728939E+06  0.842977E+06  0.839204E+06  0.000000E+00  0.728987E+06
  0.971038E-03  0.728856E+06  0.728796E+06  0.834526E+06  0.830541E+06  0.000000E+00  0.728848E+06
  0.100395E-02  0.728708E+06  0.728645E+06  0.825579E+06  0.821372E+06  0.000000E+00  0.728700E+06
  0.103798E-02  0.728550E+06  0.728483E+06  0.816112E+06  0.811677E+06  0.000000E+00  0.728542E+06
  0.107316E-02  0.728382E+06  0.728310E+06  0.806103E+06  0.801432E+06  0.000000E+00  0.728373E+06
  0.110954E-02  0.728203E+06  0.728126E+06  0.795529E+06  0.790614E+06  0.000000E+00  0.728193E+06
  0.114715E-02  0.728012E+06  0.727929E+06  0.784367E+06  0.779202E+06  0.000000E+00  0.728002E+06
  0.118603E-02  0.727808E+06  0.727720E+06  0.772596E+06  0.767174E+06  0.000000E+00  0.727797E+06
  0.122623E-02  0.727591E+06  0.727496E+06  0.760193E+06  0.754509E+06  0.000000E+00  0.727579E+06
  0.126779E-02  0.727360E+06  0.727259E+06  0.747139E+06  0.741189E+06  0.000000E+00  0.727347E+06
  0.131076E-02  0.727113E+06  0.727005E+06  0.733415E+06  0.727195E+06  0.000000E+00  0.727100E+06
  0.135519E-02  0.726850E+06  0.726735E+06  0.719002E+06  0.712512E+06  0.000000E+00  0.726836E+06
  0.140113E-02  0.726571E+06  0.726448E+06  0.703887E+06  0.697126E+06  0.000000E+00  0.726556E+06
  0.144862E-02  0.726273E+06  0.726142E+06  0.688056E+06  0.681027E+06  0.000000E+00  0.726257E+06
  0.149772E-02  0.725956E+06  0.725816E+06  0.671500E+06  0.664208E+06  0.000000E+00  0.725939E+06
  0.154848E-02  0.725619E+06  0.725469E+06  0.654213E+06  0.646665E+06  0.000000E+00  0.725601E+06
  0.160097E-02  0.725261E+06  0.725100E+06  0.636195E+06  0.628400E+06  0.000000E+00  0.725241E+06
  0.165524E-02  0.724880E+06  0.724708E+06  0.617448E+06  0.609420E+06  0.000000E+00  0.724858E+06
  0.171134E-02  0.724474E+06  0.724291E+06  0.597982E+06  0.589737E+06  0.000000E+00  0.724451E+06
  0.176935E-02  0.724044E+06  0.723848E+06  0.577812E+06  0.569371E+06  0.000000E+00  0.724019E+06
  0.182932E-02  0.723586E+06  0.723377E+06  0.556962E+06  0.548349E+06  0.000000E+00  0.723560E+06
  0.189132E-02  0.723100E+06  0.722877E+06  0.535463E+06  0.526707E+06  0.000000E+00  0.723072E+06
  0.195543E-02  0.722585E+06  0.722346E+06  0.513354E+06  0.504488E+06  0.000000E+00  0.722555E+06
  0.202171E-02  0.722038E+06  0.721782E+06  0.490684E+06  0.481746E+06  0.000000E+00  0.722006E+06
  0.209024E-02  0.721458E+06  0.721185E+06  0.467513E+06  0.458546E+06  0.000000E+00  0.721424E+06
  0.216108E-02  0.720843E+06  0.720552E+06  0.443912E+06  0.434963E+06  0.000000E+00  0.720807E+06
  0.223433E-02  0.720192E+06  0.719881E+06  0.419961E+06  0.411082E+06  0.000000E+00  0.720153E+06
  0.231007E-02  0.719503E+06  0.719170E+06  0.395756E+06  0.387002E+06  0.000000E+00  0.719461E+06
  0.238837E-02  0.718773E+06  0.718418E+06  0.371401E+06  0.362831E+06  0.000000E+00  0.718729E+06
  0.246932E-02  0.718002E+06  0.717622E+06  0.347013E+06  0.338690E+06  0.000000E+00  0.717954E+06
  0.255302E-02  0.717187E+06  0.716781E+06  0.322723E+06  0.314710E+06  0.000000E+00  0.717136E+06
  0.263955E-02  0.716326E+06  0.715892E+06  0.298669E+06  0.291031E+06  0.000000E+00  0.716271E+06
  0.272902E-02  0.715417E+06  0.714954E+06  0.275001E+06  0.267800E+06  0.000000E+00  0.715359E+06
  0.282152E-02  0.714458E+06  0.713963E+06  0.251876E+06  0.245172E+06  0.000000E+00  0.714396E+06
  0.291716E-02  0.713448E+06  0.712919E+06  0.229457E+06  0.223304E+06  0.000000E+00  0.713382E+06
  0.301604E-02  0.712383E+06  0.711819E+06  0.207909E+06  0.202354E+06  0.000000E+00  0.712313E+06
  0.311826E-02  0.711264E+06  0.710661E+06  0.187396E+06  0.182474E+06  0.000000E+00  0.711188E+06
  0.322396E-02  0.710086E+06  0.709443E+06  0.168077E+06  0.163811E+06  0.000000E+00  0.710006E+06
  0.333323E-02  0.708849E+06  0.708162E+06  0.150101E+06  0.146497E+06  0.000000E+00  0.708763E+06
  0.344622E-02  0.707550E+06  0.706817E+06  0.133603E+06  0.130647E+06  0.000000E+00  0.707458E+06
  0.356302E-02  0.706188E+06  0.705405E+06  0.118696E+06  0.116353E+06  0.000000E+00  0.706090E+06
  0.368380E-02  0.704760E+06  0.703924E+06  0.105466E+06  0.103677E+06  0.000000E+00  0.704656E+06
  0.380866E-02  0.703265E+06  0.702373E+06  0.939650E+05  0.926474E+05  0.000000E+00  0.703154E+06
  0.393775E-02  0.701701E+06  0.700749E+06  0.842087E+05  0.832536E+05  0.000000E+00  0.701582E+06
  0.407122E-02  0.700067E+06  0.699050E+06  0.761680E+05  0.754437E+05  0.000000E+00  0.699940E+06
  0.420922E-02  0.698359E+06  0.697274E+06  0.697672E+05  0.691222E+05  0.000000E+00  0.698224E+06
  0.435189E-02  0.696578E+06  0.695420E+06  0.648820E+05  0.641501E+05  0.000000E+00  0.696433E+06
  0.449940E-02  0.694720E+06  0.693484E+06  0.613403E+05  0.603486E+05  0.000000E+00  0.694565E+06
  0.465190E-02  0.692784E+06  0.691466E+06  0.589257E+05  0.575038E+05  0.000000E+00  0.692620E+06
  0.480958E-02  0.690770E+06  0.689363E+06  0.573841E+05  0.553768E+05  0.000000E+00  0.690594E+06
  0.497260E-02  0.688674E+06  0.687174E+06  0.564345E+05  0.537146E+05  0.000000E+00  0.688486E+06
  0.514115E-02  0.686495E+06  0.684895E+06  0.557833E+05  0.522660E+05  0.000000E+00  0.686295E+06
  0.531541E-02  0.684232E+06  0.682526E+06  0.551409E+05  0.507976E+05  0.000000E+00  0.684019E+06
  0.549557E-02  0.681882E+06  0.680063E+06  0.542421E+05  0.491120E+05  0.000000E+00  0.681655E+06
  0.568185E-02  0.679444E+06  0.677504E+06  0.528665E+05  0.470643E+05  0.000000E+00  0.679202E+06
  0.587443E-02  0.676916E+06  0.674848E+06  0.508588E+05  0.445766E+05  0.000000E+00  0.676657E+06
  0.607355E-02  0.674295E+06  0.672091E+06  0.481453E+05  0.416468E+05  0.000000E+00  0.674020E+06
  0.627942E-02  0.671580E+06  0.669230E+06  0.447452E+05  0.383503E+05  0.000000E+00  0.671286E+06
  0.649226E-02  0.668768E+06  0.666265E+06  0.407730E+05  0.348332E+05  0.000000E+00  0.668455E+06
  0.671231E-02  0.665858E+06  0.663190E+06  0.364302E+05  0.312944E+05  0.000000E+00  0.665524E+06
  0.693983E-02  0.662846E+06  0.660004E+06  0.319854E+05  0.279595E+05  0.000000E+00  0.662491E+06
  0.717505E-02  0.659731E+06  0.656704E+06  0.277415E+05  0.250462E+05  0.000000E+00  0.659352E+06
  0.741825E-02  0.656510E+06  0.653287E+06  0.239947E+05  0.227275E+05  0.000000E+00  0.656107E+06
  0.766969E-02  0.653181E+06  0.649750E+06  0.209878E+05  0.210971E+05  0.000000E+00  0.652752E+06
  0.792966E-02  0.649741E+06  0.646089E+06  0.188663E+05  0.201454E+05  0.000000E+00  0.649284E+06
  0.819844E-02  0.646189E+06  0.642302E+06  0.176448E+05  0.197520E+05  0.000000E+00  0.645703E+06
  0.847632E-02  0.642521E+06  0.638386E+06  0.171946E+05  0.197005E+05  0.000000E+00  0.642004E+06
  0.876363E-02  0.638736E+06  0.634337E+06  0.000000E+00  0.000000E+00  0.000000E+00  0.638186E+06
  0.906067E-02  0.634831E+06  0.630152E+06  0.000000E+00  0.000000E+00  0.000000E+00  0.634246E+06
  0.936778E-02  0.630803E+06  0.625830E+06  0.000000E+00  0.000000E+00  0.000000E+00  0.630182E+06
  0.968530E-02  0.626651E+06  0.621365E+06  0.000000E+00  0.000000E+00  0.000000E+00  0.625991E+06
  0.100136E-01  0.622372E+06  0.616756E+06  0.000000E+00  0.000000E+00  0.000000E+00  0.621670E+06
  0.103530E-01  0.617964E+06  0.611998E+06  0.000000E+00  0.000000E+00  0.000000E+00  0.617218E+06
  0.107039E-01  0.613424E+06  0.607089E+06  0.000000E+00  0.000000E+00  0.000000E+00  0.612632E+06
  0.110667E-01  0.608749E+06  0.602025E+06  0.000000E+00  0.000000E+00  0.000000E+00  0.607909E+06
  0.114418E-01  0.603938E+06  0.596802E+06  0.000000E+00  0.000000E+00  0.000000E+00  0.603046E+06
  0.118297E-01  0.598987E+06  0.591419E+06  0.000000E+00  0.000000E+00  0.000000E+00  0.598041E+06
  0.122306E-01  0.593895E+06  0.585871E+06  0.000000E+00  0.000000E+00  0.000000E+00  0.592892E+06
  0.126452E-01  0.588658E+06  0.580155E+06  0.000000E+00  0.000000E+00  0.000000E+00  0.587595E+06
  0.130738E-01  0.583275E+06  0.574269E+06  0.000000E+00  0.000000E+00  0.000000E+00  0.582150E+06
  0.135169E-01  0.577744E+06  0.568208E+06  0.000000E+00  0.000000E+00  0.000000E+00  0.576552E+06
  0.139751E-01  0.572061E+06  0.561972E+06  0.000000E+00  0.000000E+00  0.000000E+00  0.570800E+06
  0.144488E-01  0.566226E+06  0.555556E+06  0.000000E+00  0.000000E+00  0.000000E+00  0.564892E+06
  0.149385E-01  0.560235E+06  0.548959E+06  0.000000E+00  0.000000E+00  0.000000E+00  0.558826E+06
  0.154449E-01  0.554088E+06  0.542179E+06  0.000000E+00  0.000000E+00  0.000000E+00  0.552600E+06
  0.159684E-01  0.547783E+06  0.535213E+06  0.000000E+00  0.000000E+00  0.000000E+00  0.546212E+06
  0.165096E-01  0.541318E+06  0.528061E+06  0.000000E+00  0.000000E+00  0.000000E+00  0.539661E+06
  0.170692E-01  0.534692E+06  0.520722E+06  0.000000E+00  0.000000E+00  0.000000E+00  0.532945E+06
  0.176478E-01  0.527904E+06  0.513195E+06  0.000000E+00  0.000000E+00  0.000000E+00  0.526065E+06
  0.182460E-01  0.520954E+06  0.505480E+06  0.000000E+00  0.000000E+00  0.000000E+00  0.519020E+06
  0.188644E-01  0.513843E+06  0.497580E+06  0.000000E+00  0.000000E+00  0.000000E+00  0.511810E+06
  0.195038E-01  0.506570E+06  0.489495E+06  0.000000E+00  0.000000E+00  0.000000E+00  0.504435E+06
  0.201649E-01  0.499136E+06  0.481229E+06  0.000000E+00  0.000000E+00  0.000000E+00  0.496898E+06
  0.208484E-01  0.491544E+06  0.472786E+06  0.000000E+00  0.000000E+00  0.000000E+00  0.489199E+06
  0.215550E-01  0.483795E+06  0.464170E+06  0.000000E+00  0.000000E+00  0.000000E+00  0.481342E+06
  0.222857E-01  0.475893E+06  0.455388E+06  0.000000E+00  0.000000E+00  0.000000E+00  0.473330E+06
  0.230410E-01  0.467842E+06  0.446449E+06  0.000000E+00  0.000000E+00  0.000000E+00  0.465168E+06
  0.238220E-01  0.459647E+06  0.437361E+06  0.000000E+00  0.000000E+00  0.000000E+00  0.456862E+06
  0.246295E-01  0.451315E+06  0.428136E+06  0.000000E+00  0.000000E+00  0.000000E+00  0.448418E+06
  0.254643E-01  0.442852E+06  0.418787E+06  0.000000E+00  0.000000E+00  0.000000E+00  0.439844E+06
  0.263274E-01  0.434267E+06  0.409329E+06  0.000000E+00  0.000000E+00  0.000000E+00  0.431150E+06
  0.272198E-01  0.425570E+06  0.399779E+06  0.000000E+00  0.000000E+00  0.000000E+00  0.422346E+06
  0.281424E-01  0.416772E+06  0.390156E+06  0.000000E+00  0.000000E+00  0.000000E+00  0.413445E+06
  0.290963E-01  0.407887E+06  0.380482E+06  0.000000E+00  0.000000E+00  0.000000E+00  0.404461E+06
  0.300825E-01  0.398928E+06  0.370780E+06  0.000000E+00  0.000000E+00  0.000000E+00  0.395409E+06
  0.311021E-01  0.389912E+06  0.361077E+06  0.000000E+00  0.000000E+00  0.000000E+00  0.386307E+06
  0.321564E-01  0.380856E+06  0.351401E+06  0.000000E+00  0.000000E+00  0.000000E+00  0.377174E+06
  0.332463E-01  0.371779E+06  0.341783E+06  0.000000E+00  0.000000E+00  0.000000E+00  0.368030E+06
  0.343732E-01  0.363887E+06  0.333433E+06  0.000000E+00  0.000000E+00  0.000000E+00  0.360081E+06
  0.355383E-01  0.354883E+06  0.324074E+06  0.000000E+00  0.000000E+00  0.000000E+00  0.351032E+06
  0.367428E-01  0.345925E+06  0.314875E+06  0.000000E+00  0.000000E+00  0.000000E+00  0.342044E+06
  0.379883E-01  0.337038E+06  0.305868E+06  0.000000E+00  0.000000E+00  0.000000E+00  0.333142E+06
  0.392759E-01  0.328246E+06  0.297090E+06  0.000000E+00  0.000000E+00  0.000000E+00  0.324352E+06
  0.406071E-01  0.319575E+06  0.288574E+06  0.000000E+00  0.000000E+00  0.000000E+00  0.315700E+06
  0.419835E-01  0.310962E+06  0.280265E+06  0.000000E+00  0.000000E+00  0.000000E+00  0.307124E+06
  0.434065E-01  0.301735E+06  0.271499E+06  0.000000E+00  0.000000E+00  0.000000E+00  0.297956E+06
  0.448778E-01  0.293436E+06  0.263817E+06  0.000000E+00  0.000000E+00  0.000000E+00  0.289734E+06
  0.463990E-01  0.285347E+06  0.256501E+06  0.000000E+00  0.000000E+00  0.000000E+00  0.281742E+06
  0.479716E-01  0.277489E+06  0.249571E+06  0.000000E+00  0.000000E+00  0.000000E+00  0.273999E+06
  0.495977E-01  0.269879E+06  0.243034E+06  0.000000E+00  0.000000E+00  0.000000E+00  0.266523E+06
  0.512787E-01  0.262527E+06  0.236888E+06  0.000000E+00  0.000000E+00  0.000000E+00  0.259323E+06
  0.530169E-01  0.255903E+06  0.231586E+06  0.000000E+00  0.000000E+00  0.000000E+00  0.252864E+06
  0.548139E-01  0.249062E+06  0.226160E+06  0.000000E+00  0.000000E+00  0.000000E+00  0.246199E+06
  0.566718E-01  0.242455E+06  0.221036E+06  0.000000E+00  0.000000E+00  0.000000E+00  0.239778E+06
  0.585927E-01  0.236064E+06  0.216162E+06  0.000000E+00  0.000000E+00  0.000000E+00  0.233577E+06
  0.605787E-01  0.229854E+06  0.211467E+06  0.000000E+00  0.000000E+00  0.000000E+00  0.227556E+06
  0.626320E-01  0.223503E+06  0.206591E+06  0.000000E+00  0.000000E+00  0.000000E+00  0.221389E+06
  0.647549E-01  0.217573E+06  0.202057E+06  0.000000E+00  0.000000E+00  0.000000E+00  0.215634E+06
  0.669498E-01  0.211731E+06  0.197489E+06  0.000000E+00  0.000000E+00  0.000000E+00  0.209951E+06
  0.692191E-01  0.205945E+06  0.192819E+06  0.000000E+00  0.000000E+00  0.000000E+00  0.204305E+06
  0.715653E-01  0.200269E+06  0.188066E+06  0.000000E+00  0.000000E+00  0.000000E+00  0.198743E+06
  0.739910E-01  0.194492E+06  0.182997E+06  0.000000E+00  0.000000E+00  0.000000E+00  0.193055E+06
  0.764989E-01  0.188673E+06  0.177655E+06  0.000000E+00  0.000000E+00  0.000000E+00  0.187296E+06
  0.790918E-01  0.182784E+06  0.172006E+06  0.000000E+00  0.000000E+00  0.000000E+00  0.181437E+06
  0.817727E-01  0.176806E+06  0.166045E+06  0.000000E+00  0.000000E+00  0.000000E+00  0.175461E+06
  0.845444E-01  0.170744E+06  0.159805E+06  0.000000E+00  0.000000E+00  0.000000E+00  0.169376E+06
  0.874100E-01  0.164625E+06  0.153356E+06  0.000000E+00  0.000000E+00  0.000000E+00  0.163216E+06
  0.903728E-01  0.158495E+06  0.146802E+06  0.000000E+00  0.000000E+00  0.000000E+00  0.157033E+06
  0.934360E-01  0.152410E+06  0.140267E+06  0.000000E+00  0.000000E+00  0.000000E+00  0.150892E+06
  0.966031E-01  0.146428E+06  0.133885E+06  0.000000E+00  0.000000E+00  0.000000E+00  0.144860E+06
  0.998774E-01  0.140608E+06  0.127790E+06  0.000000E+00  0.000000E+00  0.000000E+00  0.139006E+06
  0.103263E+00  0.135016E+06  0.122110E+06  0.000000E+00  0.000000E+00  0.000000E+00  0.133403E+06
  0.106763E+00  0.129717E+06  0.116961E+06  0.000000E+00  0.000000E+00  0.000000E+00  0.128122E+06
  0.110382E+00  0.124767E+06  0.112422E+06  0.000000E+00  0.000000E+00  0.000000E+00  0.123224E+06
  0.114123E+00  0.120202E+06  0.108522E+06  0.000000E+00  0.000000E+00  0.000000E+00  0.118742E+06
  0.117991E+00  0.116017E+06  0.105215E+06  0.000000E+00  0.000000E+00  0.000000E+00  0.114667E+06
  0.121990E+00  0.112166E+06  0.102381E+06  0.000000E+00  0.000000E+00  0.000000E+00  0.110943E+06
  0.126125E+00  0.108558E+06  0.998330E+05  0.000000E+00  0.000000E+00  0.000000E+00  0.107467E+06
  0.130400E+00  0.105075E+06  0.973430E+05  0.000000E+00  0.000000E+00  0.000000E+00  0.104109E+06
  0.134820E+00  0.101607E+06  0.946965E+05  0.000000E+00  0.000000E+00  0.000000E+00  0.100743E+06
  0.139390E+00  0.980748E+05  0.917364E+05  0.000000E+00  0.000000E+00  0.000000E+00  0.972825E+05
  0.144115E+00  0.944354E+05  0.883806E+05  0.000000E+00  0.000000E+00  0.000000E+00  0.936786E+05
  0.148999E+00  0.906701E+05  0.846251E+05  0.000000E+00  0.000000E+00  0.000000E+00  0.899145E+05
  0.154050E+00  0.867988E+05  0.805589E+05  0.000000E+00  0.000000E+00  0.000000E+00  0.860188E+05
  0.159272E+00  0.829002E+05  0.763726E+05  0.000000E+00  0.000000E+00  0.000000E+00  0.820843E+05
  0.164670E+00  0.790971E+05  0.723218E+05  0.000000E+00  0.000000E+00  0.000000E+00  0.782502E+05
  0.170252E+00  0.755157E+05  0.686543E+05  0.000000E+00  0.000000E+00  0.000000E+00  0.746580E+05
  0.176022E+00  0.722471E+05  0.655385E+05  0.000000E+00  0.000000E+00  0.000000E+00  0.714085E+05
  0.181989E+00  0.693169E+05  0.630093E+05  0.000000E+00  0.000000E+00  0.000000E+00  0.685285E+05
  0.188157E+00  0.666846E+05  0.609606E+05  0.000000E+00  0.000000E+00  0.000000E+00  0.659691E+05
  0.194535E+00  0.642620E+05  0.591816E+05  0.000000E+00  0.000000E+00  0.000000E+00  0.636270E+05
  0.201128E+00  0.619244E+05  0.574054E+05  0.000000E+00  0.000000E+00  0.000000E+00  0.613595E+05
  0.207946E+00  0.595415E+05  0.553898E+05  0.000000E+00  0.000000E+00  0.000000E+00  0.590226E+05
  0.214994E+00  0.570407E+05  0.530222E+05  0.000000E+00  0.000000E+00  0.000000E+00  0.565383E+05
  0.222281E+00  0.544376E+05  0.503682E+05  0.000000E+00  0.000000E+00  0.000000E+00  0.539289E+05
  0.229815E+00  0.518338E+05  0.476493E+05  0.000000E+00  0.000000E+00  0.000000E+00  0.513108E+05
  0.237605E+00  0.493612E+05  0.451351E+05  0.000000E+00  0.000000E+00  0.000000E+00  0.488330E+05
  0.245659E+00  0.471175E+05  0.430146E+05  0.000000E+00  0.000000E+00  0.000000E+00  0.466046E+05
  0.253985E+00  0.451215E+05  0.413079E+05  0.000000E+00  0.000000E+00  0.000000E+00  0.446448E+05
  0.262594E+00  0.433097E+05  0.398633E+05  0.000000E+00  0.000000E+00  0.000000E+00  0.428789E+05
  0.271495E+00  0.415651E+05  0.384383E+05  0.000000E+00  0.000000E+00  0.000000E+00  0.411743E+05
  0.280697E+00  0.397832E+05  0.368389E+05  0.000000E+00  0.000000E+00  0.000000E+00  0.394151E+05
  0.290211E+00  0.379455E+05  0.350473E+05  0.000000E+00  0.000000E+00  0.000000E+00  0.375833E+05
  0.300048E+00  0.361118E+05  0.332075E+05  0.000000E+00  0.000000E+00  0.000000E+00  0.357487E+05
  0.310218E+00  0.343792E+05  0.315219E+05  0.000000E+00  0.000000E+00  0.000000E+00  0.340220E+05
  0.320733E+00  0.328162E+05  0.301077E+05  0.000000E+00  0.000000E+00  0.000000E+00  0.324776E+05
  0.331605E+00  0.313917E+05  0.288940E+05  0.000000E+00  0.000000E+00  0.000000E+00  0.310795E+05
  0.342844E+00  0.300243E+05  0.277124E+05  0.000000E+00  0.000000E+00  0.000000E+00  0.297353E+05
  0.354465E+00  0.286499E+05  0.264434E+05  0.000000E+00  0.000000E+00  0.000000E+00  0.283741E+05
  0.366480E+00  0.272731E+05  0.251138E+05  0.000000E+00  0.000000E+00  0.000000E+00  0.270032E+05
  0.378902E+00  0.259542E+05  0.238516E+05  0.000000E+00  0.000000E+00  0.000000E+00  0.256914E+05
  0.391745E+00  0.247378E+05  0.227417E+05  0.000000E+00  0.000000E+00  0.000000E+00  0.244883E+05
  0.405023E+00  0.236095E+05  0.217454E+05  0.000000E+00  0.000000E+00  0.000000E+00  0.233765E+05
  0.418751E+00  0.225167E+05  0.207590E+05  0.000000E+00  0.000000E+00  0.000000E+00  0.222970E+05
  0.432945E+00  0.214362E+05  0.197455E+05  0.000000E+00  0.000000E+00  0.000000E+00  0.212248E+05
  0.447619E+00  0.203930E+05  0.187621E+05  0.000000E+00  0.000000E+00  0.000000E+00  0.201892E+05
  0.462792E+00  0.194162E+05  0.178659E+05  0.000000E+00  0.000000E+00  0.000000E+00  0.192224E+05
  0.478478E+00  0.184975E+05  0.170367E+05  0.000000E+00  0.000000E+00  0.000000E+00  0.183149E+05
  0.494696E+00  0.176104E+05  0.162228E+05  0.000000E+00  0.000000E+00  0.000000E+00  0.174369E+05
  0.511464E+00  0.167494E+05  0.154200E+05  0.000000E+00  0.000000E+00  0.000000E+00  0.165832E+05
  0.528800E+00  0.159312E+05  0.146636E+05  0.000000E+00  0.000000E+00  0.000000E+00  0.157728E+05
  0.546723E+00  0.151586E+05  0.139584E+05  0.000000E+00  0.000000E+00  0.000000E+00  0.150086E+05
  0.565255E+00  0.144187E+05  0.132789E+05  0.000000E+00  0.000000E+00  0.000000E+00  0.142762E+05
  0.584414E+00  0.137071E+05  0.126202E+05  0.000000E+00  0.000000E+00  0.000000E+00  0.135712E+05
  0.604223E+00  0.130302E+05  0.119965E+05  0.000000E+00  0.000000E+00  0.000000E+00  0.129010E+05
  0.624703E+00  0.123872E+05  0.114067E+05  0.000000E+00  0.000000E+00  0.000000E+00  0.122646E+05
  0.645878E+00  0.117718E+05  0.108396E+05  0.000000E+00  0.000000E+00  0.000000E+00  0.116553E+05
  0.667769E+00  0.111844E+05  0.102979E+05  0.000000E+00  0.000000E+00  0.000000E+00  0.110736E+05
  0.690404E+00  0.106258E+05  0.978423E+04  0.000000E+00  0.000000E+00  0.000000E+00  0.105206E+05
  0.713805E+00  0.100931E+05  0.929386E+04  0.000000E+00  0.000000E+00  0.000000E+00  0.999322E+04
  0.738000E+00  0.958507E+04  0.882573E+04  0.000000E+00  0.000000E+00  0.000000E+00  0.949016E+04
  0.763015E+00  0.910150E+04  0.838070E+04  0.000000E+00  0.000000E+00  0.000000E+00  0.901140E+04
  0.788877E+00  0.864091E+04  0.795662E+04  0.000000E+00  0.000000E+00  0.000000E+00  0.855538E+04
  0.815616E+00  0.820218E+04  0.755257E+04  0.000000E+00  0.000000E+00  0.000000E+00  0.812098E+04
  0.843261E+00  0.778459E+04  0.716814E+04  0.000000E+00  0.000000E+00  0.000000E+00  0.770754E+04
  0.871844E+00  0.738710E+04  0.680212E+04  0.000000E+00  0.000000E+00  0.000000E+00  0.731398E+04
  0.901395E+00  0.700888E+04  0.645387E+04  0.000000E+00  0.000000E+00  0.000000E+00  0.693950E+04
  0.931948E+00  0.664902E+04  0.612253E+04  0.000000E+00  0.000000E+00  0.000000E+00  0.658321E+04
  0.963536E+00  0.630676E+04  0.580739E+04  0.000000E+00  0.000000E+00  0.000000E+00  0.624434E+04
  0.996195E+00  0.598127E+04  0.550769E+04  0.000000E+00  0.000000E+00  0.000000E+00  0.592208E+04
  0.102996E+01  0.567179E+04  0.522272E+04  0.000000E+00  0.000000E+00  0.000000E+00  0.561566E+04
  0.106487E+01  0.537755E+04  0.495179E+04  0.000000E+00  0.000000E+00  0.000000E+00  0.532433E+04
  0.110097E+01  0.509786E+04  0.469425E+04  0.000000E+00  0.000000E+00  0.000000E+00  0.504741E+04
  0.113828E+01  0.483206E+04  0.444951E+04  0.000000E+00  0.000000E+00  0.000000E+00  0.478424E+04
  0.117687E+01  0.457951E+04  0.421696E+04  0.000000E+00  0.000000E+00  0.000000E+00  0.453419E+04
  0.121676E+01  0.433961E+04  0.399606E+04  0.000000E+00  0.000000E+00  0.000000E+00  0.429667E+04
  0.125800E+01  0.411176E+04  0.378625E+04  0.000000E+00  0.000000E+00  0.000000E+00  0.407107E+04
  0.130064E+01  0.389538E+04  0.358701E+04  0.000000E+00  0.000000E+00  0.000000E+00  0.385683E+04
  0.134472E+01  0.368993E+04  0.339783E+04  0.000000E+00  0.000000E+00  0.000000E+00  0.365341E+04
  0.139030E+01  0.349488E+04  0.321823E+04  0.000000E+00  0.000000E+00  0.000000E+00  0.346030E+04
  0.143743E+01  0.330975E+04  0.304776E+04  0.000000E+00  0.000000E+00  0.000000E+00  0.327700E+04
  0.148615E+01  0.313406E+04  0.288598E+04  0.000000E+00  0.000000E+00  0.000000E+00  0.310305E+04
  0.153652E+01  0.296733E+04  0.273245E+04  0.000000E+00  0.000000E+00  0.000000E+00  0.293797E+04
  0.158860E+01  0.280916E+04  0.258680E+04  0.000000E+00  0.000000E+00  0.000000E+00  0.278136E+04
  0.164245E+01  0.265910E+04  0.244863E+04  0.000000E+00  0.000000E+00  0.000000E+00  0.263280E+04
  0.169812E+01  0.251680E+04  0.231759E+04  0.000000E+00  0.000000E+00  0.000000E+00  0.249190E+04
  0.175568E+01  0.238186E+04  0.219333E+04  0.000000E+00  0.000000E+00  0.000000E+00  0.235829E+04
  0.181519E+01  0.225390E+04  0.207551E+04  0.000000E+00  0.000000E+00  0.000000E+00  0.223160E+04
  0.187671E+01  0.213259E+04  0.196380E+04  0.000000E+00  0.000000E+00  0.000000E+00  0.211149E+04
  0.194032E+01  0.201760E+04  0.185791E+04  0.000000E+00  0.000000E+00  0.000000E+00  0.199764E+04
  0.200609E+01  0.190862E+04  0.175755E+04  0.000000E+00  0.000000E+00  0.000000E+00  0.188973E+04
  0.207409E+01  0.180533E+04  0.166244E+04  0.000000E+00  0.000000E+00  0.000000E+00  0.178747E+04
  0.214439E+01  0.170746E+04  0.157232E+04  0.000000E+00  0.000000E+00  0.000000E+00  0.169057E+04
  0.221707E+01  0.161474E+04  0.148694E+04  0.000000E+00  0.000000E+00  0.000000E+00  0.159876E+04
  0.229222E+01  0.152691E+04  0.140606E+04  0.000000E+00  0.000000E+00  0.000000E+00  0.151180E+04
  0.236992E+01  0.144372E+04  0.132945E+04  0.000000E+00  0.000000E+00  0.000000E+00  0.142943E+04
  0.245024E+01  0.136493E+04  0.125691E+04  0.000000E+00  0.000000E+00  0.000000E+00  0.135143E+04
  0.253330E+01  0.129032E+04  0.118820E+04  0.000000E+00  0.000000E+00  0.000000E+00  0.127756E+04
  0.261916E+01  0.121968E+04  0.112315E+04  0.000000E+00  0.000000E+00  0.000000E+00  0.120761E+04
  0.270794E+01  0.115280E+04  0.106156E+04  0.000000E+00  0.000000E+00  0.000000E+00  0.114139E+04
  0.279972E+01  0.108949E+04  0.100327E+04  0.000000E+00  0.000000E+00  0.000000E+00  0.107871E+04
  0.289462E+01  0.102957E+04  0.948088E+03  0.000000E+00  0.000000E+00  0.000000E+00  0.101939E+04
  0.299273E+01  0.972865E+03  0.895870E+03  0.000000E+00  0.000000E+00  0.000000E+00  0.963241E+03
  0.309418E+01  0.919199E+03  0.846451E+03  0.000000E+00  0.000000E+00  0.000000E+00  0.910106E+03
  0.319905E+01  0.868421E+03  0.799691E+03  0.000000E+00  0.000000E+00  0.000000E+00  0.859830E+03
  0.330748E+01  0.820381E+03  0.755453E+03  0.000000E+00  0.000000E+00  0.000000E+00  0.812265E+03
  0.341959E+01  0.774935E+03  0.713604E+03  0.000000E+00  0.000000E+00  0.000000E+00  0.767269E+03
  0.353550E+01  0.731950E+03  0.674020E+03  0.000000E+00  0.000000E+00  0.000000E+00  0.724709E+03
  0.365534E+01  0.691295E+03  0.636582E+03  0.000000E+00  0.000000E+00  0.000000E+00  0.684456E+03
  0.377923E+01  0.652847E+03  0.601177E+03  0.000000E+00  0.000000E+00  0.000000E+00  0.646388E+03
  0.390733E+01  0.616488E+03  0.567695E+03  0.000000E+00  0.000000E+00  0.000000E+00  0.610389E+03
  0.403977E+01  0.582110E+03  0.536037E+03  0.000000E+00  0.000000E+00  0.000000E+00  0.576351E+03
  0.417670E+01  0.549608E+03  0.506107E+03  0.000000E+00  0.000000E+00  0.000000E+00  0.544170E+03
  0.431827E+01  0.518885E+03  0.477815E+03  0.000000E+00  0.000000E+00  0.000000E+00  0.513751E+03
  0.446464E+01  0.489842E+03  0.451071E+03  0.000000E+00  0.000000E+00  0.000000E+00  0.484996E+03
  0.461597E+01  0.462392E+03  0.425792E+03  0.000000E+00  0.000000E+00  0.000000E+00  0.457817E+03
  0.477243E+01  0.436447E+03  0.401901E+03  0.000000E+00  0.000000E+00  0.000000E+00  0.432129E+03
  0.493419E+01  0.411931E+03  0.379325E+03  0.000000E+00  0.000000E+00  0.000000E+00  0.407856E+03
  0.510143E+01  0.388766E+03  0.357992E+03  0.000000E+00  0.000000E+00  0.000000E+00  0.384919E+03
  0.527435E+01  0.366878E+03  0.337836E+03  0.000000E+00  0.000000E+00  0.000000E+00  0.363248E+03
  0.545312E+01  0.346199E+03  0.318793E+03  0.000000E+00  0.000000E+00  0.000000E+00  0.342773E+03
  0.563796E+01  0.326664E+03  0.300803E+03  0.000000E+00  0.000000E+00  0.000000E+00  0.323431E+03
  0.582905E+01  0.308211E+03  0.283811E+03  0.000000E+00  0.000000E+00  0.000000E+00  0.305161E+03
  0.602663E+01  0.290782E+03  0.267761E+03  0.000000E+00  0.000000E+00  0.000000E+00  0.287905E+03
  0.623090E+01  0.274321E+03  0.252602E+03  0.000000E+00  0.000000E+00  0.000000E+00  0.271606E+03
  0.644210E+01  0.258775E+03  0.238286E+03  0.000000E+00  0.000000E+00  0.000000E+00  0.256214E+03
  0.666046E+01  0.244095E+03  0.224768E+03  0.000000E+00  0.000000E+00  0.000000E+00  0.241679E+03
  0.688622E+01  0.230235E+03  0.212003E+03  0.000000E+00  0.000000E+00  0.000000E+00  0.227956E+03
  0.711962E+01  0.217148E+03  0.199952E+03  0.000000E+00  0.000000E+00  0.000000E+00  0.214999E+03
  0.736094E+01  0.204793E+03  0.188574E+03  0.000000E+00  0.000000E+00  0.000000E+00  0.202765E+03
  0.761044E+01  0.193129E+03  0.177833E+03  0.000000E+00  0.000000E+00  0.000000E+00  0.191217E+03
  0.786840E+01  0.182119E+03  0.167694E+03  0.000000E+00  0.000000E+00  0.000000E+00  0.180316E+03
  0.813510E+01  0.171728E+03  0.158125E+03  0.000000E+00  0.000000E+00  0.000000E+00  0.170027E+03
  0.841084E+01  0.161919E+03  0.149092E+03  0.000000E+00  0.000000E+00  0.000000E+00  0.160315E+03
  0.869593E+01  0.152662E+03  0.140567E+03  0.000000E+00  0.000000E+00  0.000000E+00  0.151150E+03
  0.899068E+01  0.143927E+03  0.132523E+03  0.000000E+00  0.000000E+00  0.000000E+00  0.142502E+03
  0.929542E+01  0.135684E+03  0.124932E+03  0.000000E+00  0.000000E+00  0.000000E+00  0.134340E+03
  0.961048E+01  0.127906E+03  0.117770E+03  0.000000E+00  0.000000E+00  0.000000E+00  0.126639E+03
  0.993624E+01  0.120568E+03  0.111012E+03  0.000000E+00  0.000000E+00  0.000000E+00  0.119374E+03
  0.102730E+02  0.113645E+03  0.104637E+03  0.000000E+00  0.000000E+00  0.000000E+00  0.112519E+03
  0.106212E+02  0.107114E+03  0.986217E+02  0.000000E+00  0.000000E+00  0.000000E+00  0.106052E+03
  0.109812E+02  0.100953E+03  0.929480E+02  0.000000E+00  0.000000E+00  0.000000E+00  0.999521E+02
  0.113534E+02  0.951413E+02  0.875962E+02  0.000000E+00  0.000000E+00  0.000000E+00  0.941982E+02
  0.117383E+02  0.896599E+02  0.825483E+02  0.000000E+00  0.000000E+00  0.000000E+00  0.887710E+02
  0.121361E+02  0.844900E+02  0.777872E+02  0.000000E+00  0.000000E+00  0.000000E+00  0.836521E+02
  0.125475E+02  0.796143E+02  0.732971E+02  0.000000E+00  0.000000E+00  0.000000E+00  0.788247E+02
  0.129728E+02  0.750164E+02  0.690628E+02  0.000000E+00  0.000000E+00  0.000000E+00  0.742722E+02
  0.134125E+02  0.706806E+02  0.650700E+02  0.000000E+00  0.000000E+00  0.000000E+00  0.699793E+02
  0.138671E+02  0.665925E+02  0.613051E+02  0.000000E+00  0.000000E+00  0.000000E+00  0.659315E+02
  0.143372E+02  0.627376E+02  0.577550E+02  0.000000E+00  0.000000E+00  0.000000E+00  0.621148E+02
  0.148231E+02  0.591034E+02  0.544081E+02  0.000000E+00  0.000000E+00  0.000000E+00  0.585165E+02
  0.153256E+02  0.556771E+02  0.512528E+02  0.000000E+00  0.000000E+00  0.000000E+00  0.551241E+02
  0.158450E+02  0.524470E+02  0.482781E+02  0.000000E+00  0.000000E+00  0.000000E+00  0.519259E+02
  0.163821E+02  0.494022E+02  0.454740E+02  0.000000E+00  0.000000E+00  0.000000E+00  0.489112E+02
  0.169373E+02  0.465321E+02  0.428308E+02  0.000000E+00  0.000000E+00  0.000000E+00  0.460695E+02
  0.175115E+02  0.438268E+02  0.403393E+02  0.000000E+00  0.000000E+00  0.000000E+00  0.433908E+02
  0.181050E+02  0.412771E+02  0.379912E+02  0.000000E+00  0.000000E+00  0.000000E+00  0.408663E+02
  0.187187E+02  0.388739E+02  0.357780E+02  0.000000E+00  0.000000E+00  0.000000E+00  0.384869E+02
  0.193531E+02  0.366092E+02  0.336923E+02  0.000000E+00  0.000000E+00  0.000000E+00  0.362446E+02
  0.200091E+02  0.344750E+02  0.317268E+02  0.000000E+00  0.000000E+00  0.000000E+00  0.341315E+02
  0.206873E+02  0.324638E+02  0.298746E+02  0.000000E+00  0.000000E+00  0.000000E+00  0.321402E+02
  0.213885E+02  0.305688E+02  0.281293E+02  0.000000E+00  0.000000E+00  0.000000E+00  0.302639E+02
  0.221135E+02  0.287832E+02  0.264848E+02  0.000000E+00  0.000000E+00  0.000000E+00  0.284959E+02
  0.228630E+02  0.271008E+02  0.249354E+02  0.000000E+00  0.000000E+00  0.000000E+00  0.268301E+02
  0.236380E+02  0.255157E+02  0.234756E+02  0.000000E+00  0.000000E+00  0.000000E+00  0.252607E+02
  0.244392E+02  0.240224E+02  0.221003E+02  0.000000E+00  0.000000E+00  0.000000E+00  0.237821E+02
  0.252676E+02  0.226156E+02  0.208046E+02  0.000000E+00  0.000000E+00  0.000000E+00  0.223892E+02
  0.261240E+02  0.212904E+02  0.195841E+02  0.000000E+00  0.000000E+00  0.000000E+00  0.210772E+02
  0.270095E+02  0.200421E+02  0.184344E+02  0.000000E+00  0.000000E+00  0.000000E+00  0.198412E+02
  0.279250E+02  0.188663E+02  0.173515E+02  0.000000E+00  0.000000E+00  0.000000E+00  0.186770E+02
  0.288715E+02  0.177588E+02  0.163314E+02  0.000000E+00  0.000000E+00  0.000000E+00  0.175804E+02
  0.298501E+02  0.167157E+02  0.153707E+02  0.000000E+00  0.000000E+00  0.000000E+00  0.165476E+02
  0.308619E+02  0.157333E+02  0.144659E+02  0.000000E+00  0.000000E+00  0.000000E+00  0.155749E+02
  0.319079E+02  0.148081E+02  0.136137E+02  0.000000E+00  0.000000E+00  0.000000E+00  0.146588E+02
  0.329895E+02  0.139368E+02  0.128112E+02  0.000000E+00  0.000000E+00  0.000000E+00  0.137961E+02
  0.341076E+02  0.131163E+02  0.120555E+02  0.000000E+00  0.000000E+00  0.000000E+00  0.129837E+02
  0.352637E+02  0.123437E+02  0.113438E+02  0.000000E+00  0.000000E+00  0.000000E+00  0.122187E+02
  0.364590E+02  0.116162E+02  0.106737E+02  0.000000E+00  0.000000E+00  0.000000E+00  0.114984E+02
  0.376948E+02  0.109312E+02  0.100428E+02  0.000000E+00  0.000000E+00  0.000000E+00  0.108201E+02
  0.389725E+02  0.102862E+02  0.944866E+01  0.000000E+00  0.000000E+00  0.000000E+00  0.101815E+02
  0.402934E+02  0.967896E+01  0.888932E+01  0.000000E+00  0.000000E+00  0.000000E+00  0.958025E+01
  0.416592E+02  0.910725E+01  0.836270E+01  0.000000E+00  0.000000E+00  0.000000E+00  0.901418E+01
  0.430712E+02  0.856904E+01  0.786692E+01  0.000000E+00  0.000000E+00  0.000000E+00  0.848128E+01
  0.445311E+02  0.806235E+01  0.740018E+01  0.000000E+00  0.000000E+00  0.000000E+00  0.797958E+01
  0.460405E+02  0.758539E+01  0.696081E+01  0.000000E+00  0.000000E+00  0.000000E+00  0.750732E+01
  0.476011E+02  0.713640E+01  0.654720E+01  0.000000E+00  0.000000E+00  0.000000E+00  0.706275E+01
  0.492145E+02  0.671376E+01  0.615785E+01  0.000000E+00  0.000000E+00  0.000000E+00  0.664427E+01
  0.508826E+02  0.631595E+01  0.579138E+01  0.000000E+00  0.000000E+00  0.000000E+00  0.625038E+01
  0.526073E+02  0.594154E+01  0.544644E+01  0.000000E+00  0.000000E+00  0.000000E+00  0.587965E+01
  0.543904E+02  0.558912E+01  0.512177E+01  0.000000E+00  0.000000E+00  0.000000E+00  0.553070E+01
  0.562340E+02  0.525746E+01  0.481621E+01  0.000000E+00  0.000000E+00  0.000000E+00  0.520231E+01
  0.581401E+02  0.494531E+01  0.452861E+01  0.000000E+00  0.000000E+00  0.000000E+00  0.489323E+01
  0.601107E+02  0.465156E+01  0.425796E+01  0.000000E+00  0.000000E+00  0.000000E+00  0.460236E+01
  0.621482E+02  0.437511E+01  0.400325E+01  0.000000E+00  0.000000E+00  0.000000E+00  0.432863E+01
  0.642547E+02  0.411496E+01  0.376355E+01  0.000000E+00  0.000000E+00  0.000000E+00  0.407104E+01
  0.664326E+02  0.387017E+01  0.353799E+01  0.000000E+00  0.000000E+00  0.000000E+00  0.382865E+01
  0.686844E+02  0.363982E+01  0.332573E+01  0.000000E+00  0.000000E+00  0.000000E+00  0.360056E+01
  0.710124E+02  0.342308E+01  0.312600E+01  0.000000E+00  0.000000E+00  0.000000E+00  0.338595E+01
  0.734194E+02  0.321915E+01  0.293807E+01  0.000000E+00  0.000000E+00  0.000000E+00  0.318401E+01
  0.759079E+02  0.302727E+01  0.276124E+01  0.000000E+00  0.000000E+00  0.000000E+00  0.299402E+01
  0.784809E+02  0.284674E+01  0.259487E+01  0.000000E+00  0.000000E+00  0.000000E+00  0.281525E+01
  0.811410E+02  0.267689E+01  0.243833E+01  0.000000E+00  0.000000E+00  0.000000E+00  0.264707E+01
  0.838913E+02  0.251710E+01  0.229105E+01  0.000000E+00  0.000000E+00  0.000000E+00  0.248884E+01
  0.867347E+02  0.236677E+01  0.215250E+01  0.000000E+00  0.000000E+00  0.000000E+00  0.233999E+01
  0.896747E+02  0.222536E+01  0.202215E+01  0.000000E+00  0.000000E+00  0.000000E+00  0.219996E+01
  0.927141E+02  0.209233E+01  0.189952E+01  0.000000E+00  0.000000E+00  0.000000E+00  0.206823E+01
  0.958567E+02  0.196718E+01  0.178416E+01  0.000000E+00  0.000000E+00  0.000000E+00  0.194431E+01
  0.991058E+02  0.184947E+01  0.167563E+01  0.000000E+00  0.000000E+00  0.000000E+00  0.182774E+01
  0.102465E+03  0.173874E+01  0.157355E+01  0.000000E+00  0.000000E+00  0.000000E+00  0.171809E+01
  0.105938E+03  0.163459E+01  0.147753E+01  0.000000E+00  0.000000E+00  0.000000E+00  0.161496E+01
  0.109529E+03  0.153663E+01  0.138721E+01  0.000000E+00  0.000000E+00  0.000000E+00  0.151795E+01
  0.113241E+03  0.144449E+01  0.130225E+01  0.000000E+00  0.000000E+00  0.000000E+00  0.142671E+01
  0.117080E+03  0.135784E+01  0.122235E+01  0.000000E+00  0.000000E+00  0.000000E+00  0.134090E+01
  0.121048E+03  0.127634E+01  0.114719E+01  0.000000E+00  0.000000E+00  0.000000E+00  0.126020E+01
  0.125151E+03  0.119969E+01  0.107651E+01  0.000000E+00  0.000000E+00  0.000000E+00  0.118429E+01
  0.129393E+03  0.112761E+01  0.101003E+01  0.000000E+00  0.000000E+00  0.000000E+00  0.111291E+01
  0.133779E+03  0.105982E+01  0.947510E+00  0.000000E+00  0.000000E+00  0.000000E+00  0.104578E+01
  0.138313E+03  0.996077E+00  0.888716E+00  0.000000E+00  0.000000E+00  0.000000E+00  0.982657E+00
  0.143002E+03  0.936128E+00  0.833423E+00  0.000000E+00  0.000000E+00  0.000000E+00  0.923290E+00
  0.147849E+03  0.879759E+00  0.781431E+00  0.000000E+00  0.000000E+00  0.000000E+00  0.867468E+00
  0.152860E+03  0.826754E+00  0.732540E+00  0.000000E+00  0.000000E+00  0.000000E+00  0.814977E+00
  0.158041E+03  0.776914E+00  0.686568E+00  0.000000E+00  0.000000E+00  0.000000E+00  0.765620E+00
  0.163398E+03  0.730048E+00  0.643341E+00  0.000000E+00  0.000000E+00  0.000000E+00  0.719209E+00
  0.168936E+03  0.685985E+00  0.602699E+00  0.000000E+00  0.000000E+00  0.000000E+00  0.675574E+00
  0.174662E+03  0.644555E+00  0.564488E+00  0.000000E+00  0.000000E+00  0.000000E+00  0.634547E+00
  0.180583E+03  0.605601E+00  0.528563E+00  0.000000E+00  0.000000E+00  0.000000E+00  0.595971E+00
  0.186704E+03  0.568980E+00  0.494793E+00  0.000000E+00  0.000000E+00  0.000000E+00  0.559706E+00
  0.193032E+03  0.534549E+00  0.463046E+00  0.000000E+00  0.000000E+00  0.000000E+00  0.525611E+00
  0.199574E+03  0.502179E+00  0.433205E+00  0.000000E+00  0.000000E+00  0.000000E+00  0.493558E+00
  0.206339E+03  0.471748E+00  0.405156E+00  0.000000E+00  0.000000E+00  0.000000E+00  0.463424E+00
