  0.119218E-04  0.310598E+07  0.310598E+07  0.414088E+07  0.414088E+07  0.000000E+00  0.310598E+07
  0.123258E-04  0.310598E+07  0.310598E+07  0.414085E+07  0.414085E+07  0.000000E+00  0.310598E+07
  0.127436E-04  0.310598E+07  0.310598E+07  0.414082E+07  0.414081E+07  0.000000E+00  0.310598E+07
  0.131756E-04  0.310598E+07  0.310598E+07  0.414078E+07  0.414078E+07  0.000000E+00  0.310598E+07
  0.136222E-04  0.310598E+07  0.310598E+07  0.414075E+07  0.414074E+07  0.000000E+00  0.310598E+07
  0.140839E-04  0.310598E+07  0.310598E+07  0.414071E+07  0.414070E+07  0.000000E+00  0.310598E+07
  0.145613E-04  0.310598E+07  0.310598E+07  0.414067E+07  0.414066E+07  0.000000E+00  0.310598E+07
  0.150548E-04  0.310598E+07  0.310598E+07  0.414062E+07  0.414062E+07  0.000000E+00  0.310598E+07
  0.155651E-04  0.310598E+07  0.310598E+07  0.414057E+07  0.414057E+07  0.000000E+00  0.310598E+07
  0.160927E-04  0.310598E+07  0.310598E+07  0.414052E+07  0.414052E+07  0.000000E+00  0.310598E+07
  0.166382E-04  0.310598E+07  0.310598E+07  0.414047E+07  0.414046E+07  0.000000E+00  0.310598E+07
  0.172021E-04  0.310598E+07  0.310598E+07  0.414041E+07  0.414040E+07  0.000000E+00  0.310598E+07
  0.177852E-04  0.310598E+07  0.310598E+07  0.414035E+07  0.414034E+07  0.000000E+00  0.310598E+07
  0.183880E-04  0.310598E+07  0.310598E+07  0.414028E+07  0.414027E+07  0.000000E+00  0.310598E+07
  0.190113E-04  0.310598E+07  0.310598E+07  0.414021E+07  0.414020E+07  0.000000E+00  0.310598E+07
  0.196557E-04  0.310598E+07  0.310598E+07  0.414013E+07  0.414012E+07  0.000000E+00  0.310598E+07
  0.203219E-04  0.310598E+07  0.310598E+07  0.414005E+07  0.414004E+07  0.000000E+00  0.310598E+07
  0.210107E-04  0.310598E+07  0.310598E+07  0.413996E+07  0.413995E+07  0.000000E+00  0.310598E+07
  0.217229E-04  0.310598E+07  0.310598E+07  0.413987E+07  0.413986E+07  0.000000E+00  0.310598E+07
  0.224592E-04  0.310598E+07  0.310598E+07  0.413977E+07  0.413976E+07  0.000000E+00  0.310598E+07
  0.232204E-04  0.310598E+07  0.310598E+07  0.413966E+07  0.413965E+07  0.000000E+00  0.310598E+07
  0.240075E-04  0.310598E+07  0.310598E+07  0.413955E+07  0.413954E+07  0.000000E+00  0.310598E+07
  0.248212E-04  0.310598E+07  0.310598E+07  0.413943E+07  0.413941E+07  0.000000E+00  0.310598E+07
  0.256625E-04  0.310598E+07  0.310598E+07  0.413930E+07  0.413928E+07  0.000000E+00  0.310598E+07
  0.265324E-04  0.310598E+07  0.310598E+07  0.413916E+07  0.413914E+07  0.000000E+00  0.310598E+07
  0.274317E-04  0.310597E+07  0.310597E+07  0.413901E+07  0.413899E+07  0.000000E+00  0.310597E+07
  0.283615E-04  0.310597E+07  0.310597E+07  0.413885E+07  0.413883E+07  0.000000E+00  0.310597E+07
  0.293228E-04  0.310597E+07  0.310597E+07  0.413868E+07  0.413866E+07  0.000000E+00  0.310597E+07
  0.303167E-04  0.310597E+07  0.310597E+07  0.413850E+07  0.413848E+07  0.000000E+00  0.310597E+07
  0.313443E-04  0.310597E+07  0.310597E+07  0.413831E+07  0.413828E+07  0.000000E+00  0.310597E+07
  0.324067E-04  0.310597E+07  0.310597E+07  0.413810E+07  0.413807E+07  0.000000E+00  0.310597E+07
  0.335051E-04  0.310597E+07  0.310597E+07  0.413788E+07  0.413785E+07  0.000000E+00  0.310597E+07
  0.346408E-04  0.310597E+07  0.310597E+07  0.413764E+07  0.413761E+07  0.000000E+00  0.310597E+07
  0.358149E-04  0.310597E+07  0.310597E+07  0.413739E+07  0.413736E+07  0.000000E+00  0.310597E+07
  0.370289E-04  0.310596E+07  0.310596E+07  0.413712E+07  0.413708E+07  0.000000E+00  0.310596E+07
  0.382840E-04  0.310596E+07  0.310596E+07  0.413683E+07  0.413679E+07  0.000000E+00  0.310596E+07
  0.395816E-04  0.310596E+07  0.310596E+07  0.413652E+07  0.413648E+07  0.000000E+00  0.310596E+07
  0.409233E-04  0.310596E+07  0.310596E+07  0.413619E+07  0.413615E+07  0.000000E+00  0.310596E+07
  0.423104E-04  0.310596E+07  0.310596E+07  0.413583E+07  0.413579E+07  0.000000E+00  0.310596E+07
  0.437445E-04  0.310596E+07  0.310596E+07  0.413546E+07  0.413541E+07  0.000000E+00  0.310596E+07
  0.452272E-04  0.310595E+07  0.310595E+07  0.413505E+07  0.413500E+07  0.000000E+00  0.310595E+07
  0.467602E-04  0.310595E+07  0.310595E+07  0.413462E+07  0.413457E+07  0.000000E+00  0.310595E+07
  0.483451E-04  0.310595E+07  0.310595E+07  0.413416E+07  0.413410E+07  0.000000E+00  0.310595E+07
  0.499838E-04  0.310595E+07  0.310595E+07  0.413367E+07  0.413361E+07  0.000000E+00  0.310595E+07
  0.516780E-04  0.310594E+07  0.310594E+07  0.413314E+07  0.413308E+07  0.000000E+00  0.310594E+07
  0.534296E-04  0.310594E+07  0.310594E+07  0.413258E+07  0.413251E+07  0.000000E+00  0.310594E+07
  0.552406E-04  0.310594E+07  0.310594E+07  0.413198E+07  0.413190E+07  0.000000E+00  0.310594E+07
  0.571130E-04  0.310593E+07  0.310593E+07  0.413133E+07  0.413125E+07  0.000000E+00  0.310593E+07
  0.590489E-04  0.310593E+07  0.310593E+07  0.413064E+07  0.413056E+07  0.000000E+00  0.310593E+07
  0.610503E-04  0.310593E+07  0.310593E+07  0.412991E+07  0.412982E+07  0.000000E+00  0.310593E+07
  0.631196E-04  0.310592E+07  0.310592E+07  0.412912E+07  0.412903E+07  0.000000E+00  0.310592E+07
  0.652591E-04  0.310592E+07  0.310592E+07  0.412829E+07  0.412818E+07  0.000000E+00  0.310592E+07
  0.674711E-04  0.310591E+07  0.310591E+07  0.412739E+07  0.412728E+07  0.000000E+00  0.310591E+07
  0.697580E-04  0.310591E+07  0.310591E+07  0.412643E+07  0.412631E+07  0.000000E+00  0.310591E+07
  0.721224E-04  0.310590E+07  0.310590E+07  0.412541E+07  0.412528E+07  0.000000E+00  0.310590E+07
  0.745670E-04  0.310590E+07  0.310590E+07  0.412431E+07  0.412418E+07  0.000000E+00  0.310590E+07
  0.770945E-04  0.310589E+07  0.310589E+07  0.412314E+07  0.412300E+07  0.000000E+00  0.310589E+07
  0.797076E-04  0.310588E+07  0.310588E+07  0.412189E+07  0.412174E+07  0.000000E+00  0.310588E+07
  0.824093E-04  0.310588E+07  0.310588E+07  0.412056E+07  0.412039E+07  0.000000E+00  0.310588E+07
  0.852026E-04  0.310587E+07  0.310587E+07  0.411913E+07  0.411895E+07  0.000000E+00  0.310587E+07
  0.880905E-04  0.310586E+07  0.310586E+07  0.411760E+07  0.411741E+07  0.000000E+00  0.310586E+07
  0.910764E-04  0.310585E+07  0.310585E+07  0.411597E+07  0.411577E+07  0.000000E+00  0.310585E+07
  0.941634E-04  0.310584E+07  0.310584E+07  0.411423E+07  0.411402E+07  0.000000E+00  0.310584E+07
  0.973551E-04  0.310583E+07  0.310583E+07  0.411237E+07  0.411214E+07  0.000000E+00  0.310583E+07
  0.100655E-03  0.310582E+07  0.310582E+07  0.411038E+07  0.411014E+07  0.000000E+00  0.310582E+07
  0.104067E-03  0.310581E+07  0.310581E+07  0.410826E+07  0.410800E+07  0.000000E+00  0.310581E+07
  0.107594E-03  0.310580E+07  0.310580E+07  0.410599E+07  0.410571E+07  0.000000E+00  0.310580E+07
  0.111241E-03  0.310579E+07  0.310579E+07  0.410356E+07  0.410326E+07  0.000000E+00  0.310579E+07
  0.115011E-03  0.310577E+07  0.310577E+07  0.410097E+07  0.410065E+07  0.000000E+00  0.310577E+07
  0.118910E-03  0.310576E+07  0.310576E+07  0.409820E+07  0.409786E+07  0.000000E+00  0.310576E+07
  0.122940E-03  0.310574E+07  0.310574E+07  0.409524E+07  0.409488E+07  0.000000E+00  0.310574E+07
  0.127107E-03  0.310573E+07  0.310572E+07  0.409209E+07  0.409170E+07  0.000000E+00  0.310573E+07
  0.131416E-03  0.310571E+07  0.310571E+07  0.408871E+07  0.408830E+07  0.000000E+00  0.310571E+07
  0.135870E-03  0.310569E+07  0.310569E+07  0.408511E+07  0.408467E+07  0.000000E+00  0.310569E+07
  0.140475E-03  0.310567E+07  0.310567E+07  0.408126E+07  0.408079E+07  0.000000E+00  0.310567E+07
  0.145237E-03  0.310565E+07  0.310564E+07  0.407715E+07  0.407665E+07  0.000000E+00  0.310565E+07
  0.150160E-03  0.310562E+07  0.310562E+07  0.407276E+07  0.407223E+07  0.000000E+00  0.310562E+07
  0.155249E-03  0.310560E+07  0.310560E+07  0.406808E+07  0.406750E+07  0.000000E+00  0.310560E+07
  0.160511E-03  0.310557E+07  0.310557E+07  0.406307E+07  0.406246E+07  0.000000E+00  0.310557E+07
  0.165952E-03  0.310554E+07  0.310554E+07  0.405773E+07  0.405708E+07  0.000000E+00  0.310554E+07
  0.171577E-03  0.310551E+07  0.310551E+07  0.405203E+07  0.405133E+07  0.000000E+00  0.310551E+07
  0.177393E-03  0.310548E+07  0.310548E+07  0.404594E+07  0.404519E+07  0.000000E+00  0.310548E+07
  0.183405E-03  0.310544E+07  0.310544E+07  0.403944E+07  0.403865E+07  0.000000E+00  0.310544E+07
  0.189622E-03  0.310541E+07  0.310540E+07  0.403250E+07  0.403166E+07  0.000000E+00  0.310541E+07
  0.196049E-03  0.310537E+07  0.310536E+07  0.402510E+07  0.402420E+07  0.000000E+00  0.310537E+07
  0.202694E-03  0.310532E+07  0.310532E+07  0.401720E+07  0.401624E+07  0.000000E+00  0.310532E+07
  0.209565E-03  0.310528E+07  0.310528E+07  0.400878E+07  0.400775E+07  0.000000E+00  0.310528E+07
  0.216668E-03  0.310523E+07  0.310523E+07  0.399979E+07  0.399869E+07  0.000000E+00  0.310523E+07
  0.224012E-03  0.310518E+07  0.310517E+07  0.399020E+07  0.398903E+07  0.000000E+00  0.310518E+07
  0.231605E-03  0.310512E+07  0.310512E+07  0.397997E+07  0.397873E+07  0.000000E+00  0.310512E+07
  0.239455E-03  0.310506E+07  0.310506E+07  0.396907E+07  0.396775E+07  0.000000E+00  0.310506E+07
  0.247571E-03  0.310500E+07  0.310499E+07  0.395745E+07  0.395604E+07  0.000000E+00  0.310500E+07
  0.255963E-03  0.310493E+07  0.310493E+07  0.394506E+07  0.394356E+07  0.000000E+00  0.310493E+07
  0.264639E-03  0.310486E+07  0.310485E+07  0.393185E+07  0.393025E+07  0.000000E+00  0.310486E+07
  0.273609E-03  0.310478E+07  0.310478E+07  0.391779E+07  0.391608E+07  0.000000E+00  0.310478E+07
  0.282883E-03  0.310470E+07  0.310469E+07  0.390280E+07  0.390099E+07  0.000000E+00  0.310470E+07
  0.292471E-03  0.310461E+07  0.310460E+07  0.388684E+07  0.388492E+07  0.000000E+00  0.310461E+07
  0.302384E-03  0.310452E+07  0.310451E+07  0.386985E+07  0.386780E+07  0.000000E+00  0.310452E+07
  0.312634E-03  0.310442E+07  0.310441E+07  0.385177E+07  0.384959E+07  0.000000E+00  0.310441E+07
  0.323230E-03  0.310431E+07  0.310430E+07  0.383252E+07  0.383021E+07  0.000000E+00  0.310431E+07
  0.334186E-03  0.310419E+07  0.310418E+07  0.381205E+07  0.380959E+07  0.000000E+00  0.310419E+07
  0.345514E-03  0.310407E+07  0.310406E+07  0.379028E+07  0.378767E+07  0.000000E+00  0.310407E+07
  0.357225E-03  0.310394E+07  0.310393E+07  0.376715E+07  0.376437E+07  0.000000E+00  0.310394E+07
  0.369333E-03  0.310380E+07  0.310379E+07  0.374256E+07  0.373962E+07  0.000000E+00  0.310380E+07
  0.381852E-03  0.310365E+07  0.310364E+07  0.371644E+07  0.371332E+07  0.000000E+00  0.310365E+07
  0.394794E-03  0.310349E+07  0.310348E+07  0.368872E+07  0.368541E+07  0.000000E+00  0.310349E+07
  0.408176E-03  0.310332E+07  0.310331E+07  0.365930E+07  0.365580E+07  0.000000E+00  0.310332E+07
  0.422011E-03  0.310314E+07  0.310312E+07  0.362809E+07  0.362439E+07  0.000000E+00  0.310314E+07
  0.436315E-03  0.310294E+07  0.310293E+07  0.359502E+07  0.359110E+07  0.000000E+00  0.310294E+07
  0.451104E-03  0.310274E+07  0.310272E+07  0.355997E+07  0.355583E+07  0.000000E+00  0.310273E+07
  0.466395E-03  0.310251E+07  0.310250E+07  0.352287E+07  0.351850E+07  0.000000E+00  0.310251E+07
  0.482203E-03  0.310228E+07  0.310226E+07  0.348362E+07  0.347900E+07  0.000000E+00  0.310228E+07
  0.498547E-03  0.310203E+07  0.310201E+07  0.344212E+07  0.343725E+07  0.000000E+00  0.310202E+07
  0.515446E-03  0.310176E+07  0.310174E+07  0.339827E+07  0.339315E+07  0.000000E+00  0.310175E+07
  0.532917E-03  0.310147E+07  0.310145E+07  0.335199E+07  0.334660E+07  0.000000E+00  0.310147E+07
  0.550980E-03  0.310116E+07  0.310114E+07  0.330318E+07  0.329752E+07  0.000000E+00  0.310116E+07
  0.569656E-03  0.310084E+07  0.310082E+07  0.325176E+07  0.324582E+07  0.000000E+00  0.310084E+07
  0.588964E-03  0.310049E+07  0.310047E+07  0.319763E+07  0.319140E+07  0.000000E+00  0.310049E+07
  0.608927E-03  0.310012E+07  0.310009E+07  0.314072E+07  0.313421E+07  0.000000E+00  0.310012E+07
  0.629567E-03  0.309972E+07  0.309970E+07  0.308096E+07  0.307415E+07  0.000000E+00  0.309972E+07
  0.650906E-03  0.309930E+07  0.309927E+07  0.301828E+07  0.301118E+07  0.000000E+00  0.309930E+07
  0.672969E-03  0.309885E+07  0.309882E+07  0.295264E+07  0.294524E+07  0.000000E+00  0.309885E+07
  0.695779E-03  0.309838E+07  0.309834E+07  0.288398E+07  0.287629E+07  0.000000E+00  0.309837E+07
  0.719362E-03  0.309787E+07  0.309783E+07  0.281229E+07  0.280431E+07  0.000000E+00  0.309786E+07
  0.743745E-03  0.309732E+07  0.309729E+07  0.273757E+07  0.272930E+07  0.000000E+00  0.309732E+07
  0.768955E-03  0.309675E+07  0.309671E+07  0.265981E+07  0.265128E+07  0.000000E+00  0.309674E+07
  0.795018E-03  0.309613E+07  0.309609E+07  0.257907E+07  0.257028E+07  0.000000E+00  0.309613E+07
  0.821966E-03  0.309548E+07  0.309543E+07  0.249540E+07  0.248637E+07  0.000000E+00  0.309547E+07
  0.849826E-03  0.309478E+07  0.309473E+07  0.240890E+07  0.239964E+07  0.000000E+00  0.309478E+07
  0.878631E-03  0.309404E+07  0.309399E+07  0.231969E+07  0.231023E+07  0.000000E+00  0.309404E+07
  0.908413E-03  0.309326E+07  0.309320E+07  0.222794E+07  0.221830E+07  0.000000E+00  0.309325E+07
  0.939203E-03  0.309242E+07  0.309236E+07  0.213383E+07  0.212406E+07  0.000000E+00  0.309242E+07
  0.971038E-03  0.309154E+07  0.309147E+07  0.203762E+07  0.202774E+07  0.000000E+00  0.309153E+07
  0.100395E-02  0.309059E+07  0.309052E+07  0.193959E+07  0.192964E+07  0.000000E+00  0.309059E+07
  0.103798E-02  0.308959E+07  0.308952E+07  0.184007E+07  0.183009E+07  0.000000E+00  0.308959E+07
  0.107316E-02  0.308853E+07  0.308845E+07  0.173944E+07  0.172948E+07  0.000000E+00  0.308852E+07
  0.110954E-02  0.308741E+07  0.308732E+07  0.163813E+07  0.162824E+07  0.000000E+00  0.308740E+07
  0.114715E-02  0.308622E+07  0.308612E+07  0.153661E+07  0.152684E+07  0.000000E+00  0.308621E+07
  0.118603E-02  0.308495E+07  0.308486E+07  0.143540E+07  0.142580E+07  0.000000E+00  0.308494E+07
  0.122623E-02  0.308362E+07  0.308351E+07  0.133507E+07  0.132569E+07  0.000000E+00  0.308360E+07
  0.126779E-02  0.308220E+07  0.308209E+07  0.123623E+07  0.122711E+07  0.000000E+00  0.308219E+07
  0.131076E-02  0.308070E+07  0.308058E+07  0.113950E+07  0.113068E+07  0.000000E+00  0.308069E+07
  0.135519E-02  0.307912E+07  0.307899E+07  0.104553E+07  0.103706E+07  0.000000E+00  0.307910E+07
  0.140113E-02  0.307744E+07  0.307731E+07  0.955000E+06  0.946898E+06  0.000000E+00  0.307743E+07
  0.144862E-02  0.307568E+07  0.307553E+07  0.868554E+06  0.860840E+06  0.000000E+00  0.307566E+07
  0.149772E-02  0.307381E+07  0.307365E+07  0.786834E+06  0.779510E+06  0.000000E+00  0.307379E+07
  0.154848E-02  0.307184E+07  0.307168E+07  0.710432E+06  0.703489E+06  0.000000E+00  0.307182E+07
  0.160097E-02  0.306977E+07  0.306959E+07  0.639884E+06  0.633291E+06  0.000000E+00  0.306975E+07
  0.165524E-02  0.306758E+07  0.306739E+07  0.575635E+06  0.569345E+06  0.000000E+00  0.306756E+07
  0.171134E-02  0.306528E+07  0.306508E+07  0.518028E+06  0.511971E+06  0.000000E+00  0.306526E+07
  0.176935E-02  0.306286E+07  0.306264E+07  0.467269E+06  0.461359E+06  0.000000E+00  0.306284E+07
  0.182932E-02  0.306032E+07  0.306008E+07  0.423416E+06  0.417547E+06  0.000000E+00  0.306029E+07
  0.189132E-02  0.305764E+07  0.305739E+07  0.386354E+06  0.380406E+06  0.000000E+00  0.305761E+07
  0.195543E-02  0.305483E+07  0.305457E+07  0.355788E+06  0.349632E+06  0.000000E+00  0.305480E+07
  0.202171E-02  0.305189E+07  0.305160E+07  0.331234E+06  0.324737E+06  0.000000E+00  0.305185E+07
  0.209024E-02  0.304880E+07  0.304849E+07  0.312026E+06  0.305065E+06  0.000000E+00  0.304876E+07
  0.216108E-02  0.304556E+07  0.304523E+07  0.297334E+06  0.289802E+06  0.000000E+00  0.304552E+07
  0.223433E-02  0.304216E+07  0.304182E+07  0.286188E+06  0.278008E+06  0.000000E+00  0.304212E+07
  0.231007E-02  0.303861E+07  0.303824E+07  0.277526E+06  0.268666E+06  0.000000E+00  0.303856E+07
  0.238837E-02  0.303489E+07  0.303450E+07  0.270248E+06  0.260732E+06  0.000000E+00  0.303484E+07
  0.246932E-02  0.303100E+07  0.303058E+07  0.263281E+06  0.253199E+06  0.000000E+00  0.303095E+07
  0.255302E-02  0.302694E+07  0.302649E+07  0.255657E+06  0.245176E+06  0.000000E+00  0.302688E+07
  0.263955E-02  0.302269E+07  0.302221E+07  0.246591E+06  0.235950E+06  0.000000E+00  0.302263E+07
  0.272902E-02  0.301826E+07  0.301774E+07  0.235545E+06  0.225057E+06  0.000000E+00  0.301819E+07
  0.282152E-02  0.301363E+07  0.301308E+07  0.222295E+06  0.212324E+06  0.000000E+00  0.301356E+07
  0.291716E-02  0.300880E+07  0.300821E+07  0.206953E+06  0.197894E+06  0.000000E+00  0.300872E+07
  0.301604E-02  0.300376E+07  0.300313E+07  0.189971E+06  0.182212E+06  0.000000E+00  0.300368E+07
  0.311826E-02  0.299850E+07  0.299784E+07  0.172094E+06  0.165979E+06  0.000000E+00  0.299842E+07
  0.322396E-02  0.299302E+07  0.299231E+07  0.154278E+06  0.150055E+06  0.000000E+00  0.299294E+07
  0.333323E-02  0.298732E+07  0.298656E+07  0.137556E+06  0.135342E+06  0.000000E+00  0.298722E+07
  0.344622E-02  0.298137E+07  0.298056E+07  0.122890E+06  0.122634E+06  0.000000E+00  0.298127E+07
  0.356302E-02  0.297518E+07  0.297432E+07  0.111004E+06  0.112478E+06  0.000000E+00  0.297508E+07
  0.368380E-02  0.296874E+07  0.296782E+07  0.102244E+06  0.105056E+06  0.000000E+00  0.296863E+07
  0.380866E-02  0.296204E+07  0.296106E+07  0.964841E+05  0.100125E+06  0.000000E+00  0.296192E+07
  0.393775E-02  0.295507E+07  0.295402E+07  0.931239E+05  0.970355E+05  0.000000E+00  0.295494E+07
  0.407122E-02  0.294783E+07  0.294670E+07  0.000000E+00  0.000000E+00  0.000000E+00  0.294769E+07
  0.420922E-02  0.294030E+07  0.293910E+07  0.000000E+00  0.000000E+00  0.000000E+00  0.294015E+07
  0.435189E-02  0.293247E+07  0.293120E+07  0.000000E+00  0.000000E+00  0.000000E+00  0.293231E+07
  0.449940E-02  0.292435E+07  0.292299E+07  0.000000E+00  0.000000E+00  0.000000E+00  0.292418E+07
  0.465190E-02  0.291591E+07  0.291446E+07  0.000000E+00  0.000000E+00  0.000000E+00  0.291573E+07
  0.480958E-02  0.290716E+07  0.290561E+07  0.000000E+00  0.000000E+00  0.000000E+00  0.290697E+07
  0.497260E-02  0.289808E+07  0.289643E+07  0.000000E+00  0.000000E+00  0.000000E+00  0.289788E+07
  0.514115E-02  0.288867E+07  0.288691E+07  0.000000E+00  0.000000E+00  0.000000E+00  0.288845E+07
  0.531541E-02  0.287891E+07  0.287703E+07  0.000000E+00  0.000000E+00  0.000000E+00  0.287867E+07
  0.549557E-02  0.286879E+07  0.286679E+07  0.000000E+00  0.000000E+00  0.000000E+00  0.286854E+07
  0.568185E-02  0.285832E+07  0.285618E+07  0.000000E+00  0.000000E+00  0.000000E+00  0.285805E+07
  0.587443E-02  0.284746E+07  0.284519E+07  0.000000E+00  0.000000E+00  0.000000E+00  0.284718E+07
  0.607355E-02  0.283623E+07  0.283381E+07  0.000000E+00  0.000000E+00  0.000000E+00  0.283593E+07
  0.627942E-02  0.282460E+07  0.282203E+07  0.000000E+00  0.000000E+00  0.000000E+00  0.282428E+07
  0.649226E-02  0.281258E+07  0.280983E+07  0.000000E+00  0.000000E+00  0.000000E+00  0.281223E+07
  0.671231E-02  0.280014E+07  0.279721E+07  0.000000E+00  0.000000E+00  0.000000E+00  0.279977E+07
  0.693983E-02  0.278728E+07  0.278416E+07  0.000000E+00  0.000000E+00  0.000000E+00  0.278689E+07
  0.717505E-02  0.277398E+07  0.277067E+07  0.000000E+00  0.000000E+00  0.000000E+00  0.277357E+07
  0.741825E-02  0.276025E+07  0.275672E+07  0.000000E+00  0.000000E+00  0.000000E+00  0.275981E+07
  0.766969E-02  0.274606E+07  0.274231E+07  0.000000E+00  0.000000E+00  0.000000E+00  0.274559E+07
  0.792966E-02  0.273142E+07  0.272742E+07  0.000000E+00  0.000000E+00  0.000000E+00  0.273092E+07
  0.819844E-02  0.271630E+07  0.271204E+07  0.000000E+00  0.000000E+00  0.000000E+00  0.271576E+07
  0.847632E-02  0.270069E+07  0.269617E+07  0.000000E+00  0.000000E+00  0.000000E+00  0.270013E+07
  0.876363E-02  0.268459E+07  0.267979E+07  0.000000E+00  0.000000E+00  0.000000E+00  0.268399E+07
  0.906067E-02  0.266799E+07  0.266288E+07  0.000000E+00  0.000000E+00  0.000000E+00  0.266735E+07
  0.936778E-02  0.265088E+07  0.264544E+07  0.000000E+00  0.000000E+00  0.000000E+00  0.265020E+07
  0.968530E-02  0.263323E+07  0.262746E+07  0.000000E+00  0.000000E+00  0.000000E+00  0.263251E+07
  0.100136E-01  0.261505E+07  0.260892E+07  0.000000E+00  0.000000E+00  0.000000E+00  0.261429E+07
  0.103530E-01  0.259633E+07  0.258982E+07  0.000000E+00  0.000000E+00  0.000000E+00  0.259551E+07
  0.107039E-01  0.257704E+07  0.257013E+07  0.000000E+00  0.000000E+00  0.000000E+00  0.257618E+07
  0.110667E-01  0.255718E+07  0.254985E+07  0.000000E+00  0.000000E+00  0.000000E+00  0.255627E+07
  0.114418E-01  0.253675E+07  0.252897E+07  0.000000E+00  0.000000E+00  0.000000E+00  0.253578E+07
  0.118297E-01  0.251572E+07  0.250748E+07  0.000000E+00  0.000000E+00  0.000000E+00  0.251469E+07
  0.122306E-01  0.249410E+07  0.248535E+07  0.000000E+00  0.000000E+00  0.000000E+00  0.249300E+07
  0.126452E-01  0.247186E+07  0.246260E+07  0.000000E+00  0.000000E+00  0.000000E+00  0.247070E+07
  0.130738E-01  0.244899E+07  0.243919E+07  0.000000E+00  0.000000E+00  0.000000E+00  0.244777E+07
  0.135169E-01  0.242550E+07  0.241512E+07  0.000000E+00  0.000000E+00  0.000000E+00  0.242420E+07
  0.139751E-01  0.240136E+07  0.239038E+07  0.000000E+00  0.000000E+00  0.000000E+00  0.239999E+07
  0.144488E-01  0.237657E+07  0.236497E+07  0.000000E+00  0.000000E+00  0.000000E+00  0.237512E+07
  0.149385E-01  0.235112E+07  0.233886E+07  0.000000E+00  0.000000E+00  0.000000E+00  0.234959E+07
  0.154449E-01  0.232501E+07  0.231206E+07  0.000000E+00  0.000000E+00  0.000000E+00  0.232339E+07
  0.159684E-01  0.229822E+07  0.228456E+07  0.000000E+00  0.000000E+00  0.000000E+00  0.229651E+07
  0.165096E-01  0.227075E+07  0.225635E+07  0.000000E+00  0.000000E+00  0.000000E+00  0.226895E+07
  0.170692E-01  0.224259E+07  0.222742E+07  0.000000E+00  0.000000E+00  0.000000E+00  0.224070E+07
  0.176478E-01  0.221375E+07  0.219778E+07  0.000000E+00  0.000000E+00  0.000000E+00  0.221175E+07
  0.182460E-01  0.218422E+07  0.216742E+07  0.000000E+00  0.000000E+00  0.000000E+00  0.218212E+07
  0.188644E-01  0.215400E+07  0.213635E+07  0.000000E+00  0.000000E+00  0.000000E+00  0.215179E+07
  0.195038E-01  0.212309E+07  0.210457E+07  0.000000E+00  0.000000E+00  0.000000E+00  0.212077E+07
  0.201649E-01  0.209150E+07  0.207208E+07  0.000000E+00  0.000000E+00  0.000000E+00  0.208907E+07
  0.208484E-01  0.205923E+07  0.203890E+07  0.000000E+00  0.000000E+00  0.000000E+00  0.205669E+07
  0.215550E-01  0.202631E+07  0.200504E+07  0.000000E+00  0.000000E+00  0.000000E+00  0.202365E+07
  0.222857E-01  0.199273E+07  0.197052E+07  0.000000E+00  0.000000E+00  0.000000E+00  0.198996E+07
  0.230410E-01  0.195853E+07  0.193536E+07  0.000000E+00  0.000000E+00  0.000000E+00  0.195563E+07
  0.238220E-01  0.192372E+07  0.189959E+07  0.000000E+00  0.000000E+00  0.000000E+00  0.192070E+07
  0.246295E-01  0.188833E+07  0.186324E+07  0.000000E+00  0.000000E+00  0.000000E+00  0.188520E+07
  0.254643E-01  0.185240E+07  0.182636E+07  0.000000E+00  0.000000E+00  0.000000E+00  0.184914E+07
  0.263274E-01  0.181596E+07  0.178898E+07  0.000000E+00  0.000000E+00  0.000000E+00  0.181259E+07
  0.272198E-01  0.177905E+07  0.175117E+07  0.000000E+00  0.000000E+00  0.000000E+00  0.177557E+07
  0.281424E-01  0.174174E+07  0.171297E+07  0.000000E+00  0.000000E+00  0.000000E+00  0.173814E+07
  0.290963E-01  0.170407E+07  0.167446E+07  0.000000E+00  0.000000E+00  0.000000E+00  0.170037E+07
  0.300825E-01  0.166611E+07  0.163571E+07  0.000000E+00  0.000000E+00  0.000000E+00  0.166231E+07
  0.311021E-01  0.162793E+07  0.159681E+07  0.000000E+00  0.000000E+00  0.000000E+00  0.162404E+07
  0.321564E-01  0.158961E+07  0.155783E+07  0.000000E+00  0.000000E+00  0.000000E+00  0.158564E+07
  0.332463E-01  0.155124E+07  0.151889E+07  0.000000E+00  0.000000E+00  0.000000E+00  0.154720E+07
  0.343732E-01  0.151788E+07  0.148505E+07  0.000000E+00  0.000000E+00  0.000000E+00  0.151378E+07
  0.355383E-01  0.147988E+07  0.144669E+07  0.000000E+00  0.000000E+00  0.000000E+00  0.147573E+07
  0.367428E-01  0.144212E+07  0.140869E+07  0.000000E+00  0.000000E+00  0.000000E+00  0.143795E+07
  0.379883E-01  0.140471E+07  0.137117E+07  0.000000E+00  0.000000E+00  0.000000E+00  0.140052E+07
  0.392759E-01  0.136775E+07  0.133425E+07  0.000000E+00  0.000000E+00  0.000000E+00  0.136356E+07
  0.406071E-01  0.133135E+07  0.129804E+07  0.000000E+00  0.000000E+00  0.000000E+00  0.132719E+07
  0.419835E-01  0.129526E+07  0.126230E+07  0.000000E+00  0.000000E+00  0.000000E+00  0.129114E+07
  0.434065E-01  0.125664E+07  0.122421E+07  0.000000E+00  0.000000E+00  0.000000E+00  0.125259E+07
  0.448778E-01  0.122199E+07  0.119024E+07  0.000000E+00  0.000000E+00  0.000000E+00  0.121802E+07
  0.463990E-01  0.118828E+07  0.115740E+07  0.000000E+00  0.000000E+00  0.000000E+00  0.118442E+07
  0.479716E-01  0.115560E+07  0.112574E+07  0.000000E+00  0.000000E+00  0.000000E+00  0.115187E+07
  0.495977E-01  0.112402E+07  0.109535E+07  0.000000E+00  0.000000E+00  0.000000E+00  0.112044E+07
  0.512787E-01  0.109359E+07  0.106624E+07  0.000000E+00  0.000000E+00  0.000000E+00  0.109017E+07
  0.530169E-01  0.106625E+07  0.104035E+07  0.000000E+00  0.000000E+00  0.000000E+00  0.106301E+07
  0.548139E-01  0.103804E+07  0.101369E+07  0.000000E+00  0.000000E+00  0.000000E+00  0.103500E+07
  0.566718E-01  0.101084E+07  0.988106E+06  0.000000E+00  0.000000E+00  0.000000E+00  0.100800E+07
  0.585927E-01  0.984566E+06  0.963478E+06  0.000000E+00  0.000000E+00  0.000000E+00  0.981930E+06
  0.605787E-01  0.959049E+06  0.939605E+06  0.000000E+00  0.000000E+00  0.000000E+00  0.956618E+06
  0.626320E-01  0.932922E+06  0.915075E+06  0.000000E+00  0.000000E+00  0.000000E+00  0.930691E+06
  0.647549E-01  0.908540E+06  0.892198E+06  0.000000E+00  0.000000E+00  0.000000E+00  0.906497E+06
  0.669498E-01  0.884478E+06  0.869506E+06  0.000000E+00  0.000000E+00  0.000000E+00  0.882607E+06
  0.692191E-01  0.860592E+06  0.846814E+06  0.000000E+00  0.000000E+00  0.000000E+00  0.858869E+06
  0.715653E-01  0.837089E+06  0.824293E+06  0.000000E+00  0.000000E+00  0.000000E+00  0.835490E+06
  0.739910E-01  0.813082E+06  0.801030E+06  0.000000E+00  0.000000E+00  0.000000E+00  0.811576E+06
  0.764989E-01  0.788812E+06  0.777249E+06  0.000000E+00  0.000000E+00  0.000000E+00  0.787366E+06
  0.790918E-01  0.764150E+06  0.752820E+06  0.000000E+00  0.000000E+00  0.000000E+00  0.762734E+06
  0.817727E-01  0.739029E+06  0.727690E+06  0.000000E+00  0.000000E+00  0.000000E+00  0.737612E+06
  0.845444E-01  0.713479E+06  0.701918E+06  0.000000E+00  0.000000E+00  0.000000E+00  0.712034E+06
  0.874100E-01  0.687630E+06  0.675684E+06  0.000000E+00  0.000000E+00  0.000000E+00  0.686136E+06
  0.903728E-01  0.661699E+06  0.649269E+06  0.000000E+00  0.000000E+00  0.000000E+00  0.660145E+06
  0.934360E-01  0.635945E+06  0.623008E+06  0.000000E+00  0.000000E+00  0.000000E+00  0.634328E+06
  0.966031E-01  0.610642E+06  0.597256E+06  0.000000E+00  0.000000E+00  0.000000E+00  0.608969E+06
  0.998774E-01  0.586073E+06  0.572377E+06  0.000000E+00  0.000000E+00  0.000000E+00  0.584361E+06
  0.103263E+00  0.562530E+06  0.548735E+06  0.000000E+00  0.000000E+00  0.000000E+00  0.560805E+06
  0.106763E+00  0.540310E+06  0.526679E+06  0.000000E+00  0.000000E+00  0.000000E+00  0.538607E+06
  0.110382E+00  0.519664E+06  0.506483E+06  0.000000E+00  0.000000E+00  0.000000E+00  0.518016E+06
  0.114123E+00  0.500729E+06  0.488276E+06  0.000000E+00  0.000000E+00  0.000000E+00  0.499173E+06
  0.117991E+00  0.483479E+06  0.471985E+06  0.000000E+00  0.000000E+00  0.000000E+00  0.482042E+06
  0.121990E+00  0.467686E+06  0.457302E+06  0.000000E+00  0.000000E+00  0.000000E+00  0.466388E+06
  0.126125E+00  0.452930E+06  0.443699E+06  0.000000E+00  0.000000E+00  0.000000E+00  0.451776E+06
  0.130400E+00  0.438676E+06  0.430520E+06  0.000000E+00  0.000000E+00  0.000000E+00  0.437656E+06
  0.134820E+00  0.424416E+06  0.417145E+06  0.000000E+00  0.000000E+00  0.000000E+00  0.423507E+06
  0.139390E+00  0.409793E+06  0.403130E+06  0.000000E+00  0.000000E+00  0.000000E+00  0.408960E+06
  0.144115E+00  0.394606E+06  0.388235E+06  0.000000E+00  0.000000E+00  0.000000E+00  0.393809E+06
  0.148999E+00  0.378783E+06  0.372405E+06  0.000000E+00  0.000000E+00  0.000000E+00  0.377986E+06
  0.154050E+00  0.362435E+06  0.355828E+06  0.000000E+00  0.000000E+00  0.000000E+00  0.361609E+06
  0.159272E+00  0.345935E+06  0.339001E+06  0.000000E+00  0.000000E+00  0.000000E+00  0.345069E+06
  0.164670E+00  0.329853E+06  0.322639E+06  0.000000E+00  0.000000E+00  0.000000E+00  0.328951E+06
  0.170252E+00  0.314764E+06  0.307451E+06  0.000000E+00  0.000000E+00  0.000000E+00  0.313850E+06
  0.176022E+00  0.301083E+06  0.293935E+06  0.000000E+00  0.000000E+00  0.000000E+00  0.300190E+06
  0.181989E+00  0.288921E+06  0.282210E+06  0.000000E+00  0.000000E+00  0.000000E+00  0.288082E+06
  0.188157E+00  0.278083E+06  0.272007E+06  0.000000E+00  0.000000E+00  0.000000E+00  0.277323E+06
  0.194535E+00  0.268149E+06  0.262773E+06  0.000000E+00  0.000000E+00  0.000000E+00  0.267477E+06
  0.201128E+00  0.258541E+06  0.253771E+06  0.000000E+00  0.000000E+00  0.000000E+00  0.257945E+06
  0.207946E+00  0.248668E+06  0.244289E+06  0.000000E+00  0.000000E+00  0.000000E+00  0.248121E+06
  0.214994E+00  0.238208E+06  0.233964E+06  0.000000E+00  0.000000E+00  0.000000E+00  0.237678E+06
  0.222281E+00  0.227247E+06  0.222937E+06  0.000000E+00  0.000000E+00  0.000000E+00  0.226708E+06
  0.229815E+00  0.216257E+06  0.211814E+06  0.000000E+00  0.000000E+00  0.000000E+00  0.215702E+06
  0.237605E+00  0.205847E+06  0.201354E+06  0.000000E+00  0.000000E+00  0.000000E+00  0.205286E+06
  0.245659E+00  0.196463E+06  0.192101E+06  0.000000E+00  0.000000E+00  0.000000E+00  0.195918E+06
  0.253985E+00  0.188185E+06  0.184137E+06  0.000000E+00  0.000000E+00  0.000000E+00  0.187679E+06
  0.262594E+00  0.180712E+06  0.177062E+06  0.000000E+00  0.000000E+00  0.000000E+00  0.180256E+06
  0.271495E+00  0.173503E+06  0.170197E+06  0.000000E+00  0.000000E+00  0.000000E+00  0.173090E+06
  0.280697E+00  0.166084E+06  0.162970E+06  0.000000E+00  0.000000E+00  0.000000E+00  0.165695E+06
  0.290211E+00  0.158377E+06  0.155308E+06  0.000000E+00  0.000000E+00  0.000000E+00  0.157994E+06
  0.300048E+00  0.150667E+06  0.147585E+06  0.000000E+00  0.000000E+00  0.000000E+00  0.150282E+06
  0.310218E+00  0.143402E+06  0.140368E+06  0.000000E+00  0.000000E+00  0.000000E+00  0.143023E+06
  0.320733E+00  0.136890E+06  0.134016E+06  0.000000E+00  0.000000E+00  0.000000E+00  0.136530E+06
  0.331605E+00  0.130984E+06  0.128337E+06  0.000000E+00  0.000000E+00  0.000000E+00  0.130653E+06
  0.342844E+00  0.125308E+06  0.122861E+06  0.000000E+00  0.000000E+00  0.000000E+00  0.125002E+06
  0.354465E+00  0.119572E+06  0.117235E+06  0.000000E+00  0.000000E+00  0.000000E+00  0.119280E+06
  0.366480E+00  0.113803E+06  0.111514E+06  0.000000E+00  0.000000E+00  0.000000E+00  0.113517E+06
  0.378902E+00  0.108281E+06  0.106051E+06  0.000000E+00  0.000000E+00  0.000000E+00  0.108002E+06
  0.391745E+00  0.103209E+06  0.101093E+06  0.000000E+00  0.000000E+00  0.000000E+00  0.102945E+06
  0.405023E+00  0.985177E+05  0.965427E+05  0.000000E+00  0.000000E+00  0.000000E+00  0.982708E+05
  0.418751E+00  0.939655E+05  0.921037E+05  0.000000E+00  0.000000E+00  0.000000E+00  0.937328E+05
  0.432945E+00  0.894495E+05  0.876578E+05  0.000000E+00  0.000000E+00  0.000000E+00  0.892255E+05
  0.447619E+00  0.850880E+05  0.833589E+05  0.000000E+00  0.000000E+00  0.000000E+00  0.848718E+05
  0.462792E+00  0.810132E+05  0.793699E+05  0.000000E+00  0.000000E+00  0.000000E+00  0.808078E+05
  0.478478E+00  0.771861E+05  0.756383E+05  0.000000E+00  0.000000E+00  0.000000E+00  0.769926E+05
  0.494696E+00  0.734856E+05  0.720154E+05  0.000000E+00  0.000000E+00  0.000000E+00  0.733018E+05
  0.511464E+00  0.698892E+05  0.684802E+05  0.000000E+00  0.000000E+00  0.000000E+00  0.697130E+05
  0.528800E+00  0.664739E+05  0.651304E+05  0.000000E+00  0.000000E+00  0.000000E+00  0.663059E+05
  0.546723E+00  0.632526E+05  0.619807E+05  0.000000E+00  0.000000E+00  0.000000E+00  0.630936E+05
  0.565255E+00  0.601656E+05  0.589579E+05  0.000000E+00  0.000000E+00  0.000000E+00  0.600147E+05
  0.584414E+00  0.571952E+05  0.560432E+05  0.000000E+00  0.000000E+00  0.000000E+00  0.570512E+05
  0.604223E+00  0.543704E+05  0.532750E+05  0.000000E+00  0.000000E+00  0.000000E+00  0.542335E+05
  0.624703E+00  0.516882E+05  0.506492E+05  0.000000E+00  0.000000E+00  0.000000E+00  0.515583E+05
  0.645878E+00  0.491204E+05  0.481325E+05  0.000000E+00  0.000000E+00  0.000000E+00  0.489969E+05
  0.667769E+00  0.466689E+05  0.457294E+05  0.000000E+00  0.000000E+00  0.000000E+00  0.465515E+05
  0.690404E+00  0.443383E+05  0.434465E+05  0.000000E+00  0.000000E+00  0.000000E+00  0.442268E+05
  0.713805E+00  0.421156E+05  0.412686E+05  0.000000E+00  0.000000E+00  0.000000E+00  0.420097E+05
  0.738000E+00  0.399956E+05  0.391909E+05  0.000000E+00  0.000000E+00  0.000000E+00  0.398950E+05
  0.763015E+00  0.379778E+05  0.372140E+05  0.000000E+00  0.000000E+00  0.000000E+00  0.378824E+05
  0.788877E+00  0.360560E+05  0.353308E+05  0.000000E+00  0.000000E+00  0.000000E+00  0.359653E+05
  0.815616E+00  0.342252E+05  0.335369E+05  0.000000E+00  0.000000E+00  0.000000E+00  0.341392E+05
  0.843261E+00  0.324828E+05  0.318296E+05  0.000000E+00  0.000000E+00  0.000000E+00  0.324012E+05
  0.871844E+00  0.308242E+05  0.302043E+05  0.000000E+00  0.000000E+00  0.000000E+00  0.307467E+05
  0.901395E+00  0.292460E+05  0.286579E+05  0.000000E+00  0.000000E+00  0.000000E+00  0.291725E+05
  0.931948E+00  0.277444E+05  0.271865E+05  0.000000E+00  0.000000E+00  0.000000E+00  0.276747E+05
  0.963536E+00  0.263163E+05  0.257871E+05  0.000000E+00  0.000000E+00  0.000000E+00  0.262501E+05
  0.996195E+00  0.249581E+05  0.244563E+05  0.000000E+00  0.000000E+00  0.000000E+00  0.248954E+05
  0.102996E+01  0.236667E+05  0.231909E+05  0.000000E+00  0.000000E+00  0.000000E+00  0.236073E+05
  0.106487E+01  0.224389E+05  0.219878E+05  0.000000E+00  0.000000E+00  0.000000E+00  0.223825E+05
  0.110097E+01  0.212719E+05  0.208442E+05  0.000000E+00  0.000000E+00  0.000000E+00  0.212184E+05
  0.113828E+01  0.201628E+05  0.197574E+05  0.000000E+00  0.000000E+00  0.000000E+00  0.201121E+05
  0.117687E+01  0.191090E+05  0.187248E+05  0.000000E+00  0.000000E+00  0.000000E+00  0.190609E+05
  0.121676E+01  0.181079E+05  0.177439E+05  0.000000E+00  0.000000E+00  0.000000E+00  0.180624E+05
  0.125800E+01  0.171572E+05  0.168123E+05  0.000000E+00  0.000000E+00  0.000000E+00  0.171141E+05
  0.130064E+01  0.162543E+05  0.159275E+05  0.000000E+00  0.000000E+00  0.000000E+00  0.162134E+05
  0.134472E+01  0.153970E+05  0.150875E+05  0.000000E+00  0.000000E+00  0.000000E+00  0.153583E+05
  0.139030E+01  0.145831E+05  0.142900E+05  0.000000E+00  0.000000E+00  0.000000E+00  0.145465E+05
  0.143743E+01  0.138107E+05  0.135330E+05  0.000000E+00  0.000000E+00  0.000000E+00  0.137760E+05
  0.148615E+01  0.130775E+05  0.128147E+05  0.000000E+00  0.000000E+00  0.000000E+00  0.130447E+05
  0.153652E+01  0.123818E+05  0.121329E+05  0.000000E+00  0.000000E+00  0.000000E+00  0.123507E+05
  0.158860E+01  0.117218E+05  0.114862E+05  0.000000E+00  0.000000E+00  0.000000E+00  0.116924E+05
  0.164245E+01  0.110957E+05  0.108727E+05  0.000000E+00  0.000000E+00  0.000000E+00  0.110678E+05
  0.169812E+01  0.105019E+05  0.102908E+05  0.000000E+00  0.000000E+00  0.000000E+00  0.104755E+05
  0.175568E+01  0.993882E+04  0.973904E+04  0.000000E+00  0.000000E+00  0.000000E+00  0.991385E+04
  0.181519E+01  0.940489E+04  0.921585E+04  0.000000E+00  0.000000E+00  0.000000E+00  0.938126E+04
  0.187671E+01  0.889870E+04  0.871983E+04  0.000000E+00  0.000000E+00  0.000000E+00  0.887634E+04
  0.194032E+01  0.841888E+04  0.824965E+04  0.000000E+00  0.000000E+00  0.000000E+00  0.839772E+04
  0.200609E+01  0.796412E+04  0.780403E+04  0.000000E+00  0.000000E+00  0.000000E+00  0.794411E+04
  0.207409E+01  0.753312E+04  0.738170E+04  0.000000E+00  0.000000E+00  0.000000E+00  0.751419E+04
  0.214439E+01  0.712474E+04  0.698153E+04  0.000000E+00  0.000000E+00  0.000000E+00  0.710684E+04
  0.221707E+01  0.673784E+04  0.660241E+04  0.000000E+00  0.000000E+00  0.000000E+00  0.672091E+04
  0.229222E+01  0.637136E+04  0.624329E+04  0.000000E+00  0.000000E+00  0.000000E+00  0.635535E+04
  0.236992E+01  0.602422E+04  0.590313E+04  0.000000E+00  0.000000E+00  0.000000E+00  0.600909E+04
  0.245024E+01  0.569548E+04  0.558100E+04  0.000000E+00  0.000000E+00  0.000000E+00  0.568117E+04
  0.253330E+01  0.538416E+04  0.527593E+04  0.000000E+00  0.000000E+00  0.000000E+00  0.537063E+04
  0.261916E+01  0.508938E+04  0.498708E+04  0.000000E+00  0.000000E+00  0.000000E+00  0.507659E+04
  0.270794E+01  0.481031E+04  0.471361E+04  0.000000E+00  0.000000E+00  0.000000E+00  0.479822E+04
  0.279972E+01  0.454614E+04  0.445476E+04  0.000000E+00  0.000000E+00  0.000000E+00  0.453472E+04
  0.289462E+01  0.429611E+04  0.420975E+04  0.000000E+00  0.000000E+00  0.000000E+00  0.428532E+04
  0.299273E+01  0.405949E+04  0.397789E+04  0.000000E+00  0.000000E+00  0.000000E+00  0.404929E+04
  0.309418E+01  0.383556E+04  0.375846E+04  0.000000E+00  0.000000E+00  0.000000E+00  0.382592E+04
  0.319905E+01  0.362368E+04  0.355083E+04  0.000000E+00  0.000000E+00  0.000000E+00  0.361457E+04
  0.330748E+01  0.342322E+04  0.335440E+04  0.000000E+00  0.000000E+00  0.000000E+00  0.341462E+04
  0.341959E+01  0.323359E+04  0.316858E+04  0.000000E+00  0.000000E+00  0.000000E+00  0.322546E+04
  0.353550E+01  0.305422E+04  0.299282E+04  0.000000E+00  0.000000E+00  0.000000E+00  0.304655E+04
  0.365534E+01  0.288458E+04  0.282658E+04  0.000000E+00  0.000000E+00  0.000000E+00  0.287733E+04
  0.377923E+01  0.272415E+04  0.266938E+04  0.000000E+00  0.000000E+00  0.000000E+00  0.271730E+04
  0.390733E+01  0.257243E+04  0.252071E+04  0.000000E+00  0.000000E+00  0.000000E+00  0.256596E+04
  0.403977E+01  0.242898E+04  0.238014E+04  0.000000E+00  0.000000E+00  0.000000E+00  0.242288E+04
  0.417670E+01  0.229336E+04  0.224724E+04  0.000000E+00  0.000000E+00  0.000000E+00  0.228759E+04
  0.431827E+01  0.216516E+04  0.212162E+04  0.000000E+00  0.000000E+00  0.000000E+00  0.215972E+04
  0.446464E+01  0.204397E+04  0.200287E+04  0.000000E+00  0.000000E+00  0.000000E+00  0.203883E+04
  0.461597E+01  0.192943E+04  0.189063E+04  0.000000E+00  0.000000E+00  0.000000E+00  0.192458E+04
  0.477243E+01  0.182117E+04  0.178454E+04  0.000000E+00  0.000000E+00  0.000000E+00  0.181659E+04
  0.493419E+01  0.171887E+04  0.168430E+04  0.000000E+00  0.000000E+00  0.000000E+00  0.171455E+04
  0.510143E+01  0.162221E+04  0.158958E+04  0.000000E+00  0.000000E+00  0.000000E+00  0.161813E+04
  0.527435E+01  0.153088E+04  0.150008E+04  0.000000E+00  0.000000E+00  0.000000E+00  0.152703E+04
  0.545312E+01  0.144459E+04  0.141553E+04  0.000000E+00  0.000000E+00  0.000000E+00  0.144096E+04
  0.563796E+01  0.136307E+04  0.133565E+04  0.000000E+00  0.000000E+00  0.000000E+00  0.135964E+04
  0.582905E+01  0.128608E+04  0.126020E+04  0.000000E+00  0.000000E+00  0.000000E+00  0.128284E+04
  0.602663E+01  0.121335E+04  0.118893E+04  0.000000E+00  0.000000E+00  0.000000E+00  0.121030E+04
  0.623090E+01  0.114466E+04  0.112162E+04  0.000000E+00  0.000000E+00  0.000000E+00  0.114178E+04
  0.644210E+01  0.107979E+04  0.105806E+04  0.000000E+00  0.000000E+00  0.000000E+00  0.107707E+04
  0.666046E+01  0.101854E+04  0.998033E+03  0.000000E+00  0.000000E+00  0.000000E+00  0.101597E+04
  0.688622E+01  0.960701E+03  0.941358E+03  0.000000E+00  0.000000E+00  0.000000E+00  0.958283E+03
  0.711962E+01  0.906095E+03  0.887848E+03  0.000000E+00  0.000000E+00  0.000000E+00  0.903814E+03
  0.736094E+01  0.854538E+03  0.837327E+03  0.000000E+00  0.000000E+00  0.000000E+00  0.852386E+03
  0.761044E+01  0.805869E+03  0.789635E+03  0.000000E+00  0.000000E+00  0.000000E+00  0.803839E+03
  0.786840E+01  0.759928E+03  0.744617E+03  0.000000E+00  0.000000E+00  0.000000E+00  0.758014E+03
  0.813510E+01  0.716566E+03  0.702125E+03  0.000000E+00  0.000000E+00  0.000000E+00  0.714761E+03
  0.841084E+01  0.675637E+03  0.662018E+03  0.000000E+00  0.000000E+00  0.000000E+00  0.673935E+03
  0.869593E+01  0.637011E+03  0.624168E+03  0.000000E+00  0.000000E+00  0.000000E+00  0.635406E+03
  0.899068E+01  0.600563E+03  0.588452E+03  0.000000E+00  0.000000E+00  0.000000E+00  0.599049E+03
  0.929542E+01  0.566167E+03  0.554746E+03  0.000000E+00  0.000000E+00  0.000000E+00  0.564739E+03
  0.961048E+01  0.533712E+03  0.522943E+03  0.000000E+00  0.000000E+00  0.000000E+00  0.532366E+03
  0.993624E+01  0.503092E+03  0.492938E+03  0.000000E+00  0.000000E+00  0.000000E+00  0.501822E+03
  0.102730E+02  0.474204E+03  0.464630E+03  0.000000E+00  0.000000E+00  0.000000E+00  0.473007E+03
  0.106212E+02  0.446949E+03  0.437923E+03  0.000000E+00  0.000000E+00  0.000000E+00  0.445821E+03
  0.109812E+02  0.421241E+03  0.412731E+03  0.000000E+00  0.000000E+00  0.000000E+00  0.420177E+03
  0.113534E+02  0.396992E+03  0.388968E+03  0.000000E+00  0.000000E+00  0.000000E+00  0.395989E+03
  0.117383E+02  0.374119E+03  0.366554E+03  0.000000E+00  0.000000E+00  0.000000E+00  0.373174E+03
  0.121361E+02  0.352546E+03  0.345415E+03  0.000000E+00  0.000000E+00  0.000000E+00  0.351655E+03
  0.125475E+02  0.332202E+03  0.325478E+03  0.000000E+00  0.000000E+00  0.000000E+00  0.331361E+03
  0.129728E+02  0.313015E+03  0.306677E+03  0.000000E+00  0.000000E+00  0.000000E+00  0.312223E+03
  0.134125E+02  0.294924E+03  0.288948E+03  0.000000E+00  0.000000E+00  0.000000E+00  0.294177E+03
  0.138671E+02  0.277865E+03  0.272232E+03  0.000000E+00  0.000000E+00  0.000000E+00  0.277161E+03
  0.143372E+02  0.261779E+03  0.256469E+03  0.000000E+00  0.000000E+00  0.000000E+00  0.261116E+03
  0.148231E+02  0.246615E+03  0.241609E+03  0.000000E+00  0.000000E+00  0.000000E+00  0.245989E+03
  0.153256E+02  0.232318E+03  0.227598E+03  0.000000E+00  0.000000E+00  0.000000E+00  0.231728E+03
  0.158450E+02  0.218839E+03  0.214391E+03  0.000000E+00  0.000000E+00  0.000000E+00  0.218283E+03
  0.163821E+02  0.206134E+03  0.201940E+03  0.000000E+00  0.000000E+00  0.000000E+00  0.205610E+03
  0.169373E+02  0.194158E+03  0.190204E+03  0.000000E+00  0.000000E+00  0.000000E+00  0.193664E+03
  0.175115E+02  0.182869E+03  0.179142E+03  0.000000E+00  0.000000E+00  0.000000E+00  0.182403E+03
  0.181050E+02  0.172230E+03  0.168716E+03  0.000000E+00  0.000000E+00  0.000000E+00  0.171791E+03
  0.187187E+02  0.162202E+03  0.158889E+03  0.000000E+00  0.000000E+00  0.000000E+00  0.161788E+03
  0.193531E+02  0.152752E+03  0.149628E+03  0.000000E+00  0.000000E+00  0.000000E+00  0.152362E+03
  0.200091E+02  0.143846E+03  0.140901E+03  0.000000E+00  0.000000E+00  0.000000E+00  0.143478E+03
  0.206873E+02  0.135454E+03  0.132678E+03  0.000000E+00  0.000000E+00  0.000000E+00  0.135107E+03
  0.213885E+02  0.127547E+03  0.124928E+03  0.000000E+00  0.000000E+00  0.000000E+00  0.127219E+03
  0.221135E+02  0.120096E+03  0.117627E+03  0.000000E+00  0.000000E+00  0.000000E+00  0.119787E+03
  0.228630E+02  0.113076E+03  0.110747E+03  0.000000E+00  0.000000E+00  0.000000E+00  0.112785E+03
  0.236380E+02  0.106462E+03  0.104266E+03  0.000000E+00  0.000000E+00  0.000000E+00  0.106187E+03
  0.244392E+02  0.100230E+03  0.981592E+02  0.000000E+00  0.000000E+00  0.000000E+00  0.999714E+02
  0.252676E+02  0.943600E+02  0.924065E+02  0.000000E+00  0.000000E+00  0.000000E+00  0.941158E+02
  0.261240E+02  0.888304E+02  0.869875E+02  0.000000E+00  0.000000E+00  0.000000E+00  0.886000E+02
  0.270095E+02  0.836214E+02  0.818828E+02  0.000000E+00  0.000000E+00  0.000000E+00  0.834041E+02
  0.279250E+02  0.787150E+02  0.770746E+02  0.000000E+00  0.000000E+00  0.000000E+00  0.785099E+02
  0.288715E+02  0.740936E+02  0.725457E+02  0.000000E+00  0.000000E+00  0.000000E+00  0.739001E+02
  0.298501E+02  0.697410E+02  0.682801E+02  0.000000E+00  0.000000E+00  0.000000E+00  0.695584E+02
  0.308619E+02  0.656416E+02  0.642627E+02  0.000000E+00  0.000000E+00  0.000000E+00  0.654692E+02
  0.319079E+02  0.617809E+02  0.604792E+02  0.000000E+00  0.000000E+00  0.000000E+00  0.616182E+02
  0.329895E+02  0.581452E+02  0.569161E+02  0.000000E+00  0.000000E+00  0.000000E+00  0.579916E+02
  0.341076E+02  0.547215E+02  0.535608E+02  0.000000E+00  0.000000E+00  0.000000E+00  0.545764E+02
  0.352637E+02  0.514974E+02  0.504012E+02  0.000000E+00  0.000000E+00  0.000000E+00  0.513604E+02
  0.364590E+02  0.484617E+02  0.474261E+02  0.000000E+00  0.000000E+00  0.000000E+00  0.483323E+02
  0.376948E+02  0.456032E+02  0.446246E+02  0.000000E+00  0.000000E+00  0.000000E+00  0.454809E+02
  0.389725E+02  0.429118E+02  0.419870E+02  0.000000E+00  0.000000E+00  0.000000E+00  0.427962E+02
  0.402934E+02  0.403780E+02  0.395036E+02  0.000000E+00  0.000000E+00  0.000000E+00  0.402687E+02
  0.416592E+02  0.379923E+02  0.371655E+02  0.000000E+00  0.000000E+00  0.000000E+00  0.378890E+02
  0.430712E+02  0.357465E+02  0.349644E+02  0.000000E+00  0.000000E+00  0.000000E+00  0.356487E+02
  0.445311E+02  0.336321E+02  0.328922E+02  0.000000E+00  0.000000E+00  0.000000E+00  0.335396E+02
  0.460405E+02  0.316418E+02  0.309415E+02  0.000000E+00  0.000000E+00  0.000000E+00  0.315543E+02
  0.476011E+02  0.297683E+02  0.291052E+02  0.000000E+00  0.000000E+00  0.000000E+00  0.296854E+02
  0.492145E+02  0.280046E+02  0.273767E+02  0.000000E+00  0.000000E+00  0.000000E+00  0.279261E+02
  0.508826E+02  0.263446E+02  0.257497E+02  0.000000E+00  0.000000E+00  0.000000E+00  0.262703E+02
  0.526073E+02  0.247822E+02  0.242183E+02  0.000000E+00  0.000000E+00  0.000000E+00  0.247117E+02
  0.543904E+02  0.233117E+02  0.227769E+02  0.000000E+00  0.000000E+00  0.000000E+00  0.232448E+02
  0.562340E+02  0.219277E+02  0.214203E+02  0.000000E+00  0.000000E+00  0.000000E+00  0.218643E+02
  0.581401E+02  0.206251E+02  0.201436E+02  0.000000E+00  0.000000E+00  0.000000E+00  0.205649E+02
  0.601107E+02  0.193993E+02  0.189420E+02  0.000000E+00  0.000000E+00  0.000000E+00  0.193421E+02
  0.621482E+02  0.182457E+02  0.178113E+02  0.000000E+00  0.000000E+00  0.000000E+00  0.181914E+02
  0.642547E+02  0.171601E+02  0.167472E+02  0.000000E+00  0.000000E+00  0.000000E+00  0.171085E+02
  0.664326E+02  0.161386E+02  0.157458E+02  0.000000E+00  0.000000E+00  0.000000E+00  0.160895E+02
  0.686844E+02  0.151774E+02  0.148036E+02  0.000000E+00  0.000000E+00  0.000000E+00  0.151306E+02
  0.710124E+02  0.142729E+02  0.139169E+02  0.000000E+00  0.000000E+00  0.000000E+00  0.142284E+02
  0.734194E+02  0.134219E+02  0.130827E+02  0.000000E+00  0.000000E+00  0.000000E+00  0.133795E+02
  0.759079E+02  0.126212E+02  0.122977E+02  0.000000E+00  0.000000E+00  0.000000E+00  0.125808E+02
  0.784809E+02  0.118678E+02  0.115592E+02  0.000000E+00  0.000000E+00  0.000000E+00  0.118292E+02
  0.811410E+02  0.111591E+02  0.108643E+02  0.000000E+00  0.000000E+00  0.000000E+00  0.111222E+02
  0.838913E+02  0.104922E+02  0.102106E+02  0.000000E+00  0.000000E+00  0.000000E+00  0.104570E+02
  0.867347E+02  0.986492E+01  0.959554E+01  0.000000E+00  0.000000E+00  0.000000E+00  0.983124E+01
  0.896747E+02  0.927477E+01  0.901693E+01  0.000000E+00  0.000000E+00  0.000000E+00  0.924254E+01
  0.927141E+02  0.871962E+01  0.847263E+01  0.000000E+00  0.000000E+00  0.000000E+00  0.868874E+01
  0.958567E+02  0.819739E+01  0.796058E+01  0.000000E+00  0.000000E+00  0.000000E+00  0.816779E+01
  0.991058E+02  0.770613E+01  0.747890E+01  0.000000E+00  0.000000E+00  0.000000E+00  0.767773E+01
  0.102465E+03  0.724405E+01  0.702581E+01  0.000000E+00  0.000000E+00  0.000000E+00  0.721677E+01
  0.105938E+03  0.680943E+01  0.659963E+01  0.000000E+00  0.000000E+00  0.000000E+00  0.678320E+01
  0.109529E+03  0.640061E+01  0.619874E+01  0.000000E+00  0.000000E+00  0.000000E+00  0.637537E+01
  0.113241E+03  0.601611E+01  0.582170E+01  0.000000E+00  0.000000E+00  0.000000E+00  0.599181E+01
  0.117080E+03  0.565449E+01  0.546707E+01  0.000000E+00  0.000000E+00  0.000000E+00  0.563106E+01
  0.121048E+03  0.531438E+01  0.513354E+01  0.000000E+00  0.000000E+00  0.000000E+00  0.529177E+01
  0.125151E+03  0.499449E+01  0.481983E+01  0.000000E+00  0.000000E+00  0.000000E+00  0.497266E+01
  0.129393E+03  0.469368E+01  0.452482E+01  0.000000E+00  0.000000E+00  0.000000E+00  0.467257E+01
  0.133779E+03  0.441078E+01  0.424738E+01  0.000000E+00  0.000000E+00  0.000000E+00  0.439036E+01
  0.138313E+03  0.414475E+01  0.398646E+01  0.000000E+00  0.000000E+00  0.000000E+00  0.412496E+01
  0.143002E+03  0.389456E+01  0.374110E+01  0.000000E+00  0.000000E+00  0.000000E+00  0.387538E+01
  0.147849E+03  0.365932E+01  0.351038E+01  0.000000E+00  0.000000E+00  0.000000E+00  0.364070E+01
  0.152860E+03  0.343811E+01  0.329343E+01  0.000000E+00  0.000000E+00  0.000000E+00  0.342003E+01
  0.158041E+03  0.323011E+01  0.308944E+01  0.000000E+00  0.000000E+00  0.000000E+00  0.321253E+01
  0.163398E+03  0.303452E+01  0.289762E+01  0.000000E+00  0.000000E+00  0.000000E+00  0.301741E+01
  0.168936E+03  0.285063E+01  0.271728E+01  0.000000E+00  0.000000E+00  0.000000E+00  0.283397E+01
  0.174662E+03  0.267774E+01  0.254773E+01  0.000000E+00  0.000000E+00  0.000000E+00  0.266149E+01
  0.180583E+03  0.251517E+01  0.238832E+01  0.000000E+00  0.000000E+00  0.000000E+00  0.249931E+01
  0.186704E+03  0.236234E+01  0.223847E+01  0.000000E+00  0.000000E+00  0.000000E+00  0.234686E+01
  0.193032E+03  0.221866E+01  0.209760E+01  0.000000E+00  0.000000E+00  0.000000E+00  0.220353E+01
  0.199574E+03  0.208358E+01  0.196517E+01  0.000000E+00  0.000000E+00  0.000000E+00  0.206878E+01
  0.206339E+03  0.195658E+01  0.184070E+01  0.000000E+00  0.000000E+00  0.000000E+00  0.194210E+01
