  0.119218E-04  0.177279E+07  0.177279E+07  0.236358E+07  0.236358E+07  0.000000E+00  0.177279E+07
  0.123258E-04  0.177279E+07  0.177279E+07  0.236357E+07  0.236357E+07  0.000000E+00  0.177279E+07
  0.127436E-04  0.177279E+07  0.177279E+07  0.236356E+07  0.236356E+07  0.000000E+00  0.177279E+07
  0.131756E-04  0.177279E+07  0.177279E+07  0.236355E+07  0.236354E+07  0.000000E+00  0.177279E+07
  0.136222E-04  0.177279E+07  0.177279E+07  0.236353E+07  0.236353E+07  0.000000E+00  0.177279E+07
  0.140839E-04  0.177279E+07  0.177279E+07  0.236352E+07  0.236352E+07  0.000000E+00  0.177279E+07
  0.145613E-04  0.177279E+07  0.177279E+07  0.236351E+07  0.236351E+07  0.000000E+00  0.177279E+07
  0.150548E-04  0.177279E+07  0.177279E+07  0.236349E+07  0.236349E+07  0.000000E+00  0.177279E+07
  0.155651E-04  0.177279E+07  0.177279E+07  0.236348E+07  0.236348E+07  0.000000E+00  0.177279E+07
  0.160927E-04  0.177279E+07  0.177279E+07  0.236346E+07  0.236346E+07  0.000000E+00  0.177279E+07
  0.166382E-04  0.177279E+07  0.177279E+07  0.236344E+07  0.236344E+07  0.000000E+00  0.177279E+07
  0.172021E-04  0.177279E+07  0.177279E+07  0.236343E+07  0.236342E+07  0.000000E+00  0.177279E+07
  0.177852E-04  0.177279E+07  0.177278E+07  0.236341E+07  0.236340E+07  0.000000E+00  0.177279E+07
  0.183880E-04  0.177278E+07  0.177278E+07  0.236338E+07  0.236338E+07  0.000000E+00  0.177278E+07
  0.190113E-04  0.177278E+07  0.177278E+07  0.236336E+07  0.236336E+07  0.000000E+00  0.177278E+07
  0.196557E-04  0.177278E+07  0.177278E+07  0.236334E+07  0.236333E+07  0.000000E+00  0.177278E+07
  0.203219E-04  0.177278E+07  0.177278E+07  0.236331E+07  0.236331E+07  0.000000E+00  0.177278E+07
  0.210107E-04  0.177278E+07  0.177278E+07  0.236328E+07  0.236328E+07  0.000000E+00  0.177278E+07
  0.217229E-04  0.177278E+07  0.177278E+07  0.236325E+07  0.236325E+07  0.000000E+00  0.177278E+07
  0.224592E-04  0.177278E+07  0.177278E+07  0.236322E+07  0.236322E+07  0.000000E+00  0.177278E+07
  0.232204E-04  0.177278E+07  0.177278E+07  0.236319E+07  0.236318E+07  0.000000E+00  0.177278E+07
  0.240075E-04  0.177278E+07  0.177278E+07  0.236315E+07  0.236314E+07  0.000000E+00  0.177278E+07
  0.248212E-04  0.177278E+07  0.177278E+07  0.236311E+07  0.236310E+07  0.000000E+00  0.177278E+07
  0.256625E-04  0.177278E+07  0.177278E+07  0.236307E+07  0.236306E+07  0.000000E+00  0.177278E+07
  0.265324E-04  0.177278E+07  0.177278E+07  0.236303E+07  0.236302E+07  0.000000E+00  0.177278E+07
  0.274317E-04  0.177278E+07  0.177278E+07  0.236298E+07  0.236297E+07  0.000000E+00  0.177278E+07
  0.283615E-04  0.177278E+07  0.177278E+07  0.236293E+07  0.236292E+07  0.000000E+00  0.177278E+07
  0.293228E-04  0.177278E+07  0.177278E+07  0.236287E+07  0.236286E+07  0.000000E+00  0.177278E+07
  0.303167E-04  0.177278E+07  0.177278E+07  0.236281E+07  0.236280E+07  0.000000E+00  0.177278E+07
  0.313443E-04  0.177278E+07  0.177278E+07  0.236275E+07  0.236274E+07  0.000000E+00  0.177278E+07
  0.324067E-04  0.177278E+07  0.177278E+07  0.236269E+07  0.236267E+07  0.000000E+00  0.177278E+07
  0.335051E-04  0.177278E+07  0.177278E+07  0.236262E+07  0.236260E+07  0.000000E+00  0.177278E+07
  0.346408E-04  0.177278E+07  0.177278E+07  0.236254E+07  0.236252E+07  0.000000E+00  0.177278E+07
  0.358149E-04  0.177278E+07  0.177278E+07  0.236246E+07  0.236244E+07  0.000000E+00  0.177278E+07
  0.370289E-04  0.177278E+07  0.177278E+07  0.236237E+07  0.236235E+07  0.000000E+00  0.177278E+07
  0.382840E-04  0.177278E+07  0.177278E+07  0.236228E+07  0.236226E+07  0.000000E+00  0.177278E+07
  0.395816E-04  0.177278E+07  0.177278E+07  0.236218E+07  0.236216E+07  0.000000E+00  0.177278E+07
  0.409233E-04  0.177277E+07  0.177277E+07  0.236207E+07  0.236205E+07  0.000000E+00  0.177277E+07
  0.423104E-04  0.177277E+07  0.177277E+07  0.236196E+07  0.236194E+07  0.000000E+00  0.177277E+07
  0.437445E-04  0.177277E+07  0.177277E+07  0.236184E+07  0.236181E+07  0.000000E+00  0.177277E+07
  0.452272E-04  0.177277E+07  0.177277E+07  0.236171E+07  0.236168E+07  0.000000E+00  0.177277E+07
  0.467602E-04  0.177277E+07  0.177277E+07  0.236157E+07  0.236154E+07  0.000000E+00  0.177277E+07
  0.483451E-04  0.177277E+07  0.177277E+07  0.236142E+07  0.236139E+07  0.000000E+00  0.177277E+07
  0.499838E-04  0.177277E+07  0.177277E+07  0.236127E+07  0.236123E+07  0.000000E+00  0.177277E+07
  0.516780E-04  0.177277E+07  0.177277E+07  0.236110E+07  0.236106E+07  0.000000E+00  0.177277E+07
  0.534296E-04  0.177277E+07  0.177276E+07  0.236092E+07  0.236088E+07  0.000000E+00  0.177277E+07
  0.552406E-04  0.177276E+07  0.177276E+07  0.236072E+07  0.236068E+07  0.000000E+00  0.177276E+07
  0.571130E-04  0.177276E+07  0.177276E+07  0.236052E+07  0.236047E+07  0.000000E+00  0.177276E+07
  0.590489E-04  0.177276E+07  0.177276E+07  0.236030E+07  0.236025E+07  0.000000E+00  0.177276E+07
  0.610503E-04  0.177276E+07  0.177276E+07  0.236006E+07  0.236001E+07  0.000000E+00  0.177276E+07
  0.631196E-04  0.177276E+07  0.177276E+07  0.235981E+07  0.235976E+07  0.000000E+00  0.177276E+07
  0.652591E-04  0.177275E+07  0.177275E+07  0.235954E+07  0.235948E+07  0.000000E+00  0.177275E+07
  0.674711E-04  0.177275E+07  0.177275E+07  0.235925E+07  0.235919E+07  0.000000E+00  0.177275E+07
  0.697580E-04  0.177275E+07  0.177275E+07  0.235894E+07  0.235888E+07  0.000000E+00  0.177275E+07
  0.721224E-04  0.177275E+07  0.177275E+07  0.235862E+07  0.235855E+07  0.000000E+00  0.177275E+07
  0.745670E-04  0.177274E+07  0.177274E+07  0.235826E+07  0.235819E+07  0.000000E+00  0.177274E+07
  0.770945E-04  0.177274E+07  0.177274E+07  0.235789E+07  0.235781E+07  0.000000E+00  0.177274E+07
  0.797076E-04  0.177274E+07  0.177274E+07  0.235749E+07  0.235740E+07  0.000000E+00  0.177274E+07
  0.824093E-04  0.177273E+07  0.177273E+07  0.235706E+07  0.235697E+07  0.000000E+00  0.177273E+07
  0.852026E-04  0.177273E+07  0.177273E+07  0.235660E+07  0.235650E+07  0.000000E+00  0.177273E+07
  0.880905E-04  0.177273E+07  0.177273E+07  0.235611E+07  0.235601E+07  0.000000E+00  0.177273E+07
  0.910764E-04  0.177272E+07  0.177272E+07  0.235559E+07  0.235548E+07  0.000000E+00  0.177272E+07
  0.941634E-04  0.177272E+07  0.177272E+07  0.235503E+07  0.235491E+07  0.000000E+00  0.177272E+07
  0.973551E-04  0.177271E+07  0.177271E+07  0.235443E+07  0.235430E+07  0.000000E+00  0.177271E+07
  0.100655E-03  0.177271E+07  0.177271E+07  0.235379E+07  0.235366E+07  0.000000E+00  0.177271E+07
  0.104067E-03  0.177270E+07  0.177270E+07  0.235311E+07  0.235297E+07  0.000000E+00  0.177270E+07
  0.107594E-03  0.177270E+07  0.177270E+07  0.235238E+07  0.235223E+07  0.000000E+00  0.177270E+07
  0.111241E-03  0.177269E+07  0.177269E+07  0.235160E+07  0.235144E+07  0.000000E+00  0.177269E+07
  0.115011E-03  0.177268E+07  0.177268E+07  0.235077E+07  0.235059E+07  0.000000E+00  0.177268E+07
  0.118910E-03  0.177268E+07  0.177268E+07  0.234988E+07  0.234969E+07  0.000000E+00  0.177268E+07
  0.122940E-03  0.177267E+07  0.177267E+07  0.234892E+07  0.234872E+07  0.000000E+00  0.177267E+07
  0.127107E-03  0.177266E+07  0.177266E+07  0.234791E+07  0.234769E+07  0.000000E+00  0.177266E+07
  0.131416E-03  0.177265E+07  0.177265E+07  0.234682E+07  0.234659E+07  0.000000E+00  0.177265E+07
  0.135870E-03  0.177264E+07  0.177264E+07  0.234566E+07  0.234542E+07  0.000000E+00  0.177264E+07
  0.140475E-03  0.177263E+07  0.177263E+07  0.234442E+07  0.234416E+07  0.000000E+00  0.177263E+07
  0.145237E-03  0.177262E+07  0.177262E+07  0.234310E+07  0.234282E+07  0.000000E+00  0.177262E+07
  0.150160E-03  0.177261E+07  0.177261E+07  0.234168E+07  0.234138E+07  0.000000E+00  0.177261E+07
  0.155249E-03  0.177260E+07  0.177260E+07  0.234017E+07  0.233985E+07  0.000000E+00  0.177260E+07
  0.160511E-03  0.177259E+07  0.177258E+07  0.233855E+07  0.233821E+07  0.000000E+00  0.177259E+07
  0.165952E-03  0.177257E+07  0.177257E+07  0.233683E+07  0.233647E+07  0.000000E+00  0.177257E+07
  0.171577E-03  0.177256E+07  0.177256E+07  0.233499E+07  0.233460E+07  0.000000E+00  0.177256E+07
  0.177393E-03  0.177254E+07  0.177254E+07  0.233302E+07  0.233260E+07  0.000000E+00  0.177254E+07
  0.183405E-03  0.177253E+07  0.177252E+07  0.233091E+07  0.233047E+07  0.000000E+00  0.177252E+07
  0.189622E-03  0.177251E+07  0.177250E+07  0.232867E+07  0.232820E+07  0.000000E+00  0.177251E+07
  0.196049E-03  0.177249E+07  0.177249E+07  0.232627E+07  0.232577E+07  0.000000E+00  0.177249E+07
  0.202694E-03  0.177247E+07  0.177246E+07  0.232371E+07  0.232317E+07  0.000000E+00  0.177247E+07
  0.209565E-03  0.177244E+07  0.177244E+07  0.232097E+07  0.232040E+07  0.000000E+00  0.177244E+07
  0.216668E-03  0.177242E+07  0.177242E+07  0.231805E+07  0.231744E+07  0.000000E+00  0.177242E+07
  0.224012E-03  0.177240E+07  0.177239E+07  0.231494E+07  0.231428E+07  0.000000E+00  0.177240E+07
  0.231605E-03  0.177237E+07  0.177237E+07  0.231161E+07  0.231091E+07  0.000000E+00  0.177237E+07
  0.239455E-03  0.177234E+07  0.177234E+07  0.230806E+07  0.230731E+07  0.000000E+00  0.177234E+07
  0.247571E-03  0.177231E+07  0.177231E+07  0.230426E+07  0.230347E+07  0.000000E+00  0.177231E+07
  0.255963E-03  0.177228E+07  0.177227E+07  0.230022E+07  0.229937E+07  0.000000E+00  0.177228E+07
  0.264639E-03  0.177224E+07  0.177224E+07  0.229590E+07  0.229499E+07  0.000000E+00  0.177224E+07
  0.273609E-03  0.177220E+07  0.177220E+07  0.229129E+07  0.229033E+07  0.000000E+00  0.177220E+07
  0.282883E-03  0.177216E+07  0.177216E+07  0.228637E+07  0.228535E+07  0.000000E+00  0.177216E+07
  0.292471E-03  0.177212E+07  0.177212E+07  0.228113E+07  0.228003E+07  0.000000E+00  0.177212E+07
  0.302384E-03  0.177208E+07  0.177207E+07  0.227554E+07  0.227437E+07  0.000000E+00  0.177207E+07
  0.312634E-03  0.177203E+07  0.177202E+07  0.226957E+07  0.226833E+07  0.000000E+00  0.177203E+07
  0.323230E-03  0.177197E+07  0.177197E+07  0.226321E+07  0.226189E+07  0.000000E+00  0.177197E+07
  0.334186E-03  0.177192E+07  0.177191E+07  0.225643E+07  0.225502E+07  0.000000E+00  0.177192E+07
  0.345514E-03  0.177186E+07  0.177185E+07  0.224920E+07  0.224770E+07  0.000000E+00  0.177186E+07
  0.357225E-03  0.177180E+07  0.177179E+07  0.224150E+07  0.223990E+07  0.000000E+00  0.177179E+07
  0.369333E-03  0.177173E+07  0.177172E+07  0.223330E+07  0.223160E+07  0.000000E+00  0.177173E+07
  0.381852E-03  0.177165E+07  0.177164E+07  0.222456E+07  0.222275E+07  0.000000E+00  0.177165E+07
  0.394794E-03  0.177158E+07  0.177157E+07  0.221525E+07  0.221332E+07  0.000000E+00  0.177158E+07
  0.408176E-03  0.177149E+07  0.177148E+07  0.220534E+07  0.220329E+07  0.000000E+00  0.177149E+07
  0.422011E-03  0.177141E+07  0.177139E+07  0.219480E+07  0.219262E+07  0.000000E+00  0.177140E+07
  0.436315E-03  0.177131E+07  0.177130E+07  0.218358E+07  0.218126E+07  0.000000E+00  0.177131E+07
  0.451104E-03  0.177121E+07  0.177120E+07  0.217164E+07  0.216919E+07  0.000000E+00  0.177121E+07
  0.466395E-03  0.177110E+07  0.177109E+07  0.215895E+07  0.215634E+07  0.000000E+00  0.177110E+07
  0.482203E-03  0.177099E+07  0.177097E+07  0.214546E+07  0.214270E+07  0.000000E+00  0.177098E+07
  0.498547E-03  0.177086E+07  0.177085E+07  0.213113E+07  0.212820E+07  0.000000E+00  0.177086E+07
  0.515446E-03  0.177073E+07  0.177071E+07  0.211591E+07  0.211280E+07  0.000000E+00  0.177073E+07
  0.532917E-03  0.177059E+07  0.177057E+07  0.209976E+07  0.209646E+07  0.000000E+00  0.177059E+07
  0.550980E-03  0.177044E+07  0.177042E+07  0.208261E+07  0.207912E+07  0.000000E+00  0.177044E+07
  0.569656E-03  0.177028E+07  0.177026E+07  0.206443E+07  0.206074E+07  0.000000E+00  0.177028E+07
  0.588964E-03  0.177011E+07  0.177009E+07  0.204516E+07  0.204126E+07  0.000000E+00  0.177011E+07
  0.608927E-03  0.176993E+07  0.176990E+07  0.202475E+07  0.202063E+07  0.000000E+00  0.176993E+07
  0.629567E-03  0.176974E+07  0.176971E+07  0.200315E+07  0.199880E+07  0.000000E+00  0.176973E+07
  0.650906E-03  0.176953E+07  0.176950E+07  0.198029E+07  0.197570E+07  0.000000E+00  0.176952E+07
  0.672969E-03  0.176931E+07  0.176928E+07  0.195613E+07  0.195130E+07  0.000000E+00  0.176930E+07
  0.695779E-03  0.176907E+07  0.176904E+07  0.193061E+07  0.192553E+07  0.000000E+00  0.176907E+07
  0.719362E-03  0.176882E+07  0.176878E+07  0.190367E+07  0.189833E+07  0.000000E+00  0.176882E+07
  0.743745E-03  0.176855E+07  0.176851E+07  0.187528E+07  0.186967E+07  0.000000E+00  0.176855E+07
  0.768955E-03  0.176827E+07  0.176823E+07  0.184536E+07  0.183948E+07  0.000000E+00  0.176826E+07
  0.795018E-03  0.176796E+07  0.176792E+07  0.181388E+07  0.180773E+07  0.000000E+00  0.176796E+07
  0.821966E-03  0.176764E+07  0.176759E+07  0.178080E+07  0.177436E+07  0.000000E+00  0.176763E+07
  0.849826E-03  0.176729E+07  0.176724E+07  0.174606E+07  0.173935E+07  0.000000E+00  0.176728E+07
  0.878631E-03  0.176692E+07  0.176687E+07  0.170964E+07  0.170265E+07  0.000000E+00  0.176691E+07
  0.908413E-03  0.176653E+07  0.176647E+07  0.167151E+07  0.166424E+07  0.000000E+00  0.176652E+07
  0.939203E-03  0.176611E+07  0.176605E+07  0.163165E+07  0.162410E+07  0.000000E+00  0.176610E+07
  0.971038E-03  0.176566E+07  0.176560E+07  0.159004E+07  0.158222E+07  0.000000E+00  0.176566E+07
  0.100395E-02  0.176519E+07  0.176512E+07  0.154669E+07  0.153861E+07  0.000000E+00  0.176518E+07
  0.103798E-02  0.176469E+07  0.176461E+07  0.150160E+07  0.149328E+07  0.000000E+00  0.176468E+07
  0.107316E-02  0.176415E+07  0.176407E+07  0.145480E+07  0.144625E+07  0.000000E+00  0.176414E+07
  0.110954E-02  0.176358E+07  0.176350E+07  0.140634E+07  0.139757E+07  0.000000E+00  0.176357E+07
  0.114715E-02  0.176297E+07  0.176288E+07  0.135626E+07  0.134730E+07  0.000000E+00  0.176296E+07
  0.118603E-02  0.176233E+07  0.176223E+07  0.130464E+07  0.129553E+07  0.000000E+00  0.176232E+07
  0.122623E-02  0.176164E+07  0.176154E+07  0.125159E+07  0.124235E+07  0.000000E+00  0.176163E+07
  0.126779E-02  0.176092E+07  0.176081E+07  0.119723E+07  0.118789E+07  0.000000E+00  0.176090E+07
  0.131076E-02  0.176015E+07  0.176003E+07  0.114170E+07  0.113231E+07  0.000000E+00  0.176013E+07
  0.135519E-02  0.175933E+07  0.175920E+07  0.108516E+07  0.107577E+07  0.000000E+00  0.175931E+07
  0.140113E-02  0.175846E+07  0.175833E+07  0.102783E+07  0.101847E+07  0.000000E+00  0.175844E+07
  0.144862E-02  0.175754E+07  0.175740E+07  0.969924E+06  0.960659E+06  0.000000E+00  0.175752E+07
  0.149772E-02  0.175656E+07  0.175641E+07  0.911697E+06  0.902579E+06  0.000000E+00  0.175654E+07
  0.154848E-02  0.175553E+07  0.175537E+07  0.853433E+06  0.844517E+06  0.000000E+00  0.175551E+07
  0.160097E-02  0.175444E+07  0.175426E+07  0.795438E+06  0.786782E+06  0.000000E+00  0.175442E+07
  0.165524E-02  0.175328E+07  0.175310E+07  0.738046E+06  0.729705E+06  0.000000E+00  0.175326E+07
  0.171134E-02  0.175206E+07  0.175186E+07  0.681610E+06  0.673638E+06  0.000000E+00  0.175203E+07
  0.176935E-02  0.175077E+07  0.175056E+07  0.626500E+06  0.618947E+06  0.000000E+00  0.175074E+07
  0.182932E-02  0.174940E+07  0.174918E+07  0.573097E+06  0.566005E+06  0.000000E+00  0.174938E+07
  0.189132E-02  0.174796E+07  0.174772E+07  0.521787E+06  0.515190E+06  0.000000E+00  0.174793E+07
  0.195543E-02  0.174645E+07  0.174619E+07  0.472950E+06  0.466870E+06  0.000000E+00  0.174641E+07
  0.202171E-02  0.174485E+07  0.174457E+07  0.426952E+06  0.421394E+06  0.000000E+00  0.174481E+07
  0.209024E-02  0.174316E+07  0.174287E+07  0.384130E+06  0.379087E+06  0.000000E+00  0.174313E+07
  0.216108E-02  0.174139E+07  0.174108E+07  0.344785E+06  0.340228E+06  0.000000E+00  0.174135E+07
  0.223433E-02  0.173953E+07  0.173919E+07  0.309165E+06  0.305042E+06  0.000000E+00  0.173948E+07
  0.231007E-02  0.173757E+07  0.173721E+07  0.277451E+06  0.273691E+06  0.000000E+00  0.173752E+07
  0.238837E-02  0.173551E+07  0.173513E+07  0.249745E+06  0.246253E+06  0.000000E+00  0.173546E+07
  0.246932E-02  0.173335E+07  0.173294E+07  0.226058E+06  0.222717E+06  0.000000E+00  0.173330E+07
  0.255302E-02  0.173109E+07  0.173065E+07  0.206297E+06  0.202973E+06  0.000000E+00  0.173103E+07
  0.263955E-02  0.172872E+07  0.172825E+07  0.190264E+06  0.186810E+06  0.000000E+00  0.172866E+07
  0.272902E-02  0.172623E+07  0.172573E+07  0.177648E+06  0.173911E+06  0.000000E+00  0.172617E+07
  0.282152E-02  0.172363E+07  0.172310E+07  0.168035E+06  0.163863E+06  0.000000E+00  0.172357E+07
  0.291716E-02  0.172092E+07  0.172035E+07  0.160913E+06  0.156170E+06  0.000000E+00  0.172084E+07
  0.301604E-02  0.171808E+07  0.171747E+07  0.155693E+06  0.150270E+06  0.000000E+00  0.171800E+07
  0.311826E-02  0.171511E+07  0.171446E+07  0.151738E+06  0.145566E+06  0.000000E+00  0.171503E+07
  0.322396E-02  0.171201E+07  0.171132E+07  0.148394E+06  0.141459E+06  0.000000E+00  0.171193E+07
  0.333323E-02  0.170879E+07  0.170805E+07  0.145032E+06  0.137386E+06  0.000000E+00  0.170869E+07
  0.344622E-02  0.170542E+07  0.170463E+07  0.141094E+06  0.132864E+06  0.000000E+00  0.170532E+07
  0.356302E-02  0.170191E+07  0.170107E+07  0.136138E+06  0.127528E+06  0.000000E+00  0.170181E+07
  0.368380E-02  0.169826E+07  0.169736E+07  0.129878E+06  0.121169E+06  0.000000E+00  0.169815E+07
  0.380866E-02  0.169445E+07  0.169350E+07  0.122220E+06  0.113750E+06  0.000000E+00  0.169433E+07
  0.393775E-02  0.169050E+07  0.168948E+07  0.113276E+06  0.105421E+06  0.000000E+00  0.169037E+07
  0.407122E-02  0.168638E+07  0.168529E+07  0.103357E+06  0.964982E+05  0.000000E+00  0.168624E+07
  0.420922E-02  0.168210E+07  0.168094E+07  0.929497E+05  0.874303E+05  0.000000E+00  0.168195E+07
  0.435189E-02  0.167765E+07  0.167641E+07  0.826541E+05  0.787368E+05  0.000000E+00  0.167750E+07
  0.449940E-02  0.167303E+07  0.167171E+07  0.731074E+05  0.709315E+05  0.000000E+00  0.167286E+07
  0.465190E-02  0.166823E+07  0.166682E+07  0.648868E+05  0.644363E+05  0.000000E+00  0.166805E+07
  0.480958E-02  0.166324E+07  0.166174E+07  0.584117E+05  0.595007E+05  0.000000E+00  0.166306E+07
  0.497260E-02  0.165807E+07  0.165647E+07  0.538583E+05  0.561427E+05  0.000000E+00  0.165787E+07
  0.514115E-02  0.165271E+07  0.165100E+07  0.511101E+05  0.541279E+05  0.000000E+00  0.165249E+07
  0.531541E-02  0.164714E+07  0.164532E+07  0.497580E+05  0.529981E+05  0.000000E+00  0.164692E+07
  0.549557E-02  0.164138E+07  0.163943E+07  0.000000E+00  0.000000E+00  0.000000E+00  0.164113E+07
  0.568185E-02  0.163540E+07  0.163333E+07  0.000000E+00  0.000000E+00  0.000000E+00  0.163514E+07
  0.587443E-02  0.162921E+07  0.162700E+07  0.000000E+00  0.000000E+00  0.000000E+00  0.162894E+07
  0.607355E-02  0.162280E+07  0.162045E+07  0.000000E+00  0.000000E+00  0.000000E+00  0.162251E+07
  0.627942E-02  0.161617E+07  0.161366E+07  0.000000E+00  0.000000E+00  0.000000E+00  0.161586E+07
  0.649226E-02  0.160931E+07  0.160664E+07  0.000000E+00  0.000000E+00  0.000000E+00  0.160897E+07
  0.671231E-02  0.160221E+07  0.159936E+07  0.000000E+00  0.000000E+00  0.000000E+00  0.160185E+07
  0.693983E-02  0.159487E+07  0.159184E+07  0.000000E+00  0.000000E+00  0.000000E+00  0.159449E+07
  0.717505E-02  0.158728E+07  0.158405E+07  0.000000E+00  0.000000E+00  0.000000E+00  0.158688E+07
  0.741825E-02  0.157944E+07  0.157601E+07  0.000000E+00  0.000000E+00  0.000000E+00  0.157901E+07
  0.766969E-02  0.157134E+07  0.156769E+07  0.000000E+00  0.000000E+00  0.000000E+00  0.157089E+07
  0.792966E-02  0.156298E+07  0.155909E+07  0.000000E+00  0.000000E+00  0.000000E+00  0.156249E+07
  0.819844E-02  0.155435E+07  0.155021E+07  0.000000E+00  0.000000E+00  0.000000E+00  0.155383E+07
  0.847632E-02  0.154544E+07  0.154104E+07  0.000000E+00  0.000000E+00  0.000000E+00  0.154489E+07
  0.876363E-02  0.153625E+07  0.153157E+07  0.000000E+00  0.000000E+00  0.000000E+00  0.153566E+07
  0.906067E-02  0.152677E+07  0.152179E+07  0.000000E+00  0.000000E+00  0.000000E+00  0.152615E+07
  0.936778E-02  0.151700E+07  0.151171E+07  0.000000E+00  0.000000E+00  0.000000E+00  0.151634E+07
  0.968530E-02  0.150693E+07  0.150130E+07  0.000000E+00  0.000000E+00  0.000000E+00  0.150622E+07
  0.100136E-01  0.149655E+07  0.149057E+07  0.000000E+00  0.000000E+00  0.000000E+00  0.149580E+07
  0.103530E-01  0.148585E+07  0.147951E+07  0.000000E+00  0.000000E+00  0.000000E+00  0.148506E+07
  0.107039E-01  0.147484E+07  0.146811E+07  0.000000E+00  0.000000E+00  0.000000E+00  0.147400E+07
  0.110667E-01  0.146351E+07  0.145636E+07  0.000000E+00  0.000000E+00  0.000000E+00  0.146261E+07
  0.114418E-01  0.145184E+07  0.144426E+07  0.000000E+00  0.000000E+00  0.000000E+00  0.145089E+07
  0.118297E-01  0.143984E+07  0.143180E+07  0.000000E+00  0.000000E+00  0.000000E+00  0.143883E+07
  0.122306E-01  0.142749E+07  0.141897E+07  0.000000E+00  0.000000E+00  0.000000E+00  0.142642E+07
  0.126452E-01  0.141479E+07  0.140576E+07  0.000000E+00  0.000000E+00  0.000000E+00  0.141366E+07
  0.130738E-01  0.140174E+07  0.139218E+07  0.000000E+00  0.000000E+00  0.000000E+00  0.140055E+07
  0.135169E-01  0.138833E+07  0.137821E+07  0.000000E+00  0.000000E+00  0.000000E+00  0.138706E+07
  0.139751E-01  0.137455E+07  0.136384E+07  0.000000E+00  0.000000E+00  0.000000E+00  0.137321E+07
  0.144488E-01  0.136040E+07  0.134908E+07  0.000000E+00  0.000000E+00  0.000000E+00  0.135899E+07
  0.149385E-01  0.134588E+07  0.133392E+07  0.000000E+00  0.000000E+00  0.000000E+00  0.134438E+07
  0.154449E-01  0.133097E+07  0.131834E+07  0.000000E+00  0.000000E+00  0.000000E+00  0.132939E+07
  0.159684E-01  0.131568E+07  0.130235E+07  0.000000E+00  0.000000E+00  0.000000E+00  0.131401E+07
  0.165096E-01  0.130000E+07  0.128595E+07  0.000000E+00  0.000000E+00  0.000000E+00  0.129824E+07
  0.170692E-01  0.128393E+07  0.126913E+07  0.000000E+00  0.000000E+00  0.000000E+00  0.128208E+07
  0.176478E-01  0.126747E+07  0.125188E+07  0.000000E+00  0.000000E+00  0.000000E+00  0.126552E+07
  0.182460E-01  0.125061E+07  0.123422E+07  0.000000E+00  0.000000E+00  0.000000E+00  0.124856E+07
  0.188644E-01  0.123336E+07  0.121614E+07  0.000000E+00  0.000000E+00  0.000000E+00  0.123121E+07
  0.195038E-01  0.121572E+07  0.119765E+07  0.000000E+00  0.000000E+00  0.000000E+00  0.121346E+07
  0.201649E-01  0.119770E+07  0.117874E+07  0.000000E+00  0.000000E+00  0.000000E+00  0.119533E+07
  0.208484E-01  0.117928E+07  0.115943E+07  0.000000E+00  0.000000E+00  0.000000E+00  0.117680E+07
  0.215550E-01  0.116049E+07  0.113972E+07  0.000000E+00  0.000000E+00  0.000000E+00  0.115789E+07
  0.222857E-01  0.114133E+07  0.111964E+07  0.000000E+00  0.000000E+00  0.000000E+00  0.113862E+07
  0.230410E-01  0.112181E+07  0.109918E+07  0.000000E+00  0.000000E+00  0.000000E+00  0.111898E+07
  0.238220E-01  0.110194E+07  0.107837E+07  0.000000E+00  0.000000E+00  0.000000E+00  0.109899E+07
  0.246295E-01  0.108174E+07  0.105724E+07  0.000000E+00  0.000000E+00  0.000000E+00  0.107868E+07
  0.254643E-01  0.106123E+07  0.103579E+07  0.000000E+00  0.000000E+00  0.000000E+00  0.105805E+07
  0.263274E-01  0.104043E+07  0.101408E+07  0.000000E+00  0.000000E+00  0.000000E+00  0.103713E+07
  0.272198E-01  0.101936E+07  0.992112E+06  0.000000E+00  0.000000E+00  0.000000E+00  0.101595E+07
  0.281424E-01  0.998051E+06  0.969942E+06  0.000000E+00  0.000000E+00  0.000000E+00  0.994538E+06
  0.290963E-01  0.976541E+06  0.947607E+06  0.000000E+00  0.000000E+00  0.000000E+00  0.972924E+06
  0.300825E-01  0.954862E+06  0.925153E+06  0.000000E+00  0.000000E+00  0.000000E+00  0.951148E+06
  0.311021E-01  0.933054E+06  0.902630E+06  0.000000E+00  0.000000E+00  0.000000E+00  0.929251E+06
  0.321564E-01  0.911163E+06  0.880095E+06  0.000000E+00  0.000000E+00  0.000000E+00  0.907279E+06
  0.332463E-01  0.889235E+06  0.857606E+06  0.000000E+00  0.000000E+00  0.000000E+00  0.885282E+06
  0.343732E-01  0.870173E+06  0.838073E+06  0.000000E+00  0.000000E+00  0.000000E+00  0.866160E+06
  0.355383E-01  0.848450E+06  0.815989E+06  0.000000E+00  0.000000E+00  0.000000E+00  0.844392E+06
  0.367428E-01  0.826858E+06  0.794156E+06  0.000000E+00  0.000000E+00  0.000000E+00  0.822770E+06
  0.379883E-01  0.805457E+06  0.772644E+06  0.000000E+00  0.000000E+00  0.000000E+00  0.801356E+06
  0.392759E-01  0.784309E+06  0.751526E+06  0.000000E+00  0.000000E+00  0.000000E+00  0.780211E+06
  0.406071E-01  0.763473E+06  0.730871E+06  0.000000E+00  0.000000E+00  0.000000E+00  0.759398E+06
  0.419835E-01  0.742802E+06  0.710538E+06  0.000000E+00  0.000000E+00  0.000000E+00  0.738769E+06
  0.434065E-01  0.720683E+06  0.688921E+06  0.000000E+00  0.000000E+00  0.000000E+00  0.716712E+06
  0.448778E-01  0.700821E+06  0.669727E+06  0.000000E+00  0.000000E+00  0.000000E+00  0.696934E+06
  0.463990E-01  0.681490E+06  0.651231E+06  0.000000E+00  0.000000E+00  0.000000E+00  0.677708E+06
  0.479716E-01  0.662742E+06  0.633478E+06  0.000000E+00  0.000000E+00  0.000000E+00  0.659084E+06
  0.495977E-01  0.644614E+06  0.616500E+06  0.000000E+00  0.000000E+00  0.000000E+00  0.641100E+06
  0.512787E-01  0.627131E+06  0.600306E+06  0.000000E+00  0.000000E+00  0.000000E+00  0.623778E+06
  0.530169E-01  0.611419E+06  0.586003E+06  0.000000E+00  0.000000E+00  0.000000E+00  0.608242E+06
  0.548139E-01  0.595199E+06  0.571290E+06  0.000000E+00  0.000000E+00  0.000000E+00  0.592210E+06
  0.566718E-01  0.579556E+06  0.557222E+06  0.000000E+00  0.000000E+00  0.000000E+00  0.576764E+06
  0.585927E-01  0.564438E+06  0.543713E+06  0.000000E+00  0.000000E+00  0.000000E+00  0.561847E+06
  0.605787E-01  0.549754E+06  0.530634E+06  0.000000E+00  0.000000E+00  0.000000E+00  0.547364E+06
  0.626320E-01  0.534724E+06  0.517163E+06  0.000000E+00  0.000000E+00  0.000000E+00  0.532529E+06
  0.647549E-01  0.520696E+06  0.504607E+06  0.000000E+00  0.000000E+00  0.000000E+00  0.518685E+06
  0.669498E-01  0.506859E+06  0.492111E+06  0.000000E+00  0.000000E+00  0.000000E+00  0.505016E+06
  0.692191E-01  0.493131E+06  0.479552E+06  0.000000E+00  0.000000E+00  0.000000E+00  0.491434E+06
  0.715653E-01  0.479633E+06  0.467019E+06  0.000000E+00  0.000000E+00  0.000000E+00  0.478056E+06
  0.739910E-01  0.465858E+06  0.453977E+06  0.000000E+00  0.000000E+00  0.000000E+00  0.464373E+06
  0.764989E-01  0.451945E+06  0.440549E+06  0.000000E+00  0.000000E+00  0.000000E+00  0.450520E+06
  0.790918E-01  0.437821E+06  0.426660E+06  0.000000E+00  0.000000E+00  0.000000E+00  0.436426E+06
  0.817727E-01  0.423447E+06  0.412285E+06  0.000000E+00  0.000000E+00  0.000000E+00  0.422052E+06
  0.845444E-01  0.408838E+06  0.397467E+06  0.000000E+00  0.000000E+00  0.000000E+00  0.407416E+06
  0.874100E-01  0.394066E+06  0.382327E+06  0.000000E+00  0.000000E+00  0.000000E+00  0.392598E+06
  0.903728E-01  0.379252E+06  0.367048E+06  0.000000E+00  0.000000E+00  0.000000E+00  0.377726E+06
  0.934360E-01  0.364541E+06  0.351847E+06  0.000000E+00  0.000000E+00  0.000000E+00  0.362954E+06
  0.966031E-01  0.350085E+06  0.336958E+06  0.000000E+00  0.000000E+00  0.000000E+00  0.348444E+06
  0.998774E-01  0.336042E+06  0.322615E+06  0.000000E+00  0.000000E+00  0.000000E+00  0.334364E+06
  0.103263E+00  0.322576E+06  0.309054E+06  0.000000E+00  0.000000E+00  0.000000E+00  0.320886E+06
  0.106763E+00  0.309854E+06  0.296491E+06  0.000000E+00  0.000000E+00  0.000000E+00  0.308184E+06
  0.110382E+00  0.298018E+06  0.285093E+06  0.000000E+00  0.000000E+00  0.000000E+00  0.296402E+06
  0.114123E+00  0.287147E+06  0.274931E+06  0.000000E+00  0.000000E+00  0.000000E+00  0.285620E+06
  0.117991E+00  0.277228E+06  0.265946E+06  0.000000E+00  0.000000E+00  0.000000E+00  0.275818E+06
  0.121990E+00  0.268136E+06  0.257936E+06  0.000000E+00  0.000000E+00  0.000000E+00  0.266861E+06
  0.126125E+00  0.259635E+06  0.250559E+06  0.000000E+00  0.000000E+00  0.000000E+00  0.258500E+06
  0.130400E+00  0.251425E+06  0.243398E+06  0.000000E+00  0.000000E+00  0.000000E+00  0.250421E+06
  0.134820E+00  0.243220E+06  0.236060E+06  0.000000E+00  0.000000E+00  0.000000E+00  0.242325E+06
  0.139390E+00  0.234822E+06  0.228259E+06  0.000000E+00  0.000000E+00  0.000000E+00  0.234001E+06
  0.144115E+00  0.226117E+06  0.219843E+06  0.000000E+00  0.000000E+00  0.000000E+00  0.225333E+06
  0.148999E+00  0.217063E+06  0.210787E+06  0.000000E+00  0.000000E+00  0.000000E+00  0.216278E+06
  0.154050E+00  0.207720E+06  0.201225E+06  0.000000E+00  0.000000E+00  0.000000E+00  0.206908E+06
  0.159272E+00  0.198295E+06  0.191486E+06  0.000000E+00  0.000000E+00  0.000000E+00  0.197444E+06
  0.164670E+00  0.189106E+06  0.182027E+06  0.000000E+00  0.000000E+00  0.000000E+00  0.188221E+06
  0.170252E+00  0.180478E+06  0.173303E+06  0.000000E+00  0.000000E+00  0.000000E+00  0.179581E+06
  0.176022E+00  0.172641E+06  0.165628E+06  0.000000E+00  0.000000E+00  0.000000E+00  0.171765E+06
  0.181989E+00  0.165661E+06  0.159073E+06  0.000000E+00  0.000000E+00  0.000000E+00  0.164837E+06
  0.188157E+00  0.159427E+06  0.153459E+06  0.000000E+00  0.000000E+00  0.000000E+00  0.158681E+06
  0.194535E+00  0.153708E+06  0.148422E+06  0.000000E+00  0.000000E+00  0.000000E+00  0.153047E+06
  0.201128E+00  0.148180E+06  0.143486E+06  0.000000E+00  0.000000E+00  0.000000E+00  0.147593E+06
  0.207946E+00  0.142510E+06  0.138201E+06  0.000000E+00  0.000000E+00  0.000000E+00  0.141972E+06
  0.214994E+00  0.136518E+06  0.132343E+06  0.000000E+00  0.000000E+00  0.000000E+00  0.135996E+06
  0.222281E+00  0.130249E+06  0.126013E+06  0.000000E+00  0.000000E+00  0.000000E+00  0.129719E+06
  0.229815E+00  0.123967E+06  0.119603E+06  0.000000E+00  0.000000E+00  0.000000E+00  0.123422E+06
  0.237605E+00  0.118013E+06  0.113602E+06  0.000000E+00  0.000000E+00  0.000000E+00  0.117462E+06
  0.245659E+00  0.112637E+06  0.108355E+06  0.000000E+00  0.000000E+00  0.000000E+00  0.112102E+06
  0.253985E+00  0.107885E+06  0.103908E+06  0.000000E+00  0.000000E+00  0.000000E+00  0.107388E+06
  0.262594E+00  0.103588E+06  0.100001E+06  0.000000E+00  0.000000E+00  0.000000E+00  0.103140E+06
  0.271495E+00  0.994461E+05  0.961948E+05  0.000000E+00  0.000000E+00  0.000000E+00  0.990397E+05
  0.280697E+00  0.951910E+05  0.921294E+05  0.000000E+00  0.000000E+00  0.000000E+00  0.948083E+05
  0.290211E+00  0.907790E+05  0.877619E+05  0.000000E+00  0.000000E+00  0.000000E+00  0.904019E+05
  0.300048E+00  0.863676E+05  0.833405E+05  0.000000E+00  0.000000E+00  0.000000E+00  0.859892E+05
  0.310218E+00  0.822082E+05  0.792287E+05  0.000000E+00  0.000000E+00  0.000000E+00  0.818358E+05
  0.320733E+00  0.784738E+05  0.756508E+05  0.000000E+00  0.000000E+00  0.000000E+00  0.781209E+05
  0.331605E+00  0.750830E+05  0.724822E+05  0.000000E+00  0.000000E+00  0.000000E+00  0.747579E+05
  0.342844E+00  0.718254E+05  0.694195E+05  0.000000E+00  0.000000E+00  0.000000E+00  0.715247E+05
  0.354465E+00  0.685374E+05  0.662407E+05  0.000000E+00  0.000000E+00  0.000000E+00  0.682503E+05
  0.366480E+00  0.652341E+05  0.629847E+05  0.000000E+00  0.000000E+00  0.000000E+00  0.649529E+05
  0.378902E+00  0.620714E+05  0.598802E+05  0.000000E+00  0.000000E+00  0.000000E+00  0.617975E+05
  0.391745E+00  0.591635E+05  0.570840E+05  0.000000E+00  0.000000E+00  0.000000E+00  0.589036E+05
  0.405023E+00  0.564719E+05  0.545309E+05  0.000000E+00  0.000000E+00  0.000000E+00  0.562293E+05
  0.418751E+00  0.538614E+05  0.520315E+05  0.000000E+00  0.000000E+00  0.000000E+00  0.536327E+05
  0.432945E+00  0.512738E+05  0.495131E+05  0.000000E+00  0.000000E+00  0.000000E+00  0.510537E+05
  0.447619E+00  0.487749E+05  0.470760E+05  0.000000E+00  0.000000E+00  0.000000E+00  0.485626E+05
  0.462792E+00  0.464390E+05  0.448242E+05  0.000000E+00  0.000000E+00  0.000000E+00  0.462372E+05
  0.478478E+00  0.442443E+05  0.427232E+05  0.000000E+00  0.000000E+00  0.000000E+00  0.440542E+05
  0.494696E+00  0.421230E+05  0.406781E+05  0.000000E+00  0.000000E+00  0.000000E+00  0.419424E+05
  0.511464E+00  0.400620E+05  0.386774E+05  0.000000E+00  0.000000E+00  0.000000E+00  0.398889E+05
  0.528800E+00  0.381044E+05  0.367842E+05  0.000000E+00  0.000000E+00  0.000000E+00  0.379394E+05
  0.546723E+00  0.362576E+05  0.350077E+05  0.000000E+00  0.000000E+00  0.000000E+00  0.361013E+05
  0.565255E+00  0.344880E+05  0.333011E+05  0.000000E+00  0.000000E+00  0.000000E+00  0.343396E+05
  0.584414E+00  0.327855E+05  0.316534E+05  0.000000E+00  0.000000E+00  0.000000E+00  0.326440E+05
  0.604223E+00  0.311663E+05  0.300898E+05  0.000000E+00  0.000000E+00  0.000000E+00  0.310317E+05
  0.624703E+00  0.296286E+05  0.286075E+05  0.000000E+00  0.000000E+00  0.000000E+00  0.295010E+05
  0.645878E+00  0.281568E+05  0.271859E+05  0.000000E+00  0.000000E+00  0.000000E+00  0.280354E+05
  0.667769E+00  0.267516E+05  0.258283E+05  0.000000E+00  0.000000E+00  0.000000E+00  0.266362E+05
  0.690404E+00  0.254156E+05  0.245392E+05  0.000000E+00  0.000000E+00  0.000000E+00  0.253060E+05
  0.713805E+00  0.241415E+05  0.233091E+05  0.000000E+00  0.000000E+00  0.000000E+00  0.240374E+05
  0.738000E+00  0.229262E+05  0.221355E+05  0.000000E+00  0.000000E+00  0.000000E+00  0.228274E+05
  0.763015E+00  0.217696E+05  0.210190E+05  0.000000E+00  0.000000E+00  0.000000E+00  0.216758E+05
  0.788877E+00  0.206680E+05  0.199553E+05  0.000000E+00  0.000000E+00  0.000000E+00  0.205789E+05
  0.815616E+00  0.196186E+05  0.189421E+05  0.000000E+00  0.000000E+00  0.000000E+00  0.195340E+05
  0.843261E+00  0.186198E+05  0.179778E+05  0.000000E+00  0.000000E+00  0.000000E+00  0.185395E+05
  0.871844E+00  0.176690E+05  0.170598E+05  0.000000E+00  0.000000E+00  0.000000E+00  0.175929E+05
  0.901395E+00  0.167644E+05  0.161864E+05  0.000000E+00  0.000000E+00  0.000000E+00  0.166921E+05
  0.931948E+00  0.159036E+05  0.153553E+05  0.000000E+00  0.000000E+00  0.000000E+00  0.158351E+05
  0.963536E+00  0.150850E+05  0.145649E+05  0.000000E+00  0.000000E+00  0.000000E+00  0.150200E+05
  0.996195E+00  0.143065E+05  0.138133E+05  0.000000E+00  0.000000E+00  0.000000E+00  0.142448E+05
  0.102996E+01  0.135662E+05  0.130986E+05  0.000000E+00  0.000000E+00  0.000000E+00  0.135078E+05
  0.106487E+01  0.128624E+05  0.124190E+05  0.000000E+00  0.000000E+00  0.000000E+00  0.128070E+05
  0.110097E+01  0.121935E+05  0.117731E+05  0.000000E+00  0.000000E+00  0.000000E+00  0.121409E+05
  0.113828E+01  0.115577E+05  0.111593E+05  0.000000E+00  0.000000E+00  0.000000E+00  0.115079E+05
  0.117687E+01  0.109536E+05  0.105761E+05  0.000000E+00  0.000000E+00  0.000000E+00  0.109064E+05
  0.121676E+01  0.103798E+05  0.100221E+05  0.000000E+00  0.000000E+00  0.000000E+00  0.103351E+05
  0.125800E+01  0.983482E+04  0.949585E+04  0.000000E+00  0.000000E+00  0.000000E+00  0.979245E+04
  0.130064E+01  0.931727E+04  0.899614E+04  0.000000E+00  0.000000E+00  0.000000E+00  0.927713E+04
  0.134472E+01  0.882585E+04  0.852167E+04  0.000000E+00  0.000000E+00  0.000000E+00  0.878783E+04
  0.139030E+01  0.835933E+04  0.807123E+04  0.000000E+00  0.000000E+00  0.000000E+00  0.832332E+04
  0.143743E+01  0.791653E+04  0.764369E+04  0.000000E+00  0.000000E+00  0.000000E+00  0.788243E+04
  0.148615E+01  0.749629E+04  0.723794E+04  0.000000E+00  0.000000E+00  0.000000E+00  0.746400E+04
  0.153652E+01  0.709750E+04  0.685290E+04  0.000000E+00  0.000000E+00  0.000000E+00  0.706692E+04
  0.158860E+01  0.671917E+04  0.648761E+04  0.000000E+00  0.000000E+00  0.000000E+00  0.669022E+04
  0.164245E+01  0.636026E+04  0.614107E+04  0.000000E+00  0.000000E+00  0.000000E+00  0.633286E+04
  0.169812E+01  0.601989E+04  0.581243E+04  0.000000E+00  0.000000E+00  0.000000E+00  0.599396E+04
  0.175568E+01  0.569712E+04  0.550079E+04  0.000000E+00  0.000000E+00  0.000000E+00  0.567258E+04
  0.181519E+01  0.539106E+04  0.520528E+04  0.000000E+00  0.000000E+00  0.000000E+00  0.536784E+04
  0.187671E+01  0.510090E+04  0.492512E+04  0.000000E+00  0.000000E+00  0.000000E+00  0.507893E+04
  0.194032E+01  0.482586E+04  0.465956E+04  0.000000E+00  0.000000E+00  0.000000E+00  0.480507E+04
  0.200609E+01  0.456518E+04  0.440786E+04  0.000000E+00  0.000000E+00  0.000000E+00  0.454552E+04
  0.207409E+01  0.431812E+04  0.416932E+04  0.000000E+00  0.000000E+00  0.000000E+00  0.429952E+04
  0.214439E+01  0.408403E+04  0.394330E+04  0.000000E+00  0.000000E+00  0.000000E+00  0.406644E+04
  0.221707E+01  0.386226E+04  0.372917E+04  0.000000E+00  0.000000E+00  0.000000E+00  0.384562E+04
  0.229222E+01  0.365218E+04  0.352633E+04  0.000000E+00  0.000000E+00  0.000000E+00  0.363645E+04
  0.236992E+01  0.345320E+04  0.333420E+04  0.000000E+00  0.000000E+00  0.000000E+00  0.343832E+04
  0.245024E+01  0.326476E+04  0.315225E+04  0.000000E+00  0.000000E+00  0.000000E+00  0.325069E+04
  0.253330E+01  0.308630E+04  0.297995E+04  0.000000E+00  0.000000E+00  0.000000E+00  0.307300E+04
  0.261916E+01  0.291733E+04  0.281680E+04  0.000000E+00  0.000000E+00  0.000000E+00  0.290476E+04
  0.270794E+01  0.275736E+04  0.266234E+04  0.000000E+00  0.000000E+00  0.000000E+00  0.274548E+04
  0.279972E+01  0.260593E+04  0.251613E+04  0.000000E+00  0.000000E+00  0.000000E+00  0.259471E+04
  0.289462E+01  0.246261E+04  0.237775E+04  0.000000E+00  0.000000E+00  0.000000E+00  0.245200E+04
  0.299273E+01  0.232698E+04  0.224679E+04  0.000000E+00  0.000000E+00  0.000000E+00  0.231695E+04
  0.309418E+01  0.219862E+04  0.212285E+04  0.000000E+00  0.000000E+00  0.000000E+00  0.218914E+04
  0.319905E+01  0.207716E+04  0.200558E+04  0.000000E+00  0.000000E+00  0.000000E+00  0.206821E+04
  0.330748E+01  0.196225E+04  0.189463E+04  0.000000E+00  0.000000E+00  0.000000E+00  0.195380E+04
  0.341959E+01  0.185355E+04  0.178967E+04  0.000000E+00  0.000000E+00  0.000000E+00  0.184557E+04
  0.353550E+01  0.175074E+04  0.169040E+04  0.000000E+00  0.000000E+00  0.000000E+00  0.174320E+04
  0.365534E+01  0.165349E+04  0.159651E+04  0.000000E+00  0.000000E+00  0.000000E+00  0.164637E+04
  0.377923E+01  0.156153E+04  0.150771E+04  0.000000E+00  0.000000E+00  0.000000E+00  0.155480E+04
  0.390733E+01  0.147457E+04  0.142374E+04  0.000000E+00  0.000000E+00  0.000000E+00  0.146821E+04
  0.403977E+01  0.139234E+04  0.134435E+04  0.000000E+00  0.000000E+00  0.000000E+00  0.138634E+04
  0.417670E+01  0.131460E+04  0.126929E+04  0.000000E+00  0.000000E+00  0.000000E+00  0.130893E+04
  0.431827E+01  0.124111E+04  0.119833E+04  0.000000E+00  0.000000E+00  0.000000E+00  0.123576E+04
  0.446464E+01  0.117164E+04  0.113126E+04  0.000000E+00  0.000000E+00  0.000000E+00  0.116660E+04
  0.461597E+01  0.110599E+04  0.106786E+04  0.000000E+00  0.000000E+00  0.000000E+00  0.110122E+04
  0.477243E+01  0.104393E+04  0.100794E+04  0.000000E+00  0.000000E+00  0.000000E+00  0.103943E+04
  0.493419E+01  0.985290E+03  0.951323E+03  0.000000E+00  0.000000E+00  0.000000E+00  0.981044E+03
  0.510143E+01  0.929881E+03  0.897822E+03  0.000000E+00  0.000000E+00  0.000000E+00  0.925874E+03
  0.527435E+01  0.877528E+03  0.847272E+03  0.000000E+00  0.000000E+00  0.000000E+00  0.873746E+03
  0.545312E+01  0.828066E+03  0.799514E+03  0.000000E+00  0.000000E+00  0.000000E+00  0.824497E+03
  0.563796E+01  0.781339E+03  0.754397E+03  0.000000E+00  0.000000E+00  0.000000E+00  0.777972E+03
  0.582905E+01  0.737203E+03  0.711781E+03  0.000000E+00  0.000000E+00  0.000000E+00  0.734025E+03
  0.602663E+01  0.695516E+03  0.671529E+03  0.000000E+00  0.000000E+00  0.000000E+00  0.692517E+03
  0.623090E+01  0.656142E+03  0.633511E+03  0.000000E+00  0.000000E+00  0.000000E+00  0.653313E+03
  0.644210E+01  0.618958E+03  0.597607E+03  0.000000E+00  0.000000E+00  0.000000E+00  0.616289E+03
  0.666046E+01  0.583846E+03  0.563705E+03  0.000000E+00  0.000000E+00  0.000000E+00  0.581328E+03
  0.688622E+01  0.550693E+03  0.531694E+03  0.000000E+00  0.000000E+00  0.000000E+00  0.548318E+03
  0.711962E+01  0.519391E+03  0.501470E+03  0.000000E+00  0.000000E+00  0.000000E+00  0.517151E+03
  0.736094E+01  0.489838E+03  0.472935E+03  0.000000E+00  0.000000E+00  0.000000E+00  0.487725E+03
  0.761044E+01  0.461940E+03  0.445997E+03  0.000000E+00  0.000000E+00  0.000000E+00  0.459947E+03
  0.786840E+01  0.435606E+03  0.420570E+03  0.000000E+00  0.000000E+00  0.000000E+00  0.433727E+03
  0.813510E+01  0.410750E+03  0.396570E+03  0.000000E+00  0.000000E+00  0.000000E+00  0.408978E+03
  0.841084E+01  0.387289E+03  0.373917E+03  0.000000E+00  0.000000E+00  0.000000E+00  0.385617E+03
  0.869593E+01  0.365148E+03  0.352538E+03  0.000000E+00  0.000000E+00  0.000000E+00  0.363572E+03
  0.899068E+01  0.344255E+03  0.332364E+03  0.000000E+00  0.000000E+00  0.000000E+00  0.342769E+03
  0.929542E+01  0.324539E+03  0.313327E+03  0.000000E+00  0.000000E+00  0.000000E+00  0.323137E+03
  0.961048E+01  0.305935E+03  0.295364E+03  0.000000E+00  0.000000E+00  0.000000E+00  0.304614E+03
  0.993624E+01  0.288383E+03  0.278416E+03  0.000000E+00  0.000000E+00  0.000000E+00  0.287137E+03
  0.102730E+02  0.271824E+03  0.262427E+03  0.000000E+00  0.000000E+00  0.000000E+00  0.270649E+03
  0.106212E+02  0.256201E+03  0.247342E+03  0.000000E+00  0.000000E+00  0.000000E+00  0.255094E+03
  0.109812E+02  0.241465E+03  0.233113E+03  0.000000E+00  0.000000E+00  0.000000E+00  0.240421E+03
  0.113534E+02  0.227564E+03  0.219691E+03  0.000000E+00  0.000000E+00  0.000000E+00  0.226580E+03
  0.117383E+02  0.214454E+03  0.207032E+03  0.000000E+00  0.000000E+00  0.000000E+00  0.213526E+03
  0.121361E+02  0.202088E+03  0.195091E+03  0.000000E+00  0.000000E+00  0.000000E+00  0.201213E+03
  0.125475E+02  0.190426E+03  0.183831E+03  0.000000E+00  0.000000E+00  0.000000E+00  0.189601E+03
  0.129728E+02  0.179428E+03  0.173211E+03  0.000000E+00  0.000000E+00  0.000000E+00  0.178651E+03
  0.134125E+02  0.169057E+03  0.163198E+03  0.000000E+00  0.000000E+00  0.000000E+00  0.168325E+03
  0.138671E+02  0.159279E+03  0.153756E+03  0.000000E+00  0.000000E+00  0.000000E+00  0.158588E+03
  0.143372E+02  0.150058E+03  0.144853E+03  0.000000E+00  0.000000E+00  0.000000E+00  0.149408E+03
  0.148231E+02  0.141366E+03  0.136459E+03  0.000000E+00  0.000000E+00  0.000000E+00  0.140752E+03
  0.153256E+02  0.133170E+03  0.128546E+03  0.000000E+00  0.000000E+00  0.000000E+00  0.132592E+03
  0.158450E+02  0.125444E+03  0.121086E+03  0.000000E+00  0.000000E+00  0.000000E+00  0.124900E+03
  0.163821E+02  0.118161E+03  0.114053E+03  0.000000E+00  0.000000E+00  0.000000E+00  0.117648E+03
  0.169373E+02  0.111297E+03  0.107424E+03  0.000000E+00  0.000000E+00  0.000000E+00  0.110812E+03
  0.175115E+02  0.104826E+03  0.101176E+03  0.000000E+00  0.000000E+00  0.000000E+00  0.104369E+03
  0.181050E+02  0.987270E+02  0.952873E+02  0.000000E+00  0.000000E+00  0.000000E+00  0.982970E+02
  0.187187E+02  0.929789E+02  0.897369E+02  0.000000E+00  0.000000E+00  0.000000E+00  0.925736E+02
  0.193531E+02  0.875619E+02  0.845062E+02  0.000000E+00  0.000000E+00  0.000000E+00  0.871800E+02
  0.200091E+02  0.824571E+02  0.795769E+02  0.000000E+00  0.000000E+00  0.000000E+00  0.820971E+02
  0.206873E+02  0.776466E+02  0.749318E+02  0.000000E+00  0.000000E+00  0.000000E+00  0.773073E+02
  0.213885E+02  0.731139E+02  0.705549E+02  0.000000E+00  0.000000E+00  0.000000E+00  0.727940E+02
  0.221135E+02  0.688429E+02  0.664307E+02  0.000000E+00  0.000000E+00  0.000000E+00  0.685414E+02
  0.228630E+02  0.648188E+02  0.625450E+02  0.000000E+00  0.000000E+00  0.000000E+00  0.645346E+02
  0.236380E+02  0.610275E+02  0.588840E+02  0.000000E+00  0.000000E+00  0.000000E+00  0.607595E+02
  0.244392E+02  0.574556E+02  0.554348E+02  0.000000E+00  0.000000E+00  0.000000E+00  0.572030E+02
  0.252676E+02  0.540907E+02  0.521855E+02  0.000000E+00  0.000000E+00  0.000000E+00  0.538526E+02
  0.261240E+02  0.509210E+02  0.491247E+02  0.000000E+00  0.000000E+00  0.000000E+00  0.506965E+02
  0.270095E+02  0.479352E+02  0.462414E+02  0.000000E+00  0.000000E+00  0.000000E+00  0.477234E+02
  0.279250E+02  0.451227E+02  0.435256E+02  0.000000E+00  0.000000E+00  0.000000E+00  0.449231E+02
  0.288715E+02  0.424737E+02  0.409675E+02  0.000000E+00  0.000000E+00  0.000000E+00  0.422854E+02
  0.298501E+02  0.399787E+02  0.385582E+02  0.000000E+00  0.000000E+00  0.000000E+00  0.398011E+02
  0.308619E+02  0.376288E+02  0.362890E+02  0.000000E+00  0.000000E+00  0.000000E+00  0.374614E+02
  0.319079E+02  0.354159E+02  0.341519E+02  0.000000E+00  0.000000E+00  0.000000E+00  0.352579E+02
  0.329895E+02  0.333318E+02  0.321394E+02  0.000000E+00  0.000000E+00  0.000000E+00  0.331827E+02
  0.341076E+02  0.313693E+02  0.302442E+02  0.000000E+00  0.000000E+00  0.000000E+00  0.312286E+02
  0.352637E+02  0.295212E+02  0.284595E+02  0.000000E+00  0.000000E+00  0.000000E+00  0.293885E+02
  0.364590E+02  0.277811E+02  0.267790E+02  0.000000E+00  0.000000E+00  0.000000E+00  0.276558E+02
  0.376948E+02  0.261425E+02  0.251966E+02  0.000000E+00  0.000000E+00  0.000000E+00  0.260243E+02
  0.389725E+02  0.245998E+02  0.237068E+02  0.000000E+00  0.000000E+00  0.000000E+00  0.244882E+02
  0.402934E+02  0.231474E+02  0.223041E+02  0.000000E+00  0.000000E+00  0.000000E+00  0.230420E+02
  0.416592E+02  0.217799E+02  0.209834E+02  0.000000E+00  0.000000E+00  0.000000E+00  0.216803E+02
  0.430712E+02  0.204925E+02  0.197401E+02  0.000000E+00  0.000000E+00  0.000000E+00  0.203985E+02
  0.445311E+02  0.192806E+02  0.185696E+02  0.000000E+00  0.000000E+00  0.000000E+00  0.191917E+02
  0.460405E+02  0.181397E+02  0.174678E+02  0.000000E+00  0.000000E+00  0.000000E+00  0.180557E+02
  0.476011E+02  0.170658E+02  0.164306E+02  0.000000E+00  0.000000E+00  0.000000E+00  0.169864E+02
  0.492145E+02  0.160548E+02  0.154542E+02  0.000000E+00  0.000000E+00  0.000000E+00  0.159797E+02
  0.508826E+02  0.151033E+02  0.145352E+02  0.000000E+00  0.000000E+00  0.000000E+00  0.150323E+02
  0.526073E+02  0.142077E+02  0.136702E+02  0.000000E+00  0.000000E+00  0.000000E+00  0.141405E+02
  0.543904E+02  0.133648E+02  0.128560E+02  0.000000E+00  0.000000E+00  0.000000E+00  0.133012E+02
  0.562340E+02  0.125714E+02  0.120898E+02  0.000000E+00  0.000000E+00  0.000000E+00  0.125112E+02
  0.581401E+02  0.118248E+02  0.113686E+02  0.000000E+00  0.000000E+00  0.000000E+00  0.117678E+02
  0.601107E+02  0.111221E+02  0.106899E+02  0.000000E+00  0.000000E+00  0.000000E+00  0.110681E+02
  0.621482E+02  0.104609E+02  0.100511E+02  0.000000E+00  0.000000E+00  0.000000E+00  0.104097E+02
  0.642547E+02  0.983863E+01  0.945005E+01  0.000000E+00  0.000000E+00  0.000000E+00  0.979005E+01
  0.664326E+02  0.925309E+01  0.888442E+01  0.000000E+00  0.000000E+00  0.000000E+00  0.920700E+01
  0.686844E+02  0.870210E+01  0.835216E+01  0.000000E+00  0.000000E+00  0.000000E+00  0.865836E+01
  0.710124E+02  0.818366E+01  0.785133E+01  0.000000E+00  0.000000E+00  0.000000E+00  0.814212E+01
  0.734194E+02  0.769585E+01  0.738007E+01  0.000000E+00  0.000000E+00  0.000000E+00  0.765638E+01
  0.759079E+02  0.723688E+01  0.693667E+01  0.000000E+00  0.000000E+00  0.000000E+00  0.719936E+01
  0.784809E+02  0.680505E+01  0.651947E+01  0.000000E+00  0.000000E+00  0.000000E+00  0.676935E+01
  0.811410E+02  0.639878E+01  0.612696E+01  0.000000E+00  0.000000E+00  0.000000E+00  0.636480E+01
  0.838913E+02  0.601656E+01  0.575766E+01  0.000000E+00  0.000000E+00  0.000000E+00  0.598419E+01
  0.867347E+02  0.565698E+01  0.541024E+01  0.000000E+00  0.000000E+00  0.000000E+00  0.562614E+01
  0.896747E+02  0.531871E+01  0.508339E+01  0.000000E+00  0.000000E+00  0.000000E+00  0.528929E+01
  0.927141E+02  0.500049E+01  0.477591E+01  0.000000E+00  0.000000E+00  0.000000E+00  0.497242E+01
  0.958567E+02  0.470115E+01  0.448665E+01  0.000000E+00  0.000000E+00  0.000000E+00  0.467434E+01
  0.991058E+02  0.441957E+01  0.421454E+01  0.000000E+00  0.000000E+00  0.000000E+00  0.439394E+01
  0.102465E+03  0.415470E+01  0.395859E+01  0.000000E+00  0.000000E+00  0.000000E+00  0.413019E+01
  0.105938E+03  0.390558E+01  0.371783E+01  0.000000E+00  0.000000E+00  0.000000E+00  0.388211E+01
  0.109529E+03  0.367124E+01  0.349136E+01  0.000000E+00  0.000000E+00  0.000000E+00  0.364876E+01
  0.113241E+03  0.345085E+01  0.327836E+01  0.000000E+00  0.000000E+00  0.000000E+00  0.342929E+01
  0.117080E+03  0.324357E+01  0.307803E+01  0.000000E+00  0.000000E+00  0.000000E+00  0.322288E+01
  0.121048E+03  0.304862E+01  0.288960E+01  0.000000E+00  0.000000E+00  0.000000E+00  0.302874E+01
  0.125151E+03  0.286526E+01  0.271238E+01  0.000000E+00  0.000000E+00  0.000000E+00  0.284615E+01
  0.129393E+03  0.269284E+01  0.254571E+01  0.000000E+00  0.000000E+00  0.000000E+00  0.267445E+01
  0.133779E+03  0.253069E+01  0.238897E+01  0.000000E+00  0.000000E+00  0.000000E+00  0.251297E+01
  0.138313E+03  0.237820E+01  0.224158E+01  0.000000E+00  0.000000E+00  0.000000E+00  0.236112E+01
  0.143002E+03  0.223479E+01  0.210296E+01  0.000000E+00  0.000000E+00  0.000000E+00  0.221831E+01
  0.147849E+03  0.209995E+01  0.197261E+01  0.000000E+00  0.000000E+00  0.000000E+00  0.208404E+01
  0.152860E+03  0.197316E+01  0.185005E+01  0.000000E+00  0.000000E+00  0.000000E+00  0.195777E+01
  0.158041E+03  0.185394E+01  0.173480E+01  0.000000E+00  0.000000E+00  0.000000E+00  0.183904E+01
  0.163398E+03  0.174183E+01  0.162644E+01  0.000000E+00  0.000000E+00  0.000000E+00  0.172740E+01
  0.168936E+03  0.163642E+01  0.152456E+01  0.000000E+00  0.000000E+00  0.000000E+00  0.162244E+01
  0.174662E+03  0.153732E+01  0.142877E+01  0.000000E+00  0.000000E+00  0.000000E+00  0.152375E+01
  0.180583E+03  0.144414E+01  0.133871E+01  0.000000E+00  0.000000E+00  0.000000E+00  0.143096E+01
  0.186704E+03  0.135654E+01  0.125406E+01  0.000000E+00  0.000000E+00  0.000000E+00  0.134373E+01
  0.193032E+03  0.127418E+01  0.117448E+01  0.000000E+00  0.000000E+00  0.000000E+00  0.126171E+01
  0.199574E+03  0.119675E+01  0.109967E+01  0.000000E+00  0.000000E+00  0.000000E+00  0.118461E+01
  0.206339E+03  0.112395E+01  0.102936E+01  0.000000E+00  0.000000E+00  0.000000E+00  0.111213E+01
