  0.119218E-04  0.422904E+06  0.422904E+06  0.563865E+06  0.563865E+06  0.000000E+00  0.422904E+06
  0.123258E-04  0.422904E+06  0.422904E+06  0.563865E+06  0.563864E+06  0.000000E+00  0.422904E+06
  0.127436E-04  0.422904E+06  0.422904E+06  0.563864E+06  0.563864E+06  0.000000E+00  0.422904E+06
  0.131756E-04  0.422904E+06  0.422904E+06  0.563864E+06  0.563863E+06  0.000000E+00  0.422904E+06
  0.136222E-04  0.422904E+06  0.422904E+06  0.563863E+06  0.563862E+06  0.000000E+00  0.422904E+06
  0.140839E-04  0.422904E+06  0.422904E+06  0.563862E+06  0.563862E+06  0.000000E+00  0.422904E+06
  0.145613E-04  0.422904E+06  0.422904E+06  0.563862E+06  0.563861E+06  0.000000E+00  0.422904E+06
  0.150548E-04  0.422904E+06  0.422904E+06  0.563861E+06  0.563860E+06  0.000000E+00  0.422904E+06
  0.155651E-04  0.422904E+06  0.422904E+06  0.563860E+06  0.563860E+06  0.000000E+00  0.422904E+06
  0.160927E-04  0.422904E+06  0.422904E+06  0.563859E+06  0.563859E+06  0.000000E+00  0.422904E+06
  0.166382E-04  0.422904E+06  0.422904E+06  0.563858E+06  0.563858E+06  0.000000E+00  0.422904E+06
  0.172021E-04  0.422904E+06  0.422904E+06  0.563857E+06  0.563857E+06  0.000000E+00  0.422904E+06
  0.177852E-04  0.422904E+06  0.422904E+06  0.563856E+06  0.563856E+06  0.000000E+00  0.422904E+06
  0.183880E-04  0.422904E+06  0.422904E+06  0.563855E+06  0.563854E+06  0.000000E+00  0.422904E+06
  0.190113E-04  0.422904E+06  0.422904E+06  0.563854E+06  0.563853E+06  0.000000E+00  0.422904E+06
  0.196557E-04  0.422904E+06  0.422904E+06  0.563853E+06  0.563852E+06  0.000000E+00  0.422904E+06
  0.203219E-04  0.422904E+06  0.422904E+06  0.563851E+06  0.563850E+06  0.000000E+00  0.422904E+06
  0.210107E-04  0.422904E+06  0.422904E+06  0.563850E+06  0.563849E+06  0.000000E+00  0.422904E+06
  0.217229E-04  0.422904E+06  0.422904E+06  0.563848E+06  0.563847E+06  0.000000E+00  0.422904E+06
  0.224592E-04  0.422904E+06  0.422904E+06  0.563847E+06  0.563845E+06  0.000000E+00  0.422904E+06
  0.232204E-04  0.422904E+06  0.422904E+06  0.563845E+06  0.563844E+06  0.000000E+00  0.422904E+06
  0.240075E-04  0.422904E+06  0.422904E+06  0.563843E+06  0.563842E+06  0.000000E+00  0.422904E+06
  0.248212E-04  0.422904E+06  0.422904E+06  0.563841E+06  0.563839E+06  0.000000E+00  0.422904E+06
  0.256625E-04  0.422904E+06  0.422904E+06  0.563839E+06  0.563837E+06  0.000000E+00  0.422904E+06
  0.265324E-04  0.422904E+06  0.422904E+06  0.563837E+06  0.563835E+06  0.000000E+00  0.422904E+06
  0.274317E-04  0.422904E+06  0.422904E+06  0.563834E+06  0.563832E+06  0.000000E+00  0.422904E+06
  0.283615E-04  0.422904E+06  0.422903E+06  0.563832E+06  0.563829E+06  0.000000E+00  0.422904E+06
  0.293228E-04  0.422903E+06  0.422903E+06  0.563829E+06  0.563826E+06  0.000000E+00  0.422903E+06
  0.303167E-04  0.422903E+06  0.422903E+06  0.563826E+06  0.563823E+06  0.000000E+00  0.422903E+06
  0.313443E-04  0.422903E+06  0.422903E+06  0.563822E+06  0.563820E+06  0.000000E+00  0.422903E+06
  0.324067E-04  0.422903E+06  0.422903E+06  0.563819E+06  0.563816E+06  0.000000E+00  0.422903E+06
  0.335051E-04  0.422903E+06  0.422903E+06  0.563815E+06  0.563812E+06  0.000000E+00  0.422903E+06
  0.346408E-04  0.422903E+06  0.422903E+06  0.563811E+06  0.563808E+06  0.000000E+00  0.422903E+06
  0.358149E-04  0.422903E+06  0.422903E+06  0.563807E+06  0.563804E+06  0.000000E+00  0.422903E+06
  0.370289E-04  0.422903E+06  0.422903E+06  0.563803E+06  0.563799E+06  0.000000E+00  0.422903E+06
  0.382840E-04  0.422903E+06  0.422903E+06  0.563798E+06  0.563794E+06  0.000000E+00  0.422903E+06
  0.395816E-04  0.422903E+06  0.422903E+06  0.563793E+06  0.563788E+06  0.000000E+00  0.422903E+06
  0.409233E-04  0.422903E+06  0.422902E+06  0.563787E+06  0.563783E+06  0.000000E+00  0.422903E+06
  0.423104E-04  0.422902E+06  0.422902E+06  0.563781E+06  0.563776E+06  0.000000E+00  0.422902E+06
  0.437445E-04  0.422902E+06  0.422902E+06  0.563775E+06  0.563770E+06  0.000000E+00  0.422902E+06
  0.452272E-04  0.422902E+06  0.422902E+06  0.563768E+06  0.563763E+06  0.000000E+00  0.422902E+06
  0.467602E-04  0.422902E+06  0.422902E+06  0.563761E+06  0.563755E+06  0.000000E+00  0.422902E+06
  0.483451E-04  0.422902E+06  0.422902E+06  0.563754E+06  0.563747E+06  0.000000E+00  0.422902E+06
  0.499838E-04  0.422902E+06  0.422902E+06  0.563745E+06  0.563738E+06  0.000000E+00  0.422902E+06
  0.516780E-04  0.422902E+06  0.422901E+06  0.563737E+06  0.563729E+06  0.000000E+00  0.422901E+06
  0.534296E-04  0.422901E+06  0.422901E+06  0.563727E+06  0.563719E+06  0.000000E+00  0.422901E+06
  0.552406E-04  0.422901E+06  0.422901E+06  0.563717E+06  0.563709E+06  0.000000E+00  0.422901E+06
  0.571130E-04  0.422901E+06  0.422901E+06  0.563706E+06  0.563698E+06  0.000000E+00  0.422901E+06
  0.590489E-04  0.422901E+06  0.422900E+06  0.563695E+06  0.563686E+06  0.000000E+00  0.422901E+06
  0.610503E-04  0.422900E+06  0.422900E+06  0.563683E+06  0.563673E+06  0.000000E+00  0.422900E+06
  0.631196E-04  0.422900E+06  0.422900E+06  0.563670E+06  0.563659E+06  0.000000E+00  0.422900E+06
  0.652591E-04  0.422900E+06  0.422900E+06  0.563656E+06  0.563644E+06  0.000000E+00  0.422900E+06
  0.674711E-04  0.422899E+06  0.422899E+06  0.563641E+06  0.563628E+06  0.000000E+00  0.422899E+06
  0.697580E-04  0.422899E+06  0.422899E+06  0.563625E+06  0.563612E+06  0.000000E+00  0.422899E+06
  0.721224E-04  0.422899E+06  0.422898E+06  0.563608E+06  0.563594E+06  0.000000E+00  0.422899E+06
  0.745670E-04  0.422898E+06  0.422898E+06  0.563590E+06  0.563574E+06  0.000000E+00  0.422898E+06
  0.770945E-04  0.422898E+06  0.422898E+06  0.563570E+06  0.563554E+06  0.000000E+00  0.422898E+06
  0.797076E-04  0.422898E+06  0.422897E+06  0.563549E+06  0.563532E+06  0.000000E+00  0.422898E+06
  0.824093E-04  0.422897E+06  0.422897E+06  0.563527E+06  0.563508E+06  0.000000E+00  0.422897E+06
  0.852026E-04  0.422897E+06  0.422896E+06  0.563503E+06  0.563483E+06  0.000000E+00  0.422897E+06
  0.880905E-04  0.422896E+06  0.422896E+06  0.563478E+06  0.563457E+06  0.000000E+00  0.422896E+06
  0.910764E-04  0.422895E+06  0.422895E+06  0.563451E+06  0.563428E+06  0.000000E+00  0.422895E+06
  0.941634E-04  0.422895E+06  0.422894E+06  0.563421E+06  0.563397E+06  0.000000E+00  0.422895E+06
  0.973551E-04  0.422894E+06  0.422894E+06  0.563390E+06  0.563364E+06  0.000000E+00  0.422894E+06
  0.100655E-03  0.422894E+06  0.422893E+06  0.563357E+06  0.563330E+06  0.000000E+00  0.422893E+06
  0.104067E-03  0.422893E+06  0.422892E+06  0.563322E+06  0.563292E+06  0.000000E+00  0.422893E+06
  0.107594E-03  0.422892E+06  0.422891E+06  0.563284E+06  0.563252E+06  0.000000E+00  0.422892E+06
  0.111241E-03  0.422891E+06  0.422890E+06  0.563243E+06  0.563209E+06  0.000000E+00  0.422891E+06
  0.115011E-03  0.422890E+06  0.422889E+06  0.563200E+06  0.563164E+06  0.000000E+00  0.422890E+06
  0.118910E-03  0.422889E+06  0.422888E+06  0.563153E+06  0.563115E+06  0.000000E+00  0.422889E+06
  0.122940E-03  0.422888E+06  0.422887E+06  0.563104E+06  0.563063E+06  0.000000E+00  0.422888E+06
  0.127107E-03  0.422887E+06  0.422886E+06  0.563051E+06  0.563007E+06  0.000000E+00  0.422887E+06
  0.131416E-03  0.422886E+06  0.422885E+06  0.562994E+06  0.562947E+06  0.000000E+00  0.422886E+06
  0.135870E-03  0.422885E+06  0.422884E+06  0.562934E+06  0.562883E+06  0.000000E+00  0.422884E+06
  0.140475E-03  0.422883E+06  0.422882E+06  0.562869E+06  0.562815E+06  0.000000E+00  0.422883E+06
  0.145237E-03  0.422882E+06  0.422881E+06  0.562800E+06  0.562742E+06  0.000000E+00  0.422882E+06
  0.150160E-03  0.422880E+06  0.422879E+06  0.562726E+06  0.562665E+06  0.000000E+00  0.422880E+06
  0.155249E-03  0.422879E+06  0.422877E+06  0.562647E+06  0.562582E+06  0.000000E+00  0.422878E+06
  0.160511E-03  0.422877E+06  0.422875E+06  0.562563E+06  0.562493E+06  0.000000E+00  0.422877E+06
  0.165952E-03  0.422875E+06  0.422873E+06  0.562473E+06  0.562398E+06  0.000000E+00  0.422875E+06
  0.171577E-03  0.422873E+06  0.422871E+06  0.562376E+06  0.562296E+06  0.000000E+00  0.422873E+06
  0.177393E-03  0.422871E+06  0.422869E+06  0.562273E+06  0.562188E+06  0.000000E+00  0.422870E+06
  0.183405E-03  0.422868E+06  0.422866E+06  0.562163E+06  0.562072E+06  0.000000E+00  0.422868E+06
  0.189622E-03  0.422866E+06  0.422864E+06  0.562046E+06  0.561948E+06  0.000000E+00  0.422866E+06
  0.196049E-03  0.422863E+06  0.422861E+06  0.561920E+06  0.561815E+06  0.000000E+00  0.422863E+06
  0.202694E-03  0.422860E+06  0.422858E+06  0.561785E+06  0.561674E+06  0.000000E+00  0.422860E+06
  0.209565E-03  0.422857E+06  0.422855E+06  0.561642E+06  0.561522E+06  0.000000E+00  0.422857E+06
  0.216668E-03  0.422854E+06  0.422851E+06  0.561488E+06  0.561360E+06  0.000000E+00  0.422854E+06
  0.224012E-03  0.422851E+06  0.422848E+06  0.561324E+06  0.561188E+06  0.000000E+00  0.422850E+06
  0.231605E-03  0.422847E+06  0.422844E+06  0.561149E+06  0.561003E+06  0.000000E+00  0.422847E+06
  0.239455E-03  0.422843E+06  0.422840E+06  0.560962E+06  0.560806E+06  0.000000E+00  0.422843E+06
  0.247571E-03  0.422839E+06  0.422835E+06  0.560762E+06  0.560595E+06  0.000000E+00  0.422838E+06
  0.255963E-03  0.422834E+06  0.422830E+06  0.560548E+06  0.560370E+06  0.000000E+00  0.422834E+06
  0.264639E-03  0.422829E+06  0.422825E+06  0.560319E+06  0.560129E+06  0.000000E+00  0.422829E+06
  0.273609E-03  0.422824E+06  0.422820E+06  0.560075E+06  0.559872E+06  0.000000E+00  0.422824E+06
  0.282883E-03  0.422819E+06  0.422814E+06  0.559814E+06  0.559597E+06  0.000000E+00  0.422818E+06
  0.292471E-03  0.422813E+06  0.422808E+06  0.559535E+06  0.559303E+06  0.000000E+00  0.422812E+06
  0.302384E-03  0.422807E+06  0.422801E+06  0.559237E+06  0.558989E+06  0.000000E+00  0.422806E+06
  0.312634E-03  0.422800E+06  0.422794E+06  0.558919E+06  0.558654E+06  0.000000E+00  0.422799E+06
  0.323230E-03  0.422793E+06  0.422786E+06  0.558579E+06  0.558296E+06  0.000000E+00  0.422792E+06
  0.334186E-03  0.422785E+06  0.422778E+06  0.558215E+06  0.557913E+06  0.000000E+00  0.422784E+06
  0.345514E-03  0.422777E+06  0.422770E+06  0.557827E+06  0.557505E+06  0.000000E+00  0.422776E+06
  0.357225E-03  0.422768E+06  0.422760E+06  0.557413E+06  0.557068E+06  0.000000E+00  0.422767E+06
  0.369333E-03  0.422758E+06  0.422750E+06  0.556970E+06  0.556602E+06  0.000000E+00  0.422757E+06
  0.381852E-03  0.422748E+06  0.422740E+06  0.556497E+06  0.556104E+06  0.000000E+00  0.422747E+06
  0.394794E-03  0.422738E+06  0.422729E+06  0.555992E+06  0.555572E+06  0.000000E+00  0.422737E+06
  0.408176E-03  0.422726E+06  0.422716E+06  0.555452E+06  0.555004E+06  0.000000E+00  0.422725E+06
  0.422011E-03  0.422714E+06  0.422704E+06  0.554876E+06  0.554397E+06  0.000000E+00  0.422713E+06
  0.436315E-03  0.422701E+06  0.422690E+06  0.554260E+06  0.553750E+06  0.000000E+00  0.422699E+06
  0.451104E-03  0.422687E+06  0.422675E+06  0.553603E+06  0.553058E+06  0.000000E+00  0.422685E+06
  0.466395E-03  0.422672E+06  0.422659E+06  0.552901E+06  0.552319E+06  0.000000E+00  0.422670E+06
  0.482203E-03  0.422656E+06  0.422642E+06  0.552152E+06  0.551531E+06  0.000000E+00  0.422654E+06
  0.498547E-03  0.422639E+06  0.422624E+06  0.551352E+06  0.550689E+06  0.000000E+00  0.422637E+06
  0.515446E-03  0.422621E+06  0.422605E+06  0.550498E+06  0.549791E+06  0.000000E+00  0.422619E+06
  0.532917E-03  0.422601E+06  0.422584E+06  0.549587E+06  0.548832E+06  0.000000E+00  0.422599E+06
  0.550980E-03  0.422580E+06  0.422562E+06  0.548614E+06  0.547809E+06  0.000000E+00  0.422578E+06
  0.569656E-03  0.422558E+06  0.422539E+06  0.547576E+06  0.546718E+06  0.000000E+00  0.422556E+06
  0.588964E-03  0.422534E+06  0.422514E+06  0.546468E+06  0.545553E+06  0.000000E+00  0.422532E+06
  0.608927E-03  0.422509E+06  0.422487E+06  0.545286E+06  0.544310E+06  0.000000E+00  0.422506E+06
  0.629567E-03  0.422482E+06  0.422458E+06  0.544025E+06  0.542985E+06  0.000000E+00  0.422479E+06
  0.650906E-03  0.422452E+06  0.422428E+06  0.542680E+06  0.541571E+06  0.000000E+00  0.422449E+06
  0.672969E-03  0.422422E+06  0.422395E+06  0.541246E+06  0.540064E+06  0.000000E+00  0.422418E+06
  0.695779E-03  0.422388E+06  0.422360E+06  0.539717E+06  0.538458E+06  0.000000E+00  0.422385E+06
  0.719362E-03  0.422353E+06  0.422323E+06  0.538086E+06  0.536745E+06  0.000000E+00  0.422349E+06
  0.743745E-03  0.422315E+06  0.422283E+06  0.536348E+06  0.534920E+06  0.000000E+00  0.422311E+06
  0.768955E-03  0.422275E+06  0.422240E+06  0.534496E+06  0.532975E+06  0.000000E+00  0.422270E+06
  0.795018E-03  0.422232E+06  0.422194E+06  0.532522E+06  0.530904E+06  0.000000E+00  0.422227E+06
  0.821966E-03  0.422186E+06  0.422146E+06  0.530420E+06  0.528697E+06  0.000000E+00  0.422181E+06
  0.849826E-03  0.422136E+06  0.422094E+06  0.528181E+06  0.526348E+06  0.000000E+00  0.422131E+06
  0.878631E-03  0.422084E+06  0.422038E+06  0.525797E+06  0.523848E+06  0.000000E+00  0.422078E+06
  0.908413E-03  0.422028E+06  0.421979E+06  0.523259E+06  0.521188E+06  0.000000E+00  0.422022E+06
  0.939203E-03  0.421968E+06  0.421916E+06  0.520558E+06  0.518358E+06  0.000000E+00  0.421961E+06
  0.971038E-03  0.421904E+06  0.421848E+06  0.517686E+06  0.515348E+06  0.000000E+00  0.421897E+06
  0.100395E-02  0.421835E+06  0.421776E+06  0.514630E+06  0.512149E+06  0.000000E+00  0.421828E+06
  0.103798E-02  0.421762E+06  0.421699E+06  0.511383E+06  0.508750E+06  0.000000E+00  0.421755E+06
  0.107316E-02  0.421685E+06  0.421617E+06  0.507931E+06  0.505139E+06  0.000000E+00  0.421676E+06
  0.110954E-02  0.421602E+06  0.421529E+06  0.504265E+06  0.501306E+06  0.000000E+00  0.421593E+06
  0.114715E-02  0.421513E+06  0.421436E+06  0.500373E+06  0.497238E+06  0.000000E+00  0.421503E+06
  0.118603E-02  0.421418E+06  0.421336E+06  0.496242E+06  0.492923E+06  0.000000E+00  0.421408E+06
  0.122623E-02  0.421317E+06  0.421229E+06  0.491861E+06  0.488349E+06  0.000000E+00  0.421306E+06
  0.126779E-02  0.421209E+06  0.421115E+06  0.487216E+06  0.483503E+06  0.000000E+00  0.421198E+06
  0.131076E-02  0.421095E+06  0.420994E+06  0.482294E+06  0.478372E+06  0.000000E+00  0.421082E+06
  0.135519E-02  0.420972E+06  0.420864E+06  0.477083E+06  0.472944E+06  0.000000E+00  0.420958E+06
  0.140113E-02  0.420841E+06  0.420726E+06  0.471569E+06  0.467204E+06  0.000000E+00  0.420827E+06
  0.144862E-02  0.420702E+06  0.420579E+06  0.465738E+06  0.461140E+06  0.000000E+00  0.420686E+06
  0.149772E-02  0.420553E+06  0.420422E+06  0.459578E+06  0.454739E+06  0.000000E+00  0.420537E+06
  0.154848E-02  0.420395E+06  0.420254E+06  0.453074E+06  0.447988E+06  0.000000E+00  0.420377E+06
  0.160097E-02  0.420226E+06  0.420076E+06  0.446214E+06  0.440874E+06  0.000000E+00  0.420207E+06
  0.165524E-02  0.420046E+06  0.419885E+06  0.438986E+06  0.433386E+06  0.000000E+00  0.420026E+06
  0.171134E-02  0.419854E+06  0.419683E+06  0.431376E+06  0.425513E+06  0.000000E+00  0.419833E+06
  0.176935E-02  0.419650E+06  0.419467E+06  0.423374E+06  0.417245E+06  0.000000E+00  0.419627E+06
  0.182932E-02  0.419433E+06  0.419237E+06  0.414970E+06  0.408573E+06  0.000000E+00  0.419408E+06
  0.189132E-02  0.419201E+06  0.418992E+06  0.406154E+06  0.399489E+06  0.000000E+00  0.419175E+06
  0.195543E-02  0.418955E+06  0.418731E+06  0.396919E+06  0.389988E+06  0.000000E+00  0.418927E+06
  0.202171E-02  0.418693E+06  0.418454E+06  0.387258E+06  0.380066E+06  0.000000E+00  0.418663E+06
  0.209024E-02  0.418414E+06  0.418159E+06  0.377170E+06  0.369723E+06  0.000000E+00  0.418382E+06
  0.216108E-02  0.418118E+06  0.417845E+06  0.366651E+06  0.358960E+06  0.000000E+00  0.418084E+06
  0.223433E-02  0.417803E+06  0.417511E+06  0.355705E+06  0.347781E+06  0.000000E+00  0.417767E+06
  0.231007E-02  0.417468E+06  0.417157E+06  0.344336E+06  0.336196E+06  0.000000E+00  0.417429E+06
  0.238837E-02  0.417113E+06  0.416780E+06  0.332553E+06  0.324218E+06  0.000000E+00  0.417071E+06
  0.246932E-02  0.416736E+06  0.416380E+06  0.320368E+06  0.311862E+06  0.000000E+00  0.416691E+06
  0.255302E-02  0.416335E+06  0.415955E+06  0.307800E+06  0.299151E+06  0.000000E+00  0.416288E+06
  0.263955E-02  0.415910E+06  0.415504E+06  0.294872E+06  0.286113E+06  0.000000E+00  0.415860E+06
  0.272902E-02  0.415460E+06  0.415026E+06  0.281612E+06  0.272781E+06  0.000000E+00  0.415406E+06
  0.282152E-02  0.414983E+06  0.414520E+06  0.268053E+06  0.259193E+06  0.000000E+00  0.414925E+06
  0.291716E-02  0.414477E+06  0.413982E+06  0.254238E+06  0.245397E+06  0.000000E+00  0.414416E+06
  0.301604E-02  0.413942E+06  0.413414E+06  0.240213E+06  0.231443E+06  0.000000E+00  0.413876E+06
  0.311826E-02  0.413376E+06  0.412812E+06  0.226033E+06  0.217390E+06  0.000000E+00  0.413306E+06
  0.322396E-02  0.412778E+06  0.412175E+06  0.211760E+06  0.203305E+06  0.000000E+00  0.412703E+06
  0.333323E-02  0.412146E+06  0.411502E+06  0.197463E+06  0.189260E+06  0.000000E+00  0.412065E+06
  0.344622E-02  0.411478E+06  0.410790E+06  0.183218E+06  0.175332E+06  0.000000E+00  0.411392E+06
  0.356302E-02  0.410774E+06  0.410039E+06  0.169106E+06  0.161606E+06  0.000000E+00  0.410682E+06
  0.368380E-02  0.410031E+06  0.409247E+06  0.155217E+06  0.148167E+06  0.000000E+00  0.409933E+06
  0.380866E-02  0.409249E+06  0.408412E+06  0.141643E+06  0.135108E+06  0.000000E+00  0.409144E+06
  0.393775E-02  0.408425E+06  0.407531E+06  0.128480E+06  0.122521E+06  0.000000E+00  0.408314E+06
  0.407122E-02  0.407559E+06  0.406605E+06  0.115829E+06  0.110496E+06  0.000000E+00  0.407440E+06
  0.420922E-02  0.406649E+06  0.405630E+06  0.103786E+06  0.991244E+05  0.000000E+00  0.406522E+06
  0.435189E-02  0.405693E+06  0.404606E+06  0.924491E+05  0.884882E+05  0.000000E+00  0.405557E+06
  0.449940E-02  0.404690E+06  0.403530E+06  0.819080E+05  0.786630E+05  0.000000E+00  0.404545E+06
  0.465190E-02  0.403640E+06  0.402401E+06  0.722453E+05  0.697126E+05  0.000000E+00  0.403485E+06
  0.480958E-02  0.402539E+06  0.401217E+06  0.635314E+05  0.616863E+05  0.000000E+00  0.402374E+06
  0.497260E-02  0.401388E+06  0.399978E+06  0.558212E+05  0.546154E+05  0.000000E+00  0.401212E+06
  0.514115E-02  0.400185E+06  0.398680E+06  0.491505E+05  0.485106E+05  0.000000E+00  0.399997E+06
  0.531541E-02  0.398929E+06  0.397324E+06  0.435324E+05  0.433596E+05  0.000000E+00  0.398728E+06
  0.549557E-02  0.397618E+06  0.395906E+06  0.389544E+05  0.391249E+05  0.000000E+00  0.397404E+06
  0.568185E-02  0.396253E+06  0.394427E+06  0.353758E+05  0.357437E+05  0.000000E+00  0.396024E+06
  0.587443E-02  0.394831E+06  0.392884E+06  0.327265E+05  0.331279E+05  0.000000E+00  0.394587E+06
  0.607355E-02  0.393351E+06  0.391276E+06  0.309070E+05  0.311668E+05  0.000000E+00  0.393092E+06
  0.627942E-02  0.391814E+06  0.389601E+06  0.297897E+05  0.297304E+05  0.000000E+00  0.391537E+06
  0.649226E-02  0.390217E+06  0.387859E+06  0.292231E+05  0.286756E+05  0.000000E+00  0.389922E+06
  0.671231E-02  0.388561E+06  0.386047E+06  0.290369E+05  0.278536E+05  0.000000E+00  0.388246E+06
  0.693983E-02  0.386843E+06  0.384165E+06  0.290506E+05  0.271187E+05  0.000000E+00  0.386508E+06
  0.717505E-02  0.385063E+06  0.382210E+06  0.290832E+05  0.263390E+05  0.000000E+00  0.384706E+06
  0.741825E-02  0.383220E+06  0.380181E+06  0.289651E+05  0.254061E+05  0.000000E+00  0.382840E+06
  0.766969E-02  0.381313E+06  0.378077E+06  0.285510E+05  0.242455E+05  0.000000E+00  0.380908E+06
  0.792966E-02  0.379341E+06  0.375895E+06  0.277323E+05  0.228237E+05  0.000000E+00  0.378910E+06
  0.819844E-02  0.377302E+06  0.373634E+06  0.264485E+05  0.211526E+05  0.000000E+00  0.376843E+06
  0.847632E-02  0.375195E+06  0.371292E+06  0.246953E+05  0.192897E+05  0.000000E+00  0.374707E+06
  0.876363E-02  0.373020E+06  0.368867E+06  0.225282E+05  0.173317E+05  0.000000E+00  0.372501E+06
  0.906067E-02  0.370774E+06  0.366356E+06  0.200596E+05  0.154031E+05  0.000000E+00  0.370221E+06
  0.936778E-02  0.368456E+06  0.363758E+06  0.174490E+05  0.136387E+05  0.000000E+00  0.367869E+06
  0.968530E-02  0.366065E+06  0.361071E+06  0.148851E+05  0.121631E+05  0.000000E+00  0.365441E+06
  0.100136E-01  0.363599E+06  0.358292E+06  0.125622E+05  0.110680E+05  0.000000E+00  0.362936E+06
  0.103530E-01  0.361058E+06  0.355419E+06  0.106511E+05  0.103929E+05  0.000000E+00  0.360353E+06
  0.107039E-01  0.358439E+06  0.352450E+06  0.927093E+04  0.101131E+05  0.000000E+00  0.357690E+06
  0.110667E-01  0.355742E+06  0.349383E+06  0.846483E+04  0.101378E+05  0.000000E+00  0.354947E+06
  0.114418E-01  0.352964E+06  0.346215E+06  0.000000E+00  0.000000E+00  0.000000E+00  0.352120E+06
  0.118297E-01  0.350104E+06  0.342944E+06  0.000000E+00  0.000000E+00  0.000000E+00  0.349209E+06
  0.122306E-01  0.347162E+06  0.339570E+06  0.000000E+00  0.000000E+00  0.000000E+00  0.346213E+06
  0.126452E-01  0.344136E+06  0.336088E+06  0.000000E+00  0.000000E+00  0.000000E+00  0.343130E+06
  0.130738E-01  0.341024E+06  0.332499E+06  0.000000E+00  0.000000E+00  0.000000E+00  0.339959E+06
  0.135169E-01  0.337827E+06  0.328799E+06  0.000000E+00  0.000000E+00  0.000000E+00  0.336698E+06
  0.139751E-01  0.334541E+06  0.324987E+06  0.000000E+00  0.000000E+00  0.000000E+00  0.333347E+06
  0.144488E-01  0.331167E+06  0.321062E+06  0.000000E+00  0.000000E+00  0.000000E+00  0.329904E+06
  0.149385E-01  0.327704E+06  0.317021E+06  0.000000E+00  0.000000E+00  0.000000E+00  0.326368E+06
  0.154449E-01  0.324149E+06  0.312864E+06  0.000000E+00  0.000000E+00  0.000000E+00  0.322738E+06
  0.159684E-01  0.320503E+06  0.308590E+06  0.000000E+00  0.000000E+00  0.000000E+00  0.319014E+06
  0.165096E-01  0.316764E+06  0.304197E+06  0.000000E+00  0.000000E+00  0.000000E+00  0.315193E+06
  0.170692E-01  0.312932E+06  0.299686E+06  0.000000E+00  0.000000E+00  0.000000E+00  0.311276E+06
  0.176478E-01  0.309006E+06  0.295057E+06  0.000000E+00  0.000000E+00  0.000000E+00  0.307262E+06
  0.182460E-01  0.304987E+06  0.290309E+06  0.000000E+00  0.000000E+00  0.000000E+00  0.303152E+06
  0.188644E-01  0.300873E+06  0.285445E+06  0.000000E+00  0.000000E+00  0.000000E+00  0.298945E+06
  0.195038E-01  0.296666E+06  0.280464E+06  0.000000E+00  0.000000E+00  0.000000E+00  0.294641E+06
  0.201649E-01  0.292366E+06  0.275371E+06  0.000000E+00  0.000000E+00  0.000000E+00  0.290242E+06
  0.208484E-01  0.287974E+06  0.270167E+06  0.000000E+00  0.000000E+00  0.000000E+00  0.285748E+06
  0.215550E-01  0.283491E+06  0.264857E+06  0.000000E+00  0.000000E+00  0.000000E+00  0.281162E+06
  0.222857E-01  0.278919E+06  0.259446E+06  0.000000E+00  0.000000E+00  0.000000E+00  0.276485E+06
  0.230410E-01  0.274260E+06  0.253939E+06  0.000000E+00  0.000000E+00  0.000000E+00  0.271720E+06
  0.238220E-01  0.269517E+06  0.248343E+06  0.000000E+00  0.000000E+00  0.000000E+00  0.266870E+06
  0.246295E-01  0.264693E+06  0.242666E+06  0.000000E+00  0.000000E+00  0.000000E+00  0.261940E+06
  0.254643E-01  0.259793E+06  0.236918E+06  0.000000E+00  0.000000E+00  0.000000E+00  0.256934E+06
  0.263274E-01  0.254821E+06  0.231110E+06  0.000000E+00  0.000000E+00  0.000000E+00  0.251857E+06
  0.272198E-01  0.249782E+06  0.225254E+06  0.000000E+00  0.000000E+00  0.000000E+00  0.246716E+06
  0.281424E-01  0.244683E+06  0.219363E+06  0.000000E+00  0.000000E+00  0.000000E+00  0.241518E+06
  0.290963E-01  0.239531E+06  0.213454E+06  0.000000E+00  0.000000E+00  0.000000E+00  0.236272E+06
  0.300825E-01  0.234334E+06  0.207543E+06  0.000000E+00  0.000000E+00  0.000000E+00  0.230985E+06
  0.311021E-01  0.229101E+06  0.201648E+06  0.000000E+00  0.000000E+00  0.000000E+00  0.225669E+06
  0.321564E-01  0.223842E+06  0.195790E+06  0.000000E+00  0.000000E+00  0.000000E+00  0.220335E+06
  0.332463E-01  0.218567E+06  0.189989E+06  0.000000E+00  0.000000E+00  0.000000E+00  0.214994E+06
  0.343732E-01  0.213978E+06  0.184954E+06  0.000000E+00  0.000000E+00  0.000000E+00  0.210350E+06
  0.355383E-01  0.208736E+06  0.179364E+06  0.000000E+00  0.000000E+00  0.000000E+00  0.205065E+06
  0.367428E-01  0.203517E+06  0.173902E+06  0.000000E+00  0.000000E+00  0.000000E+00  0.199815E+06
  0.379883E-01  0.198333E+06  0.168592E+06  0.000000E+00  0.000000E+00  0.000000E+00  0.194616E+06
  0.392759E-01  0.193199E+06  0.163457E+06  0.000000E+00  0.000000E+00  0.000000E+00  0.189482E+06
  0.406071E-01  0.188129E+06  0.158521E+06  0.000000E+00  0.000000E+00  0.000000E+00  0.184428E+06
  0.419835E-01  0.183086E+06  0.153752E+06  0.000000E+00  0.000000E+00  0.000000E+00  0.179419E+06
  0.434065E-01  0.177678E+06  0.148768E+06  0.000000E+00  0.000000E+00  0.000000E+00  0.174065E+06
  0.448778E-01  0.172804E+06  0.144465E+06  0.000000E+00  0.000000E+00  0.000000E+00  0.169262E+06
  0.463990E-01  0.168046E+06  0.140428E+06  0.000000E+00  0.000000E+00  0.000000E+00  0.164593E+06
  0.479716E-01  0.163415E+06  0.136665E+06  0.000000E+00  0.000000E+00  0.000000E+00  0.160071E+06
  0.495977E-01  0.158922E+06  0.133179E+06  0.000000E+00  0.000000E+00  0.000000E+00  0.155704E+06
  0.512787E-01  0.154574E+06  0.129966E+06  0.000000E+00  0.000000E+00  0.000000E+00  0.151498E+06
  0.530169E-01  0.150644E+06  0.127282E+06  0.000000E+00  0.000000E+00  0.000000E+00  0.147724E+06
  0.548139E-01  0.146584E+06  0.124558E+06  0.000000E+00  0.000000E+00  0.000000E+00  0.143831E+06
  0.566718E-01  0.142658E+06  0.122034E+06  0.000000E+00  0.000000E+00  0.000000E+00  0.140080E+06
  0.585927E-01  0.138856E+06  0.119668E+06  0.000000E+00  0.000000E+00  0.000000E+00  0.136457E+06
  0.605787E-01  0.135159E+06  0.117409E+06  0.000000E+00  0.000000E+00  0.000000E+00  0.132940E+06
  0.626320E-01  0.131381E+06  0.115034E+06  0.000000E+00  0.000000E+00  0.000000E+00  0.129338E+06
  0.647549E-01  0.127854E+06  0.112834E+06  0.000000E+00  0.000000E+00  0.000000E+00  0.125976E+06
  0.669498E-01  0.124382E+06  0.110579E+06  0.000000E+00  0.000000E+00  0.000000E+00  0.122657E+06
  0.692191E-01  0.120950E+06  0.108216E+06  0.000000E+00  0.000000E+00  0.000000E+00  0.119358E+06
  0.715653E-01  0.117590E+06  0.105745E+06  0.000000E+00  0.000000E+00  0.000000E+00  0.116109E+06
  0.739910E-01  0.114181E+06  0.103022E+06  0.000000E+00  0.000000E+00  0.000000E+00  0.112786E+06
  0.764989E-01  0.110758E+06  0.100067E+06  0.000000E+00  0.000000E+00  0.000000E+00  0.109422E+06
  0.790918E-01  0.107304E+06  0.968586E+05  0.000000E+00  0.000000E+00  0.000000E+00  0.105999E+06
  0.817727E-01  0.103809E+06  0.933973E+05  0.000000E+00  0.000000E+00  0.000000E+00  0.102508E+06
  0.845444E-01  0.100274E+06  0.897099E+05  0.000000E+00  0.000000E+00  0.000000E+00  0.989531E+05
  0.874100E-01  0.967118E+05  0.858511E+05  0.000000E+00  0.000000E+00  0.000000E+00  0.953542E+05
  0.903728E-01  0.931483E+05  0.818994E+05  0.000000E+00  0.000000E+00  0.000000E+00  0.917422E+05
  0.934360E-01  0.896123E+05  0.779487E+05  0.000000E+00  0.000000E+00  0.000000E+00  0.881543E+05
  0.966031E-01  0.861344E+05  0.741003E+05  0.000000E+00  0.000000E+00  0.000000E+00  0.846301E+05
  0.998774E-01  0.827466E+05  0.704561E+05  0.000000E+00  0.000000E+00  0.000000E+00  0.812103E+05
  0.103263E+00  0.794831E+05  0.671124E+05  0.000000E+00  0.000000E+00  0.000000E+00  0.779368E+05
  0.106763E+00  0.763805E+05  0.641518E+05  0.000000E+00  0.000000E+00  0.000000E+00  0.748519E+05
  0.110382E+00  0.734706E+05  0.616295E+05  0.000000E+00  0.000000E+00  0.000000E+00  0.719904E+05
  0.114123E+00  0.707736E+05  0.595595E+05  0.000000E+00  0.000000E+00  0.000000E+00  0.693718E+05
  0.117991E+00  0.682894E+05  0.579037E+05  0.000000E+00  0.000000E+00  0.000000E+00  0.669912E+05
  0.121990E+00  0.659936E+05  0.565699E+05  0.000000E+00  0.000000E+00  0.000000E+00  0.648157E+05
  0.126125E+00  0.638374E+05  0.554177E+05  0.000000E+00  0.000000E+00  0.000000E+00  0.627850E+05
  0.130400E+00  0.617573E+05  0.542806E+05  0.000000E+00  0.000000E+00  0.000000E+00  0.608227E+05
  0.134820E+00  0.596930E+05  0.530004E+05  0.000000E+00  0.000000E+00  0.000000E+00  0.588564E+05
  0.139390E+00  0.576027E+05  0.514597E+05  0.000000E+00  0.000000E+00  0.000000E+00  0.568348E+05
  0.144115E+00  0.554625E+05  0.495979E+05  0.000000E+00  0.000000E+00  0.000000E+00  0.547294E+05
  0.148999E+00  0.532609E+05  0.474165E+05  0.000000E+00  0.000000E+00  0.000000E+00  0.525304E+05
  0.154050E+00  0.510068E+05  0.449880E+05  0.000000E+00  0.000000E+00  0.000000E+00  0.502544E+05
  0.159272E+00  0.487411E+05  0.424586E+05  0.000000E+00  0.000000E+00  0.000000E+00  0.479558E+05
  0.164670E+00  0.465297E+05  0.400187E+05  0.000000E+00  0.000000E+00  0.000000E+00  0.457159E+05
  0.170252E+00  0.444409E+05  0.378516E+05  0.000000E+00  0.000000E+00  0.000000E+00  0.436172E+05
  0.176022E+00  0.425242E+05  0.360807E+05  0.000000E+00  0.000000E+00  0.000000E+00  0.417187E+05
  0.181989E+00  0.407942E+05  0.347299E+05  0.000000E+00  0.000000E+00  0.000000E+00  0.400361E+05
  0.188157E+00  0.392299E+05  0.337178E+05  0.000000E+00  0.000000E+00  0.000000E+00  0.385409E+05
  0.194535E+00  0.377853E+05  0.328834E+05  0.000000E+00  0.000000E+00  0.000000E+00  0.371726E+05
  0.201128E+00  0.363938E+05  0.320264E+05  0.000000E+00  0.000000E+00  0.000000E+00  0.358479E+05
  0.207946E+00  0.349844E+05  0.309696E+05  0.000000E+00  0.000000E+00  0.000000E+00  0.344825E+05
  0.214994E+00  0.335165E+05  0.296340E+05  0.000000E+00  0.000000E+00  0.000000E+00  0.330312E+05
  0.222281E+00  0.319973E+05  0.280727E+05  0.000000E+00  0.000000E+00  0.000000E+00  0.315067E+05
  0.229815E+00  0.304807E+05  0.264521E+05  0.000000E+00  0.000000E+00  0.000000E+00  0.299772E+05
  0.237605E+00  0.290377E+05  0.249728E+05  0.000000E+00  0.000000E+00  0.000000E+00  0.285296E+05
  0.245659E+00  0.277210E+05  0.237742E+05  0.000000E+00  0.000000E+00  0.000000E+00  0.272277E+05
  0.253985E+00  0.265417E+05  0.228694E+05  0.000000E+00  0.000000E+00  0.000000E+00  0.260827E+05
  0.262594E+00  0.254664E+05  0.221430E+05  0.000000E+00  0.000000E+00  0.000000E+00  0.250510E+05
  0.271495E+00  0.244325E+05  0.214138E+05  0.000000E+00  0.000000E+00  0.000000E+00  0.240551E+05
  0.280697E+00  0.233827E+05  0.205404E+05  0.000000E+00  0.000000E+00  0.000000E+00  0.230274E+05
  0.290211E+00  0.223066E+05  0.195116E+05  0.000000E+00  0.000000E+00  0.000000E+00  0.219572E+05
  0.300048E+00  0.212351E+05  0.184375E+05  0.000000E+00  0.000000E+00  0.000000E+00  0.208854E+05
  0.310218E+00  0.202205E+05  0.174695E+05  0.000000E+00  0.000000E+00  0.000000E+00  0.198766E+05
  0.320733E+00  0.193004E+05  0.166916E+05  0.000000E+00  0.000000E+00  0.000000E+00  0.189743E+05
  0.331605E+00  0.184585E+05  0.160504E+05  0.000000E+00  0.000000E+00  0.000000E+00  0.181575E+05
  0.342844E+00  0.176510E+05  0.154206E+05  0.000000E+00  0.000000E+00  0.000000E+00  0.173722E+05
  0.354465E+00  0.168429E+05  0.147148E+05  0.000000E+00  0.000000E+00  0.000000E+00  0.165769E+05
  0.366480E+00  0.160362E+05  0.139550E+05  0.000000E+00  0.000000E+00  0.000000E+00  0.157760E+05
  0.378902E+00  0.152629E+05  0.132371E+05  0.000000E+00  0.000000E+00  0.000000E+00  0.150096E+05
  0.391745E+00  0.145472E+05  0.126236E+05  0.000000E+00  0.000000E+00  0.000000E+00  0.143068E+05
  0.405023E+00  0.138819E+05  0.120846E+05  0.000000E+00  0.000000E+00  0.000000E+00  0.136572E+05
  0.418751E+00  0.132384E+05  0.115435E+05  0.000000E+00  0.000000E+00  0.000000E+00  0.130265E+05
  0.432945E+00  0.126039E+05  0.109741E+05  0.000000E+00  0.000000E+00  0.000000E+00  0.124002E+05
  0.447619E+00  0.119916E+05  0.104198E+05  0.000000E+00  0.000000E+00  0.000000E+00  0.117951E+05
  0.462792E+00  0.114171E+05  0.992276E+04  0.000000E+00  0.000000E+00  0.000000E+00  0.112303E+05
  0.478478E+00  0.108761E+05  0.946774E+04  0.000000E+00  0.000000E+00  0.000000E+00  0.107001E+05
  0.494696E+00  0.103544E+05  0.901660E+04  0.000000E+00  0.000000E+00  0.000000E+00  0.101872E+05
  0.511464E+00  0.984858E+04  0.856717E+04  0.000000E+00  0.000000E+00  0.000000E+00  0.968840E+04
  0.528800E+00  0.936762E+04  0.814581E+04  0.000000E+00  0.000000E+00  0.000000E+00  0.921490E+04
  0.546723E+00  0.891309E+04  0.775602E+04  0.000000E+00  0.000000E+00  0.000000E+00  0.876846E+04
  0.565255E+00  0.847791E+04  0.737914E+04  0.000000E+00  0.000000E+00  0.000000E+00  0.834057E+04
  0.584414E+00  0.805969E+04  0.701188E+04  0.000000E+00  0.000000E+00  0.000000E+00  0.792871E+04
  0.604223E+00  0.766168E+04  0.666526E+04  0.000000E+00  0.000000E+00  0.000000E+00  0.753713E+04
  0.624703E+00  0.728350E+04  0.633824E+04  0.000000E+00  0.000000E+00  0.000000E+00  0.716534E+04
  0.645878E+00  0.692171E+04  0.602304E+04  0.000000E+00  0.000000E+00  0.000000E+00  0.680937E+04
  0.667769E+00  0.657634E+04  0.572172E+04  0.000000E+00  0.000000E+00  0.000000E+00  0.646951E+04
  0.690404E+00  0.624785E+04  0.543656E+04  0.000000E+00  0.000000E+00  0.000000E+00  0.614644E+04
  0.713805E+00  0.593464E+04  0.516413E+04  0.000000E+00  0.000000E+00  0.000000E+00  0.583833E+04
  0.738000E+00  0.563593E+04  0.490391E+04  0.000000E+00  0.000000E+00  0.000000E+00  0.554442E+04
  0.763015E+00  0.535158E+04  0.465670E+04  0.000000E+00  0.000000E+00  0.000000E+00  0.526472E+04
  0.788877E+00  0.508076E+04  0.442108E+04  0.000000E+00  0.000000E+00  0.000000E+00  0.499830E+04
  0.815616E+00  0.482279E+04  0.419655E+04  0.000000E+00  0.000000E+00  0.000000E+00  0.474451E+04
  0.843261E+00  0.457725E+04  0.398297E+04  0.000000E+00  0.000000E+00  0.000000E+00  0.450297E+04
  0.871844E+00  0.434353E+04  0.377959E+04  0.000000E+00  0.000000E+00  0.000000E+00  0.427304E+04
  0.901395E+00  0.412114E+04  0.358610E+04  0.000000E+00  0.000000E+00  0.000000E+00  0.405426E+04
  0.931948E+00  0.390955E+04  0.340199E+04  0.000000E+00  0.000000E+00  0.000000E+00  0.384610E+04
  0.963536E+00  0.370830E+04  0.322688E+04  0.000000E+00  0.000000E+00  0.000000E+00  0.364812E+04
  0.996195E+00  0.351692E+04  0.306036E+04  0.000000E+00  0.000000E+00  0.000000E+00  0.345985E+04
  0.102996E+01  0.333495E+04  0.290203E+04  0.000000E+00  0.000000E+00  0.000000E+00  0.328083E+04
  0.106487E+01  0.316193E+04  0.275148E+04  0.000000E+00  0.000000E+00  0.000000E+00  0.311063E+04
  0.110097E+01  0.299748E+04  0.260839E+04  0.000000E+00  0.000000E+00  0.000000E+00  0.294884E+04
  0.113828E+01  0.284119E+04  0.247239E+04  0.000000E+00  0.000000E+00  0.000000E+00  0.279509E+04
  0.117687E+01  0.269269E+04  0.234318E+04  0.000000E+00  0.000000E+00  0.000000E+00  0.264900E+04
  0.121676E+01  0.255164E+04  0.222044E+04  0.000000E+00  0.000000E+00  0.000000E+00  0.251024E+04
  0.125800E+01  0.241766E+04  0.210386E+04  0.000000E+00  0.000000E+00  0.000000E+00  0.237844E+04
  0.130064E+01  0.229043E+04  0.199315E+04  0.000000E+00  0.000000E+00  0.000000E+00  0.225327E+04
  0.134472E+01  0.216963E+04  0.188803E+04  0.000000E+00  0.000000E+00  0.000000E+00  0.213443E+04
  0.139030E+01  0.205495E+04  0.178824E+04  0.000000E+00  0.000000E+00  0.000000E+00  0.202161E+04
  0.143743E+01  0.194609E+04  0.169352E+04  0.000000E+00  0.000000E+00  0.000000E+00  0.191452E+04
  0.148615E+01  0.184279E+04  0.160363E+04  0.000000E+00  0.000000E+00  0.000000E+00  0.181289E+04
  0.153652E+01  0.174475E+04  0.151832E+04  0.000000E+00  0.000000E+00  0.000000E+00  0.171645E+04
  0.158860E+01  0.165175E+04  0.143739E+04  0.000000E+00  0.000000E+00  0.000000E+00  0.162495E+04
  0.164245E+01  0.156352E+04  0.136061E+04  0.000000E+00  0.000000E+00  0.000000E+00  0.153816E+04
  0.169812E+01  0.147985E+04  0.128780E+04  0.000000E+00  0.000000E+00  0.000000E+00  0.145584E+04
  0.175568E+01  0.140050E+04  0.121875E+04  0.000000E+00  0.000000E+00  0.000000E+00  0.137778E+04
  0.181519E+01  0.132527E+04  0.115328E+04  0.000000E+00  0.000000E+00  0.000000E+00  0.130377E+04
  0.187671E+01  0.125394E+04  0.109121E+04  0.000000E+00  0.000000E+00  0.000000E+00  0.123360E+04
  0.194032E+01  0.118632E+04  0.103238E+04  0.000000E+00  0.000000E+00  0.000000E+00  0.116708E+04
  0.200609E+01  0.112224E+04  0.976611E+03  0.000000E+00  0.000000E+00  0.000000E+00  0.110404E+04
  0.207409E+01  0.106151E+04  0.923761E+03  0.000000E+00  0.000000E+00  0.000000E+00  0.104429E+04
  0.214439E+01  0.100396E+04  0.873684E+03  0.000000E+00  0.000000E+00  0.000000E+00  0.987678E+03
  0.221707E+01  0.949444E+03  0.826241E+03  0.000000E+00  0.000000E+00  0.000000E+00  0.934044E+03
  0.229222E+01  0.897802E+03  0.781301E+03  0.000000E+00  0.000000E+00  0.000000E+00  0.883240E+03
  0.236992E+01  0.848886E+03  0.738733E+03  0.000000E+00  0.000000E+00  0.000000E+00  0.835117E+03
  0.245024E+01  0.802562E+03  0.698422E+03  0.000000E+00  0.000000E+00  0.000000E+00  0.789545E+03
  0.253330E+01  0.758693E+03  0.660245E+03  0.000000E+00  0.000000E+00  0.000000E+00  0.746387E+03
  0.261916E+01  0.717156E+03  0.624098E+03  0.000000E+00  0.000000E+00  0.000000E+00  0.705523E+03
  0.270794E+01  0.677830E+03  0.589876E+03  0.000000E+00  0.000000E+00  0.000000E+00  0.666836E+03
  0.279972E+01  0.640607E+03  0.557483E+03  0.000000E+00  0.000000E+00  0.000000E+00  0.630216E+03
  0.289462E+01  0.605374E+03  0.526823E+03  0.000000E+00  0.000000E+00  0.000000E+00  0.595555E+03
  0.299273E+01  0.572032E+03  0.497807E+03  0.000000E+00  0.000000E+00  0.000000E+00  0.562754E+03
  0.309418E+01  0.540477E+03  0.470347E+03  0.000000E+00  0.000000E+00  0.000000E+00  0.531711E+03
  0.319905E+01  0.510620E+03  0.444364E+03  0.000000E+00  0.000000E+00  0.000000E+00  0.502338E+03
  0.330748E+01  0.482373E+03  0.419782E+03  0.000000E+00  0.000000E+00  0.000000E+00  0.474549E+03
  0.341959E+01  0.455652E+03  0.396528E+03  0.000000E+00  0.000000E+00  0.000000E+00  0.448261E+03
  0.353550E+01  0.430377E+03  0.374533E+03  0.000000E+00  0.000000E+00  0.000000E+00  0.423397E+03
  0.365534E+01  0.406472E+03  0.353730E+03  0.000000E+00  0.000000E+00  0.000000E+00  0.399879E+03
  0.377923E+01  0.383865E+03  0.334056E+03  0.000000E+00  0.000000E+00  0.000000E+00  0.377639E+03
  0.390733E+01  0.362487E+03  0.315452E+03  0.000000E+00  0.000000E+00  0.000000E+00  0.356607E+03
  0.403977E+01  0.342273E+03  0.297860E+03  0.000000E+00  0.000000E+00  0.000000E+00  0.336721E+03
  0.417670E+01  0.323162E+03  0.281229E+03  0.000000E+00  0.000000E+00  0.000000E+00  0.317921E+03
  0.431827E+01  0.305097E+03  0.265508E+03  0.000000E+00  0.000000E+00  0.000000E+00  0.300149E+03
  0.446464E+01  0.288021E+03  0.250647E+03  0.000000E+00  0.000000E+00  0.000000E+00  0.283349E+03
  0.461597E+01  0.271880E+03  0.236601E+03  0.000000E+00  0.000000E+00  0.000000E+00  0.267470E+03
  0.477243E+01  0.256625E+03  0.223325E+03  0.000000E+00  0.000000E+00  0.000000E+00  0.252463E+03
  0.493419E+01  0.242210E+03  0.210780E+03  0.000000E+00  0.000000E+00  0.000000E+00  0.238282E+03
  0.510143E+01  0.228589E+03  0.198926E+03  0.000000E+00  0.000000E+00  0.000000E+00  0.224881E+03
  0.527435E+01  0.215720E+03  0.187726E+03  0.000000E+00  0.000000E+00  0.000000E+00  0.212220E+03
  0.545312E+01  0.203561E+03  0.177145E+03  0.000000E+00  0.000000E+00  0.000000E+00  0.200259E+03
  0.563796E+01  0.192074E+03  0.167148E+03  0.000000E+00  0.000000E+00  0.000000E+00  0.188958E+03
  0.582905E+01  0.181224E+03  0.157706E+03  0.000000E+00  0.000000E+00  0.000000E+00  0.178284E+03
  0.602663E+01  0.170976E+03  0.148788E+03  0.000000E+00  0.000000E+00  0.000000E+00  0.168203E+03
  0.623090E+01  0.161297E+03  0.140364E+03  0.000000E+00  0.000000E+00  0.000000E+00  0.158681E+03
  0.644210E+01  0.152156E+03  0.132409E+03  0.000000E+00  0.000000E+00  0.000000E+00  0.149688E+03
  0.666046E+01  0.143525E+03  0.124897E+03  0.000000E+00  0.000000E+00  0.000000E+00  0.141197E+03
  0.688622E+01  0.135375E+03  0.117805E+03  0.000000E+00  0.000000E+00  0.000000E+00  0.133179E+03
  0.711962E+01  0.127681E+03  0.111108E+03  0.000000E+00  0.000000E+00  0.000000E+00  0.125609E+03
  0.736094E+01  0.120416E+03  0.104786E+03  0.000000E+00  0.000000E+00  0.000000E+00  0.118462E+03
  0.761044E+01  0.113558E+03  0.988172E+02  0.000000E+00  0.000000E+00  0.000000E+00  0.111715E+03
  0.786840E+01  0.107084E+03  0.931834E+02  0.000000E+00  0.000000E+00  0.000000E+00  0.105346E+03
  0.813510E+01  0.100974E+03  0.878658E+02  0.000000E+00  0.000000E+00  0.000000E+00  0.993352E+02
  0.841084E+01  0.952064E+02  0.828465E+02  0.000000E+00  0.000000E+00  0.000000E+00  0.936614E+02
  0.869593E+01  0.897636E+02  0.781097E+02  0.000000E+00  0.000000E+00  0.000000E+00  0.883068E+02
  0.899068E+01  0.846276E+02  0.736398E+02  0.000000E+00  0.000000E+00  0.000000E+00  0.832541E+02
  0.929542E+01  0.797808E+02  0.694217E+02  0.000000E+00  0.000000E+00  0.000000E+00  0.784859E+02
  0.961048E+01  0.752076E+02  0.654417E+02  0.000000E+00  0.000000E+00  0.000000E+00  0.739868E+02
  0.993624E+01  0.708928E+02  0.616865E+02  0.000000E+00  0.000000E+00  0.000000E+00  0.697420E+02
  0.102730E+02  0.668222E+02  0.581439E+02  0.000000E+00  0.000000E+00  0.000000E+00  0.657374E+02
  0.106212E+02  0.629818E+02  0.548016E+02  0.000000E+00  0.000000E+00  0.000000E+00  0.619592E+02
  0.109812E+02  0.593592E+02  0.516488E+02  0.000000E+00  0.000000E+00  0.000000E+00  0.583954E+02
  0.113534E+02  0.559422E+02  0.486750E+02  0.000000E+00  0.000000E+00  0.000000E+00  0.550338E+02
  0.117383E+02  0.527192E+02  0.458700E+02  0.000000E+00  0.000000E+00  0.000000E+00  0.518630E+02
  0.121361E+02  0.496793E+02  0.432244E+02  0.000000E+00  0.000000E+00  0.000000E+00  0.488725E+02
  0.125475E+02  0.468125E+02  0.407294E+02  0.000000E+00  0.000000E+00  0.000000E+00  0.460521E+02
  0.129728E+02  0.441090E+02  0.383764E+02  0.000000E+00  0.000000E+00  0.000000E+00  0.433924E+02
  0.134125E+02  0.415596E+02  0.361577E+02  0.000000E+00  0.000000E+00  0.000000E+00  0.408844E+02
  0.138671E+02  0.391558E+02  0.340657E+02  0.000000E+00  0.000000E+00  0.000000E+00  0.385196E+02
  0.143372E+02  0.368893E+02  0.320930E+02  0.000000E+00  0.000000E+00  0.000000E+00  0.362897E+02
  0.148231E+02  0.347524E+02  0.302332E+02  0.000000E+00  0.000000E+00  0.000000E+00  0.341875E+02
  0.153256E+02  0.327378E+02  0.284798E+02  0.000000E+00  0.000000E+00  0.000000E+00  0.322055E+02
  0.158450E+02  0.308386E+02  0.268269E+02  0.000000E+00  0.000000E+00  0.000000E+00  0.303371E+02
  0.163821E+02  0.290482E+02  0.252687E+02  0.000000E+00  0.000000E+00  0.000000E+00  0.285758E+02
  0.169373E+02  0.273607E+02  0.238000E+02  0.000000E+00  0.000000E+00  0.000000E+00  0.269156E+02
  0.175115E+02  0.257700E+02  0.224155E+02  0.000000E+00  0.000000E+00  0.000000E+00  0.253506E+02
  0.181050E+02  0.242708E+02  0.211107E+02  0.000000E+00  0.000000E+00  0.000000E+00  0.238758E+02
  0.187187E+02  0.228578E+02  0.198809E+02  0.000000E+00  0.000000E+00  0.000000E+00  0.224857E+02
  0.193531E+02  0.215262E+02  0.187219E+02  0.000000E+00  0.000000E+00  0.000000E+00  0.211756E+02
  0.200091E+02  0.202713E+02  0.176297E+02  0.000000E+00  0.000000E+00  0.000000E+00  0.199411E+02
  0.206873E+02  0.190887E+02  0.166005E+02  0.000000E+00  0.000000E+00  0.000000E+00  0.187777E+02
  0.213885E+02  0.179745E+02  0.156307E+02  0.000000E+00  0.000000E+00  0.000000E+00  0.176815E+02
  0.221135E+02  0.169246E+02  0.147169E+02  0.000000E+00  0.000000E+00  0.000000E+00  0.166486E+02
  0.228630E+02  0.159354E+02  0.138559E+02  0.000000E+00  0.000000E+00  0.000000E+00  0.156754E+02
  0.236380E+02  0.150034E+02  0.130447E+02  0.000000E+00  0.000000E+00  0.000000E+00  0.147585E+02
  0.244392E+02  0.141253E+02  0.122804E+02  0.000000E+00  0.000000E+00  0.000000E+00  0.138947E+02
  0.252676E+02  0.132981E+02  0.115605E+02  0.000000E+00  0.000000E+00  0.000000E+00  0.130809E+02
  0.261240E+02  0.125190E+02  0.108823E+02  0.000000E+00  0.000000E+00  0.000000E+00  0.123144E+02
  0.270095E+02  0.117850E+02  0.102434E+02  0.000000E+00  0.000000E+00  0.000000E+00  0.115923E+02
  0.279250E+02  0.110936E+02  0.964164E+01  0.000000E+00  0.000000E+00  0.000000E+00  0.109121E+02
  0.288715E+02  0.104424E+02  0.907483E+01  0.000000E+00  0.000000E+00  0.000000E+00  0.102715E+02
  0.298501E+02  0.982911E+01  0.854098E+01  0.000000E+00  0.000000E+00  0.000000E+00  0.966809E+01
  0.308619E+02  0.925146E+01  0.803817E+01  0.000000E+00  0.000000E+00  0.000000E+00  0.909980E+01
  0.319079E+02  0.870747E+01  0.756465E+01  0.000000E+00  0.000000E+00  0.000000E+00  0.856461E+01
  0.329895E+02  0.819516E+01  0.711871E+01  0.000000E+00  0.000000E+00  0.000000E+00  0.806060E+01
  0.341076E+02  0.771273E+01  0.669877E+01  0.000000E+00  0.000000E+00  0.000000E+00  0.758599E+01
  0.352637E+02  0.725843E+01  0.630332E+01  0.000000E+00  0.000000E+00  0.000000E+00  0.713904E+01
  0.364590E+02  0.683068E+01  0.593096E+01  0.000000E+00  0.000000E+00  0.000000E+00  0.671821E+01
  0.376948E+02  0.642789E+01  0.558034E+01  0.000000E+00  0.000000E+00  0.000000E+00  0.632195E+01
  0.389725E+02  0.604866E+01  0.525021E+01  0.000000E+00  0.000000E+00  0.000000E+00  0.594886E+01
  0.402934E+02  0.569162E+01  0.493940E+01  0.000000E+00  0.000000E+00  0.000000E+00  0.559759E+01
  0.416592E+02  0.535547E+01  0.464676E+01  0.000000E+00  0.000000E+00  0.000000E+00  0.526688E+01
  0.430712E+02  0.503901E+01  0.437127E+01  0.000000E+00  0.000000E+00  0.000000E+00  0.495554E+01
  0.445311E+02  0.474109E+01  0.411190E+01  0.000000E+00  0.000000E+00  0.000000E+00  0.466244E+01
  0.460405E+02  0.446065E+01  0.386775E+01  0.000000E+00  0.000000E+00  0.000000E+00  0.438653E+01
  0.476011E+02  0.419665E+01  0.363792E+01  0.000000E+00  0.000000E+00  0.000000E+00  0.412681E+01
  0.492145E+02  0.394814E+01  0.342156E+01  0.000000E+00  0.000000E+00  0.000000E+00  0.388232E+01
  0.508826E+02  0.371424E+01  0.321792E+01  0.000000E+00  0.000000E+00  0.000000E+00  0.365220E+01
  0.526073E+02  0.349409E+01  0.302624E+01  0.000000E+00  0.000000E+00  0.000000E+00  0.343561E+01
  0.543904E+02  0.328688E+01  0.284583E+01  0.000000E+00  0.000000E+00  0.000000E+00  0.323175E+01
  0.562340E+02  0.309188E+01  0.267603E+01  0.000000E+00  0.000000E+00  0.000000E+00  0.303990E+01
  0.581401E+02  0.290834E+01  0.251622E+01  0.000000E+00  0.000000E+00  0.000000E+00  0.285932E+01
  0.601107E+02  0.273562E+01  0.236582E+01  0.000000E+00  0.000000E+00  0.000000E+00  0.268939E+01
  0.621482E+02  0.257307E+01  0.222428E+01  0.000000E+00  0.000000E+00  0.000000E+00  0.252948E+01
  0.642547E+02  0.242011E+01  0.209108E+01  0.000000E+00  0.000000E+00  0.000000E+00  0.237899E+01
  0.664326E+02  0.227618E+01  0.196574E+01  0.000000E+00  0.000000E+00  0.000000E+00  0.223738E+01
  0.686844E+02  0.214074E+01  0.184779E+01  0.000000E+00  0.000000E+00  0.000000E+00  0.210412E+01
  0.710124E+02  0.201331E+01  0.173681E+01  0.000000E+00  0.000000E+00  0.000000E+00  0.197874E+01
  0.734194E+02  0.189340E+01  0.163237E+01  0.000000E+00  0.000000E+00  0.000000E+00  0.186077E+01
  0.759079E+02  0.178058E+01  0.153411E+01  0.000000E+00  0.000000E+00  0.000000E+00  0.174977E+01
  0.784809E+02  0.167443E+01  0.144166E+01  0.000000E+00  0.000000E+00  0.000000E+00  0.164534E+01
  0.811410E+02  0.157457E+01  0.135467E+01  0.000000E+00  0.000000E+00  0.000000E+00  0.154708E+01
  0.838913E+02  0.148062E+01  0.127283E+01  0.000000E+00  0.000000E+00  0.000000E+00  0.145464E+01
  0.867347E+02  0.139223E+01  0.119583E+01  0.000000E+00  0.000000E+00  0.000000E+00  0.136768E+01
  0.896747E+02  0.130908E+01  0.112340E+01  0.000000E+00  0.000000E+00  0.000000E+00  0.128587E+01
  0.927141E+02  0.123086E+01  0.105525E+01  0.000000E+00  0.000000E+00  0.000000E+00  0.120891E+01
  0.958567E+02  0.115729E+01  0.991147E+00  0.000000E+00  0.000000E+00  0.000000E+00  0.113652E+01
  0.991058E+02  0.108807E+01  0.930840E+00  0.000000E+00  0.000000E+00  0.000000E+00  0.106842E+01
  0.102465E+03  0.102297E+01  0.874111E+00  0.000000E+00  0.000000E+00  0.000000E+00  0.100436E+01
  0.105938E+03  0.961734E+00  0.820751E+00  0.000000E+00  0.000000E+00  0.000000E+00  0.944111E+00
  0.109529E+03  0.904135E+00  0.770556E+00  0.000000E+00  0.000000E+00  0.000000E+00  0.887438E+00
  0.113241E+03  0.849964E+00  0.723345E+00  0.000000E+00  0.000000E+00  0.000000E+00  0.834136E+00
  0.117080E+03  0.799016E+00  0.678940E+00  0.000000E+00  0.000000E+00  0.000000E+00  0.784006E+00
  0.121048E+03  0.751098E+00  0.637175E+00  0.000000E+00  0.000000E+00  0.000000E+00  0.736858E+00
  0.125151E+03  0.706031E+00  0.597891E+00  0.000000E+00  0.000000E+00  0.000000E+00  0.692514E+00
  0.129393E+03  0.663651E+00  0.560948E+00  0.000000E+00  0.000000E+00  0.000000E+00  0.650813E+00
  0.133779E+03  0.623795E+00  0.526203E+00  0.000000E+00  0.000000E+00  0.000000E+00  0.611596E+00
  0.138313E+03  0.586315E+00  0.493528E+00  0.000000E+00  0.000000E+00  0.000000E+00  0.574717E+00
  0.143002E+03  0.551068E+00  0.462798E+00  0.000000E+00  0.000000E+00  0.000000E+00  0.540035E+00
  0.147849E+03  0.517926E+00  0.433902E+00  0.000000E+00  0.000000E+00  0.000000E+00  0.507423E+00
  0.152860E+03  0.486762E+00  0.406729E+00  0.000000E+00  0.000000E+00  0.000000E+00  0.476758E+00
  0.158041E+03  0.457458E+00  0.381178E+00  0.000000E+00  0.000000E+00  0.000000E+00  0.447923E+00
  0.163398E+03  0.429904E+00  0.357152E+00  0.000000E+00  0.000000E+00  0.000000E+00  0.420810E+00
  0.168936E+03  0.403997E+00  0.334562E+00  0.000000E+00  0.000000E+00  0.000000E+00  0.395317E+00
  0.174662E+03  0.379638E+00  0.313323E+00  0.000000E+00  0.000000E+00  0.000000E+00  0.371349E+00
  0.180583E+03  0.356735E+00  0.293354E+00  0.000000E+00  0.000000E+00  0.000000E+00  0.348813E+00
  0.186704E+03  0.335204E+00  0.274581E+00  0.000000E+00  0.000000E+00  0.000000E+00  0.327626E+00
  0.193032E+03  0.314961E+00  0.256933E+00  0.000000E+00  0.000000E+00  0.000000E+00  0.307707E+00
  0.199574E+03  0.295929E+00  0.240343E+00  0.000000E+00  0.000000E+00  0.000000E+00  0.288980E+00
  0.206339E+03  0.278036E+00  0.224749E+00  0.000000E+00  0.000000E+00  0.000000E+00  0.271376E+00
