  0.119218E-04  0.107244E+07  0.107244E+07  0.142988E+07  0.142988E+07  0.000000E+00  0.107244E+07
  0.123258E-04  0.107244E+07  0.107244E+07  0.142987E+07  0.142987E+07  0.000000E+00  0.107244E+07
  0.127436E-04  0.107244E+07  0.107244E+07  0.142987E+07  0.142987E+07  0.000000E+00  0.107244E+07
  0.131756E-04  0.107244E+07  0.107244E+07  0.142987E+07  0.142986E+07  0.000000E+00  0.107244E+07
  0.136222E-04  0.107244E+07  0.107244E+07  0.142986E+07  0.142986E+07  0.000000E+00  0.107244E+07
  0.140839E-04  0.107244E+07  0.107244E+07  0.142986E+07  0.142986E+07  0.000000E+00  0.107244E+07
  0.145613E-04  0.107244E+07  0.107244E+07  0.142985E+07  0.142985E+07  0.000000E+00  0.107244E+07
  0.150548E-04  0.107244E+07  0.107244E+07  0.142985E+07  0.142985E+07  0.000000E+00  0.107244E+07
  0.155651E-04  0.107244E+07  0.107244E+07  0.142984E+07  0.142984E+07  0.000000E+00  0.107244E+07
  0.160927E-04  0.107244E+07  0.107244E+07  0.142984E+07  0.142983E+07  0.000000E+00  0.107244E+07
  0.166382E-04  0.107244E+07  0.107244E+07  0.142983E+07  0.142983E+07  0.000000E+00  0.107244E+07
  0.172021E-04  0.107244E+07  0.107244E+07  0.142982E+07  0.142982E+07  0.000000E+00  0.107244E+07
  0.177852E-04  0.107244E+07  0.107244E+07  0.142982E+07  0.142981E+07  0.000000E+00  0.107244E+07
  0.183880E-04  0.107244E+07  0.107244E+07  0.142981E+07  0.142981E+07  0.000000E+00  0.107244E+07
  0.190113E-04  0.107244E+07  0.107244E+07  0.142980E+07  0.142980E+07  0.000000E+00  0.107244E+07
  0.196557E-04  0.107244E+07  0.107244E+07  0.142979E+07  0.142979E+07  0.000000E+00  0.107244E+07
  0.203219E-04  0.107244E+07  0.107244E+07  0.142978E+07  0.142978E+07  0.000000E+00  0.107244E+07
  0.210107E-04  0.107244E+07  0.107244E+07  0.142977E+07  0.142977E+07  0.000000E+00  0.107244E+07
  0.217229E-04  0.107244E+07  0.107244E+07  0.142976E+07  0.142976E+07  0.000000E+00  0.107244E+07
  0.224592E-04  0.107244E+07  0.107244E+07  0.142975E+07  0.142975E+07  0.000000E+00  0.107244E+07
  0.232204E-04  0.107244E+07  0.107244E+07  0.142974E+07  0.142973E+07  0.000000E+00  0.107244E+07
  0.240075E-04  0.107244E+07  0.107244E+07  0.142972E+07  0.142972E+07  0.000000E+00  0.107244E+07
  0.248212E-04  0.107244E+07  0.107244E+07  0.142971E+07  0.142971E+07  0.000000E+00  0.107244E+07
  0.256625E-04  0.107244E+07  0.107244E+07  0.142970E+07  0.142969E+07  0.000000E+00  0.107244E+07
  0.265324E-04  0.107244E+07  0.107244E+07  0.142968E+07  0.142967E+07  0.000000E+00  0.107244E+07
  0.274317E-04  0.107244E+07  0.107244E+07  0.142966E+07  0.142966E+07  0.000000E+00  0.107244E+07
  0.283615E-04  0.107244E+07  0.107244E+07  0.142964E+07  0.142964E+07  0.000000E+00  0.107244E+07
  0.293228E-04  0.107244E+07  0.107244E+07  0.142962E+07  0.142962E+07  0.000000E+00  0.107244E+07
  0.303167E-04  0.107244E+07  0.107244E+07  0.142960E+07  0.142960E+07  0.000000E+00  0.107244E+07
  0.313443E-04  0.107244E+07  0.107244E+07  0.142958E+07  0.142957E+07  0.000000E+00  0.107244E+07
  0.324067E-04  0.107244E+07  0.107244E+07  0.142956E+07  0.142955E+07  0.000000E+00  0.107244E+07
  0.335051E-04  0.107244E+07  0.107244E+07  0.142953E+07  0.142952E+07  0.000000E+00  0.107244E+07
  0.346408E-04  0.107244E+07  0.107244E+07  0.142951E+07  0.142950E+07  0.000000E+00  0.107244E+07
  0.358149E-04  0.107244E+07  0.107244E+07  0.142948E+07  0.142947E+07  0.000000E+00  0.107244E+07
  0.370289E-04  0.107244E+07  0.107244E+07  0.142945E+07  0.142943E+07  0.000000E+00  0.107244E+07
  0.382840E-04  0.107244E+07  0.107244E+07  0.142941E+07  0.142940E+07  0.000000E+00  0.107244E+07
  0.395816E-04  0.107244E+07  0.107244E+07  0.142938E+07  0.142936E+07  0.000000E+00  0.107244E+07
  0.409233E-04  0.107244E+07  0.107244E+07  0.142934E+07  0.142933E+07  0.000000E+00  0.107244E+07
  0.423104E-04  0.107244E+07  0.107244E+07  0.142930E+07  0.142928E+07  0.000000E+00  0.107244E+07
  0.437445E-04  0.107244E+07  0.107244E+07  0.142925E+07  0.142924E+07  0.000000E+00  0.107244E+07
  0.452272E-04  0.107244E+07  0.107244E+07  0.142921E+07  0.142919E+07  0.000000E+00  0.107244E+07
  0.467602E-04  0.107244E+07  0.107244E+07  0.142916E+07  0.142914E+07  0.000000E+00  0.107244E+07
  0.483451E-04  0.107244E+07  0.107244E+07  0.142911E+07  0.142909E+07  0.000000E+00  0.107244E+07
  0.499838E-04  0.107244E+07  0.107243E+07  0.142905E+07  0.142903E+07  0.000000E+00  0.107244E+07
  0.516780E-04  0.107243E+07  0.107243E+07  0.142899E+07  0.142897E+07  0.000000E+00  0.107243E+07
  0.534296E-04  0.107243E+07  0.107243E+07  0.142892E+07  0.142890E+07  0.000000E+00  0.107243E+07
  0.552406E-04  0.107243E+07  0.107243E+07  0.142886E+07  0.142883E+07  0.000000E+00  0.107243E+07
  0.571130E-04  0.107243E+07  0.107243E+07  0.142878E+07  0.142876E+07  0.000000E+00  0.107243E+07
  0.590489E-04  0.107243E+07  0.107243E+07  0.142870E+07  0.142868E+07  0.000000E+00  0.107243E+07
  0.610503E-04  0.107243E+07  0.107243E+07  0.142862E+07  0.142859E+07  0.000000E+00  0.107243E+07
  0.631196E-04  0.107243E+07  0.107243E+07  0.142853E+07  0.142850E+07  0.000000E+00  0.107243E+07
  0.652591E-04  0.107243E+07  0.107243E+07  0.142843E+07  0.142840E+07  0.000000E+00  0.107243E+07
  0.674711E-04  0.107243E+07  0.107243E+07  0.142833E+07  0.142829E+07  0.000000E+00  0.107243E+07
  0.697580E-04  0.107243E+07  0.107243E+07  0.142822E+07  0.142818E+07  0.000000E+00  0.107243E+07
  0.721224E-04  0.107242E+07  0.107242E+07  0.142810E+07  0.142806E+07  0.000000E+00  0.107242E+07
  0.745670E-04  0.107242E+07  0.107242E+07  0.142797E+07  0.142793E+07  0.000000E+00  0.107242E+07
  0.770945E-04  0.107242E+07  0.107242E+07  0.142784E+07  0.142779E+07  0.000000E+00  0.107242E+07
  0.797076E-04  0.107242E+07  0.107242E+07  0.142770E+07  0.142765E+07  0.000000E+00  0.107242E+07
  0.824093E-04  0.107242E+07  0.107242E+07  0.142754E+07  0.142749E+07  0.000000E+00  0.107242E+07
  0.852026E-04  0.107242E+07  0.107242E+07  0.142738E+07  0.142732E+07  0.000000E+00  0.107242E+07
  0.880905E-04  0.107241E+07  0.107241E+07  0.142720E+07  0.142714E+07  0.000000E+00  0.107241E+07
  0.910764E-04  0.107241E+07  0.107241E+07  0.142702E+07  0.142695E+07  0.000000E+00  0.107241E+07
  0.941634E-04  0.107241E+07  0.107241E+07  0.142681E+07  0.142675E+07  0.000000E+00  0.107241E+07
  0.973551E-04  0.107241E+07  0.107241E+07  0.142660E+07  0.142653E+07  0.000000E+00  0.107241E+07
  0.100655E-03  0.107240E+07  0.107240E+07  0.142637E+07  0.142629E+07  0.000000E+00  0.107240E+07
  0.104067E-03  0.107240E+07  0.107240E+07  0.142613E+07  0.142604E+07  0.000000E+00  0.107240E+07
  0.107594E-03  0.107240E+07  0.107240E+07  0.142586E+07  0.142578E+07  0.000000E+00  0.107240E+07
  0.111241E-03  0.107240E+07  0.107240E+07  0.142559E+07  0.142549E+07  0.000000E+00  0.107240E+07
  0.115011E-03  0.107239E+07  0.107239E+07  0.142529E+07  0.142518E+07  0.000000E+00  0.107239E+07
  0.118910E-03  0.107239E+07  0.107239E+07  0.142497E+07  0.142486E+07  0.000000E+00  0.107239E+07
  0.122940E-03  0.107238E+07  0.107238E+07  0.142463E+07  0.142451E+07  0.000000E+00  0.107238E+07
  0.127107E-03  0.107238E+07  0.107238E+07  0.142426E+07  0.142414E+07  0.000000E+00  0.107238E+07
  0.131416E-03  0.107238E+07  0.107238E+07  0.142387E+07  0.142374E+07  0.000000E+00  0.107238E+07
  0.135870E-03  0.107237E+07  0.107237E+07  0.142345E+07  0.142331E+07  0.000000E+00  0.107237E+07
  0.140475E-03  0.107237E+07  0.107237E+07  0.142301E+07  0.142286E+07  0.000000E+00  0.107237E+07
  0.145237E-03  0.107236E+07  0.107236E+07  0.142253E+07  0.142237E+07  0.000000E+00  0.107236E+07
  0.150160E-03  0.107236E+07  0.107235E+07  0.142203E+07  0.142185E+07  0.000000E+00  0.107236E+07
  0.155249E-03  0.107235E+07  0.107235E+07  0.142148E+07  0.142130E+07  0.000000E+00  0.107235E+07
  0.160511E-03  0.107234E+07  0.107234E+07  0.142090E+07  0.142070E+07  0.000000E+00  0.107234E+07
  0.165952E-03  0.107234E+07  0.107233E+07  0.142028E+07  0.142007E+07  0.000000E+00  0.107234E+07
  0.171577E-03  0.107233E+07  0.107233E+07  0.141962E+07  0.141939E+07  0.000000E+00  0.107233E+07
  0.177393E-03  0.107232E+07  0.107232E+07  0.141891E+07  0.141867E+07  0.000000E+00  0.107232E+07
  0.183405E-03  0.107231E+07  0.107231E+07  0.141815E+07  0.141790E+07  0.000000E+00  0.107231E+07
  0.189622E-03  0.107230E+07  0.107230E+07  0.141735E+07  0.141707E+07  0.000000E+00  0.107230E+07
  0.196049E-03  0.107229E+07  0.107229E+07  0.141648E+07  0.141619E+07  0.000000E+00  0.107229E+07
  0.202694E-03  0.107228E+07  0.107228E+07  0.141556E+07  0.141525E+07  0.000000E+00  0.107228E+07
  0.209565E-03  0.107227E+07  0.107227E+07  0.141457E+07  0.141424E+07  0.000000E+00  0.107227E+07
  0.216668E-03  0.107226E+07  0.107226E+07  0.141352E+07  0.141316E+07  0.000000E+00  0.107226E+07
  0.224012E-03  0.107225E+07  0.107224E+07  0.141240E+07  0.141201E+07  0.000000E+00  0.107224E+07
  0.231605E-03  0.107223E+07  0.107223E+07  0.141120E+07  0.141079E+07  0.000000E+00  0.107223E+07
  0.239455E-03  0.107222E+07  0.107221E+07  0.140991E+07  0.140948E+07  0.000000E+00  0.107222E+07
  0.247571E-03  0.107220E+07  0.107220E+07  0.140854E+07  0.140808E+07  0.000000E+00  0.107220E+07
  0.255963E-03  0.107218E+07  0.107218E+07  0.140708E+07  0.140658E+07  0.000000E+00  0.107218E+07
  0.264639E-03  0.107217E+07  0.107216E+07  0.140552E+07  0.140498E+07  0.000000E+00  0.107217E+07
  0.273609E-03  0.107215E+07  0.107214E+07  0.140385E+07  0.140328E+07  0.000000E+00  0.107215E+07
  0.282883E-03  0.107213E+07  0.107212E+07  0.140207E+07  0.140146E+07  0.000000E+00  0.107213E+07
  0.292471E-03  0.107210E+07  0.107210E+07  0.140016E+07  0.139952E+07  0.000000E+00  0.107210E+07
  0.302384E-03  0.107208E+07  0.107208E+07  0.139813E+07  0.139744E+07  0.000000E+00  0.107208E+07
  0.312634E-03  0.107206E+07  0.107205E+07  0.139597E+07  0.139523E+07  0.000000E+00  0.107206E+07
  0.323230E-03  0.107203E+07  0.107202E+07  0.139365E+07  0.139287E+07  0.000000E+00  0.107203E+07
  0.334186E-03  0.107200E+07  0.107199E+07  0.139118E+07  0.139035E+07  0.000000E+00  0.107200E+07
  0.345514E-03  0.107197E+07  0.107196E+07  0.138855E+07  0.138765E+07  0.000000E+00  0.107197E+07
  0.357225E-03  0.107194E+07  0.107193E+07  0.138574E+07  0.138478E+07  0.000000E+00  0.107194E+07
  0.369333E-03  0.107190E+07  0.107189E+07  0.138274E+07  0.138172E+07  0.000000E+00  0.107190E+07
  0.381852E-03  0.107187E+07  0.107186E+07  0.137954E+07  0.137845E+07  0.000000E+00  0.107186E+07
  0.394794E-03  0.107183E+07  0.107182E+07  0.137612E+07  0.137497E+07  0.000000E+00  0.107183E+07
  0.408176E-03  0.107178E+07  0.107177E+07  0.137248E+07  0.137126E+07  0.000000E+00  0.107178E+07
  0.422011E-03  0.107174E+07  0.107173E+07  0.136860E+07  0.136729E+07  0.000000E+00  0.107174E+07
  0.436315E-03  0.107169E+07  0.107168E+07  0.136447E+07  0.136307E+07  0.000000E+00  0.107169E+07
  0.451104E-03  0.107164E+07  0.107162E+07  0.136006E+07  0.135857E+07  0.000000E+00  0.107164E+07
  0.466395E-03  0.107158E+07  0.107157E+07  0.135536E+07  0.135378E+07  0.000000E+00  0.107158E+07
  0.482203E-03  0.107152E+07  0.107151E+07  0.135035E+07  0.134867E+07  0.000000E+00  0.107152E+07
  0.498547E-03  0.107146E+07  0.107144E+07  0.134502E+07  0.134323E+07  0.000000E+00  0.107146E+07
  0.515446E-03  0.107139E+07  0.107138E+07  0.133934E+07  0.133744E+07  0.000000E+00  0.107139E+07
  0.532917E-03  0.107132E+07  0.107130E+07  0.133330E+07  0.133127E+07  0.000000E+00  0.107132E+07
  0.550980E-03  0.107124E+07  0.107122E+07  0.132686E+07  0.132471E+07  0.000000E+00  0.107124E+07
  0.569656E-03  0.107116E+07  0.107114E+07  0.132002E+07  0.131773E+07  0.000000E+00  0.107116E+07
  0.588964E-03  0.107107E+07  0.107105E+07  0.131273E+07  0.131031E+07  0.000000E+00  0.107107E+07
  0.608927E-03  0.107098E+07  0.107096E+07  0.130499E+07  0.130241E+07  0.000000E+00  0.107098E+07
  0.629567E-03  0.107088E+07  0.107085E+07  0.129676E+07  0.129403E+07  0.000000E+00  0.107088E+07
  0.650906E-03  0.107077E+07  0.107075E+07  0.128802E+07  0.128512E+07  0.000000E+00  0.107077E+07
  0.672969E-03  0.107066E+07  0.107063E+07  0.127873E+07  0.127566E+07  0.000000E+00  0.107066E+07
  0.695779E-03  0.107054E+07  0.107051E+07  0.126887E+07  0.126562E+07  0.000000E+00  0.107053E+07
  0.719362E-03  0.107041E+07  0.107037E+07  0.125841E+07  0.125496E+07  0.000000E+00  0.107040E+07
  0.743745E-03  0.107027E+07  0.107023E+07  0.124732E+07  0.124367E+07  0.000000E+00  0.107026E+07
  0.768955E-03  0.107012E+07  0.107008E+07  0.123556E+07  0.123171E+07  0.000000E+00  0.107012E+07
  0.795018E-03  0.106996E+07  0.106992E+07  0.122310E+07  0.121904E+07  0.000000E+00  0.106996E+07
  0.821966E-03  0.106980E+07  0.106975E+07  0.120992E+07  0.120563E+07  0.000000E+00  0.106979E+07
  0.849826E-03  0.106962E+07  0.106957E+07  0.119597E+07  0.119145E+07  0.000000E+00  0.106961E+07
  0.878631E-03  0.106942E+07  0.106937E+07  0.118123E+07  0.117646E+07  0.000000E+00  0.106942E+07
  0.908413E-03  0.106922E+07  0.106917E+07  0.116566E+07  0.116064E+07  0.000000E+00  0.106921E+07
  0.939203E-03  0.106900E+07  0.106894E+07  0.114922E+07  0.114395E+07  0.000000E+00  0.106899E+07
  0.971038E-03  0.106877E+07  0.106871E+07  0.113189E+07  0.112637E+07  0.000000E+00  0.106876E+07
  0.100395E-02  0.106852E+07  0.106846E+07  0.111364E+07  0.110785E+07  0.000000E+00  0.106851E+07
  0.103798E-02  0.106826E+07  0.106819E+07  0.109443E+07  0.108837E+07  0.000000E+00  0.106825E+07
  0.107316E-02  0.106798E+07  0.106790E+07  0.107424E+07  0.106791E+07  0.000000E+00  0.106797E+07
  0.110954E-02  0.106768E+07  0.106760E+07  0.105305E+07  0.104644E+07  0.000000E+00  0.106767E+07
  0.114715E-02  0.106736E+07  0.106727E+07  0.103082E+07  0.102394E+07  0.000000E+00  0.106735E+07
  0.118603E-02  0.106702E+07  0.106693E+07  0.100756E+07  0.100040E+07  0.000000E+00  0.106701E+07
  0.122623E-02  0.106666E+07  0.106656E+07  0.983231E+06  0.975810E+06  0.000000E+00  0.106664E+07
  0.126779E-02  0.106627E+07  0.106617E+07  0.957842E+06  0.950163E+06  0.000000E+00  0.106626E+07
  0.131076E-02  0.106586E+07  0.106575E+07  0.931389E+06  0.923461E+06  0.000000E+00  0.106585E+07
  0.135519E-02  0.106543E+07  0.106531E+07  0.903877E+06  0.895714E+06  0.000000E+00  0.106541E+07
  0.140113E-02  0.106496E+07  0.106483E+07  0.875323E+06  0.866942E+06  0.000000E+00  0.106495E+07
  0.144862E-02  0.106447E+07  0.106433E+07  0.845752E+06  0.837174E+06  0.000000E+00  0.106445E+07
  0.149772E-02  0.106395E+07  0.106380E+07  0.815198E+06  0.806448E+06  0.000000E+00  0.106393E+07
  0.154848E-02  0.106339E+07  0.106324E+07  0.783710E+06  0.774817E+06  0.000000E+00  0.106337E+07
  0.160097E-02  0.106280E+07  0.106263E+07  0.751348E+06  0.742345E+06  0.000000E+00  0.106278E+07
  0.165524E-02  0.106218E+07  0.106200E+07  0.718186E+06  0.709111E+06  0.000000E+00  0.106215E+07
  0.171134E-02  0.106151E+07  0.106132E+07  0.684314E+06  0.675210E+06  0.000000E+00  0.106149E+07
  0.176935E-02  0.106081E+07  0.106060E+07  0.649837E+06  0.640750E+06  0.000000E+00  0.106078E+07
  0.182932E-02  0.106006E+07  0.105984E+07  0.614876E+06  0.605859E+06  0.000000E+00  0.106003E+07
  0.189132E-02  0.105927E+07  0.105904E+07  0.579572E+06  0.570679E+06  0.000000E+00  0.105924E+07
  0.195543E-02  0.105843E+07  0.105819E+07  0.544080E+06  0.535369E+06  0.000000E+00  0.105840E+07
  0.202171E-02  0.105755E+07  0.105728E+07  0.508574E+06  0.500105E+06  0.000000E+00  0.105751E+07
  0.209024E-02  0.105661E+07  0.105633E+07  0.473244E+06  0.465079E+06  0.000000E+00  0.105658E+07
  0.216108E-02  0.105562E+07  0.105532E+07  0.438294E+06  0.430494E+06  0.000000E+00  0.105558E+07
  0.223433E-02  0.105458E+07  0.105425E+07  0.403943E+06  0.396565E+06  0.000000E+00  0.105454E+07
  0.231007E-02  0.105347E+07  0.105313E+07  0.370418E+06  0.363520E+06  0.000000E+00  0.105343E+07
  0.238837E-02  0.105231E+07  0.105194E+07  0.337955E+06  0.331585E+06  0.000000E+00  0.105226E+07
  0.246932E-02  0.105108E+07  0.105069E+07  0.306793E+06  0.300990E+06  0.000000E+00  0.105103E+07
  0.255302E-02  0.104979E+07  0.104937E+07  0.277165E+06  0.271958E+06  0.000000E+00  0.104974E+07
  0.263955E-02  0.104843E+07  0.104798E+07  0.249299E+06  0.244701E+06  0.000000E+00  0.104838E+07
  0.272902E-02  0.104700E+07  0.104652E+07  0.223403E+06  0.219412E+06  0.000000E+00  0.104694E+07
  0.282152E-02  0.104550E+07  0.104499E+07  0.199665E+06  0.196257E+06  0.000000E+00  0.104544E+07
  0.291716E-02  0.104392E+07  0.104337E+07  0.178237E+06  0.175367E+06  0.000000E+00  0.104385E+07
  0.301604E-02  0.104227E+07  0.104168E+07  0.159232E+06  0.156833E+06  0.000000E+00  0.104219E+07
  0.311826E-02  0.104053E+07  0.103991E+07  0.142715E+06  0.140692E+06  0.000000E+00  0.104045E+07
  0.322396E-02  0.103871E+07  0.103805E+07  0.128691E+06  0.126929E+06  0.000000E+00  0.103863E+07
  0.333323E-02  0.103681E+07  0.103610E+07  0.117105E+06  0.115466E+06  0.000000E+00  0.103672E+07
  0.344622E-02  0.103482E+07  0.103406E+07  0.107831E+06  0.106162E+06  0.000000E+00  0.103473E+07
  0.356302E-02  0.103274E+07  0.103193E+07  0.100677E+06  0.988135E+05  0.000000E+00  0.103264E+07
  0.368380E-02  0.103057E+07  0.102971E+07  0.953828E+05  0.931576E+05  0.000000E+00  0.103046E+07
  0.380866E-02  0.102831E+07  0.102738E+07  0.916272E+05  0.888829E+05  0.000000E+00  0.102819E+07
  0.393775E-02  0.102595E+07  0.102496E+07  0.890403E+05  0.856410E+05  0.000000E+00  0.102582E+07
  0.407122E-02  0.102348E+07  0.102243E+07  0.872193E+05  0.830644E+05  0.000000E+00  0.102335E+07
  0.420922E-02  0.102092E+07  0.101980E+07  0.857498E+05  0.807882E+05  0.000000E+00  0.102078E+07
  0.435189E-02  0.101826E+07  0.101706E+07  0.842316E+05  0.784746E+05  0.000000E+00  0.101811E+07
  0.449940E-02  0.101548E+07  0.101420E+07  0.823071E+05  0.758387E+05  0.000000E+00  0.101532E+07
  0.465190E-02  0.101260E+07  0.101124E+07  0.796904E+05  0.726726E+05  0.000000E+00  0.101243E+07
  0.480958E-02  0.100960E+07  0.100815E+07  0.761946E+05  0.688656E+05  0.000000E+00  0.100942E+07
  0.497260E-02  0.100649E+07  0.100494E+07  0.717525E+05  0.644171E+05  0.000000E+00  0.100630E+07
  0.514115E-02  0.100326E+07  0.100161E+07  0.664290E+05  0.594386E+05  0.000000E+00  0.100306E+07
  0.531541E-02  0.999915E+06  0.998152E+06  0.604197E+05  0.541427E+05  0.000000E+00  0.999695E+06
  0.549557E-02  0.996442E+06  0.994562E+06  0.540339E+05  0.488175E+05  0.000000E+00  0.996207E+06
  0.568185E-02  0.992840E+06  0.990836E+06  0.476604E+05  0.437880E+05  0.000000E+00  0.992590E+06
  0.587443E-02  0.989108E+06  0.986972E+06  0.417178E+05  0.393663E+05  0.000000E+00  0.988841E+06
  0.607355E-02  0.985243E+06  0.982966E+06  0.365936E+05  0.357984E+05  0.000000E+00  0.984958E+06
  0.627942E-02  0.981240E+06  0.978813E+06  0.325798E+05  0.332156E+05  0.000000E+00  0.980936E+06
  0.649226E-02  0.977096E+06  0.974511E+06  0.298157E+05  0.316005E+05  0.000000E+00  0.976773E+06
  0.671231E-02  0.972809E+06  0.970055E+06  0.282509E+05  0.307780E+05  0.000000E+00  0.972464E+06
  0.693983E-02  0.968374E+06  0.965441E+06  0.000000E+00  0.000000E+00  0.000000E+00  0.968008E+06
  0.717505E-02  0.963789E+06  0.960666E+06  0.000000E+00  0.000000E+00  0.000000E+00  0.963399E+06
  0.741825E-02  0.959051E+06  0.955725E+06  0.000000E+00  0.000000E+00  0.000000E+00  0.958635E+06
  0.766969E-02  0.954155E+06  0.950614E+06  0.000000E+00  0.000000E+00  0.000000E+00  0.953712E+06
  0.792966E-02  0.949099E+06  0.945330E+06  0.000000E+00  0.000000E+00  0.000000E+00  0.948628E+06
  0.819844E-02  0.943878E+06  0.939869E+06  0.000000E+00  0.000000E+00  0.000000E+00  0.943377E+06
  0.847632E-02  0.938490E+06  0.934225E+06  0.000000E+00  0.000000E+00  0.000000E+00  0.937957E+06
  0.876363E-02  0.932931E+06  0.928394E+06  0.000000E+00  0.000000E+00  0.000000E+00  0.932364E+06
  0.906067E-02  0.927197E+06  0.922373E+06  0.000000E+00  0.000000E+00  0.000000E+00  0.926594E+06
  0.936778E-02  0.921285E+06  0.916157E+06  0.000000E+00  0.000000E+00  0.000000E+00  0.920644E+06
  0.968530E-02  0.915191E+06  0.909741E+06  0.000000E+00  0.000000E+00  0.000000E+00  0.914510E+06
  0.100136E-01  0.908911E+06  0.903121E+06  0.000000E+00  0.000000E+00  0.000000E+00  0.908188E+06
  0.103530E-01  0.902442E+06  0.896293E+06  0.000000E+00  0.000000E+00  0.000000E+00  0.901673E+06
  0.107039E-01  0.895780E+06  0.889251E+06  0.000000E+00  0.000000E+00  0.000000E+00  0.894964E+06
  0.110667E-01  0.888921E+06  0.881991E+06  0.000000E+00  0.000000E+00  0.000000E+00  0.888055E+06
  0.114418E-01  0.881862E+06  0.874510E+06  0.000000E+00  0.000000E+00  0.000000E+00  0.880943E+06
  0.118297E-01  0.874599E+06  0.866801E+06  0.000000E+00  0.000000E+00  0.000000E+00  0.873624E+06
  0.122306E-01  0.867128E+06  0.858862E+06  0.000000E+00  0.000000E+00  0.000000E+00  0.866094E+06
  0.126452E-01  0.859446E+06  0.850687E+06  0.000000E+00  0.000000E+00  0.000000E+00  0.858351E+06
  0.130738E-01  0.851549E+06  0.842273E+06  0.000000E+00  0.000000E+00  0.000000E+00  0.850389E+06
  0.135169E-01  0.843434E+06  0.833614E+06  0.000000E+00  0.000000E+00  0.000000E+00  0.842206E+06
  0.139751E-01  0.835098E+06  0.824709E+06  0.000000E+00  0.000000E+00  0.000000E+00  0.833799E+06
  0.144488E-01  0.826537E+06  0.815552E+06  0.000000E+00  0.000000E+00  0.000000E+00  0.825164E+06
  0.149385E-01  0.817749E+06  0.806141E+06  0.000000E+00  0.000000E+00  0.000000E+00  0.816298E+06
  0.154449E-01  0.808731E+06  0.796472E+06  0.000000E+00  0.000000E+00  0.000000E+00  0.807198E+06
  0.159684E-01  0.799480E+06  0.786543E+06  0.000000E+00  0.000000E+00  0.000000E+00  0.797863E+06
  0.165096E-01  0.789995E+06  0.776353E+06  0.000000E+00  0.000000E+00  0.000000E+00  0.788290E+06
  0.170692E-01  0.780275E+06  0.765899E+06  0.000000E+00  0.000000E+00  0.000000E+00  0.778478E+06
  0.176478E-01  0.770316E+06  0.755182E+06  0.000000E+00  0.000000E+00  0.000000E+00  0.768425E+06
  0.182460E-01  0.760121E+06  0.744201E+06  0.000000E+00  0.000000E+00  0.000000E+00  0.758131E+06
  0.188644E-01  0.749687E+06  0.732957E+06  0.000000E+00  0.000000E+00  0.000000E+00  0.747596E+06
  0.195038E-01  0.739016E+06  0.721454E+06  0.000000E+00  0.000000E+00  0.000000E+00  0.736821E+06
  0.201649E-01  0.728111E+06  0.709694E+06  0.000000E+00  0.000000E+00  0.000000E+00  0.725809E+06
  0.208484E-01  0.716972E+06  0.697682E+06  0.000000E+00  0.000000E+00  0.000000E+00  0.714561E+06
  0.215550E-01  0.705605E+06  0.685425E+06  0.000000E+00  0.000000E+00  0.000000E+00  0.703082E+06
  0.222857E-01  0.694013E+06  0.672932E+06  0.000000E+00  0.000000E+00  0.000000E+00  0.691378E+06
  0.230410E-01  0.682203E+06  0.660211E+06  0.000000E+00  0.000000E+00  0.000000E+00  0.679454E+06
  0.238220E-01  0.670183E+06  0.647275E+06  0.000000E+00  0.000000E+00  0.000000E+00  0.667320E+06
  0.246295E-01  0.657962E+06  0.634140E+06  0.000000E+00  0.000000E+00  0.000000E+00  0.654984E+06
  0.254643E-01  0.645551E+06  0.620821E+06  0.000000E+00  0.000000E+00  0.000000E+00  0.642460E+06
  0.263274E-01  0.632962E+06  0.607338E+06  0.000000E+00  0.000000E+00  0.000000E+00  0.629759E+06
  0.272198E-01  0.620211E+06  0.593714E+06  0.000000E+00  0.000000E+00  0.000000E+00  0.616899E+06
  0.281424E-01  0.607314E+06  0.579973E+06  0.000000E+00  0.000000E+00  0.000000E+00  0.603897E+06
  0.290963E-01  0.594292E+06  0.566144E+06  0.000000E+00  0.000000E+00  0.000000E+00  0.590773E+06
  0.300825E-01  0.581164E+06  0.552258E+06  0.000000E+00  0.000000E+00  0.000000E+00  0.577551E+06
  0.311021E-01  0.567956E+06  0.538350E+06  0.000000E+00  0.000000E+00  0.000000E+00  0.564256E+06
  0.321564E-01  0.554694E+06  0.524456E+06  0.000000E+00  0.000000E+00  0.000000E+00  0.550914E+06
  0.332463E-01  0.541406E+06  0.510616E+06  0.000000E+00  0.000000E+00  0.000000E+00  0.537557E+06
  0.343732E-01  0.529853E+06  0.498599E+06  0.000000E+00  0.000000E+00  0.000000E+00  0.525946E+06
  0.355383E-01  0.516680E+06  0.485069E+06  0.000000E+00  0.000000E+00  0.000000E+00  0.512729E+06
  0.367428E-01  0.503582E+06  0.471729E+06  0.000000E+00  0.000000E+00  0.000000E+00  0.499600E+06
  0.379883E-01  0.490593E+06  0.458625E+06  0.000000E+00  0.000000E+00  0.000000E+00  0.486597E+06
  0.392759E-01  0.477751E+06  0.445805E+06  0.000000E+00  0.000000E+00  0.000000E+00  0.473758E+06
  0.406071E-01  0.465092E+06  0.433313E+06  0.000000E+00  0.000000E+00  0.000000E+00  0.461120E+06
  0.419835E-01  0.452526E+06  0.421068E+06  0.000000E+00  0.000000E+00  0.000000E+00  0.448594E+06
  0.434065E-01  0.439073E+06  0.408096E+06  0.000000E+00  0.000000E+00  0.000000E+00  0.435201E+06
  0.448778E-01  0.426984E+06  0.396648E+06  0.000000E+00  0.000000E+00  0.000000E+00  0.423192E+06
  0.463990E-01  0.415209E+06  0.385676E+06  0.000000E+00  0.000000E+00  0.000000E+00  0.411517E+06
  0.479716E-01  0.403780E+06  0.375208E+06  0.000000E+00  0.000000E+00  0.000000E+00  0.400209E+06
  0.495977E-01  0.392722E+06  0.365259E+06  0.000000E+00  0.000000E+00  0.000000E+00  0.389289E+06
  0.512787E-01  0.382048E+06  0.355832E+06  0.000000E+00  0.000000E+00  0.000000E+00  0.378771E+06
  0.530169E-01  0.372443E+06  0.347592E+06  0.000000E+00  0.000000E+00  0.000000E+00  0.369337E+06
  0.548139E-01  0.362526E+06  0.339135E+06  0.000000E+00  0.000000E+00  0.000000E+00  0.359602E+06
  0.566718E-01  0.352956E+06  0.331092E+06  0.000000E+00  0.000000E+00  0.000000E+00  0.350223E+06
  0.585927E-01  0.343703E+06  0.323401E+06  0.000000E+00  0.000000E+00  0.000000E+00  0.341165E+06
  0.605787E-01  0.334714E+06  0.315970E+06  0.000000E+00  0.000000E+00  0.000000E+00  0.332371E+06
  0.626320E-01  0.325516E+06  0.308289E+06  0.000000E+00  0.000000E+00  0.000000E+00  0.323363E+06
  0.647549E-01  0.316931E+06  0.301136E+06  0.000000E+00  0.000000E+00  0.000000E+00  0.314957E+06
  0.669498E-01  0.308468E+06  0.293979E+06  0.000000E+00  0.000000E+00  0.000000E+00  0.306657E+06
  0.692191E-01  0.300078E+06  0.286731E+06  0.000000E+00  0.000000E+00  0.000000E+00  0.298409E+06
  0.715653E-01  0.291837E+06  0.279434E+06  0.000000E+00  0.000000E+00  0.000000E+00  0.290286E+06
  0.739910E-01  0.283438E+06  0.271755E+06  0.000000E+00  0.000000E+00  0.000000E+00  0.281978E+06
  0.764989E-01  0.274966E+06  0.263764E+06  0.000000E+00  0.000000E+00  0.000000E+00  0.273566E+06
  0.790918E-01  0.266378E+06  0.255414E+06  0.000000E+00  0.000000E+00  0.000000E+00  0.265008E+06
  0.817727E-01  0.257649E+06  0.246693E+06  0.000000E+00  0.000000E+00  0.000000E+00  0.256279E+06
  0.845444E-01  0.248786E+06  0.237637E+06  0.000000E+00  0.000000E+00  0.000000E+00  0.247392E+06
  0.874100E-01  0.239832E+06  0.228335E+06  0.000000E+00  0.000000E+00  0.000000E+00  0.238394E+06
  0.903728E-01  0.230857E+06  0.218915E+06  0.000000E+00  0.000000E+00  0.000000E+00  0.229364E+06
  0.934360E-01  0.221945E+06  0.209535E+06  0.000000E+00  0.000000E+00  0.000000E+00  0.220394E+06
  0.966031E-01  0.213186E+06  0.200360E+06  0.000000E+00  0.000000E+00  0.000000E+00  0.211583E+06
  0.998774E-01  0.204672E+06  0.191558E+06  0.000000E+00  0.000000E+00  0.000000E+00  0.203033E+06
  0.103263E+00  0.196500E+06  0.183294E+06  0.000000E+00  0.000000E+00  0.000000E+00  0.194849E+06
  0.106763E+00  0.188767E+06  0.175716E+06  0.000000E+00  0.000000E+00  0.000000E+00  0.187136E+06
  0.110382E+00  0.181560E+06  0.168933E+06  0.000000E+00  0.000000E+00  0.000000E+00  0.179982E+06
  0.114123E+00  0.174928E+06  0.162987E+06  0.000000E+00  0.000000E+00  0.000000E+00  0.173435E+06
  0.117991E+00  0.168863E+06  0.157827E+06  0.000000E+00  0.000000E+00  0.000000E+00  0.167483E+06
  0.121990E+00  0.163293E+06  0.153306E+06  0.000000E+00  0.000000E+00  0.000000E+00  0.162044E+06
  0.126125E+00  0.158079E+06  0.149184E+06  0.000000E+00  0.000000E+00  0.000000E+00  0.156967E+06
  0.130400E+00  0.153046E+06  0.145171E+06  0.000000E+00  0.000000E+00  0.000000E+00  0.152062E+06
  0.134820E+00  0.148024E+06  0.140993E+06  0.000000E+00  0.000000E+00  0.000000E+00  0.147145E+06
  0.139390E+00  0.142897E+06  0.136449E+06  0.000000E+00  0.000000E+00  0.000000E+00  0.142091E+06
  0.144115E+00  0.137597E+06  0.131436E+06  0.000000E+00  0.000000E+00  0.000000E+00  0.136827E+06
  0.148999E+00  0.132099E+06  0.125942E+06  0.000000E+00  0.000000E+00  0.000000E+00  0.131329E+06
  0.154050E+00  0.126435E+06  0.120071E+06  0.000000E+00  0.000000E+00  0.000000E+00  0.125639E+06
  0.159272E+00  0.120726E+06  0.114061E+06  0.000000E+00  0.000000E+00  0.000000E+00  0.119892E+06
  0.164670E+00  0.115158E+06  0.108235E+06  0.000000E+00  0.000000E+00  0.000000E+00  0.114292E+06
  0.170252E+00  0.109922E+06  0.102909E+06  0.000000E+00  0.000000E+00  0.000000E+00  0.109046E+06
  0.176022E+00  0.105157E+06  0.982998E+05  0.000000E+00  0.000000E+00  0.000000E+00  0.104299E+06
  0.181989E+00  0.100898E+06  0.944547E+05  0.000000E+00  0.000000E+00  0.000000E+00  0.100093E+06
  0.188157E+00  0.970849E+05  0.912424E+05  0.000000E+00  0.000000E+00  0.000000E+00  0.963546E+05
  0.194535E+00  0.935812E+05  0.884010E+05  0.000000E+00  0.000000E+00  0.000000E+00  0.929337E+05
  0.201128E+00  0.901973E+05  0.855936E+05  0.000000E+00  0.000000E+00  0.000000E+00  0.896219E+05
  0.207946E+00  0.867370E+05  0.825087E+05  0.000000E+00  0.000000E+00  0.000000E+00  0.862085E+05
  0.214994E+00  0.830918E+05  0.789973E+05  0.000000E+00  0.000000E+00  0.000000E+00  0.825800E+05
  0.222281E+00  0.792875E+05  0.751371E+05  0.000000E+00  0.000000E+00  0.000000E+00  0.787686E+05
  0.229815E+00  0.754785E+05  0.712068E+05  0.000000E+00  0.000000E+00  0.000000E+00  0.749446E+05
  0.237605E+00  0.718651E+05  0.675488E+05  0.000000E+00  0.000000E+00  0.000000E+00  0.713255E+05
  0.245659E+00  0.685945E+05  0.644044E+05  0.000000E+00  0.000000E+00  0.000000E+00  0.680708E+05
  0.253985E+00  0.656948E+05  0.618022E+05  0.000000E+00  0.000000E+00  0.000000E+00  0.652083E+05
  0.262594E+00  0.630683E+05  0.595533E+05  0.000000E+00  0.000000E+00  0.000000E+00  0.626289E+05
  0.271495E+00  0.605376E+05  0.573503E+05  0.000000E+00  0.000000E+00  0.000000E+00  0.601392E+05
  0.280697E+00  0.579450E+05  0.549437E+05  0.000000E+00  0.000000E+00  0.000000E+00  0.575698E+05
  0.290211E+00  0.552637E+05  0.523077E+05  0.000000E+00  0.000000E+00  0.000000E+00  0.548942E+05
  0.300048E+00  0.525852E+05  0.496212E+05  0.000000E+00  0.000000E+00  0.000000E+00  0.522147E+05
  0.310218E+00  0.500572E+05  0.471405E+05  0.000000E+00  0.000000E+00  0.000000E+00  0.496926E+05
  0.320733E+00  0.477824E+05  0.450182E+05  0.000000E+00  0.000000E+00  0.000000E+00  0.474368E+05
  0.331605E+00  0.457132E+05  0.431654E+05  0.000000E+00  0.000000E+00  0.000000E+00  0.453948E+05
  0.342844E+00  0.437262E+05  0.413686E+05  0.000000E+00  0.000000E+00  0.000000E+00  0.434315E+05
  0.354465E+00  0.417245E+05  0.394741E+05  0.000000E+00  0.000000E+00  0.000000E+00  0.414432E+05
  0.366480E+00  0.397163E+05  0.375132E+05  0.000000E+00  0.000000E+00  0.000000E+00  0.394409E+05
  0.378902E+00  0.377931E+05  0.356474E+05  0.000000E+00  0.000000E+00  0.000000E+00  0.375249E+05
  0.391745E+00  0.360222E+05  0.339856E+05  0.000000E+00  0.000000E+00  0.000000E+00  0.357676E+05
  0.405023E+00  0.343815E+05  0.324800E+05  0.000000E+00  0.000000E+00  0.000000E+00  0.341438E+05
  0.418751E+00  0.327911E+05  0.309983E+05  0.000000E+00  0.000000E+00  0.000000E+00  0.325670E+05
  0.432945E+00  0.312166E+05  0.294919E+05  0.000000E+00  0.000000E+00  0.000000E+00  0.310010E+05
  0.447619E+00  0.296963E+05  0.280324E+05  0.000000E+00  0.000000E+00  0.000000E+00  0.294883E+05
  0.462792E+00  0.282740E+05  0.266923E+05  0.000000E+00  0.000000E+00  0.000000E+00  0.280763E+05
  0.478478E+00  0.269370E+05  0.254469E+05  0.000000E+00  0.000000E+00  0.000000E+00  0.267507E+05
  0.494696E+00  0.256453E+05  0.242299E+05  0.000000E+00  0.000000E+00  0.000000E+00  0.254684E+05
  0.511464E+00  0.243910E+05  0.230348E+05  0.000000E+00  0.000000E+00  0.000000E+00  0.242215E+05
  0.528800E+00  0.231993E+05  0.219062E+05  0.000000E+00  0.000000E+00  0.000000E+00  0.230377E+05
  0.546723E+00  0.220746E+05  0.208503E+05  0.000000E+00  0.000000E+00  0.000000E+00  0.219216E+05
  0.565255E+00  0.209972E+05  0.198345E+05  0.000000E+00  0.000000E+00  0.000000E+00  0.208518E+05
  0.584414E+00  0.199608E+05  0.188519E+05  0.000000E+00  0.000000E+00  0.000000E+00  0.198222E+05
  0.604223E+00  0.189750E+05  0.179205E+05  0.000000E+00  0.000000E+00  0.000000E+00  0.188432E+05
  0.624703E+00  0.180387E+05  0.170385E+05  0.000000E+00  0.000000E+00  0.000000E+00  0.179137E+05
  0.645878E+00  0.171426E+05  0.161917E+05  0.000000E+00  0.000000E+00  0.000000E+00  0.170238E+05
  0.667769E+00  0.162871E+05  0.153828E+05  0.000000E+00  0.000000E+00  0.000000E+00  0.161741E+05
  0.690404E+00  0.154737E+05  0.146152E+05  0.000000E+00  0.000000E+00  0.000000E+00  0.153664E+05
  0.713805E+00  0.146980E+05  0.138827E+05  0.000000E+00  0.000000E+00  0.000000E+00  0.145961E+05
  0.738000E+00  0.139582E+05  0.131835E+05  0.000000E+00  0.000000E+00  0.000000E+00  0.138613E+05
  0.763015E+00  0.132540E+05  0.125187E+05  0.000000E+00  0.000000E+00  0.000000E+00  0.131621E+05
  0.788877E+00  0.125832E+05  0.118852E+05  0.000000E+00  0.000000E+00  0.000000E+00  0.124960E+05
  0.815616E+00  0.119443E+05  0.112817E+05  0.000000E+00  0.000000E+00  0.000000E+00  0.118615E+05
  0.843261E+00  0.113362E+05  0.107074E+05  0.000000E+00  0.000000E+00  0.000000E+00  0.112576E+05
  0.871844E+00  0.107574E+05  0.101607E+05  0.000000E+00  0.000000E+00  0.000000E+00  0.106828E+05
  0.901395E+00  0.102066E+05  0.964045E+04  0.000000E+00  0.000000E+00  0.000000E+00  0.101358E+05
  0.931948E+00  0.968257E+04  0.914550E+04  0.000000E+00  0.000000E+00  0.000000E+00  0.961544E+04
  0.963536E+00  0.918417E+04  0.867475E+04  0.000000E+00  0.000000E+00  0.000000E+00  0.912049E+04
  0.996195E+00  0.871018E+04  0.822707E+04  0.000000E+00  0.000000E+00  0.000000E+00  0.864979E+04
  0.102996E+01  0.825950E+04  0.780140E+04  0.000000E+00  0.000000E+00  0.000000E+00  0.820224E+04
  0.106487E+01  0.783101E+04  0.739669E+04  0.000000E+00  0.000000E+00  0.000000E+00  0.777672E+04
  0.110097E+01  0.742371E+04  0.701199E+04  0.000000E+00  0.000000E+00  0.000000E+00  0.737225E+04
  0.113828E+01  0.703664E+04  0.664640E+04  0.000000E+00  0.000000E+00  0.000000E+00  0.698786E+04
  0.117687E+01  0.666887E+04  0.629903E+04  0.000000E+00  0.000000E+00  0.000000E+00  0.662264E+04
  0.121676E+01  0.631952E+04  0.596907E+04  0.000000E+00  0.000000E+00  0.000000E+00  0.627572E+04
  0.125800E+01  0.598771E+04  0.565567E+04  0.000000E+00  0.000000E+00  0.000000E+00  0.594621E+04
  0.130064E+01  0.567261E+04  0.535804E+04  0.000000E+00  0.000000E+00  0.000000E+00  0.563329E+04
  0.134472E+01  0.537342E+04  0.507545E+04  0.000000E+00  0.000000E+00  0.000000E+00  0.533618E+04
  0.139030E+01  0.508939E+04  0.480718E+04  0.000000E+00  0.000000E+00  0.000000E+00  0.505412E+04
  0.143743E+01  0.481980E+04  0.455254E+04  0.000000E+00  0.000000E+00  0.000000E+00  0.478640E+04
  0.148615E+01  0.456395E+04  0.431088E+04  0.000000E+00  0.000000E+00  0.000000E+00  0.453232E+04
  0.153652E+01  0.432115E+04  0.408155E+04  0.000000E+00  0.000000E+00  0.000000E+00  0.429120E+04
  0.158860E+01  0.409081E+04  0.386399E+04  0.000000E+00  0.000000E+00  0.000000E+00  0.406246E+04
  0.164245E+01  0.387230E+04  0.365759E+04  0.000000E+00  0.000000E+00  0.000000E+00  0.384546E+04
  0.169812E+01  0.366507E+04  0.346186E+04  0.000000E+00  0.000000E+00  0.000000E+00  0.363967E+04
  0.175568E+01  0.346856E+04  0.327625E+04  0.000000E+00  0.000000E+00  0.000000E+00  0.344452E+04
  0.181519E+01  0.328223E+04  0.310024E+04  0.000000E+00  0.000000E+00  0.000000E+00  0.325948E+04
  0.187671E+01  0.310557E+04  0.293338E+04  0.000000E+00  0.000000E+00  0.000000E+00  0.308405E+04
  0.194032E+01  0.293812E+04  0.277521E+04  0.000000E+00  0.000000E+00  0.000000E+00  0.291775E+04
  0.200609E+01  0.277941E+04  0.262531E+04  0.000000E+00  0.000000E+00  0.000000E+00  0.276015E+04
  0.207409E+01  0.262899E+04  0.248323E+04  0.000000E+00  0.000000E+00  0.000000E+00  0.261077E+04
  0.214439E+01  0.248647E+04  0.234862E+04  0.000000E+00  0.000000E+00  0.000000E+00  0.246924E+04
  0.221707E+01  0.235145E+04  0.222108E+04  0.000000E+00  0.000000E+00  0.000000E+00  0.233515E+04
  0.229222E+01  0.222355E+04  0.210027E+04  0.000000E+00  0.000000E+00  0.000000E+00  0.220814E+04
  0.236992E+01  0.210240E+04  0.198584E+04  0.000000E+00  0.000000E+00  0.000000E+00  0.208783E+04
  0.245024E+01  0.198767E+04  0.187747E+04  0.000000E+00  0.000000E+00  0.000000E+00  0.197390E+04
  0.253330E+01  0.187902E+04  0.177485E+04  0.000000E+00  0.000000E+00  0.000000E+00  0.186600E+04
  0.261916E+01  0.177615E+04  0.167768E+04  0.000000E+00  0.000000E+00  0.000000E+00  0.176384E+04
  0.270794E+01  0.167875E+04  0.158568E+04  0.000000E+00  0.000000E+00  0.000000E+00  0.166712E+04
  0.279972E+01  0.158656E+04  0.149860E+04  0.000000E+00  0.000000E+00  0.000000E+00  0.157557E+04
  0.289462E+01  0.149931E+04  0.141618E+04  0.000000E+00  0.000000E+00  0.000000E+00  0.148892E+04
  0.299273E+01  0.141673E+04  0.133818E+04  0.000000E+00  0.000000E+00  0.000000E+00  0.140691E+04
  0.309418E+01  0.133858E+04  0.126436E+04  0.000000E+00  0.000000E+00  0.000000E+00  0.132930E+04
  0.319905E+01  0.126463E+04  0.119452E+04  0.000000E+00  0.000000E+00  0.000000E+00  0.125587E+04
  0.330748E+01  0.119467E+04  0.112844E+04  0.000000E+00  0.000000E+00  0.000000E+00  0.118639E+04
  0.341959E+01  0.112849E+04  0.106593E+04  0.000000E+00  0.000000E+00  0.000000E+00  0.112067E+04
  0.353550E+01  0.106590E+04  0.100680E+04  0.000000E+00  0.000000E+00  0.000000E+00  0.105851E+04
  0.365534E+01  0.100669E+04  0.950877E+03  0.000000E+00  0.000000E+00  0.000000E+00  0.999716E+03
  0.377923E+01  0.950704E+03  0.897991E+03  0.000000E+00  0.000000E+00  0.000000E+00  0.944115E+03
  0.390733E+01  0.897756E+03  0.847978E+03  0.000000E+00  0.000000E+00  0.000000E+00  0.891534E+03
  0.403977E+01  0.847693E+03  0.800691E+03  0.000000E+00  0.000000E+00  0.000000E+00  0.841818E+03
  0.417670E+01  0.800363E+03  0.755983E+03  0.000000E+00  0.000000E+00  0.000000E+00  0.794815E+03
  0.431827E+01  0.755622E+03  0.713723E+03  0.000000E+00  0.000000E+00  0.000000E+00  0.750385E+03
  0.446464E+01  0.713329E+03  0.673774E+03  0.000000E+00  0.000000E+00  0.000000E+00  0.708385E+03
  0.461597E+01  0.673354E+03  0.636015E+03  0.000000E+00  0.000000E+00  0.000000E+00  0.668687E+03
  0.477243E+01  0.635573E+03  0.600328E+03  0.000000E+00  0.000000E+00  0.000000E+00  0.631168E+03
  0.493419E+01  0.599872E+03  0.566605E+03  0.000000E+00  0.000000E+00  0.000000E+00  0.595714E+03
  0.510143E+01  0.566137E+03  0.534740E+03  0.000000E+00  0.000000E+00  0.000000E+00  0.562213E+03
  0.527435E+01  0.534264E+03  0.504633E+03  0.000000E+00  0.000000E+00  0.000000E+00  0.530560E+03
  0.545312E+01  0.504150E+03  0.476188E+03  0.000000E+00  0.000000E+00  0.000000E+00  0.500655E+03
  0.563796E+01  0.475701E+03  0.449316E+03  0.000000E+00  0.000000E+00  0.000000E+00  0.472403E+03
  0.582905E+01  0.448830E+03  0.423934E+03  0.000000E+00  0.000000E+00  0.000000E+00  0.445718E+03
  0.602663E+01  0.423450E+03  0.399960E+03  0.000000E+00  0.000000E+00  0.000000E+00  0.420513E+03
  0.623090E+01  0.399478E+03  0.377317E+03  0.000000E+00  0.000000E+00  0.000000E+00  0.396707E+03
  0.644210E+01  0.376839E+03  0.355933E+03  0.000000E+00  0.000000E+00  0.000000E+00  0.374226E+03
  0.666046E+01  0.355462E+03  0.335740E+03  0.000000E+00  0.000000E+00  0.000000E+00  0.352997E+03
  0.688622E+01  0.335277E+03  0.316674E+03  0.000000E+00  0.000000E+00  0.000000E+00  0.332952E+03
  0.711962E+01  0.316220E+03  0.298673E+03  0.000000E+00  0.000000E+00  0.000000E+00  0.314027E+03
  0.736094E+01  0.298227E+03  0.281677E+03  0.000000E+00  0.000000E+00  0.000000E+00  0.296159E+03
  0.761044E+01  0.281242E+03  0.265633E+03  0.000000E+00  0.000000E+00  0.000000E+00  0.279291E+03
  0.786840E+01  0.265210E+03  0.250489E+03  0.000000E+00  0.000000E+00  0.000000E+00  0.263369E+03
  0.813510E+01  0.250077E+03  0.236195E+03  0.000000E+00  0.000000E+00  0.000000E+00  0.248341E+03
  0.841084E+01  0.235793E+03  0.222702E+03  0.000000E+00  0.000000E+00  0.000000E+00  0.234156E+03
  0.869593E+01  0.222313E+03  0.209969E+03  0.000000E+00  0.000000E+00  0.000000E+00  0.220770E+03
  0.899068E+01  0.209592E+03  0.197954E+03  0.000000E+00  0.000000E+00  0.000000E+00  0.208138E+03
  0.929542E+01  0.197589E+03  0.186615E+03  0.000000E+00  0.000000E+00  0.000000E+00  0.196217E+03
  0.961048E+01  0.186262E+03  0.175916E+03  0.000000E+00  0.000000E+00  0.000000E+00  0.184969E+03
  0.993624E+01  0.175576E+03  0.165822E+03  0.000000E+00  0.000000E+00  0.000000E+00  0.174357E+03
  0.102730E+02  0.165494E+03  0.156299E+03  0.000000E+00  0.000000E+00  0.000000E+00  0.164345E+03
  0.106212E+02  0.155983E+03  0.147314E+03  0.000000E+00  0.000000E+00  0.000000E+00  0.154899E+03
  0.109812E+02  0.147011E+03  0.138839E+03  0.000000E+00  0.000000E+00  0.000000E+00  0.145990E+03
  0.113534E+02  0.138548E+03  0.130845E+03  0.000000E+00  0.000000E+00  0.000000E+00  0.137585E+03
  0.117383E+02  0.130566E+03  0.123305E+03  0.000000E+00  0.000000E+00  0.000000E+00  0.129658E+03
  0.121361E+02  0.123037E+03  0.116193E+03  0.000000E+00  0.000000E+00  0.000000E+00  0.122182E+03
  0.125475E+02  0.115937E+03  0.109487E+03  0.000000E+00  0.000000E+00  0.000000E+00  0.115131E+03
  0.129728E+02  0.109241E+03  0.103162E+03  0.000000E+00  0.000000E+00  0.000000E+00  0.108481E+03
  0.134125E+02  0.102928E+03  0.971976E+02  0.000000E+00  0.000000E+00  0.000000E+00  0.102211E+03
  0.138671E+02  0.969741E+02  0.915739E+02  0.000000E+00  0.000000E+00  0.000000E+00  0.962991E+02
  0.143372E+02  0.913605E+02  0.862712E+02  0.000000E+00  0.000000E+00  0.000000E+00  0.907244E+02
  0.148231E+02  0.860682E+02  0.812719E+02  0.000000E+00  0.000000E+00  0.000000E+00  0.854686E+02
  0.153256E+02  0.810787E+02  0.765587E+02  0.000000E+00  0.000000E+00  0.000000E+00  0.805137E+02
  0.158450E+02  0.763749E+02  0.721154E+02  0.000000E+00  0.000000E+00  0.000000E+00  0.758425E+02
  0.163821E+02  0.719408E+02  0.679269E+02  0.000000E+00  0.000000E+00  0.000000E+00  0.714391E+02
  0.169373E+02  0.677613E+02  0.639788E+02  0.000000E+00  0.000000E+00  0.000000E+00  0.672885E+02
  0.175115E+02  0.638216E+02  0.602572E+02  0.000000E+00  0.000000E+00  0.000000E+00  0.633761E+02
  0.181050E+02  0.601087E+02  0.567498E+02  0.000000E+00  0.000000E+00  0.000000E+00  0.596888E+02
  0.187187E+02  0.566091E+02  0.534439E+02  0.000000E+00  0.000000E+00  0.000000E+00  0.562134E+02
  0.193531E+02  0.533111E+02  0.503285E+02  0.000000E+00  0.000000E+00  0.000000E+00  0.529383E+02
  0.200091E+02  0.502032E+02  0.473926E+02  0.000000E+00  0.000000E+00  0.000000E+00  0.498518E+02
  0.206873E+02  0.472744E+02  0.446260E+02  0.000000E+00  0.000000E+00  0.000000E+00  0.469434E+02
  0.213885E+02  0.445148E+02  0.420190E+02  0.000000E+00  0.000000E+00  0.000000E+00  0.442028E+02
  0.221135E+02  0.419145E+02  0.395626E+02  0.000000E+00  0.000000E+00  0.000000E+00  0.416205E+02
  0.228630E+02  0.394645E+02  0.372483E+02  0.000000E+00  0.000000E+00  0.000000E+00  0.391875E+02
  0.236380E+02  0.371563E+02  0.350677E+02  0.000000E+00  0.000000E+00  0.000000E+00  0.368952E+02
  0.244392E+02  0.349816E+02  0.330134E+02  0.000000E+00  0.000000E+00  0.000000E+00  0.347356E+02
  0.252676E+02  0.329330E+02  0.310781E+02  0.000000E+00  0.000000E+00  0.000000E+00  0.327011E+02
  0.261240E+02  0.310032E+02  0.292550E+02  0.000000E+00  0.000000E+00  0.000000E+00  0.307847E+02
  0.270095E+02  0.291853E+02  0.275377E+02  0.000000E+00  0.000000E+00  0.000000E+00  0.289794E+02
  0.279250E+02  0.274731E+02  0.259201E+02  0.000000E+00  0.000000E+00  0.000000E+00  0.272789E+02
  0.288715E+02  0.258603E+02  0.243965E+02  0.000000E+00  0.000000E+00  0.000000E+00  0.256773E+02
  0.298501E+02  0.243413E+02  0.229615E+02  0.000000E+00  0.000000E+00  0.000000E+00  0.241688E+02
  0.308619E+02  0.229106E+02  0.216099E+02  0.000000E+00  0.000000E+00  0.000000E+00  0.227480E+02
  0.319079E+02  0.215633E+02  0.203371E+02  0.000000E+00  0.000000E+00  0.000000E+00  0.214100E+02
  0.329895E+02  0.202945E+02  0.191383E+02  0.000000E+00  0.000000E+00  0.000000E+00  0.201500E+02
  0.341076E+02  0.190996E+02  0.180095E+02  0.000000E+00  0.000000E+00  0.000000E+00  0.189634E+02
  0.352637E+02  0.179745E+02  0.169465E+02  0.000000E+00  0.000000E+00  0.000000E+00  0.178460E+02
  0.364590E+02  0.169151E+02  0.159456E+02  0.000000E+00  0.000000E+00  0.000000E+00  0.167939E+02
  0.376948E+02  0.159175E+02  0.150031E+02  0.000000E+00  0.000000E+00  0.000000E+00  0.158032E+02
  0.389725E+02  0.149782E+02  0.141157E+02  0.000000E+00  0.000000E+00  0.000000E+00  0.148704E+02
  0.402934E+02  0.140940E+02  0.132803E+02  0.000000E+00  0.000000E+00  0.000000E+00  0.139922E+02
  0.416592E+02  0.132614E+02  0.124937E+02  0.000000E+00  0.000000E+00  0.000000E+00  0.131654E+02
  0.430712E+02  0.124776E+02  0.117531E+02  0.000000E+00  0.000000E+00  0.000000E+00  0.123871E+02
  0.445311E+02  0.117398E+02  0.110560E+02  0.000000E+00  0.000000E+00  0.000000E+00  0.116543E+02
  0.460405E+02  0.110452E+02  0.103997E+02  0.000000E+00  0.000000E+00  0.000000E+00  0.109645E+02
  0.476011E+02  0.103914E+02  0.978188E+01  0.000000E+00  0.000000E+00  0.000000E+00  0.103152E+02
  0.492145E+02  0.977587E+01  0.920032E+01  0.000000E+00  0.000000E+00  0.000000E+00  0.970393E+01
  0.508826E+02  0.919656E+01  0.865293E+01  0.000000E+00  0.000000E+00  0.000000E+00  0.912861E+01
  0.526073E+02  0.865131E+01  0.813771E+01  0.000000E+00  0.000000E+00  0.000000E+00  0.858711E+01
  0.543904E+02  0.813811E+01  0.765276E+01  0.000000E+00  0.000000E+00  0.000000E+00  0.807744E+01
  0.562340E+02  0.765512E+01  0.719635E+01  0.000000E+00  0.000000E+00  0.000000E+00  0.759778E+01
  0.581401E+02  0.720055E+01  0.676678E+01  0.000000E+00  0.000000E+00  0.000000E+00  0.714633E+01
  0.601107E+02  0.677277E+01  0.636252E+01  0.000000E+00  0.000000E+00  0.000000E+00  0.672149E+01
  0.621482E+02  0.637019E+01  0.598207E+01  0.000000E+00  0.000000E+00  0.000000E+00  0.632167E+01
  0.642547E+02  0.599134E+01  0.562404E+01  0.000000E+00  0.000000E+00  0.000000E+00  0.594543E+01
  0.664326E+02  0.563486E+01  0.528713E+01  0.000000E+00  0.000000E+00  0.000000E+00  0.559139E+01
  0.686844E+02  0.529941E+01  0.497009E+01  0.000000E+00  0.000000E+00  0.000000E+00  0.525824E+01
  0.710124E+02  0.498378E+01  0.467177E+01  0.000000E+00  0.000000E+00  0.000000E+00  0.494478E+01
  0.734194E+02  0.468679E+01  0.439107E+01  0.000000E+00  0.000000E+00  0.000000E+00  0.464983E+01
  0.759079E+02  0.440737E+01  0.412695E+01  0.000000E+00  0.000000E+00  0.000000E+00  0.437232E+01
  0.784809E+02  0.414446E+01  0.387844E+01  0.000000E+00  0.000000E+00  0.000000E+00  0.411121E+01
  0.811410E+02  0.389712E+01  0.364464E+01  0.000000E+00  0.000000E+00  0.000000E+00  0.386556E+01
  0.838913E+02  0.366442E+01  0.342466E+01  0.000000E+00  0.000000E+00  0.000000E+00  0.363445E+01
  0.867347E+02  0.344551E+01  0.321771E+01  0.000000E+00  0.000000E+00  0.000000E+00  0.341703E+01
  0.896747E+02  0.323956E+01  0.302302E+01  0.000000E+00  0.000000E+00  0.000000E+00  0.321249E+01
  0.927141E+02  0.304583E+01  0.283986E+01  0.000000E+00  0.000000E+00  0.000000E+00  0.302009E+01
  0.958567E+02  0.286359E+01  0.266756E+01  0.000000E+00  0.000000E+00  0.000000E+00  0.283909E+01
  0.991058E+02  0.269216E+01  0.250547E+01  0.000000E+00  0.000000E+00  0.000000E+00  0.266882E+01
  0.102465E+03  0.253091E+01  0.235300E+01  0.000000E+00  0.000000E+00  0.000000E+00  0.250867E+01
  0.105938E+03  0.237924E+01  0.220959E+01  0.000000E+00  0.000000E+00  0.000000E+00  0.235803E+01
  0.109529E+03  0.223658E+01  0.207468E+01  0.000000E+00  0.000000E+00  0.000000E+00  0.221634E+01
  0.113241E+03  0.210240E+01  0.194780E+01  0.000000E+00  0.000000E+00  0.000000E+00  0.208308E+01
  0.117080E+03  0.197621E+01  0.182845E+01  0.000000E+00  0.000000E+00  0.000000E+00  0.195774E+01
  0.121048E+03  0.185752E+01  0.171621E+01  0.000000E+00  0.000000E+00  0.000000E+00  0.183986E+01
  0.125151E+03  0.174590E+01  0.161063E+01  0.000000E+00  0.000000E+00  0.000000E+00  0.172899E+01
  0.129393E+03  0.164092E+01  0.151135E+01  0.000000E+00  0.000000E+00  0.000000E+00  0.162473E+01
  0.133779E+03  0.154221E+01  0.141798E+01  0.000000E+00  0.000000E+00  0.000000E+00  0.152668E+01
  0.138313E+03  0.144937E+01  0.133017E+01  0.000000E+00  0.000000E+00  0.000000E+00  0.143447E+01
  0.143002E+03  0.136207E+01  0.124759E+01  0.000000E+00  0.000000E+00  0.000000E+00  0.134776E+01
  0.147849E+03  0.127998E+01  0.116994E+01  0.000000E+00  0.000000E+00  0.000000E+00  0.126622E+01
  0.152860E+03  0.120279E+01  0.109692E+01  0.000000E+00  0.000000E+00  0.000000E+00  0.118955E+01
  0.158041E+03  0.113020E+01  0.102827E+01  0.000000E+00  0.000000E+00  0.000000E+00  0.111746E+01
  0.163398E+03  0.106195E+01  0.963712E+00  0.000000E+00  0.000000E+00  0.000000E+00  0.104967E+01
  0.168936E+03  0.997782E+00  0.903017E+00  0.000000E+00  0.000000E+00  0.000000E+00  0.985936E+00
  0.174662E+03  0.937448E+00  0.845953E+00  0.000000E+00  0.000000E+00  0.000000E+00  0.926011E+00
  0.180583E+03  0.880719E+00  0.792303E+00  0.000000E+00  0.000000E+00  0.000000E+00  0.869667E+00
  0.186704E+03  0.827387E+00  0.741871E+00  0.000000E+00  0.000000E+00  0.000000E+00  0.816698E+00
  0.193032E+03  0.777247E+00  0.694462E+00  0.000000E+00  0.000000E+00  0.000000E+00  0.766899E+00
  0.199574E+03  0.730107E+00  0.649898E+00  0.000000E+00  0.000000E+00  0.000000E+00  0.720081E+00
  0.206339E+03  0.685790E+00  0.608012E+00  0.000000E+00  0.000000E+00  0.000000E+00  0.676068E+00
