  0.119218E-04  0.500294E+07  0.500294E+07  0.666946E+07  0.666945E+07  0.000000E+00  0.500294E+07
  0.123258E-04  0.500294E+07  0.500294E+07  0.666938E+07  0.666937E+07  0.000000E+00  0.500294E+07
  0.127436E-04  0.500294E+07  0.500294E+07  0.666929E+07  0.666929E+07  0.000000E+00  0.500294E+07
  0.131756E-04  0.500294E+07  0.500294E+07  0.666920E+07  0.666920E+07  0.000000E+00  0.500294E+07
  0.136222E-04  0.500294E+07  0.500294E+07  0.666911E+07  0.666910E+07  0.000000E+00  0.500294E+07
  0.140839E-04  0.500294E+07  0.500294E+07  0.666900E+07  0.666900E+07  0.000000E+00  0.500294E+07
  0.145613E-04  0.500294E+07  0.500294E+07  0.666890E+07  0.666889E+07  0.000000E+00  0.500294E+07
  0.150548E-04  0.500294E+07  0.500294E+07  0.666878E+07  0.666877E+07  0.000000E+00  0.500294E+07
  0.155651E-04  0.500294E+07  0.500294E+07  0.666865E+07  0.666864E+07  0.000000E+00  0.500294E+07
  0.160927E-04  0.500294E+07  0.500294E+07  0.666852E+07  0.666851E+07  0.000000E+00  0.500294E+07
  0.166382E-04  0.500294E+07  0.500294E+07  0.666837E+07  0.666836E+07  0.000000E+00  0.500294E+07
  0.172021E-04  0.500294E+07  0.500294E+07  0.666822E+07  0.666821E+07  0.000000E+00  0.500294E+07
  0.177852E-04  0.500294E+07  0.500294E+07  0.666806E+07  0.666804E+07  0.000000E+00  0.500294E+07
  0.183880E-04  0.500294E+07  0.500294E+07  0.666788E+07  0.666787E+07  0.000000E+00  0.500294E+07
  0.190113E-04  0.500294E+07  0.500294E+07  0.666769E+07  0.666768E+07  0.000000E+00  0.500294E+07
  0.196557E-04  0.500294E+07  0.500294E+07  0.666749E+07  0.666748E+07  0.000000E+00  0.500294E+07
  0.203219E-04  0.500294E+07  0.500294E+07  0.666728E+07  0.666726E+07  0.000000E+00  0.500294E+07
  0.210107E-04  0.500294E+07  0.500294E+07  0.666705E+07  0.666703E+07  0.000000E+00  0.500294E+07
  0.217229E-04  0.500294E+07  0.500294E+07  0.666681E+07  0.666679E+07  0.000000E+00  0.500294E+07
  0.224592E-04  0.500293E+07  0.500293E+07  0.666655E+07  0.666653E+07  0.000000E+00  0.500293E+07
  0.232204E-04  0.500293E+07  0.500293E+07  0.666627E+07  0.666624E+07  0.000000E+00  0.500293E+07
  0.240075E-04  0.500293E+07  0.500293E+07  0.666597E+07  0.666594E+07  0.000000E+00  0.500293E+07
  0.248212E-04  0.500293E+07  0.500293E+07  0.666565E+07  0.666562E+07  0.000000E+00  0.500293E+07
  0.256625E-04  0.500293E+07  0.500293E+07  0.666531E+07  0.666528E+07  0.000000E+00  0.500293E+07
  0.265324E-04  0.500293E+07  0.500293E+07  0.666494E+07  0.666492E+07  0.000000E+00  0.500293E+07
  0.274317E-04  0.500293E+07  0.500293E+07  0.666455E+07  0.666452E+07  0.000000E+00  0.500293E+07
  0.283615E-04  0.500293E+07  0.500293E+07  0.666414E+07  0.666410E+07  0.000000E+00  0.500293E+07
  0.293228E-04  0.500292E+07  0.500292E+07  0.666369E+07  0.666366E+07  0.000000E+00  0.500292E+07
  0.303167E-04  0.500292E+07  0.500292E+07  0.666322E+07  0.666318E+07  0.000000E+00  0.500292E+07
  0.313443E-04  0.500292E+07  0.500292E+07  0.666271E+07  0.666267E+07  0.000000E+00  0.500292E+07
  0.324067E-04  0.500292E+07  0.500292E+07  0.666216E+07  0.666212E+07  0.000000E+00  0.500292E+07
  0.335051E-04  0.500292E+07  0.500292E+07  0.666158E+07  0.666154E+07  0.000000E+00  0.500292E+07
  0.346408E-04  0.500291E+07  0.500291E+07  0.666096E+07  0.666091E+07  0.000000E+00  0.500291E+07
  0.358149E-04  0.500291E+07  0.500291E+07  0.666030E+07  0.666025E+07  0.000000E+00  0.500291E+07
  0.370289E-04  0.500291E+07  0.500291E+07  0.665959E+07  0.665953E+07  0.000000E+00  0.500291E+07
  0.382840E-04  0.500291E+07  0.500291E+07  0.665883E+07  0.665877E+07  0.000000E+00  0.500291E+07
  0.395816E-04  0.500290E+07  0.500290E+07  0.665802E+07  0.665796E+07  0.000000E+00  0.500290E+07
  0.409233E-04  0.500290E+07  0.500290E+07  0.665715E+07  0.665708E+07  0.000000E+00  0.500290E+07
  0.423104E-04  0.500290E+07  0.500290E+07  0.665622E+07  0.665615E+07  0.000000E+00  0.500290E+07
  0.437445E-04  0.500289E+07  0.500289E+07  0.665524E+07  0.665516E+07  0.000000E+00  0.500289E+07
  0.452272E-04  0.500289E+07  0.500289E+07  0.665418E+07  0.665410E+07  0.000000E+00  0.500289E+07
  0.467602E-04  0.500288E+07  0.500288E+07  0.665305E+07  0.665296E+07  0.000000E+00  0.500288E+07
  0.483451E-04  0.500288E+07  0.500288E+07  0.665184E+07  0.665174E+07  0.000000E+00  0.500288E+07
  0.499838E-04  0.500288E+07  0.500288E+07  0.665055E+07  0.665045E+07  0.000000E+00  0.500288E+07
  0.516780E-04  0.500287E+07  0.500287E+07  0.664917E+07  0.664906E+07  0.000000E+00  0.500287E+07
  0.534296E-04  0.500286E+07  0.500286E+07  0.664769E+07  0.664758E+07  0.000000E+00  0.500286E+07
  0.552406E-04  0.500286E+07  0.500286E+07  0.664611E+07  0.664599E+07  0.000000E+00  0.500286E+07
  0.571130E-04  0.500285E+07  0.500285E+07  0.664443E+07  0.664430E+07  0.000000E+00  0.500285E+07
  0.590489E-04  0.500285E+07  0.500285E+07  0.664263E+07  0.664249E+07  0.000000E+00  0.500285E+07
  0.610503E-04  0.500284E+07  0.500284E+07  0.664070E+07  0.664056E+07  0.000000E+00  0.500284E+07
  0.631196E-04  0.500283E+07  0.500283E+07  0.663865E+07  0.663849E+07  0.000000E+00  0.500283E+07
  0.652591E-04  0.500282E+07  0.500282E+07  0.663645E+07  0.663628E+07  0.000000E+00  0.500282E+07
  0.674711E-04  0.500282E+07  0.500281E+07  0.663410E+07  0.663392E+07  0.000000E+00  0.500282E+07
  0.697580E-04  0.500281E+07  0.500281E+07  0.663159E+07  0.663140E+07  0.000000E+00  0.500281E+07
  0.721224E-04  0.500280E+07  0.500280E+07  0.662891E+07  0.662871E+07  0.000000E+00  0.500280E+07
  0.745670E-04  0.500278E+07  0.500278E+07  0.662605E+07  0.662583E+07  0.000000E+00  0.500278E+07
  0.770945E-04  0.500277E+07  0.500277E+07  0.662299E+07  0.662275E+07  0.000000E+00  0.500277E+07
  0.797076E-04  0.500276E+07  0.500276E+07  0.661972E+07  0.661946E+07  0.000000E+00  0.500276E+07
  0.824093E-04  0.500275E+07  0.500275E+07  0.661622E+07  0.661595E+07  0.000000E+00  0.500275E+07
  0.852026E-04  0.500274E+07  0.500273E+07  0.661249E+07  0.661220E+07  0.000000E+00  0.500274E+07
  0.880905E-04  0.500272E+07  0.500272E+07  0.660850E+07  0.660819E+07  0.000000E+00  0.500272E+07
  0.910764E-04  0.500270E+07  0.500270E+07  0.660424E+07  0.660391E+07  0.000000E+00  0.500270E+07
  0.941634E-04  0.500269E+07  0.500269E+07  0.659969E+07  0.659934E+07  0.000000E+00  0.500269E+07
  0.973551E-04  0.500267E+07  0.500267E+07  0.659483E+07  0.659445E+07  0.000000E+00  0.500267E+07
  0.100655E-03  0.500265E+07  0.500265E+07  0.658963E+07  0.658923E+07  0.000000E+00  0.500265E+07
  0.104067E-03  0.500263E+07  0.500263E+07  0.658408E+07  0.658366E+07  0.000000E+00  0.500263E+07
  0.107594E-03  0.500261E+07  0.500261E+07  0.657816E+07  0.657770E+07  0.000000E+00  0.500261E+07
  0.111241E-03  0.500258E+07  0.500258E+07  0.657183E+07  0.657134E+07  0.000000E+00  0.500258E+07
  0.115011E-03  0.500256E+07  0.500256E+07  0.656507E+07  0.656455E+07  0.000000E+00  0.500256E+07
  0.118910E-03  0.500253E+07  0.500253E+07  0.655786E+07  0.655730E+07  0.000000E+00  0.500253E+07
  0.122940E-03  0.500250E+07  0.500250E+07  0.655015E+07  0.654956E+07  0.000000E+00  0.500250E+07
  0.127107E-03  0.500247E+07  0.500247E+07  0.654192E+07  0.654129E+07  0.000000E+00  0.500247E+07
  0.131416E-03  0.500244E+07  0.500244E+07  0.653314E+07  0.653246E+07  0.000000E+00  0.500244E+07
  0.135870E-03  0.500240E+07  0.500240E+07  0.652376E+07  0.652304E+07  0.000000E+00  0.500240E+07
  0.140475E-03  0.500237E+07  0.500237E+07  0.651375E+07  0.651298E+07  0.000000E+00  0.500237E+07
  0.145237E-03  0.500233E+07  0.500233E+07  0.650307E+07  0.650225E+07  0.000000E+00  0.500233E+07
  0.150160E-03  0.500228E+07  0.500228E+07  0.649166E+07  0.649079E+07  0.000000E+00  0.500228E+07
  0.155249E-03  0.500224E+07  0.500224E+07  0.647950E+07  0.647856E+07  0.000000E+00  0.500224E+07
  0.160511E-03  0.500219E+07  0.500219E+07  0.646651E+07  0.646552E+07  0.000000E+00  0.500219E+07
  0.165952E-03  0.500214E+07  0.500214E+07  0.645266E+07  0.645160E+07  0.000000E+00  0.500214E+07
  0.171577E-03  0.500208E+07  0.500208E+07  0.643789E+07  0.643676E+07  0.000000E+00  0.500208E+07
  0.177393E-03  0.500202E+07  0.500202E+07  0.642213E+07  0.642092E+07  0.000000E+00  0.500202E+07
  0.183405E-03  0.500196E+07  0.500196E+07  0.640533E+07  0.640404E+07  0.000000E+00  0.500196E+07
  0.189622E-03  0.500189E+07  0.500189E+07  0.638741E+07  0.638604E+07  0.000000E+00  0.500189E+07
  0.196049E-03  0.500182E+07  0.500182E+07  0.636831E+07  0.636685E+07  0.000000E+00  0.500182E+07
  0.202694E-03  0.500174E+07  0.500174E+07  0.634795E+07  0.634640E+07  0.000000E+00  0.500174E+07
  0.209565E-03  0.500166E+07  0.500165E+07  0.632626E+07  0.632460E+07  0.000000E+00  0.500166E+07
  0.216668E-03  0.500157E+07  0.500156E+07  0.630315E+07  0.630139E+07  0.000000E+00  0.500157E+07
  0.224012E-03  0.500147E+07  0.500147E+07  0.627854E+07  0.627666E+07  0.000000E+00  0.500147E+07
  0.231605E-03  0.500137E+07  0.500137E+07  0.625232E+07  0.625033E+07  0.000000E+00  0.500137E+07
  0.239455E-03  0.500126E+07  0.500126E+07  0.622442E+07  0.622229E+07  0.000000E+00  0.500126E+07
  0.247571E-03  0.500115E+07  0.500114E+07  0.619472E+07  0.619246E+07  0.000000E+00  0.500115E+07
  0.255963E-03  0.500103E+07  0.500102E+07  0.616312E+07  0.616072E+07  0.000000E+00  0.500102E+07
  0.264639E-03  0.500089E+07  0.500089E+07  0.612951E+07  0.612696E+07  0.000000E+00  0.500089E+07
  0.273609E-03  0.500075E+07  0.500075E+07  0.609378E+07  0.609107E+07  0.000000E+00  0.500075E+07
  0.282883E-03  0.500060E+07  0.500060E+07  0.605580E+07  0.605293E+07  0.000000E+00  0.500060E+07
  0.292471E-03  0.500044E+07  0.500044E+07  0.601545E+07  0.601240E+07  0.000000E+00  0.500044E+07
  0.302384E-03  0.500027E+07  0.500026E+07  0.597260E+07  0.596937E+07  0.000000E+00  0.500027E+07
  0.312634E-03  0.500009E+07  0.500008E+07  0.592712E+07  0.592369E+07  0.000000E+00  0.500009E+07
  0.323230E-03  0.499989E+07  0.499988E+07  0.587886E+07  0.587523E+07  0.000000E+00  0.499989E+07
  0.334186E-03  0.499968E+07  0.499968E+07  0.582769E+07  0.582385E+07  0.000000E+00  0.499968E+07
  0.345514E-03  0.499946E+07  0.499945E+07  0.577346E+07  0.576939E+07  0.000000E+00  0.499946E+07
  0.357225E-03  0.499922E+07  0.499921E+07  0.571602E+07  0.571172E+07  0.000000E+00  0.499922E+07
  0.369333E-03  0.499897E+07  0.499896E+07  0.565522E+07  0.565068E+07  0.000000E+00  0.499897E+07
  0.381852E-03  0.499870E+07  0.499869E+07  0.559091E+07  0.558612E+07  0.000000E+00  0.499870E+07
  0.394794E-03  0.499841E+07  0.499840E+07  0.552294E+07  0.551788E+07  0.000000E+00  0.499841E+07
  0.408176E-03  0.499810E+07  0.499809E+07  0.545115E+07  0.544583E+07  0.000000E+00  0.499810E+07
  0.422011E-03  0.499777E+07  0.499776E+07  0.537540E+07  0.536979E+07  0.000000E+00  0.499777E+07
  0.436315E-03  0.499742E+07  0.499741E+07  0.529553E+07  0.528964E+07  0.000000E+00  0.499742E+07
  0.451104E-03  0.499705E+07  0.499703E+07  0.521142E+07  0.520523E+07  0.000000E+00  0.499704E+07
  0.466395E-03  0.499665E+07  0.499663E+07  0.512292E+07  0.511643E+07  0.000000E+00  0.499665E+07
  0.482203E-03  0.499622E+07  0.499620E+07  0.502992E+07  0.502312E+07  0.000000E+00  0.499622E+07
  0.498547E-03  0.499577E+07  0.499575E+07  0.493230E+07  0.492519E+07  0.000000E+00  0.499577E+07
  0.515446E-03  0.499528E+07  0.499527E+07  0.482996E+07  0.482254E+07  0.000000E+00  0.499528E+07
  0.532917E-03  0.499477E+07  0.499475E+07  0.472283E+07  0.471510E+07  0.000000E+00  0.499477E+07
  0.550980E-03  0.499422E+07  0.499420E+07  0.461086E+07  0.460281E+07  0.000000E+00  0.499422E+07
  0.569656E-03  0.499364E+07  0.499361E+07  0.449401E+07  0.448565E+07  0.000000E+00  0.499363E+07
  0.588964E-03  0.499301E+07  0.499299E+07  0.437229E+07  0.436362E+07  0.000000E+00  0.499301E+07
  0.608927E-03  0.499235E+07  0.499232E+07  0.424573E+07  0.423676E+07  0.000000E+00  0.499234E+07
  0.629567E-03  0.499164E+07  0.499161E+07  0.411440E+07  0.410514E+07  0.000000E+00  0.499164E+07
  0.650906E-03  0.499089E+07  0.499086E+07  0.397842E+07  0.396888E+07  0.000000E+00  0.499089E+07
  0.672969E-03  0.499009E+07  0.499006E+07  0.383796E+07  0.382816E+07  0.000000E+00  0.499009E+07
  0.695779E-03  0.498924E+07  0.498921E+07  0.369323E+07  0.368320E+07  0.000000E+00  0.498924E+07
  0.719362E-03  0.498834E+07  0.498830E+07  0.354452E+07  0.353428E+07  0.000000E+00  0.498833E+07
  0.743745E-03  0.498737E+07  0.498733E+07  0.339218E+07  0.338175E+07  0.000000E+00  0.498737E+07
  0.768955E-03  0.498635E+07  0.498631E+07  0.323660E+07  0.322602E+07  0.000000E+00  0.498635E+07
  0.795018E-03  0.498527E+07  0.498522E+07  0.307828E+07  0.306758E+07  0.000000E+00  0.498526E+07
  0.821966E-03  0.498412E+07  0.498407E+07  0.291777E+07  0.290698E+07  0.000000E+00  0.498411E+07
  0.849826E-03  0.498289E+07  0.498284E+07  0.275571E+07  0.274487E+07  0.000000E+00  0.498289E+07
  0.878631E-03  0.498159E+07  0.498154E+07  0.259280E+07  0.258196E+07  0.000000E+00  0.498159E+07
  0.908413E-03  0.498022E+07  0.498016E+07  0.242985E+07  0.241904E+07  0.000000E+00  0.498021E+07
  0.939203E-03  0.497876E+07  0.497870E+07  0.226769E+07  0.225697E+07  0.000000E+00  0.497875E+07
  0.971038E-03  0.497721E+07  0.497714E+07  0.210727E+07  0.209667E+07  0.000000E+00  0.497720E+07
  0.100395E-02  0.497557E+07  0.497550E+07  0.194955E+07  0.193911E+07  0.000000E+00  0.497557E+07
  0.103798E-02  0.497384E+07  0.497376E+07  0.179557E+07  0.178532E+07  0.000000E+00  0.497383E+07
  0.107316E-02  0.497201E+07  0.497192E+07  0.164637E+07  0.163633E+07  0.000000E+00  0.497200E+07
  0.110954E-02  0.497007E+07  0.496998E+07  0.150301E+07  0.149320E+07  0.000000E+00  0.497006E+07
  0.114715E-02  0.496802E+07  0.496792E+07  0.136653E+07  0.135696E+07  0.000000E+00  0.496801E+07
  0.118603E-02  0.496585E+07  0.496575E+07  0.123792E+07  0.122859E+07  0.000000E+00  0.496584E+07
  0.122623E-02  0.496357E+07  0.496346E+07  0.111810E+07  0.110899E+07  0.000000E+00  0.496355E+07
  0.126779E-02  0.496115E+07  0.496104E+07  0.100788E+07  0.998936E+06  0.000000E+00  0.496114E+07
  0.131076E-02  0.495861E+07  0.495849E+07  0.907904E+06  0.899080E+06  0.000000E+00  0.495859E+07
  0.135519E-02  0.495593E+07  0.495580E+07  0.818642E+06  0.809870E+06  0.000000E+00  0.495591E+07
  0.140113E-02  0.495310E+07  0.495296E+07  0.740344E+06  0.731538E+06  0.000000E+00  0.495309E+07
  0.144862E-02  0.495013E+07  0.494998E+07  0.673003E+06  0.664067E+06  0.000000E+00  0.495011E+07
  0.149772E-02  0.494700E+07  0.494684E+07  0.616336E+06  0.607165E+06  0.000000E+00  0.494698E+07
  0.154848E-02  0.494372E+07  0.494354E+07  0.569766E+06  0.560254E+06  0.000000E+00  0.494369E+07
  0.160097E-02  0.494026E+07  0.494008E+07  0.532422E+06  0.522471E+06  0.000000E+00  0.494024E+07
  0.165524E-02  0.493663E+07  0.493643E+07  0.503152E+06  0.492681E+06  0.000000E+00  0.493660E+07
  0.171134E-02  0.493282E+07  0.493261E+07  0.480561E+06  0.469517E+06  0.000000E+00  0.493279E+07
  0.176935E-02  0.492882E+07  0.492860E+07  0.463059E+06  0.451429E+06  0.000000E+00  0.492879E+07
  0.182932E-02  0.492463E+07  0.492439E+07  0.448940E+06  0.436765E+06  0.000000E+00  0.492460E+07
  0.189132E-02  0.492023E+07  0.491998E+07  0.436479E+06  0.423864E+06  0.000000E+00  0.492020E+07
  0.195543E-02  0.491563E+07  0.491536E+07  0.424043E+06  0.411161E+06  0.000000E+00  0.491559E+07
  0.202171E-02  0.491081E+07  0.491052E+07  0.410207E+06  0.397307E+06  0.000000E+00  0.491077E+07
  0.209024E-02  0.490576E+07  0.490545E+07  0.393878E+06  0.381273E+06  0.000000E+00  0.490572E+07
  0.216108E-02  0.490048E+07  0.490015E+07  0.374392E+06  0.362454E+06  0.000000E+00  0.490044E+07
  0.223433E-02  0.489495E+07  0.489460E+07  0.351591E+06  0.340723E+06  0.000000E+00  0.489491E+07
  0.231007E-02  0.488918E+07  0.488880E+07  0.325855E+06  0.316459E+06  0.000000E+00  0.488913E+07
  0.238837E-02  0.488314E+07  0.488274E+07  0.298066E+06  0.290504E+06  0.000000E+00  0.488309E+07
  0.246932E-02  0.487683E+07  0.487640E+07  0.269515E+06  0.264065E+06  0.000000E+00  0.487678E+07
  0.255302E-02  0.487024E+07  0.486978E+07  0.241741E+06  0.238552E+06  0.000000E+00  0.487018E+07
  0.263955E-02  0.486336E+07  0.486287E+07  0.216311E+06  0.215368E+06  0.000000E+00  0.486330E+07
  0.272902E-02  0.485618E+07  0.485566E+07  0.194575E+06  0.195679E+06  0.000000E+00  0.485612E+07
  0.282152E-02  0.484869E+07  0.484813E+07  0.177417E+06  0.180193E+06  0.000000E+00  0.484862E+07
  0.291716E-02  0.484087E+07  0.484028E+07  0.165072E+06  0.169001E+06  0.000000E+00  0.484080E+07
  0.301604E-02  0.483273E+07  0.483209E+07  0.157035E+06  0.161518E+06  0.000000E+00  0.483265E+07
  0.311826E-02  0.482423E+07  0.482355E+07  0.000000E+00  0.000000E+00  0.000000E+00  0.482415E+07
  0.322396E-02  0.481538E+07  0.481466E+07  0.000000E+00  0.000000E+00  0.000000E+00  0.481529E+07
  0.333323E-02  0.480616E+07  0.480539E+07  0.000000E+00  0.000000E+00  0.000000E+00  0.480607E+07
  0.344622E-02  0.479657E+07  0.479574E+07  0.000000E+00  0.000000E+00  0.000000E+00  0.479646E+07
  0.356302E-02  0.478658E+07  0.478570E+07  0.000000E+00  0.000000E+00  0.000000E+00  0.478647E+07
  0.368380E-02  0.477618E+07  0.477524E+07  0.000000E+00  0.000000E+00  0.000000E+00  0.477607E+07
  0.380866E-02  0.476537E+07  0.476437E+07  0.000000E+00  0.000000E+00  0.000000E+00  0.476525E+07
  0.393775E-02  0.475413E+07  0.475306E+07  0.000000E+00  0.000000E+00  0.000000E+00  0.475400E+07
  0.407122E-02  0.474245E+07  0.474131E+07  0.000000E+00  0.000000E+00  0.000000E+00  0.474230E+07
  0.420922E-02  0.473031E+07  0.472909E+07  0.000000E+00  0.000000E+00  0.000000E+00  0.473016E+07
  0.435189E-02  0.471770E+07  0.471640E+07  0.000000E+00  0.000000E+00  0.000000E+00  0.471754E+07
  0.449940E-02  0.470460E+07  0.470322E+07  0.000000E+00  0.000000E+00  0.000000E+00  0.470443E+07
  0.465190E-02  0.469101E+07  0.468954E+07  0.000000E+00  0.000000E+00  0.000000E+00  0.469083E+07
  0.480958E-02  0.467691E+07  0.467534E+07  0.000000E+00  0.000000E+00  0.000000E+00  0.467671E+07
  0.497260E-02  0.466228E+07  0.466060E+07  0.000000E+00  0.000000E+00  0.000000E+00  0.466207E+07
  0.514115E-02  0.464712E+07  0.464532E+07  0.000000E+00  0.000000E+00  0.000000E+00  0.464689E+07
  0.531541E-02  0.463139E+07  0.462948E+07  0.000000E+00  0.000000E+00  0.000000E+00  0.463115E+07
  0.549557E-02  0.461510E+07  0.461306E+07  0.000000E+00  0.000000E+00  0.000000E+00  0.461484E+07
  0.568185E-02  0.459822E+07  0.459605E+07  0.000000E+00  0.000000E+00  0.000000E+00  0.459795E+07
  0.587443E-02  0.458074E+07  0.457843E+07  0.000000E+00  0.000000E+00  0.000000E+00  0.458045E+07
  0.607355E-02  0.456265E+07  0.456019E+07  0.000000E+00  0.000000E+00  0.000000E+00  0.456234E+07
  0.627942E-02  0.454393E+07  0.454130E+07  0.000000E+00  0.000000E+00  0.000000E+00  0.454360E+07
  0.649226E-02  0.452456E+07  0.452176E+07  0.000000E+00  0.000000E+00  0.000000E+00  0.452421E+07
  0.671231E-02  0.450452E+07  0.450155E+07  0.000000E+00  0.000000E+00  0.000000E+00  0.450415E+07
  0.693983E-02  0.448381E+07  0.448064E+07  0.000000E+00  0.000000E+00  0.000000E+00  0.448342E+07
  0.717505E-02  0.446241E+07  0.445903E+07  0.000000E+00  0.000000E+00  0.000000E+00  0.446198E+07
  0.741825E-02  0.444029E+07  0.443670E+07  0.000000E+00  0.000000E+00  0.000000E+00  0.443984E+07
  0.766969E-02  0.441744E+07  0.441362E+07  0.000000E+00  0.000000E+00  0.000000E+00  0.441697E+07
  0.792966E-02  0.439386E+07  0.438979E+07  0.000000E+00  0.000000E+00  0.000000E+00  0.439335E+07
  0.819844E-02  0.436951E+07  0.436518E+07  0.000000E+00  0.000000E+00  0.000000E+00  0.436897E+07
  0.847632E-02  0.434438E+07  0.433978E+07  0.000000E+00  0.000000E+00  0.000000E+00  0.434380E+07
  0.876363E-02  0.431846E+07  0.431357E+07  0.000000E+00  0.000000E+00  0.000000E+00  0.431784E+07
  0.906067E-02  0.429172E+07  0.428652E+07  0.000000E+00  0.000000E+00  0.000000E+00  0.429107E+07
  0.936778E-02  0.426416E+07  0.425863E+07  0.000000E+00  0.000000E+00  0.000000E+00  0.426347E+07
  0.968530E-02  0.423575E+07  0.422988E+07  0.000000E+00  0.000000E+00  0.000000E+00  0.423501E+07
  0.100136E-01  0.420647E+07  0.420024E+07  0.000000E+00  0.000000E+00  0.000000E+00  0.420569E+07
  0.103530E-01  0.417631E+07  0.416969E+07  0.000000E+00  0.000000E+00  0.000000E+00  0.417548E+07
  0.107039E-01  0.414525E+07  0.413823E+07  0.000000E+00  0.000000E+00  0.000000E+00  0.414438E+07
  0.110667E-01  0.411328E+07  0.410582E+07  0.000000E+00  0.000000E+00  0.000000E+00  0.411235E+07
  0.114418E-01  0.408037E+07  0.407246E+07  0.000000E+00  0.000000E+00  0.000000E+00  0.407938E+07
  0.118297E-01  0.404651E+07  0.403812E+07  0.000000E+00  0.000000E+00  0.000000E+00  0.404546E+07
  0.122306E-01  0.401167E+07  0.400279E+07  0.000000E+00  0.000000E+00  0.000000E+00  0.401056E+07
  0.126452E-01  0.397585E+07  0.396644E+07  0.000000E+00  0.000000E+00  0.000000E+00  0.397468E+07
  0.130738E-01  0.393903E+07  0.392907E+07  0.000000E+00  0.000000E+00  0.000000E+00  0.393779E+07
  0.135169E-01  0.390119E+07  0.389064E+07  0.000000E+00  0.000000E+00  0.000000E+00  0.389987E+07
  0.139751E-01  0.386231E+07  0.385116E+07  0.000000E+00  0.000000E+00  0.000000E+00  0.386092E+07
  0.144488E-01  0.382239E+07  0.381059E+07  0.000000E+00  0.000000E+00  0.000000E+00  0.382091E+07
  0.149385E-01  0.378140E+07  0.376894E+07  0.000000E+00  0.000000E+00  0.000000E+00  0.377984E+07
  0.154449E-01  0.373934E+07  0.372618E+07  0.000000E+00  0.000000E+00  0.000000E+00  0.373769E+07
  0.159684E-01  0.369618E+07  0.368230E+07  0.000000E+00  0.000000E+00  0.000000E+00  0.369445E+07
  0.165096E-01  0.365194E+07  0.363730E+07  0.000000E+00  0.000000E+00  0.000000E+00  0.365011E+07
  0.170692E-01  0.360658E+07  0.359117E+07  0.000000E+00  0.000000E+00  0.000000E+00  0.360466E+07
  0.176478E-01  0.356012E+07  0.354390E+07  0.000000E+00  0.000000E+00  0.000000E+00  0.355810E+07
  0.182460E-01  0.351255E+07  0.349549E+07  0.000000E+00  0.000000E+00  0.000000E+00  0.351042E+07
  0.188644E-01  0.346387E+07  0.344594E+07  0.000000E+00  0.000000E+00  0.000000E+00  0.346163E+07
  0.195038E-01  0.341408E+07  0.339527E+07  0.000000E+00  0.000000E+00  0.000000E+00  0.341173E+07
  0.201649E-01  0.336319E+07  0.334347E+07  0.000000E+00  0.000000E+00  0.000000E+00  0.336073E+07
  0.208484E-01  0.331122E+07  0.329057E+07  0.000000E+00  0.000000E+00  0.000000E+00  0.330864E+07
  0.215550E-01  0.325818E+07  0.323658E+07  0.000000E+00  0.000000E+00  0.000000E+00  0.325548E+07
  0.222857E-01  0.320410E+07  0.318154E+07  0.000000E+00  0.000000E+00  0.000000E+00  0.320128E+07
  0.230410E-01  0.314900E+07  0.312547E+07  0.000000E+00  0.000000E+00  0.000000E+00  0.314606E+07
  0.238220E-01  0.309293E+07  0.306843E+07  0.000000E+00  0.000000E+00  0.000000E+00  0.308987E+07
  0.246295E-01  0.303593E+07  0.301046E+07  0.000000E+00  0.000000E+00  0.000000E+00  0.303275E+07
  0.254643E-01  0.297805E+07  0.295162E+07  0.000000E+00  0.000000E+00  0.000000E+00  0.297475E+07
  0.263274E-01  0.291936E+07  0.289198E+07  0.000000E+00  0.000000E+00  0.000000E+00  0.291594E+07
  0.272198E-01  0.285993E+07  0.283162E+07  0.000000E+00  0.000000E+00  0.000000E+00  0.285639E+07
  0.281424E-01  0.279983E+07  0.277063E+07  0.000000E+00  0.000000E+00  0.000000E+00  0.279618E+07
  0.290963E-01  0.273917E+07  0.270912E+07  0.000000E+00  0.000000E+00  0.000000E+00  0.273541E+07
  0.300825E-01  0.267804E+07  0.264719E+07  0.000000E+00  0.000000E+00  0.000000E+00  0.267419E+07
  0.311021E-01  0.261657E+07  0.258498E+07  0.000000E+00  0.000000E+00  0.000000E+00  0.261262E+07
  0.321564E-01  0.255488E+07  0.252263E+07  0.000000E+00  0.000000E+00  0.000000E+00  0.255085E+07
  0.332463E-01  0.249310E+07  0.246028E+07  0.000000E+00  0.000000E+00  0.000000E+00  0.248900E+07
  0.343732E-01  0.243940E+07  0.240610E+07  0.000000E+00  0.000000E+00  0.000000E+00  0.243524E+07
  0.355383E-01  0.237824E+07  0.234458E+07  0.000000E+00  0.000000E+00  0.000000E+00  0.237404E+07
  0.367428E-01  0.231748E+07  0.228357E+07  0.000000E+00  0.000000E+00  0.000000E+00  0.231324E+07
  0.379883E-01  0.225729E+07  0.222327E+07  0.000000E+00  0.000000E+00  0.000000E+00  0.225304E+07
  0.392759E-01  0.219783E+07  0.216386E+07  0.000000E+00  0.000000E+00  0.000000E+00  0.219359E+07
  0.406071E-01  0.213929E+07  0.210552E+07  0.000000E+00  0.000000E+00  0.000000E+00  0.213507E+07
  0.419835E-01  0.208125E+07  0.204784E+07  0.000000E+00  0.000000E+00  0.000000E+00  0.207707E+07
  0.434065E-01  0.201917E+07  0.198629E+07  0.000000E+00  0.000000E+00  0.000000E+00  0.201506E+07
  0.448778E-01  0.196347E+07  0.193130E+07  0.000000E+00  0.000000E+00  0.000000E+00  0.195945E+07
  0.463990E-01  0.190930E+07  0.187801E+07  0.000000E+00  0.000000E+00  0.000000E+00  0.190539E+07
  0.479716E-01  0.185681E+07  0.182656E+07  0.000000E+00  0.000000E+00  0.000000E+00  0.185303E+07
  0.495977E-01  0.180610E+07  0.177706E+07  0.000000E+00  0.000000E+00  0.000000E+00  0.180247E+07
  0.512787E-01  0.175723E+07  0.172954E+07  0.000000E+00  0.000000E+00  0.000000E+00  0.175377E+07
  0.530169E-01  0.171336E+07  0.168714E+07  0.000000E+00  0.000000E+00  0.000000E+00  0.171009E+07
  0.548139E-01  0.166809E+07  0.164345E+07  0.000000E+00  0.000000E+00  0.000000E+00  0.166501E+07
  0.566718E-01  0.162446E+07  0.160146E+07  0.000000E+00  0.000000E+00  0.000000E+00  0.162159E+07
  0.585927E-01  0.158231E+07  0.156098E+07  0.000000E+00  0.000000E+00  0.000000E+00  0.157965E+07
  0.605787E-01  0.154138E+07  0.152173E+07  0.000000E+00  0.000000E+00  0.000000E+00  0.153893E+07
  0.626320E-01  0.149947E+07  0.148144E+07  0.000000E+00  0.000000E+00  0.000000E+00  0.149722E+07
  0.647549E-01  0.146036E+07  0.144385E+07  0.000000E+00  0.000000E+00  0.000000E+00  0.145829E+07
  0.669498E-01  0.142175E+07  0.140663E+07  0.000000E+00  0.000000E+00  0.000000E+00  0.141986E+07
  0.692191E-01  0.138341E+07  0.136950E+07  0.000000E+00  0.000000E+00  0.000000E+00  0.138168E+07
  0.715653E-01  0.134568E+07  0.133276E+07  0.000000E+00  0.000000E+00  0.000000E+00  0.134406E+07
  0.739910E-01  0.130711E+07  0.129495E+07  0.000000E+00  0.000000E+00  0.000000E+00  0.130559E+07
  0.764989E-01  0.126811E+07  0.125643E+07  0.000000E+00  0.000000E+00  0.000000E+00  0.126665E+07
  0.790918E-01  0.122845E+07  0.121701E+07  0.000000E+00  0.000000E+00  0.000000E+00  0.122702E+07
  0.817727E-01  0.118804E+07  0.117658E+07  0.000000E+00  0.000000E+00  0.000000E+00  0.118661E+07
  0.845444E-01  0.114692E+07  0.113523E+07  0.000000E+00  0.000000E+00  0.000000E+00  0.114546E+07
  0.874100E-01  0.110531E+07  0.109323E+07  0.000000E+00  0.000000E+00  0.000000E+00  0.110380E+07
  0.903728E-01  0.106356E+07  0.105098E+07  0.000000E+00  0.000000E+00  0.000000E+00  0.106198E+07
  0.934360E-01  0.102209E+07  0.100899E+07  0.000000E+00  0.000000E+00  0.000000E+00  0.102045E+07
  0.966031E-01  0.981352E+06  0.967796E+06  0.000000E+00  0.000000E+00  0.000000E+00  0.979657E+06
  0.998774E-01  0.941803E+06  0.927932E+06  0.000000E+00  0.000000E+00  0.000000E+00  0.940069E+06
  0.103263E+00  0.903922E+06  0.889949E+06  0.000000E+00  0.000000E+00  0.000000E+00  0.902176E+06
  0.106763E+00  0.868190E+06  0.854383E+06  0.000000E+00  0.000000E+00  0.000000E+00  0.866464E+06
  0.110382E+00  0.835008E+06  0.821659E+06  0.000000E+00  0.000000E+00  0.000000E+00  0.833340E+06
  0.114123E+00  0.804602E+06  0.791994E+06  0.000000E+00  0.000000E+00  0.000000E+00  0.803026E+06
  0.117991E+00  0.776922E+06  0.765289E+06  0.000000E+00  0.000000E+00  0.000000E+00  0.775468E+06
  0.121990E+00  0.751598E+06  0.741093E+06  0.000000E+00  0.000000E+00  0.000000E+00  0.750285E+06
  0.126125E+00  0.727945E+06  0.718612E+06  0.000000E+00  0.000000E+00  0.000000E+00  0.726779E+06
  0.130400E+00  0.705094E+06  0.696853E+06  0.000000E+00  0.000000E+00  0.000000E+00  0.704064E+06
  0.134820E+00  0.682219E+06  0.674876E+06  0.000000E+00  0.000000E+00  0.000000E+00  0.681301E+06
  0.139390E+00  0.658740E+06  0.652012E+06  0.000000E+00  0.000000E+00  0.000000E+00  0.657899E+06
  0.144115E+00  0.634331E+06  0.627897E+06  0.000000E+00  0.000000E+00  0.000000E+00  0.633527E+06
  0.148999E+00  0.608876E+06  0.602432E+06  0.000000E+00  0.000000E+00  0.000000E+00  0.608071E+06
  0.154050E+00  0.582560E+06  0.575880E+06  0.000000E+00  0.000000E+00  0.000000E+00  0.581725E+06
  0.159272E+00  0.555994E+06  0.548978E+06  0.000000E+00  0.000000E+00  0.000000E+00  0.555117E+06
  0.164670E+00  0.530101E+06  0.522799E+06  0.000000E+00  0.000000E+00  0.000000E+00  0.529188E+06
  0.170252E+00  0.505820E+06  0.498417E+06  0.000000E+00  0.000000E+00  0.000000E+00  0.504895E+06
  0.176022E+00  0.483824E+06  0.476587E+06  0.000000E+00  0.000000E+00  0.000000E+00  0.482919E+06
  0.181989E+00  0.464291E+06  0.457499E+06  0.000000E+00  0.000000E+00  0.000000E+00  0.463442E+06
  0.188157E+00  0.446902E+06  0.440756E+06  0.000000E+00  0.000000E+00  0.000000E+00  0.446134E+06
  0.194535E+00  0.430974E+06  0.425538E+06  0.000000E+00  0.000000E+00  0.000000E+00  0.430294E+06
  0.201128E+00  0.415563E+06  0.410742E+06  0.000000E+00  0.000000E+00  0.000000E+00  0.414960E+06
  0.207946E+00  0.399709E+06  0.395284E+06  0.000000E+00  0.000000E+00  0.000000E+00  0.399156E+06
  0.214994E+00  0.382892E+06  0.378602E+06  0.000000E+00  0.000000E+00  0.000000E+00  0.382355E+06
  0.222281E+00  0.365253E+06  0.360895E+06  0.000000E+00  0.000000E+00  0.000000E+00  0.364708E+06
  0.229815E+00  0.347564E+06  0.343069E+06  0.000000E+00  0.000000E+00  0.000000E+00  0.347002E+06
  0.237605E+00  0.330814E+06  0.326267E+06  0.000000E+00  0.000000E+00  0.000000E+00  0.330246E+06
  0.245659E+00  0.315728E+06  0.311314E+06  0.000000E+00  0.000000E+00  0.000000E+00  0.315176E+06
  0.253985E+00  0.302434E+06  0.298339E+06  0.000000E+00  0.000000E+00  0.000000E+00  0.301922E+06
  0.262594E+00  0.290441E+06  0.286750E+06  0.000000E+00  0.000000E+00  0.000000E+00  0.289980E+06
  0.271495E+00  0.278869E+06  0.275527E+06  0.000000E+00  0.000000E+00  0.000000E+00  0.278452E+06
  0.280697E+00  0.266949E+06  0.263801E+06  0.000000E+00  0.000000E+00  0.000000E+00  0.266555E+06
  0.290211E+00  0.254554E+06  0.251450E+06  0.000000E+00  0.000000E+00  0.000000E+00  0.254166E+06
  0.300048E+00  0.242150E+06  0.239033E+06  0.000000E+00  0.000000E+00  0.000000E+00  0.241760E+06
  0.310218E+00  0.230466E+06  0.227397E+06  0.000000E+00  0.000000E+00  0.000000E+00  0.230083E+06
  0.320733E+00  0.220002E+06  0.217095E+06  0.000000E+00  0.000000E+00  0.000000E+00  0.219638E+06
  0.331605E+00  0.210518E+06  0.207841E+06  0.000000E+00  0.000000E+00  0.000000E+00  0.210183E+06
  0.342844E+00  0.201402E+06  0.198928E+06  0.000000E+00  0.000000E+00  0.000000E+00  0.201093E+06
  0.354465E+00  0.192182E+06  0.189819E+06  0.000000E+00  0.000000E+00  0.000000E+00  0.191887E+06
  0.366480E+00  0.182906E+06  0.180590E+06  0.000000E+00  0.000000E+00  0.000000E+00  0.182616E+06
  0.378902E+00  0.174027E+06  0.171771E+06  0.000000E+00  0.000000E+00  0.000000E+00  0.173745E+06
  0.391745E+00  0.165876E+06  0.163735E+06  0.000000E+00  0.000000E+00  0.000000E+00  0.165608E+06
  0.405023E+00  0.158339E+06  0.156342E+06  0.000000E+00  0.000000E+00  0.000000E+00  0.158090E+06
  0.418751E+00  0.151025E+06  0.149142E+06  0.000000E+00  0.000000E+00  0.000000E+00  0.150789E+06
  0.432945E+00  0.143765E+06  0.141953E+06  0.000000E+00  0.000000E+00  0.000000E+00  0.143538E+06
  0.447619E+00  0.136753E+06  0.135004E+06  0.000000E+00  0.000000E+00  0.000000E+00  0.136534E+06
  0.462792E+00  0.130204E+06  0.128542E+06  0.000000E+00  0.000000E+00  0.000000E+00  0.129997E+06
  0.478478E+00  0.124055E+06  0.122489E+06  0.000000E+00  0.000000E+00  0.000000E+00  0.123859E+06
  0.494696E+00  0.118108E+06  0.116621E+06  0.000000E+00  0.000000E+00  0.000000E+00  0.117922E+06
  0.511464E+00  0.112326E+06  0.110902E+06  0.000000E+00  0.000000E+00  0.000000E+00  0.112148E+06
  0.528800E+00  0.106837E+06  0.105478E+06  0.000000E+00  0.000000E+00  0.000000E+00  0.106667E+06
  0.546723E+00  0.101660E+06  0.100374E+06  0.000000E+00  0.000000E+00  0.000000E+00  0.101500E+06
  0.565255E+00  0.966991E+05  0.954777E+05  0.000000E+00  0.000000E+00  0.000000E+00  0.965464E+05
  0.584414E+00  0.919246E+05  0.907596E+05  0.000000E+00  0.000000E+00  0.000000E+00  0.917790E+05
  0.604223E+00  0.873847E+05  0.862769E+05  0.000000E+00  0.000000E+00  0.000000E+00  0.872462E+05
  0.624703E+00  0.830739E+05  0.820231E+05  0.000000E+00  0.000000E+00  0.000000E+00  0.829426E+05
  0.645878E+00  0.789469E+05  0.779479E+05  0.000000E+00  0.000000E+00  0.000000E+00  0.788220E+05
  0.667769E+00  0.750068E+05  0.740566E+05  0.000000E+00  0.000000E+00  0.000000E+00  0.748880E+05
  0.690404E+00  0.712610E+05  0.703591E+05  0.000000E+00  0.000000E+00  0.000000E+00  0.711483E+05
  0.713805E+00  0.676887E+05  0.668322E+05  0.000000E+00  0.000000E+00  0.000000E+00  0.675817E+05
  0.738000E+00  0.642813E+05  0.634675E+05  0.000000E+00  0.000000E+00  0.000000E+00  0.641796E+05
  0.763015E+00  0.610384E+05  0.602660E+05  0.000000E+00  0.000000E+00  0.000000E+00  0.609419E+05
  0.788877E+00  0.579496E+05  0.572162E+05  0.000000E+00  0.000000E+00  0.000000E+00  0.578579E+05
  0.815616E+00  0.550072E+05  0.543110E+05  0.000000E+00  0.000000E+00  0.000000E+00  0.549202E+05
  0.843261E+00  0.522068E+05  0.515461E+05  0.000000E+00  0.000000E+00  0.000000E+00  0.521242E+05
  0.871844E+00  0.495410E+05  0.489141E+05  0.000000E+00  0.000000E+00  0.000000E+00  0.494626E+05
  0.901395E+00  0.470045E+05  0.464097E+05  0.000000E+00  0.000000E+00  0.000000E+00  0.469301E+05
  0.931948E+00  0.445911E+05  0.440269E+05  0.000000E+00  0.000000E+00  0.000000E+00  0.445206E+05
  0.963536E+00  0.422958E+05  0.417607E+05  0.000000E+00  0.000000E+00  0.000000E+00  0.422289E+05
  0.996195E+00  0.401130E+05  0.396054E+05  0.000000E+00  0.000000E+00  0.000000E+00  0.400495E+05
  0.102996E+01  0.380375E+05  0.375562E+05  0.000000E+00  0.000000E+00  0.000000E+00  0.379773E+05
  0.106487E+01  0.360641E+05  0.356079E+05  0.000000E+00  0.000000E+00  0.000000E+00  0.360071E+05
  0.110097E+01  0.341884E+05  0.337559E+05  0.000000E+00  0.000000E+00  0.000000E+00  0.341344E+05
  0.113828E+01  0.324059E+05  0.319959E+05  0.000000E+00  0.000000E+00  0.000000E+00  0.323546E+05
  0.117687E+01  0.307122E+05  0.303236E+05  0.000000E+00  0.000000E+00  0.000000E+00  0.306636E+05
  0.121676E+01  0.291033E+05  0.287351E+05  0.000000E+00  0.000000E+00  0.000000E+00  0.290573E+05
  0.125800E+01  0.275752E+05  0.272264E+05  0.000000E+00  0.000000E+00  0.000000E+00  0.275316E+05
  0.130064E+01  0.261241E+05  0.257936E+05  0.000000E+00  0.000000E+00  0.000000E+00  0.260828E+05
  0.134472E+01  0.247463E+05  0.244332E+05  0.000000E+00  0.000000E+00  0.000000E+00  0.247071E+05
  0.139030E+01  0.234382E+05  0.231417E+05  0.000000E+00  0.000000E+00  0.000000E+00  0.234012E+05
  0.143743E+01  0.221967E+05  0.219159E+05  0.000000E+00  0.000000E+00  0.000000E+00  0.221616E+05
  0.148615E+01  0.210184E+05  0.207525E+05  0.000000E+00  0.000000E+00  0.000000E+00  0.209852E+05
  0.153652E+01  0.199002E+05  0.196485E+05  0.000000E+00  0.000000E+00  0.000000E+00  0.198688E+05
  0.158860E+01  0.188395E+05  0.186012E+05  0.000000E+00  0.000000E+00  0.000000E+00  0.188097E+05
  0.164245E+01  0.178331E+05  0.176076E+05  0.000000E+00  0.000000E+00  0.000000E+00  0.178049E+05
  0.169812E+01  0.168788E+05  0.166653E+05  0.000000E+00  0.000000E+00  0.000000E+00  0.168521E+05
  0.175568E+01  0.159738E+05  0.157718E+05  0.000000E+00  0.000000E+00  0.000000E+00  0.159485E+05
  0.181519E+01  0.151157E+05  0.149245E+05  0.000000E+00  0.000000E+00  0.000000E+00  0.150918E+05
  0.187671E+01  0.143021E+05  0.141212E+05  0.000000E+00  0.000000E+00  0.000000E+00  0.142795E+05
  0.194032E+01  0.135309E+05  0.133598E+05  0.000000E+00  0.000000E+00  0.000000E+00  0.135095E+05
  0.200609E+01  0.128000E+05  0.126381E+05  0.000000E+00  0.000000E+00  0.000000E+00  0.127798E+05
  0.207409E+01  0.121073E+05  0.119542E+05  0.000000E+00  0.000000E+00  0.000000E+00  0.120882E+05
  0.214439E+01  0.114510E+05  0.113061E+05  0.000000E+00  0.000000E+00  0.000000E+00  0.114329E+05
  0.221707E+01  0.108291E+05  0.106922E+05  0.000000E+00  0.000000E+00  0.000000E+00  0.108120E+05
  0.229222E+01  0.102401E+05  0.101106E+05  0.000000E+00  0.000000E+00  0.000000E+00  0.102239E+05
  0.236992E+01  0.968221E+04  0.955974E+04  0.000000E+00  0.000000E+00  0.000000E+00  0.966690E+04
  0.245024E+01  0.915385E+04  0.903806E+04  0.000000E+00  0.000000E+00  0.000000E+00  0.913938E+04
  0.253330E+01  0.865348E+04  0.854403E+04  0.000000E+00  0.000000E+00  0.000000E+00  0.863980E+04
  0.261916E+01  0.817972E+04  0.807625E+04  0.000000E+00  0.000000E+00  0.000000E+00  0.816679E+04
  0.270794E+01  0.773119E+04  0.763339E+04  0.000000E+00  0.000000E+00  0.000000E+00  0.771896E+04
  0.279972E+01  0.730662E+04  0.721419E+04  0.000000E+00  0.000000E+00  0.000000E+00  0.729507E+04
  0.289462E+01  0.690477E+04  0.681742E+04  0.000000E+00  0.000000E+00  0.000000E+00  0.689385E+04
  0.299273E+01  0.652447E+04  0.644193E+04  0.000000E+00  0.000000E+00  0.000000E+00  0.651415E+04
  0.309418E+01  0.616456E+04  0.608658E+04  0.000000E+00  0.000000E+00  0.000000E+00  0.615481E+04
  0.319905E+01  0.582402E+04  0.575034E+04  0.000000E+00  0.000000E+00  0.000000E+00  0.581481E+04
  0.330748E+01  0.550184E+04  0.543224E+04  0.000000E+00  0.000000E+00  0.000000E+00  0.549314E+04
  0.341959E+01  0.519706E+04  0.513131E+04  0.000000E+00  0.000000E+00  0.000000E+00  0.518884E+04
  0.353550E+01  0.490879E+04  0.484668E+04  0.000000E+00  0.000000E+00  0.000000E+00  0.490102E+04
  0.365534E+01  0.463613E+04  0.457747E+04  0.000000E+00  0.000000E+00  0.000000E+00  0.462880E+04
  0.377923E+01  0.437828E+04  0.432288E+04  0.000000E+00  0.000000E+00  0.000000E+00  0.437136E+04
  0.390733E+01  0.413444E+04  0.408213E+04  0.000000E+00  0.000000E+00  0.000000E+00  0.412790E+04
  0.403977E+01  0.390389E+04  0.385449E+04  0.000000E+00  0.000000E+00  0.000000E+00  0.389771E+04
  0.417670E+01  0.368591E+04  0.363927E+04  0.000000E+00  0.000000E+00  0.000000E+00  0.368008E+04
  0.431827E+01  0.347987E+04  0.343583E+04  0.000000E+00  0.000000E+00  0.000000E+00  0.347436E+04
  0.446464E+01  0.328510E+04  0.324352E+04  0.000000E+00  0.000000E+00  0.000000E+00  0.327990E+04
  0.461597E+01  0.310100E+04  0.306175E+04  0.000000E+00  0.000000E+00  0.000000E+00  0.309610E+04
  0.477243E+01  0.292701E+04  0.288996E+04  0.000000E+00  0.000000E+00  0.000000E+00  0.292238E+04
  0.493419E+01  0.276259E+04  0.272762E+04  0.000000E+00  0.000000E+00  0.000000E+00  0.275822E+04
  0.510143E+01  0.260723E+04  0.257422E+04  0.000000E+00  0.000000E+00  0.000000E+00  0.260311E+04
  0.527435E+01  0.246044E+04  0.242929E+04  0.000000E+00  0.000000E+00  0.000000E+00  0.245655E+04
  0.545312E+01  0.232176E+04  0.229236E+04  0.000000E+00  0.000000E+00  0.000000E+00  0.231809E+04
  0.563796E+01  0.219075E+04  0.216300E+04  0.000000E+00  0.000000E+00  0.000000E+00  0.218728E+04
  0.582905E+01  0.206700E+04  0.204081E+04  0.000000E+00  0.000000E+00  0.000000E+00  0.206372E+04
  0.602663E+01  0.195011E+04  0.192541E+04  0.000000E+00  0.000000E+00  0.000000E+00  0.194702E+04
  0.623090E+01  0.183971E+04  0.181640E+04  0.000000E+00  0.000000E+00  0.000000E+00  0.183680E+04
  0.644210E+01  0.173545E+04  0.171346E+04  0.000000E+00  0.000000E+00  0.000000E+00  0.173270E+04
  0.666046E+01  0.163701E+04  0.161626E+04  0.000000E+00  0.000000E+00  0.000000E+00  0.163441E+04
  0.688622E+01  0.154405E+04  0.152448E+04  0.000000E+00  0.000000E+00  0.000000E+00  0.154160E+04
  0.711962E+01  0.145628E+04  0.143782E+04  0.000000E+00  0.000000E+00  0.000000E+00  0.145398E+04
  0.736094E+01  0.137342E+04  0.135601E+04  0.000000E+00  0.000000E+00  0.000000E+00  0.137125E+04
  0.761044E+01  0.129520E+04  0.127877E+04  0.000000E+00  0.000000E+00  0.000000E+00  0.129315E+04
  0.786840E+01  0.122136E+04  0.120587E+04  0.000000E+00  0.000000E+00  0.000000E+00  0.121943E+04
  0.813510E+01  0.115167E+04  0.113706E+04  0.000000E+00  0.000000E+00  0.000000E+00  0.114984E+04
  0.841084E+01  0.108589E+04  0.107211E+04  0.000000E+00  0.000000E+00  0.000000E+00  0.108417E+04
  0.869593E+01  0.102381E+04  0.101081E+04  0.000000E+00  0.000000E+00  0.000000E+00  0.102219E+04
  0.899068E+01  0.965229E+03  0.952970E+03  0.000000E+00  0.000000E+00  0.000000E+00  0.963697E+03
  0.929542E+01  0.909948E+03  0.898387E+03  0.000000E+00  0.000000E+00  0.000000E+00  0.908503E+03
  0.961048E+01  0.857787E+03  0.846885E+03  0.000000E+00  0.000000E+00  0.000000E+00  0.856424E+03
  0.993624E+01  0.808573E+03  0.798292E+03  0.000000E+00  0.000000E+00  0.000000E+00  0.807288E+03
  0.102730E+02  0.762144E+03  0.752450E+03  0.000000E+00  0.000000E+00  0.000000E+00  0.760932E+03
  0.106212E+02  0.718340E+03  0.709200E+03  0.000000E+00  0.000000E+00  0.000000E+00  0.717198E+03
  0.109812E+02  0.677022E+03  0.668403E+03  0.000000E+00  0.000000E+00  0.000000E+00  0.675944E+03
  0.113534E+02  0.638048E+03  0.629921E+03  0.000000E+00  0.000000E+00  0.000000E+00  0.637032E+03
  0.117383E+02  0.601287E+03  0.593624E+03  0.000000E+00  0.000000E+00  0.000000E+00  0.600329E+03
  0.121361E+02  0.566614E+03  0.559390E+03  0.000000E+00  0.000000E+00  0.000000E+00  0.565711E+03
  0.125475E+02  0.533916E+03  0.527104E+03  0.000000E+00  0.000000E+00  0.000000E+00  0.533064E+03
  0.129728E+02  0.503080E+03  0.496657E+03  0.000000E+00  0.000000E+00  0.000000E+00  0.502277E+03
  0.134125E+02  0.474002E+03  0.467947E+03  0.000000E+00  0.000000E+00  0.000000E+00  0.473245E+03
  0.138671E+02  0.446585E+03  0.440876E+03  0.000000E+00  0.000000E+00  0.000000E+00  0.445871E+03
  0.143372E+02  0.420732E+03  0.415349E+03  0.000000E+00  0.000000E+00  0.000000E+00  0.420059E+03
  0.148231E+02  0.396359E+03  0.391284E+03  0.000000E+00  0.000000E+00  0.000000E+00  0.395725E+03
  0.153256E+02  0.373381E+03  0.368595E+03  0.000000E+00  0.000000E+00  0.000000E+00  0.372783E+03
  0.158450E+02  0.351718E+03  0.347206E+03  0.000000E+00  0.000000E+00  0.000000E+00  0.351154E+03
  0.163821E+02  0.331298E+03  0.327044E+03  0.000000E+00  0.000000E+00  0.000000E+00  0.330766E+03
  0.169373E+02  0.312050E+03  0.308038E+03  0.000000E+00  0.000000E+00  0.000000E+00  0.311548E+03
  0.175115E+02  0.293906E+03  0.290124E+03  0.000000E+00  0.000000E+00  0.000000E+00  0.293434E+03
  0.181050E+02  0.276807E+03  0.273240E+03  0.000000E+00  0.000000E+00  0.000000E+00  0.276361E+03
  0.187187E+02  0.260690E+03  0.257326E+03  0.000000E+00  0.000000E+00  0.000000E+00  0.260270E+03
  0.193531E+02  0.245502E+03  0.242329E+03  0.000000E+00  0.000000E+00  0.000000E+00  0.245105E+03
  0.200091E+02  0.231188E+03  0.228197E+03  0.000000E+00  0.000000E+00  0.000000E+00  0.230815E+03
  0.206873E+02  0.217701E+03  0.214879E+03  0.000000E+00  0.000000E+00  0.000000E+00  0.217348E+03
  0.213885E+02  0.204991E+03  0.202330E+03  0.000000E+00  0.000000E+00  0.000000E+00  0.204659E+03
  0.221135E+02  0.193016E+03  0.190505E+03  0.000000E+00  0.000000E+00  0.000000E+00  0.192702E+03
  0.228630E+02  0.181733E+03  0.179365E+03  0.000000E+00  0.000000E+00  0.000000E+00  0.181437E+03
  0.236380E+02  0.171103E+03  0.168868E+03  0.000000E+00  0.000000E+00  0.000000E+00  0.170824E+03
  0.244392E+02  0.161088E+03  0.158979E+03  0.000000E+00  0.000000E+00  0.000000E+00  0.160824E+03
  0.252676E+02  0.151653E+03  0.149663E+03  0.000000E+00  0.000000E+00  0.000000E+00  0.151404E+03
  0.261240E+02  0.142766E+03  0.140888E+03  0.000000E+00  0.000000E+00  0.000000E+00  0.142531E+03
  0.270095E+02  0.134394E+03  0.132621E+03  0.000000E+00  0.000000E+00  0.000000E+00  0.134172E+03
  0.279250E+02  0.126508E+03  0.124835E+03  0.000000E+00  0.000000E+00  0.000000E+00  0.126299E+03
  0.288715E+02  0.119081E+03  0.117501E+03  0.000000E+00  0.000000E+00  0.000000E+00  0.118883E+03
  0.298501E+02  0.112085E+03  0.110593E+03  0.000000E+00  0.000000E+00  0.000000E+00  0.111899E+03
  0.308619E+02  0.105496E+03  0.104087E+03  0.000000E+00  0.000000E+00  0.000000E+00  0.105320E+03
  0.319079E+02  0.992915E+02  0.979603E+02  0.000000E+00  0.000000E+00  0.000000E+00  0.991251E+02
  0.329895E+02  0.934480E+02  0.921902E+02  0.000000E+00  0.000000E+00  0.000000E+00  0.932908E+02
  0.341076E+02  0.879454E+02  0.867567E+02  0.000000E+00  0.000000E+00  0.000000E+00  0.877968E+02
  0.352637E+02  0.827635E+02  0.816399E+02  0.000000E+00  0.000000E+00  0.000000E+00  0.826231E+02
  0.364590E+02  0.778845E+02  0.768221E+02  0.000000E+00  0.000000E+00  0.000000E+00  0.777517E+02
  0.376948E+02  0.732902E+02  0.722854E+02  0.000000E+00  0.000000E+00  0.000000E+00  0.731646E+02
  0.389725E+02  0.689646E+02  0.680140E+02  0.000000E+00  0.000000E+00  0.000000E+00  0.688458E+02
  0.402934E+02  0.648921E+02  0.639925E+02  0.000000E+00  0.000000E+00  0.000000E+00  0.647797E+02
  0.416592E+02  0.610579E+02  0.602063E+02  0.000000E+00  0.000000E+00  0.000000E+00  0.609514E+02
  0.430712E+02  0.574483E+02  0.566419E+02  0.000000E+00  0.000000E+00  0.000000E+00  0.573475E+02
  0.445311E+02  0.540501E+02  0.532861E+02  0.000000E+00  0.000000E+00  0.000000E+00  0.539546E+02
  0.460405E+02  0.508512E+02  0.501273E+02  0.000000E+00  0.000000E+00  0.000000E+00  0.507607E+02
  0.476011E+02  0.478400E+02  0.471537E+02  0.000000E+00  0.000000E+00  0.000000E+00  0.477542E+02
  0.492145E+02  0.450054E+02  0.443545E+02  0.000000E+00  0.000000E+00  0.000000E+00  0.449240E+02
  0.508826E+02  0.423374E+02  0.417198E+02  0.000000E+00  0.000000E+00  0.000000E+00  0.422602E+02
  0.526073E+02  0.398263E+02  0.392399E+02  0.000000E+00  0.000000E+00  0.000000E+00  0.397530E+02
  0.543904E+02  0.374627E+02  0.369058E+02  0.000000E+00  0.000000E+00  0.000000E+00  0.373931E+02
  0.562340E+02  0.352383E+02  0.347091E+02  0.000000E+00  0.000000E+00  0.000000E+00  0.351722E+02
  0.581401E+02  0.331448E+02  0.326416E+02  0.000000E+00  0.000000E+00  0.000000E+00  0.330819E+02
  0.601107E+02  0.311746E+02  0.306959E+02  0.000000E+00  0.000000E+00  0.000000E+00  0.311148E+02
  0.621482E+02  0.293205E+02  0.288648E+02  0.000000E+00  0.000000E+00  0.000000E+00  0.292636E+02
  0.642547E+02  0.275758E+02  0.271416E+02  0.000000E+00  0.000000E+00  0.000000E+00  0.275215E+02
  0.664326E+02  0.259340E+02  0.255201E+02  0.000000E+00  0.000000E+00  0.000000E+00  0.258822E+02
  0.686844E+02  0.243890E+02  0.239943E+02  0.000000E+00  0.000000E+00  0.000000E+00  0.243397E+02
  0.710124E+02  0.229353E+02  0.225586E+02  0.000000E+00  0.000000E+00  0.000000E+00  0.228883E+02
  0.734194E+02  0.215676E+02  0.212077E+02  0.000000E+00  0.000000E+00  0.000000E+00  0.215226E+02
  0.759079E+02  0.202806E+02  0.199366E+02  0.000000E+00  0.000000E+00  0.000000E+00  0.202376E+02
  0.784809E+02  0.190698E+02  0.187406E+02  0.000000E+00  0.000000E+00  0.000000E+00  0.190287E+02
  0.811410E+02  0.179306E+02  0.176155E+02  0.000000E+00  0.000000E+00  0.000000E+00  0.178912E+02
  0.838913E+02  0.168589E+02  0.165569E+02  0.000000E+00  0.000000E+00  0.000000E+00  0.168211E+02
  0.867347E+02  0.158506E+02  0.155610E+02  0.000000E+00  0.000000E+00  0.000000E+00  0.158144E+02
  0.896747E+02  0.149021E+02  0.146241E+02  0.000000E+00  0.000000E+00  0.000000E+00  0.148674E+02
  0.927141E+02  0.140099E+02  0.137427E+02  0.000000E+00  0.000000E+00  0.000000E+00  0.139765E+02
  0.958567E+02  0.131705E+02  0.129136E+02  0.000000E+00  0.000000E+00  0.000000E+00  0.131384E+02
  0.991058E+02  0.123809E+02  0.121336E+02  0.000000E+00  0.000000E+00  0.000000E+00  0.123500E+02
  0.102465E+03  0.116383E+02  0.113999E+02  0.000000E+00  0.000000E+00  0.000000E+00  0.116085E+02
  0.105938E+03  0.109397E+02  0.107099E+02  0.000000E+00  0.000000E+00  0.000000E+00  0.109110E+02
  0.109529E+03  0.102826E+02  0.100607E+02  0.000000E+00  0.000000E+00  0.000000E+00  0.102549E+02
  0.113241E+03  0.966464E+01  0.945022E+01  0.000000E+00  0.000000E+00  0.000000E+00  0.963784E+01
  0.117080E+03  0.908342E+01  0.887601E+01  0.000000E+00  0.000000E+00  0.000000E+00  0.905750E+01
  0.121048E+03  0.853677E+01  0.833595E+01  0.000000E+00  0.000000E+00  0.000000E+00  0.851167E+01
  0.125151E+03  0.802264E+01  0.782800E+01  0.000000E+00  0.000000E+00  0.000000E+00  0.799831E+01
  0.129393E+03  0.753915E+01  0.735032E+01  0.000000E+00  0.000000E+00  0.000000E+00  0.751554E+01
  0.133779E+03  0.708446E+01  0.690109E+01  0.000000E+00  0.000000E+00  0.000000E+00  0.706154E+01
  0.138313E+03  0.665687E+01  0.647863E+01  0.000000E+00  0.000000E+00  0.000000E+00  0.663459E+01
  0.143002E+03  0.625476E+01  0.608134E+01  0.000000E+00  0.000000E+00  0.000000E+00  0.623308E+01
  0.147849E+03  0.587666E+01  0.570777E+01  0.000000E+00  0.000000E+00  0.000000E+00  0.585555E+01
  0.152860E+03  0.552112E+01  0.535649E+01  0.000000E+00  0.000000E+00  0.000000E+00  0.550054E+01
  0.158041E+03  0.518681E+01  0.502618E+01  0.000000E+00  0.000000E+00  0.000000E+00  0.516673E+01
  0.163398E+03  0.487245E+01  0.471560E+01  0.000000E+00  0.000000E+00  0.000000E+00  0.485284E+01
  0.168936E+03  0.457689E+01  0.442360E+01  0.000000E+00  0.000000E+00  0.000000E+00  0.455773E+01
  0.174662E+03  0.429900E+01  0.414906E+01  0.000000E+00  0.000000E+00  0.000000E+00  0.428025E+01
  0.180583E+03  0.403771E+01  0.389093E+01  0.000000E+00  0.000000E+00  0.000000E+00  0.401937E+01
  0.186704E+03  0.379208E+01  0.364829E+01  0.000000E+00  0.000000E+00  0.000000E+00  0.377410E+01
  0.193032E+03  0.356114E+01  0.342018E+01  0.000000E+00  0.000000E+00  0.000000E+00  0.354352E+01
  0.199574E+03  0.334403E+01  0.320574E+01  0.000000E+00  0.000000E+00  0.000000E+00  0.332675E+01
  0.206339E+03  0.313993E+01  0.300418E+01  0.000000E+00  0.000000E+00  0.000000E+00  0.312296E+01
